# power spectrum of delta
# redshift z=1.293448
# k              Pk             sigma(k)       sigma(Pk)      count
  3.132125e-02   3.925714e-03   4.792454e-03   7.312267e-04   18
  6.745391e-02   4.429716e-02   1.159167e-02   4.404400e-03   152
  1.090113e-01   1.032599e-01   1.224347e-02   4.807000e-03   416
  1.497134e-01   1.705623e-01   1.165022e-02   6.370344e-03   770
  1.923472e-01   2.443108e-01   1.247860e-02   6.846835e-03   1364
  2.350444e-01   3.212567e-01   1.221820e-02   7.153790e-03   1976
  2.775930e-01   4.057131e-01   1.245022e-02   7.862656e-03   2792
  3.193857e-01   5.040789e-01   1.188722e-02   8.330265e-03   3578
  3.615292e-01   5.823554e-01   1.219808e-02   8.509269e-03   4724
  4.045273e-01   6.863890e-01   1.253838e-02   8.805560e-03   6032
  4.469941e-01   7.669841e-01   1.206640e-02   9.359973e-03   7072
  4.890810e-01   9.021531e-01   1.222555e-02   9.902682e-03   8634
  5.318886e-01   1.049273e+00   1.238102e-02   1.037022e-02   10336
  5.746708e-01   1.163761e+00   1.232804e-02   1.061435e-02   11940
  6.167490e-01   1.292384e+00   1.208586e-02   1.113554e-02   13490
  6.588740e-01   1.469087e+00   1.221778e-02   1.184161e-02   15656
  7.016595e-01   1.632505e+00   1.241043e-02   1.199638e-02   18008
  7.443680e-01   1.789977e+00   1.227786e-02   1.278316e-02   19964
  7.867827e-01   1.933176e+00   1.226437e-02   1.293106e-02   22354
  8.291404e-01   2.125080e+00   1.212327e-02   1.356379e-02   24648
  8.716536e-01   2.319223e+00   1.233244e-02   1.394479e-02   27592
  9.142068e-01   2.527792e+00   1.230127e-02   1.436320e-02   30152
  9.566749e-01   2.719900e+00   1.227622e-02   1.501766e-02   33046
  9.991233e-01   2.917745e+00   1.221538e-02   1.540794e-02   35992
  1.041693e+00   3.220250e+00   1.229906e-02   1.627374e-02   39304
  1.084289e+00   3.404375e+00   1.232858e-02   1.650156e-02   42608
  1.126820e+00   3.690169e+00   1.223307e-02   1.723671e-02   45758
  1.169340e+00   3.902072e+00   1.228914e-02   1.772683e-02   49536
  1.211695e+00   4.211926e+00   1.215683e-02   1.842212e-02   52488
  1.254054e+00   4.466365e+00   1.233851e-02   1.872700e-02   57034
  1.296605e+00   4.705741e+00   1.224458e-02   1.923477e-02   60648
  1.339187e+00   5.004687e+00   1.230532e-02   1.953467e-02   65044
  1.381689e+00   5.260186e+00   1.223104e-02   2.006734e-02   68720
  1.424202e+00   5.570892e+00   1.231312e-02   2.062899e-02   73538
  1.466870e+00   5.971543e+00   1.230776e-02   2.136205e-02   78080
  1.509304e+00   6.188987e+00   1.215944e-02   2.154813e-02   81572
  1.551677e+00   6.574933e+00   1.232495e-02   2.226142e-02   87248
  1.594353e+00   6.915097e+00   1.233837e-02   2.265877e-02   92266
  1.636929e+00   7.232981e+00   1.225268e-02   2.330720e-02   96696
  1.679216e+00   7.586753e+00   1.215041e-02   2.407235e-02   100904
  1.721516e+00   7.982567e+00   1.226207e-02   2.443459e-02   107036
  1.764192e+00   8.296264e+00   1.235795e-02   2.458634e-02   113362
  1.806923e+00   8.680792e+00   1.228837e-02   2.531541e-02   118176
  1.849351e+00   9.017382e+00   1.221864e-02   2.584079e-02   122944
  1.891857e+00   9.382688e+00   1.233203e-02   2.610020e-02   129902
  1.934420e+00   9.847870e+00   1.224691e-02   2.696546e-02   134944
  1.976863e+00   1.014271e+01   1.225992e-02   2.706141e-02   140952
  2.019285e+00   1.060574e+01   1.225865e-02   2.779580e-02   147072
  2.061737e+00   1.093209e+01   1.224320e-02   2.798708e-02   153382
  2.104357e+00   1.143063e+01   1.233049e-02   2.858172e-02   160952
  2.147003e+00   1.178080e+01   1.228118e-02   2.887475e-02   166640
  2.189431e+00   1.220709e+01   1.222861e-02   2.944292e-02   172448
  2.231915e+00   1.266273e+01   1.231031e-02   2.980837e-02   180594
  2.274471e+00   1.313109e+01   1.224284e-02   3.039118e-02   186556
  2.316888e+00   1.352493e+01   1.225358e-02   3.077651e-02   193528
  2.359297e+00   1.399473e+01   1.224273e-02   3.124439e-02   200626
  2.401844e+00   1.432447e+01   1.230642e-02   3.129611e-02   209256
  2.444460e+00   1.473752e+01   1.227865e-02   3.164671e-02   216020
  2.487004e+00   1.526069e+01   1.230299e-02   3.231119e-02   223768
  2.529444e+00   1.564679e+01   1.222313e-02   3.266600e-02   230234
  2.571955e+00   1.608018e+01   1.229969e-02   3.287626e-02   239800
  2.614499e+00   1.653407e+01   1.225221e-02   3.329786e-02   246568
  2.656957e+00   1.704243e+01   1.227331e-02   3.376579e-02   254828
  2.699414e+00   1.742395e+01   1.225769e-02   3.403664e-02   263074
  2.741981e+00   1.796741e+01   1.228604e-02   3.440533e-02   272312
  2.784554e+00   1.837617e+01   1.228079e-02   3.467077e-02   280376
  2.827093e+00   1.881134e+01   1.228600e-02   3.492679e-02   288884
  2.869605e+00   1.928972e+01   1.227401e-02   3.553762e-02   297602
  2.912071e+00   1.961067e+01   1.223046e-02   3.551233e-02   305520
  2.954561e+00   2.036761e+01   1.230079e-02   3.632494e-02   315976
  2.996984e+00   2.071592e+01   1.221089e-02   3.634196e-02   322778
  3.039488e+00   2.110073e+01   1.232008e-02   3.644030e-02   335372
  3.082114e+00   2.146347e+01   1.227327e-02   3.665165e-02   343464
  3.124654e+00   2.207496e+01   1.228282e-02   3.711985e-02   352912
  3.167174e+00   2.237962e+01   1.228199e-02   3.716916e-02   362666
  3.209689e+00   2.294792e+01   1.225476e-02   3.740679e-02   371884
  3.252186e+00   2.338472e+01   1.227971e-02   3.771422e-02   382280
  3.294633e+00   2.374876e+01   1.224302e-02   3.794958e-02   390888
  3.337059e+00   2.428323e+01   1.226867e-02   3.826124e-02   402234
  3.379565e+00   2.464900e+01   1.225933e-02   3.855211e-02   412576
  3.422105e+00   2.502966e+01   1.228715e-02   3.837765e-02   423732
  3.464636e+00   2.557609e+01   1.227257e-02   3.888297e-02   433624
  3.507180e+00   2.599363e+01   1.228881e-02   3.905505e-02   445154
  3.549739e+00   2.641675e+01   1.227656e-02   3.908914e-02   455584
  3.592238e+00   2.687999e+01   1.225887e-02   3.949936e-02   465588
  3.634685e+00   2.731052e+01   1.226065e-02   3.957122e-02   476762
  3.677219e+00   2.771164e+01   1.229242e-02   3.966802e-02   489552
  3.719789e+00   2.812033e+01   1.227853e-02   3.975593e-02   500328
  3.762251e+00   2.849942e+01   1.223705e-02   3.989686e-02   509852
  3.804741e+00   2.898939e+01   1.229735e-02   4.016564e-02   524234
  3.847275e+00   2.942191e+01   1.224781e-02   4.017686e-02   534104
  3.889779e+00   2.985757e+01   1.228211e-02   4.046867e-02   547048
  3.932320e+00   3.025917e+01   1.229545e-02   4.042377e-02   559328
  3.974872e+00   3.070459e+01   1.228346e-02   4.062377e-02   571326
  4.017355e+00   3.104247e+01   1.224147e-02   4.060314e-02   581920
  4.059804e+00   3.149332e+01   1.225835e-02   4.086200e-02   594832
  4.102282e+00   3.179529e+01   1.227222e-02   4.069308e-02   608048
  4.144825e+00   3.231318e+01   1.228101e-02   4.109014e-02   621526
  4.187356e+00   3.262865e+01   1.226445e-02   4.092166e-02   633240
  4.229822e+00   3.319658e+01   1.225981e-02   4.130489e-02   645472
  4.272346e+00   3.352382e+01   1.230137e-02   4.120905e-02   660906
  4.314903e+00   3.394318e+01   1.227030e-02   4.153012e-02   672856
  4.357425e+00   3.441055e+01   1.226838e-02   4.155146e-02   685980
  4.399921e+00   3.471572e+01   1.227191e-02   4.153680e-02   699256
  4.442476e+00   3.516247e+01   1.229990e-02   4.154347e-02   714730
  4.484986e+00   3.542416e+01   1.223739e-02   4.152154e-02   725152
  4.527452e+00   3.585105e+01   1.227054e-02   4.174981e-02   740420
  4.569941e+00   3.628476e+01   1.227636e-02   4.184000e-02   754312
  4.612456e+00   3.650574e+01   1.227959e-02   4.161631e-02   769114
  4.654996e+00   3.693972e+01   1.227684e-02   4.158969e-02   783488
  4.697459e+00   3.727336e+01   1.223560e-02   4.183959e-02   794968
  4.739925e+00   3.755362e+01   1.228043e-02   4.160591e-02   812366
  4.782438e+00   3.795204e+01   1.226054e-02   4.170826e-02   825976
  4.825000e+00   3.828852e+01   1.230088e-02   4.171839e-02   843352
  4.867591e+00   3.865372e+01   1.229290e-02   4.172471e-02   857280
  4.910094e+00   3.888411e+01   1.225276e-02   4.168033e-02   869542
  4.952587e+00   3.939650e+01   1.228301e-02   4.184888e-02   887128
  4.995087e+00   3.953337e+01   1.225266e-02   4.176110e-02   900032
  5.037553e+00   3.990267e+01   1.226951e-02   4.172927e-02   916560
  5.080018e+00   4.037029e+01   1.224713e-02   4.179633e-02   930922
  5.122540e+00   4.061549e+01   1.228718e-02   4.169600e-02   949844
  5.165149e+00   4.099447e+01   1.230776e-02   4.166291e-02   966736
  5.207698e+00   4.131941e+01   1.226328e-02   4.172762e-02   978776
  5.250149e+00   4.160965e+01   1.225655e-02   4.176508e-02   994522
  5.292642e+00   4.183406e+01   1.227563e-02   4.145391e-02   1012420
  5.335176e+00   4.208016e+01   1.228639e-02   4.150783e-02   1029408
  5.377640e+00   4.247369e+01   1.223362e-02   4.166255e-02   1041658
  5.420127e+00   4.273961e+01   1.228953e-02   4.152818e-02   1063520
  5.462635e+00   4.303790e+01   1.224276e-02   4.144067e-02   1075808
  5.505175e+00   4.347943e+01   1.232008e-02   4.138251e-02   1098956
  5.547712e+00   4.372775e+01   1.224668e-02   4.165822e-02   1109810
  5.590179e+00   4.405235e+01   1.226115e-02   4.143501e-02   1128608
  5.632713e+00   4.434210e+01   1.229436e-02   4.127424e-02   1148264
  5.675250e+00   4.465603e+01   1.227167e-02   4.133874e-02   1163252
  5.717744e+00   4.490133e+01   1.226828e-02   4.125801e-02   1181042
  5.760239e+00   4.517417e+01   1.225730e-02   4.130429e-02   1197848
  5.802769e+00   4.537154e+01   1.229495e-02   4.110367e-02   1218848
  5.845291e+00   4.554957e+01   1.225944e-02   4.094209e-02   1232916
  5.887780e+00   4.588377e+01   1.227538e-02   4.105682e-02   1253002
  5.930266e+00   4.621712e+01   1.224914e-02   4.103385e-02   1268576
  5.972763e+00   4.643769e+01   1.228621e-02   4.092983e-02   1290128
  6.015287e+00   4.674270e+01   1.227337e-02   4.089943e-02   1307402
  6.057820e+00   4.696388e+01   1.227649e-02   4.084729e-02   1327028
  6.100333e+00   4.726900e+01   1.225988e-02   4.079376e-02   1343648
  6.142842e+00   4.757135e+01   1.228087e-02   4.076446e-02   1364096
  6.185363e+00   4.771022e+01   1.227580e-02   4.060114e-02   1382730
  6.227896e+00   4.786825e+01   1.227503e-02   4.042947e-02   1402164
  6.270416e+00   4.817547e+01   1.227264e-02   4.037038e-02   1420464
  6.312883e+00   4.843189e+01   1.225519e-02   4.040531e-02   1437368
  6.355387e+00   4.863426e+01   1.228857e-02   4.021862e-02   1461530
  6.397919e+00   4.876026e+01   1.226028e-02   4.020376e-02   1478264
  6.440432e+00   4.929508e+01   1.227561e-02   4.024019e-02   1499356
  6.482926e+00   4.931265e+01   1.226095e-02   4.009550e-02   1517016
  6.525439e+00   4.949355e+01   1.228340e-02   3.986490e-02   1540090
  6.567953e+00   4.976307e+01   1.226146e-02   3.993494e-02   1557360
  6.610434e+00   4.992417e+01   1.226770e-02   3.975651e-02   1577780
  6.652969e+00   5.028085e+01   1.230043e-02   3.962916e-02   1602578
  6.695499e+00   5.037105e+01   1.225417e-02   3.960985e-02   1617672
  6.737992e+00   5.064807e+01   1.227613e-02   3.957095e-02   1641016
  6.780486e+00   5.084041e+01   1.226032e-02   3.949877e-02   1659416
  6.822983e+00   5.097517e+01   1.227372e-02   3.929458e-02   1682670
  6.865529e+00   5.118309e+01   1.228276e-02   3.922753e-02   1705256
  6.908096e+00   5.141825e+01   1.228756e-02   3.916180e-02   1726312
  6.950582e+00   5.164188e+01   1.225056e-02   3.908246e-02   1741880
  6.993044e+00   5.184909e+01   1.226862e-02   3.902936e-02   1766454
  7.035588e+00   5.205675e+01   1.229242e-02   3.894294e-02   1791784
  7.078111e+00   5.211414e+01   1.225558e-02   3.874314e-02   1807712
  7.120554e+00   5.236436e+01   1.225110e-02   3.870896e-02   1829002
  7.163037e+00   5.255329e+01   1.226905e-02   3.858953e-02   1854216
  7.205602e+00   5.263678e+01   1.229852e-02   3.839039e-02   1880156
  7.248150e+00   5.283476e+01   1.227340e-02   3.828156e-02   1897568
  7.290651e+00   5.305444e+01   1.227390e-02   3.827623e-02   1920458
  7.333153e+00   5.319881e+01   1.226399e-02   3.814465e-02   1942208
  7.375659e+00   5.324639e+01   1.227125e-02   3.796106e-02   1965612
  7.418175e+00   5.352593e+01   1.227855e-02   3.784133e-02   1989000
  7.460671e+00   5.362203e+01   1.225786e-02   3.777314e-02   2009114
  7.503166e+00   5.379970e+01   1.226960e-02   3.767874e-02   2034464
  7.545695e+00   5.390552e+01   1.228070e-02   3.758655e-02   2058476
  7.588207e+00   5.417730e+01   1.227216e-02   3.756100e-02   2079648
  7.630693e+00   5.431515e+01   1.226356e-02   3.744306e-02   2102578
  7.673222e+00   5.449396e+01   1.228297e-02   3.741063e-02   2129928
  7.715766e+00   5.462500e+01   1.227893e-02   3.726584e-02   2152096
  7.758252e+00   5.477868e+01   1.225143e-02   3.715878e-02   2171142
  7.800741e+00   5.493441e+01   1.227660e-02   3.703311e-02   2200248
  7.843296e+00   5.501979e+01   1.228407e-02   3.686872e-02   2225216
  7.885842e+00   5.511678e+01   1.228377e-02   3.672832e-02   2248448
  7.928336e+00   5.525852e+01   1.225709e-02   3.676434e-02   2267942
  7.970840e+00   5.529744e+01   1.228420e-02   3.650606e-02   2298072
  8.013348e+00   5.550579e+01   1.225627e-02   3.643307e-02   2317272
  8.055842e+00   5.562554e+01   1.227899e-02   3.632885e-02   2345808
  8.098322e+00   5.579358e+01   1.224988e-02   3.627486e-02   2365650
  8.140823e+00   5.586624e+01   1.227972e-02   3.602973e-02   2396940
  8.183368e+00   5.602916e+01   1.227975e-02   3.599232e-02   2421272
  8.225892e+00   5.606682e+01   1.227360e-02   3.587135e-02   2444576
  8.268407e+00   5.627960e+01   1.227899e-02   3.579776e-02   2471490
  8.310912e+00   5.640942e+01   1.225942e-02   3.572145e-02   2493180
  8.353397e+00   5.648770e+01   1.227208e-02   3.552836e-02   2520952
  8.395888e+00   5.658945e+01   1.226128e-02   3.550224e-02   2544946
  8.438392e+00   5.671308e+01   1.227324e-02   3.535486e-02   2573856
  8.480922e+00   5.678371e+01   1.227611e-02   3.523579e-02   2600016
  8.523447e+00   5.685556e+01   1.227641e-02   3.513756e-02   2625484
  8.565959e+00   5.694250e+01   1.227232e-02   3.506293e-02   2651122
  8.608519e+00   5.718934e+01   1.229739e-02   3.491124e-02   2683488
  8.651014e+00   5.722824e+01   1.223786e-02   3.486563e-02   2696352
  8.693483e+00   5.729834e+01   1.228468e-02   3.469969e-02   2733020
  8.736008e+00   5.732425e+01   1.227012e-02   3.449408e-02   2757378
  8.778525e+00   5.739350e+01   1.227177e-02   3.439586e-02   2784864
  8.821036e+00   5.741472e+01   1.227124e-02   3.423240e-02   2811168
  8.863496e+00   5.760723e+01   1.224424e-02   3.421129e-02   2832274
  8.906020e+00   5.769763e+01   1.230244e-02   3.404510e-02   2873636
  8.948567e+00   5.767038e+01   1.225951e-02   3.390887e-02   2890496
  8.991066e+00   5.784311e+01   1.227940e-02   3.391977e-02   2921800
  9.033598e+00   5.789118e+01   1.228441e-02   3.376940e-02   2951298
  9.076126e+00   5.799462e+01   1.226510e-02   3.365249e-02   2975476
  9.118654e+00   5.806165e+01   1.228550e-02   3.348793e-02   3007728
  9.161142e+00   5.816358e+01   1.224754e-02   3.341997e-02   3025776
  9.203640e+00   5.821764e+01   1.229182e-02   3.326481e-02   3065762
  9.246160e+00   5.823144e+01   1.225283e-02   3.316470e-02   3084856
  9.288649e+00   5.832147e+01   1.227594e-02   3.306862e-02   3118044
  9.331129e+00   5.830834e+01   1.225728e-02   3.288763e-02   3141352
  9.373640e+00   5.839295e+01   1.228814e-02   3.278818e-02   3179274
  9.416185e+00   5.853586e+01   1.227073e-02   3.269477e-02   3204120
  9.458671e+00   5.856569e+01   1.225444e-02   3.258934e-02   3227900
  9.501151e+00   5.853396e+01   1.227489e-02   3.239299e-02   3262394
  9.543701e+00   5.862725e+01   1.228726e-02   3.229588e-02   3295680
  9.586236e+00   5.870012e+01   1.226866e-02   3.219484e-02   3319560
  9.628737e+00   5.874425e+01   1.227228e-02   3.212452e-02   3348972
  9.671240e+00   5.876901e+01   1.227416e-02   3.198797e-02   3379722
  9.713763e+00   5.877198e+01   1.227339e-02   3.181878e-02   3410720
  9.756299e+00   5.884385e+01   1.227807e-02   3.173748e-02   3441504
  9.798787e+00   5.888436e+01   1.225320e-02   3.158905e-02   3463624
  9.841266e+00   5.890348e+01   1.227217e-02   3.148417e-02   3499790
  9.883803e+00   5.893763e+01   1.228281e-02   3.133936e-02   3533560
  9.926350e+00   5.900235e+01   1.227932e-02   3.126702e-02   3561920
  9.968836e+00   5.906211e+01   1.225683e-02   3.117868e-02   3585208
  1.001132e+01   5.918281e+01   1.227674e-02   3.113002e-02   3622518
  1.005387e+01   5.912682e+01   1.228938e-02   3.091400e-02   3657584
  1.009637e+01   5.900870e+01   1.225003e-02   3.072871e-02   3676440
  1.013883e+01   5.914470e+01   1.226093e-02   3.070427e-02   3711282
  1.018134e+01   5.915211e+01   1.227505e-02   3.054118e-02   3747696
  1.022386e+01   5.908490e+01   1.226890e-02   3.039231e-02   3776188
  1.026640e+01   5.914068e+01   1.229793e-02   3.029038e-02   3815304
  1.030893e+01   5.913673e+01   1.225864e-02   3.018879e-02   3835370
  1.035143e+01   5.923964e+01   1.227570e-02   3.011611e-02   3873424
  1.039395e+01   5.927605e+01   1.227191e-02   3.007140e-02   3903420
  1.043647e+01   5.926604e+01   1.228014e-02   2.985765e-02   3937624
  1.047898e+01   5.923232e+01   1.226404e-02   2.972602e-02   3965658
  1.052150e+01   5.929111e+01   1.227921e-02   2.961859e-02   4002984
  1.056400e+01   5.924331e+01   1.226054e-02   2.949449e-02   4027928
  1.060647e+01   5.930394e+01   1.225976e-02   2.941401e-02   4059844
  1.064896e+01   5.928555e+01   1.227978e-02   2.923783e-02   4100338
  1.069151e+01   5.927069e+01   1.227651e-02   2.914035e-02   4132264
  1.073403e+01   5.922293e+01   1.227390e-02   2.904417e-02   4163216
  1.077652e+01   5.924604e+01   1.226459e-02   2.893247e-02   4193350
  1.081904e+01   5.928206e+01   1.228427e-02   2.878856e-02   4234456
  1.086156e+01   5.914211e+01   1.225632e-02   2.869472e-02   4257264
  1.090405e+01   5.924573e+01   1.227910e-02   2.860639e-02   4297352
  1.094656e+01   5.924122e+01   1.226998e-02   2.845432e-02   4328642
  1.098909e+01   5.911209e+01   1.228265e-02   2.828738e-02   4367948
  1.103158e+01   5.915781e+01   1.224720e-02   2.823800e-02   4388384
  1.107408e+01   5.919090e+01   1.228899e-02   2.810196e-02   4436648
  1.111661e+01   5.913196e+01   1.227199e-02   2.804893e-02   4465658
  1.115915e+01   5.912459e+01   1.227871e-02   2.785209e-02   4502948
  1.120165e+01   5.907516e+01   1.225915e-02   2.775695e-02   4528880
  1.124413e+01   5.909092e+01   1.226872e-02   2.769238e-02   4566290
  1.128665e+01   5.909017e+01   1.228262e-02   2.756937e-02   4606856
  1.132917e+01   5.903295e+01   1.226621e-02   2.739940e-02   4635380
  1.137166e+01   5.900922e+01   1.226853e-02   2.730164e-02   4670384
  1.141417e+01   5.897077e+01   1.227665e-02   2.716301e-02   4709258
  1.145672e+01   5.906759e+01   1.228130e-02   2.709885e-02   4747352
  1.149922e+01   5.897630e+01   1.225462e-02   2.699613e-02   4771664
  1.154171e+01   5.895634e+01   1.227440e-02   2.685253e-02   4813532
  1.158423e+01   5.885122e+01   1.228175e-02   2.677266e-02   4852322
  1.162677e+01   5.890909e+01   1.227605e-02   2.666567e-02   4886480
  1.166928e+01   5.889912e+01   1.226516e-02   2.657467e-02   4917248
  1.171175e+01   5.886904e+01   1.226039e-02   2.646946e-02   4950828
  1.175428e+01   5.877220e+01   1.229115e-02   2.625404e-02   5000170
  1.179682e+01   5.872666e+01   1.226743e-02   2.620092e-02   5026952
  1.183930e+01   5.870326e+01   1.225870e-02   2.610602e-02   5058752
  1.188178e+01   5.865850e+01   1.227096e-02   2.601432e-02   5100722
  1.192431e+01   5.866273e+01   1.227592e-02   2.588776e-02   5140124
  1.196682e+01   5.858398e+01   1.227175e-02   2.575421e-02   5174072
  1.200934e+01   5.857371e+01   1.227571e-02   2.568434e-02   5211608
  1.205185e+01   5.847680e+01   1.227167e-02   2.550326e-02   5247794
  1.209436e+01   5.844891e+01   1.226763e-02   2.540381e-02   5284196
  1.213689e+01   5.842920e+01   1.228663e-02   2.531074e-02   5328800
  1.217939e+01   5.838784e+01   1.225244e-02   2.524892e-02   5350872
  1.222188e+01   5.830937e+01   1.227843e-02   2.510351e-02   5400634
  1.226439e+01   5.830557e+01   1.226116e-02   2.503368e-02   5430968
  1.230690e+01   5.828764e+01   1.228074e-02   2.490413e-02   5475908
  1.234942e+01   5.818315e+01   1.227341e-02   2.478416e-02   5510016
  1.239194e+01   5.811963e+01   1.227878e-02   2.464496e-02   5552114
  1.243448e+01   5.805735e+01   1.227536e-02   2.453453e-02   5588944
  1.247700e+01   5.798309e+01   1.227081e-02   2.446604e-02   5623828
  1.251949e+01   5.788079e+01   1.226652e-02   2.434656e-02   5660722
  1.256199e+01   5.791977e+01   1.226569e-02   2.425809e-02   5699896
  1.260450e+01   5.786979e+01   1.227587e-02   2.417189e-02   5741936
  1.264701e+01   5.775479e+01   1.227604e-02   2.403419e-02   5779568
  1.268952e+01   5.772013e+01   1.227056e-02   2.393628e-02   5817222
  1.273202e+01   5.765619e+01   1.226405e-02   2.385131e-02   5854600
  1.277454e+01   5.756272e+01   1.227916e-02   2.369659e-02   5900040
  1.281705e+01   5.755843e+01   1.226601e-02   2.364497e-02   5931976
  1.285956e+01   5.745262e+01   1.228040e-02   2.349207e-02   5979390
  1.290207e+01   5.739771e+01   1.226129e-02   2.342044e-02   6010200
  1.294458e+01   5.738562e+01   1.227731e-02   2.333768e-02   6056496
  1.298708e+01   5.721645e+01   1.226484e-02   2.317420e-02   6089504
  1.302958e+01   5.707641e+01   1.227756e-02   2.302240e-02   6137114
  1.307210e+01   5.705151e+01   1.226880e-02   2.297990e-02   6173332
  1.311461e+01   5.702679e+01   1.227153e-02   2.289587e-02   6214128
  1.315711e+01   5.696520e+01   1.226922e-02   2.278257e-02   6253874
  1.319964e+01   5.686176e+01   1.227851e-02   2.264431e-02   6300104
  1.324216e+01   5.673661e+01   1.226546e-02   2.256304e-02   6332612
  1.328467e+01   5.672107e+01   1.228096e-02   2.245038e-02   6379768
  1.332719e+01   5.663911e+01   1.227439e-02   2.235121e-02   6418218
  1.336971e+01   5.653664e+01   1.227344e-02   2.223153e-02   6459880
  1.341221e+01   5.647930e+01   1.226446e-02   2.215389e-02   6495652
  1.345472e+01   5.641521e+01   1.228092e-02   2.201681e-02   6545296
  1.349724e+01   5.632919e+01   1.226891e-02   2.196147e-02   6581570
  1.353974e+01   5.623262e+01   1.226098e-02   2.188633e-02   6618960
  1.358222e+01   5.613242e+01   1.226863e-02   2.175995e-02   6663352
  1.362471e+01   5.608527e+01   1.226151e-02   2.167258e-02   6701334
  1.366724e+01   5.600712e+01   1.229005e-02   2.156010e-02   6759920
  1.370978e+01   5.590265e+01   1.226871e-02   2.145768e-02   6789696
  1.375229e+01   5.582776e+01   1.227982e-02   2.136947e-02   6837208
  1.379481e+01   5.581686e+01   1.226997e-02   2.126988e-02   6874966
  1.383733e+01   5.570393e+01   1.227445e-02   2.118677e-02   6920864
  1.387984e+01   5.559163e+01   1.226703e-02   2.107215e-02   6957816
  1.392234e+01   5.550110e+01   1.227258e-02   2.099317e-02   7002232
  1.396483e+01   5.540613e+01   1.226616e-02   2.088435e-02   7043114
  1.400736e+01   5.534955e+01   1.228161e-02   2.078389e-02   7096020
  1.404988e+01   5.525109e+01   1.226958e-02   2.071785e-02   7130640
  1.409239e+01   5.516189e+01   1.227310e-02   2.058937e-02   7175472
  1.413489e+01   5.502446e+01   1.226899e-02   2.045440e-02   7217786
  1.417741e+01   5.498213e+01   1.227600e-02   2.037140e-02   7265564
  1.421992e+01   5.479766e+01   1.226528e-02   2.029926e-02   7301288
  1.426240e+01   5.479998e+01   1.226550e-02   2.020501e-02   7345330
  1.430491e+01   5.469432e+01   1.227621e-02   2.012163e-02   7397048
  1.434743e+01   5.457574e+01   1.226815e-02   2.003580e-02   7435920
  1.438994e+01   5.446265e+01   1.227688e-02   1.992375e-02   7484140
  1.443245e+01   5.435983e+01   1.227057e-02   1.982404e-02   7525578
  1.447497e+01   5.426666e+01   1.227007e-02   1.972903e-02   7571376
  1.451748e+01   5.414546e+01   1.227392e-02   1.961368e-02   7617064
  1.456001e+01   5.405035e+01   1.227782e-02   1.953104e-02   7662092
  1.460251e+01   5.394621e+01   1.226530e-02   1.945569e-02   7699658
  1.464502e+01   5.388905e+01   1.227578e-02   1.936410e-02   7752416
  1.468755e+01   5.375015e+01   1.227763e-02   1.923891e-02   7797776
  1.473004e+01   5.364171e+01   1.226070e-02   1.917579e-02   7831720
  1.477255e+01   5.357623e+01   1.227889e-02   1.906476e-02   7889926
  1.481507e+01   5.343954e+01   1.227192e-02   1.896221e-02   7931480
  1.485759e+01   5.334103e+01   1.227300e-02   1.887941e-02   7976688
  1.490006e+01   5.329072e+01   1.225048e-02   1.884153e-02   8007786
  1.494256e+01   5.313145e+01   1.228133e-02   1.869895e-02   8074564
  1.498510e+01   5.304611e+01   1.228034e-02   1.861976e-02   8118904
  1.502762e+01   5.291776e+01   1.226783e-02   1.851852e-02   8155824
  1.507013e+01   5.282799e+01   1.228256e-02   1.844553e-02   8212802
  1.511265e+01   5.273076e+01   1.226047e-02   1.835229e-02   8245268
  1.515516e+01   5.258769e+01   1.228702e-02   1.823883e-02   8308816
  1.519769e+01   5.252029e+01   1.226520e-02   1.819626e-02   8340304
  1.524017e+01   5.240891e+01   1.226489e-02   1.809202e-02   8387738
  1.528267e+01   5.225557e+01   1.226883e-02   1.799695e-02   8437624
  1.532518e+01   5.212253e+01   1.227531e-02   1.788218e-02   8487796
  1.536768e+01   5.199787e+01   1.226572e-02   1.780943e-02   8527936
  1.541020e+01   5.191837e+01   1.227764e-02   1.773064e-02   8585122
  1.545272e+01   5.180552e+01   1.227170e-02   1.765232e-02   8628200
  1.549524e+01   5.168498e+01   1.227868e-02   1.754278e-02   8679484
  1.553776e+01   5.157620e+01   1.226928e-02   1.747659e-02   8721466
  1.558025e+01   5.148317e+01   1.226318e-02   1.738924e-02   8765840
  1.562277e+01   5.134541e+01   1.228142e-02   1.728229e-02   8825136
  1.566528e+01   5.124966e+01   1.226701e-02   1.721922e-02   8861768
  1.570779e+01   5.108926e+01   1.227728e-02   1.711305e-02   8919278
  1.575031e+01   5.100801e+01   1.226638e-02   1.704433e-02   8961008
  1.579282e+01   5.089779e+01   1.227512e-02   1.695089e-02   9014456
  1.583534e+01   5.078231e+01   1.227527e-02   1.688124e-02   9062240
  1.587786e+01   5.059740e+01   1.227311e-02   1.676592e-02   9110510
  1.592036e+01   5.056597e+01   1.226582e-02   1.671800e-02   9154048
  1.596285e+01   5.041381e+01   1.226281e-02   1.662903e-02   9198928
  1.600534e+01   5.032630e+01   1.227531e-02   1.655095e-02   9257194
  1.604787e+01   5.017956e+01   1.227745e-02   1.644310e-02   9310168
  1.609038e+01   5.007654e+01   1.226530e-02   1.637365e-02   9350316
  1.613289e+01   4.995343e+01   1.227684e-02   1.629321e-02   9407120
  1.617541e+01   4.985445e+01   1.227300e-02   1.620769e-02   9454642
  1.621793e+01   4.971527e+01   1.227362e-02   1.612189e-02   9506272
  1.626044e+01   4.956406e+01   1.226942e-02   1.603657e-02   9551228
  1.630294e+01   4.950685e+01   1.227038e-02   1.599425e-02   9600264
  1.634544e+01   4.934708e+01   1.227012e-02   1.589589e-02   9651458
  1.638796e+01   4.927178e+01   1.228049e-02   1.582633e-02   9711488
  1.643048e+01   4.913634e+01   1.226476e-02   1.573551e-02   9749144
  1.647299e+01   4.897727e+01   1.227613e-02   1.565386e-02   9807908
  1.651550e+01   4.887468e+01   1.227043e-02   1.556854e-02   9854786
  1.655803e+01   4.874068e+01   1.228107e-02   1.547974e-02   9914304
  1.660053e+01   4.864248e+01   1.225867e-02   1.541832e-02   9945544
  1.664301e+01   4.850419e+01   1.226718e-02   1.535042e-02   10003414
  1.668552e+01   4.841022e+01   1.227468e-02   1.526760e-02   10062032
  1.672804e+01   4.827632e+01   1.227657e-02   1.518898e-02   10114792
  1.677058e+01   4.809930e+01   1.228180e-02   1.509192e-02   10169936
  1.681307e+01   4.803891e+01   1.225060e-02   1.505302e-02   10196602
  1.685558e+01   4.794600e+01   1.228906e-02   1.496042e-02   10281156
  1.689811e+01   4.777549e+01   1.226275e-02   1.488353e-02   10309376
  1.694060e+01   4.767366e+01   1.227427e-02   1.479786e-02   10369856
  1.698310e+01   4.754552e+01   1.226425e-02   1.473271e-02   10415370
  1.702562e+01   4.739810e+01   1.228018e-02   1.465262e-02   10481988
  1.706815e+01   4.729769e+01   1.227822e-02   1.458675e-02   10531200
  1.711066e+01   4.715860e+01   1.226163e-02   1.450847e-02   10569416
  1.715315e+01   4.701287e+01   1.227286e-02   1.442916e-02   10633066
  1.719568e+01   4.693415e+01   1.227546e-02   1.436748e-02   10687548
  1.723821e+01   4.679587e+01   1.228168e-02   1.429090e-02   10743968
  1.728072e+01   4.665100e+01   1.226340e-02   1.420283e-02   10782130
  1.732321e+01   4.656094e+01   1.226438e-02   1.414585e-02   10837792
  1.736571e+01   4.639331e+01   1.227328e-02   1.405660e-02   10897368
  1.740823e+01   4.629518e+01   1.227857e-02   1.399446e-02   10953940
  1.745075e+01   4.620499e+01   1.227188e-02   1.392772e-02   11003274
  1.749325e+01   4.605305e+01   1.226537e-02   1.385794e-02   11052800
  1.753577e+01   4.595865e+01   1.228039e-02   1.378655e-02   11118176
  1.757829e+01   4.583186e+01   1.227174e-02   1.372346e-02   11162268
  1.762078e+01   4.567791e+01   1.226447e-02   1.364915e-02   11211458
  1.766328e+01   4.559131e+01   1.226924e-02   1.358180e-02   11271888
  1.770579e+01   4.542370e+01   1.227456e-02   1.349672e-02   11329304
  1.774829e+01   4.530219e+01   1.226554e-02   1.343588e-02   11375026
  1.779081e+01   4.524016e+01   1.227704e-02   1.337657e-02   11442532
  1.783332e+01   4.508055e+01   1.226620e-02   1.330146e-02   11487264
  1.787583e+01   4.495220e+01   1.227239e-02   1.323398e-02   11545680
  1.791835e+01   4.481609e+01   1.227937e-02   1.315020e-02   11607058
  1.796089e+01   4.471031e+01   1.227970e-02   1.310053e-02   11664300
  1.800340e+01   4.459033e+01   1.226785e-02   1.303906e-02   11707488
  1.804590e+01   4.448402e+01   1.226647e-02   1.298016e-02   11759536
  1.808841e+01   4.428815e+01   1.228470e-02   1.287655e-02   11833690
  1.813095e+01   4.417367e+01   1.227017e-02   1.281966e-02   11877808
  1.817345e+01   4.405240e+01   1.226311e-02   1.275753e-02   11925836
  1.821595e+01   4.395452e+01   1.227560e-02   1.269473e-02   11992168
  1.825846e+01   4.379022e+01   1.227114e-02   1.262624e-02   12044554
  1.830097e+01   4.366086e+01   1.226867e-02   1.255875e-02   12098976
  1.834346e+01   4.355888e+01   1.226469e-02   1.250398e-02   12149996
  1.838595e+01   4.342544e+01   1.226815e-02   1.243029e-02   12209594
  1.842847e+01   4.334549e+01   1.227993e-02   1.237166e-02   12279272
  1.847101e+01   4.315949e+01   1.228002e-02   1.228834e-02   12336072
  1.851353e+01   4.306948e+01   1.226966e-02   1.224423e-02   12381744
  1.855604e+01   4.295457e+01   1.227227e-02   1.218281e-02   12441590
  1.859855e+01   4.282513e+01   1.227023e-02   1.212713e-02   12497256
  1.864105e+01   4.270108e+01   1.226730e-02   1.205042e-02   12550032
  1.868353e+01   4.254924e+01   1.226474e-02   1.198999e-02   12603936
  1.872603e+01   4.244149e+01   1.227245e-02   1.193069e-02   12671230
  1.876857e+01   4.230217e+01   1.228331e-02   1.185047e-02   12740920
  1.881110e+01   4.218201e+01   1.227107e-02   1.181045e-02   12784560
  1.885359e+01   4.209174e+01   1.226358e-02   1.175874e-02   12834176
  1.889610e+01   4.197508e+01   1.227865e-02   1.167849e-02   12909006
  1.893863e+01   4.184633e+01   1.227235e-02   1.163518e-02   12959680
  1.898113e+01   4.171734e+01   1.227020e-02   1.156986e-02   13014232
  1.902364e+01   4.158620e+01   1.227262e-02   1.150538e-02   13076514
  1.906614e+01   4.147497e+01   1.226274e-02   1.145994e-02   13127112
  1.910866e+01   4.131246e+01   1.228266e-02   1.137464e-02   13205852
  1.915119e+01   4.120988e+01   1.227282e-02   1.131591e-02   13252032
  1.919369e+01   4.104364e+01   1.226787e-02   1.125778e-02   13307450
  1.923620e+01   4.094768e+01   1.227402e-02   1.119796e-02   13374160
  1.927872e+01   4.081721e+01   1.227027e-02   1.115219e-02   13426348
  1.932123e+01   4.068789e+01   1.227853e-02   1.108045e-02   13492760
  1.936373e+01   4.058559e+01   1.226457e-02   1.103866e-02   13539546
  1.940624e+01   4.046826e+01   1.227335e-02   1.098010e-02   13610704
  1.944875e+01   4.035481e+01   1.226734e-02   1.092328e-02   13662024
  1.949125e+01   4.020557e+01   1.227299e-02   1.085742e-02   13727492
  1.953377e+01   4.009565e+01   1.227644e-02   1.080210e-02   13793394
  1.957629e+01   3.998151e+01   1.226862e-02   1.074983e-02   13844456
  1.961880e+01   3.983446e+01   1.227171e-02   1.068371e-02   13905184
  1.966130e+01   3.977357e+01   1.227189e-02   1.064911e-02   13965958
  1.970381e+01   3.962623e+01   1.226859e-02   1.058921e-02   14025192
  1.974632e+01   3.950227e+01   1.227581e-02   1.051890e-02   14093768
  1.978884e+01   3.937707e+01   1.227382e-02   1.047323e-02   14150440
  1.983136e+01   3.926126e+01   1.227452e-02   1.042145e-02   14213450
  1.987387e+01   3.916979e+01   1.226691e-02   1.037307e-02   14267036
  1.991638e+01   3.904276e+01   1.227427e-02   1.031565e-02   14335032
  1.995889e+01   3.891304e+01   1.226837e-02   1.026389e-02   14387664
  2.000139e+01   3.882826e+01   1.227308e-02   1.021704e-02   14455698
  2.004391e+01   3.866850e+01   1.227471e-02   1.015822e-02   14520452
  2.008643e+01   3.857737e+01   1.227399e-02   1.010861e-02   14580272
  2.012893e+01   3.848028e+01   1.226246e-02   1.006563e-02   14628050
  2.017144e+01   3.833832e+01   1.228393e-02   1.000345e-02   14716744
  2.021396e+01   3.821446e+01   1.226163e-02   9.960132e-03   14751712
  2.025646e+01   3.810240e+01   1.227782e-02   9.896725e-03   14831620
  2.029896e+01   3.798685e+01   1.226188e-02   9.853635e-03   14875522
  2.034146e+01   3.787951e+01   1.227585e-02   9.802070e-03   14956720
  2.038398e+01   3.774865e+01   1.226799e-02   9.753321e-03   15008272
  2.042648e+01   3.765610e+01   1.227113e-02   9.705932e-03   15073780
  2.046899e+01   3.750530e+01   1.227601e-02   9.646322e-03   15144866
  2.051153e+01   3.741305e+01   1.228021e-02   9.601158e-03   15213872
  2.055406e+01   3.729414e+01   1.227172e-02   9.552719e-03   15263976
  2.059656e+01   3.718464e+01   1.226689e-02   9.513057e-03   15320236
  2.063907e+01   3.707886e+01   1.227747e-02   9.455002e-03   15398322
  2.068159e+01   3.695069e+01   1.226849e-02   9.407727e-03   15450864
  2.072409e+01   3.686689e+01   1.226949e-02   9.374476e-03   15513888
  2.076658e+01   3.673755e+01   1.226638e-02   9.316582e-03   15574626
  2.080910e+01   3.660714e+01   1.227957e-02   9.259193e-03   15657956
  2.085162e+01   3.652326e+01   1.226694e-02   9.223720e-03   15704248
  2.089412e+01   3.640853e+01   1.227405e-02   9.179279e-03   15774824
  2.093664e+01   3.627553e+01   1.227741e-02   9.125161e-03   15844898
  2.097916e+01   3.619570e+01   1.226797e-02   9.094987e-03   15898956
  2.102166e+01   3.607697e+01   1.226837e-02   9.038345e-03   15961768
  2.106416e+01   3.599581e+01   1.227392e-02   9.000788e-03   16032208
  2.110668e+01   3.588301e+01   1.227386e-02   8.954751e-03   16099530
  2.114918e+01   3.577089e+01   1.226342e-02   8.913445e-03   16152712
  2.119169e+01   3.565447e+01   1.227877e-02   8.858216e-03   16235740
  2.123421e+01   3.555228e+01   1.227090e-02   8.819343e-03   16288856
  2.127673e+01   3.546859e+01   1.227763e-02   8.776854e-03   16365074
  2.131925e+01   3.534643e+01   1.226826e-02   8.737362e-03   16418248
  2.136173e+01   3.523983e+01   1.226229e-02   8.693190e-03   16473180
  2.140423e+01   3.513864e+01   1.227796e-02   8.647862e-03   16560234
  2.144675e+01   3.502975e+01   1.226818e-02   8.608803e-03   16616088
  2.148927e+01   3.492732e+01   1.227653e-02   8.562144e-03   16693264
  2.153179e+01   3.482115e+01   1.227410e-02   8.524501e-03   16753864
  2.157431e+01   3.469587e+01   1.227428e-02   8.479092e-03   16820702
  2.161682e+01   3.459954e+01   1.226755e-02   8.436040e-03   16879288
  2.165933e+01   3.449849e+01   1.227311e-02   8.404969e-03   16951712
  2.170183e+01   3.441705e+01   1.226675e-02   8.366019e-03   17007560
  2.174434e+01   3.434161e+01   1.227813e-02   8.322516e-03   17092086
  2.178685e+01   3.423897e+01   1.226906e-02   8.287385e-03   17148392
  2.182937e+01   3.413032e+01   1.227478e-02   8.243415e-03   17222288
  2.187188e+01   3.401839e+01   1.227236e-02   8.199899e-03   17285096
  2.191439e+01   3.393890e+01   1.226620e-02   8.169667e-03   17344826
  2.195689e+01   3.385951e+01   1.227320e-02   8.135712e-03   17421236
  2.199941e+01   3.373877e+01   1.227792e-02   8.088252e-03   17494160
  2.204191e+01   3.363452e+01   1.226044e-02   8.054149e-03   17538122
  2.208440e+01   3.355745e+01   1.226939e-02   8.022473e-03   17620136
  2.212692e+01   3.345556e+01   1.227875e-02   7.976896e-03   17700428
  2.216945e+01   3.336256e+01   1.227393e-02   7.937339e-03   17760320
  2.221196e+01   3.326092e+01   1.227224e-02   7.907510e-03   17827562
  2.225448e+01   3.317751e+01   1.227165e-02   7.870811e-03   17895488
  2.229699e+01   3.310629e+01   1.227292e-02   7.842276e-03   17963576
  2.233950e+01   3.300518e+01   1.227046e-02   7.803481e-03   18027500
  2.238201e+01   3.291857e+01   1.227533e-02   7.764782e-03   18105650
  2.242451e+01   3.283918e+01   1.226508e-02   7.737154e-03   18160880
  2.246701e+01   3.274265e+01   1.226834e-02   7.705365e-03   18233144
  2.250951e+01   3.266807e+01   1.227149e-02   7.668633e-03   18307310
  2.255203e+01   3.258531e+01   1.227368e-02   7.636328e-03   18381680
  2.259456e+01   3.248824e+01   1.227489e-02   7.600394e-03   18450536
  2.263708e+01   3.241132e+01   1.227820e-02   7.569649e-03   18522128
  2.267959e+01   3.235126e+01   1.226827e-02   7.541791e-03   18578414
  2.272209e+01   3.225066e+01   1.227113e-02   7.503593e-03   18654304
  2.276460e+01   3.216187e+01   1.227056e-02   7.474608e-03   18722304
  2.280712e+01   3.209039e+01   1.227777e-02   7.442246e-03   18802472
  2.284964e+01   3.203390e+01   1.227092e-02   7.421939e-03   18864266
  2.289215e+01   3.192434e+01   1.226939e-02   7.385331e-03   18933260
  2.293465e+01   3.185117e+01   1.226719e-02   7.354539e-03   18997448
  2.297715e+01   3.177695e+01   1.227581e-02   7.319784e-03   19079816
  2.301967e+01   3.171541e+01   1.227098e-02   7.297824e-03   19145330
  2.306218e+01   3.164659e+01   1.227177e-02   7.273088e-03   19218276
  2.310469e+01   3.154635e+01   1.227113e-02   7.239574e-03   19286200
  2.314719e+01   3.150437e+01   1.226583e-02   7.220967e-03   19349738
  2.318971e+01   3.141998e+01   1.228286e-02   7.181184e-03   19450040
  2.323223e+01   3.134203e+01   1.226363e-02   7.160756e-03   19489688
  2.327473e+01   3.129537e+01   1.227521e-02   7.137447e-03   19576868
  2.331724e+01   3.120133e+01   1.226932e-02   7.108554e-03   19640282
  2.335976e+01   3.116007e+01   1.227873e-02   7.082325e-03   19728800
  2.340226e+01   3.106793e+01   1.226095e-02   7.055859e-03   19770152
  2.344476e+01   3.104165e+01   1.227487e-02   7.036505e-03   19863516
  2.348729e+01   3.094246e+01   1.227855e-02   7.003551e-03   19943594
  2.352981e+01   3.088505e+01   1.227039e-02   6.981623e-03   20003440
  2.357232e+01   3.083553e+01   1.227533e-02   6.962263e-03   20081768
  2.361483e+01   3.076888e+01   1.226475e-02   6.937096e-03   20136200
  2.365734e+01   3.071028e+01   1.228180e-02   6.908923e-03   20238094
  2.369985e+01   3.063145e+01   1.226458e-02   6.895196e-03   20282544
  2.374234e+01   3.059931e+01   1.226291e-02   6.873696e-03   20351720
  2.378483e+01   3.052186e+01   1.227389e-02   6.842034e-03   20444714
  2.382735e+01   3.048782e+01   1.227112e-02   6.829568e-03   20515116
  2.386988e+01   3.043729e+01   1.228059e-02   6.807638e-03   20602384
  2.391241e+01   3.040151e+01   1.227266e-02   6.792085e-03   20659872
  2.395491e+01   3.035341e+01   1.226837e-02   6.776602e-03   20727682
  2.399742e+01   3.028491e+01   1.227493e-02   6.753315e-03   20814416
  2.403994e+01   3.026162e+01   1.227261e-02   6.740455e-03   20881100
  2.408245e+01   3.018763e+01   1.227247e-02   6.719979e-03   20953688
  2.412495e+01   3.017187e+01   1.226662e-02   6.702526e-03   21021050
  2.416746e+01   3.012825e+01   1.227556e-02   6.687603e-03   21111632
  2.420998e+01   3.007093e+01   1.227336e-02   6.672321e-03   21179972
  2.425248e+01   3.003069e+01   1.226547e-02   6.659336e-03   21240488
  2.429499e+01   3.000125e+01   1.227368e-02   6.641874e-03   21331418
  2.433750e+01   2.996751e+01   1.226935e-02   6.626822e-03   21397304
  2.438000e+01   2.993434e+01   1.226962e-02   6.615082e-03   21469764
  2.442251e+01   2.987458e+01   1.227528e-02   6.595918e-03   21556122
  2.446502e+01   2.987359e+01   1.226591e-02   6.594184e-03   21618312
  2.450754e+01   2.984050e+01   1.227924e-02   6.576387e-03   21716096
  2.455007e+01   2.980688e+01   1.227488e-02   6.568485e-03   21781352
  2.459258e+01   2.979794e+01   1.226971e-02   6.560817e-03   21848870
  2.463508e+01   2.974922e+01   1.227061e-02   6.547841e-03   21927536
  2.467760e+01   2.974657e+01   1.227518e-02   6.543740e-03   22008944
  2.472011e+01   2.970752e+01   1.227146e-02   6.531956e-03   22076136
  2.476261e+01   2.971718e+01   1.226619e-02   6.526427e-03   22145270
  2.480513e+01   2.967866e+01   1.228149e-02   6.510532e-03   22250960
  2.484765e+01   2.966213e+01   1.226766e-02   6.510928e-03   22300864
  2.489015e+01   2.966272e+01   1.226874e-02   6.507020e-03   22378586
  2.493266e+01   2.964639e+01   1.227304e-02   6.504395e-03   22464104
  2.497518e+01   2.964516e+01   1.227483e-02   6.500563e-03   22542892
  2.501769e+01   2.961548e+01   1.226849e-02   6.490972e-03   22606008
  2.506019e+01   2.960256e+01   1.227168e-02   6.490893e-03   22690002
  2.510269e+01   2.960381e+01   1.226774e-02   6.486941e-03   22762216
  2.514519e+01   2.957532e+01   1.227552e-02   6.483707e-03   22815779
  2.518771e+01   2.946865e+01   1.227093e-02   6.462983e-03   22772312
  2.523022e+01   2.934654e+01   1.227169e-02   6.440898e-03   22733708
  2.527273e+01   2.925271e+01   1.227376e-02   6.429118e-03   22697672
  2.531524e+01   2.913064e+01   1.227003e-02   6.405125e-03   22651460
  2.535775e+01   2.904346e+01   1.227280e-02   6.386980e-03   22616024
  2.540027e+01   2.894801e+01   1.227723e-02   6.370550e-03   22583496
  2.544278e+01   2.882377e+01   1.226384e-02   6.350858e-03   22519252
  2.548527e+01   2.873302e+01   1.226879e-02   6.332745e-03   22488992
  2.552778e+01   2.861095e+01   1.227112e-02   6.309474e-03   22453172
  2.557030e+01   2.851137e+01   1.227642e-02   6.288476e-03   22420584
  2.561282e+01   2.841397e+01   1.227318e-02   6.275103e-03   22371700
  2.565533e+01   2.830518e+01   1.227319e-02   6.259292e-03   22329896
  2.569784e+01   2.818812e+01   1.227005e-02   6.239452e-03   22282876
  2.574035e+01   2.808345e+01   1.227559e-02   6.217886e-03   22250692
  2.578286e+01   2.799771e+01   1.226749e-02   6.203741e-03   22194436
  2.582536e+01   2.789382e+01   1.226799e-02   6.184459e-03   22153540
  2.586787e+01   2.779396e+01   1.227489e-02   6.168386e-03   22122584
  2.591039e+01   2.768623e+01   1.227183e-02   6.147965e-03   22073004
  2.595291e+01   2.759564e+01   1.227763e-02   6.131633e-03   22039640
  2.599542e+01   2.748776e+01   1.226443e-02   6.115601e-03   21971624
  2.603793e+01   2.739010e+01   1.228039e-02   6.099133e-03   21955708
  2.608042e+01   2.728720e+01   1.225538e-02   6.083979e-03   21867720
  2.612293e+01   2.719699e+01   1.228640e-02   6.063307e-03   21878900
  2.616545e+01   2.709629e+01   1.226374e-02   6.052099e-03   21794260
  2.620796e+01   2.699786e+01   1.227552e-02   6.032194e-03   21770256
  2.625048e+01   2.692214e+01   1.227204e-02   6.022496e-03   21718124
  2.629299e+01   2.680883e+01   1.227162e-02   6.002413e-03   21671096
  2.633550e+01   2.672468e+01   1.227173e-02   5.989569e-03   21625412
  2.637801e+01   2.663073e+01   1.227628e-02   5.972051e-03   21587284
  2.642052e+01   2.653320e+01   1.226404e-02   5.958674e-03   21519648
  2.646302e+01   2.643244e+01   1.227517e-02   5.935923e-03   21493344
  2.650554e+01   2.632943e+01   1.227125e-02   5.921888e-03   21439360
  2.654805e+01   2.624904e+01   1.227471e-02   5.912993e-03   21398900
  2.659058e+01   2.615663e+01   1.227467e-02   5.895367e-03   21351488
  2.663308e+01   2.606269e+01   1.226610e-02   5.881410e-03   21288012
  2.667559e+01   2.597099e+01   1.227518e-02   5.863117e-03   21255052
  2.671810e+01   2.588680e+01   1.226960e-02   5.845259e-03   21196928
  2.676060e+01   2.579240e+01   1.226973e-02   5.833596e-03   21149036
  2.680311e+01   2.570656e+01   1.227206e-02   5.817547e-03   21105304
  2.684563e+01   2.561092e+01   1.227410e-02   5.802244e-03   21059992
  2.688815e+01   2.551998e+01   1.227705e-02   5.789598e-03   21014904
  2.693067e+01   2.543710e+01   1.227014e-02   5.776995e-03   20953620
  2.697317e+01   2.534795e+01   1.226991e-02   5.760495e-03   20902948
  2.701568e+01   2.525428e+01   1.227225e-02   5.749641e-03   20856528
  2.705819e+01   2.517139e+01   1.227379e-02   5.732200e-03   20808868
  2.710070e+01   2.509517e+01   1.226639e-02   5.724098e-03   20746700
  2.714319e+01   2.500043e+01   1.226770e-02   5.709439e-03   20699040
  2.718571e+01   2.491673e+01   1.227944e-02   5.691726e-03   20667584
  2.722822e+01   2.484245e+01   1.225995e-02   5.692160e-03   20583320
  2.727072e+01   2.474894e+01   1.227843e-02   5.663003e-03   20562728
  2.731324e+01   2.466097e+01   1.227166e-02   5.656697e-03   20499120
  2.735575e+01   2.457012e+01   1.227335e-02   5.639435e-03   20448668
  2.739827e+01   2.450758e+01   1.227231e-02   5.635460e-03   20394408
  2.744078e+01   2.442387e+01   1.227328e-02   5.621246e-03   20344236
  2.748329e+01   2.432891e+01   1.227052e-02   5.600988e-03   20287988
  2.752580e+01   2.425269e+01   1.227218e-02   5.594487e-03   20237280
  2.756831e+01   2.417924e+01   1.226928e-02   5.582138e-03   20178328
  2.761083e+01   2.408924e+01   1.227861e-02   5.566938e-03   20139844
  2.765335e+01   2.400732e+01   1.226869e-02   5.556449e-03   20069748
  2.769585e+01   2.393953e+01   1.227006e-02   5.550144e-03   20016800
  2.773835e+01   2.383982e+01   1.227057e-02   5.530956e-03   19962224
  2.778087e+01   2.377251e+01   1.227954e-02   5.517914e-03   19923568
  2.782339e+01   2.369078e+01   1.226996e-02   5.511047e-03   19854300
  2.786590e+01   2.361318e+01   1.226862e-02   5.498979e-03   19797056
  2.790840e+01   2.353045e+01   1.227082e-02   5.490414e-03   19744940
  2.795091e+01   2.346052e+01   1.227270e-02   5.478926e-03   19691768
  2.799342e+01   2.337077e+01   1.226928e-02   5.464595e-03   19629548
  2.803593e+01   2.330679e+01   1.227096e-02   5.454196e-03   19575480
  2.807844e+01   2.321632e+01   1.227365e-02   5.441678e-03   19523296
  2.812096e+01   2.315425e+01   1.227813e-02   5.434294e-03   19474344
  2.816347e+01   2.307269e+01   1.226244e-02   5.425595e-03   19392868
  2.820597e+01   2.298656e+01   1.227629e-02   5.406876e-03   19356176
  2.824849e+01   2.291357e+01   1.227437e-02   5.399855e-03   19294916
  2.829102e+01   2.284696e+01   1.227644e-02   5.389880e-03   19240856
  2.833353e+01   2.278675e+01   1.226827e-02   5.384561e-03   19170884
  2.837603e+01   2.269355e+01   1.226787e-02   5.369394e-03   19111352
  2.841853e+01   2.262608e+01   1.227311e-02   5.360592e-03   19060016
  2.846104e+01   2.254392e+01   1.227199e-02   5.347812e-03   18999752
  2.850354e+01   2.248544e+01   1.226484e-02   5.345889e-03   18930272
  2.854604e+01   2.241890e+01   1.227204e-02   5.335629e-03   18882340
  2.858856e+01   2.234966e+01   1.227653e-02   5.323440e-03   18829056
  2.863108e+01   2.228557e+01   1.226917e-02   5.317190e-03   18757640
  2.867359e+01   2.220724e+01   1.227679e-02   5.304162e-03   18709036
  2.871611e+01   2.213462e+01   1.226951e-02   5.295847e-03   18637668
  2.875862e+01   2.207729e+01   1.227659e-02   5.292095e-03   18587048
  2.880113e+01   2.198816e+01   1.226650e-02   5.281050e-03   18510972
  2.884363e+01   2.193732e+01   1.227092e-02   5.273495e-03   18456692
  2.888614e+01   2.185754e+01   1.227027e-02   5.262291e-03   18394084
  2.892866e+01   2.179624e+01   1.227644e-02   5.255292e-03   18341352
  2.897118e+01   2.172504e+01   1.227294e-02   5.250078e-03   18273884
  2.901369e+01   2.167156e+01   1.227214e-02   5.238642e-03   18211148
  2.905619e+01   2.158688e+01   1.226468e-02   5.228628e-03   18137692
  2.909870e+01   2.153332e+01   1.227635e-02   5.225770e-03   18091580
  2.914122e+01   2.146347e+01   1.227406e-02   5.215699e-03   18024560
  2.918373e+01   2.139353e+01   1.226945e-02   5.206369e-03   17955116
  2.922624e+01   2.135340e+01   1.227055e-02   5.205109e-03   17893232
  2.926875e+01   2.127396e+01   1.227337e-02   5.192992e-03   17832620
  2.931126e+01   2.121510e+01   1.227331e-02   5.191089e-03   17767864
  2.935378e+01   2.114930e+01   1.227523e-02   5.180204e-03   17706956
  2.939629e+01   2.108170e+01   1.226779e-02   5.172006e-03   17632632
  2.943880e+01   2.103393e+01   1.227224e-02   5.169841e-03   17573524
  2.948131e+01   2.096146e+01   1.227160e-02   5.158903e-03   17506380
  2.952382e+01   2.090509e+01   1.227283e-02   5.155688e-03   17442548
  2.956632e+01   2.084609e+01   1.226611e-02   5.154943e-03   17368556
  2.960883e+01   2.077495e+01   1.227726e-02   5.139482e-03   17318260
  2.965135e+01   2.072296e+01   1.227176e-02   5.137519e-03   17243792
  2.969385e+01   2.064432e+01   1.226620e-02   5.127502e-03   17169716
  2.973635e+01   2.059966e+01   1.227104e-02   5.125730e-03   17109768
  2.977886e+01   2.054522e+01   1.227205e-02   5.119515e-03   17044064
  2.982138e+01   2.048417e+01   1.227557e-02   5.114744e-03   16981560
  2.986389e+01   2.042565e+01   1.226672e-02   5.109370e-03   16902264
  2.990640e+01   2.038259e+01   1.227800e-02   5.106763e-03   16849940
  2.994892e+01   2.032614e+01   1.226984e-02   5.102630e-03   16770600
  2.999143e+01   2.025483e+01   1.227399e-02   5.094292e-03   16707512
  3.003394e+01   2.021670e+01   1.227053e-02   5.100047e-03   16634480
  3.007645e+01   2.016520e+01   1.227297e-02   5.093866e-03   16569424
  3.011897e+01   2.010968e+01   1.227100e-02   5.090324e-03   16497216
  3.016149e+01   2.004317e+01   1.227800e-02   5.084971e-03   16436416
  3.020400e+01   1.998659e+01   1.226813e-02   5.080461e-03   16353532
  3.024650e+01   1.994912e+01   1.226850e-02   5.078751e-03   16284908
  3.028900e+01   1.989482e+01   1.227370e-02   5.076892e-03   16221948
  3.033152e+01   1.983539e+01   1.227445e-02   5.070947e-03   16152552
  3.037404e+01   1.977915e+01   1.227249e-02   5.067614e-03   16078864
  3.041655e+01   1.973647e+01   1.227014e-02   5.065992e-03   16005296
  3.045906e+01   1.968660e+01   1.227320e-02   5.061363e-03   15938220
  3.050157e+01   1.962818e+01   1.226736e-02   5.060146e-03   15858440
  3.054407e+01   1.957475e+01   1.226949e-02   5.062109e-03   15789252
  3.058657e+01   1.954567e+01   1.227019e-02   5.061137e-03   15718944
  3.062908e+01   1.948757e+01   1.227179e-02   5.058705e-03   15648652
  3.067160e+01   1.944401e+01   1.227680e-02   5.056484e-03   15581944
  3.071412e+01   1.940104e+01   1.227604e-02   5.055126e-03   15508744
  3.075663e+01   1.934775e+01   1.226574e-02   5.058398e-03   15422472
  3.079914e+01   1.931215e+01   1.227551e-02   5.054414e-03   15361536
  3.084165e+01   1.926529e+01   1.226998e-02   5.053325e-03   15281048
  3.088415e+01   1.921027e+01   1.227023e-02   5.055723e-03   15207752
  3.092666e+01   1.916903e+01   1.227075e-02   5.056515e-03   15134800
  3.096917e+01   1.912577e+01   1.227038e-02   5.055123e-03   15059664
  3.101168e+01   1.907435e+01   1.227242e-02   5.049984e-03   14987020
  3.105420e+01   1.904039e+01   1.227903e-02   5.054610e-03   14919936
  3.109672e+01   1.897856e+01   1.226792e-02   5.055626e-03   14831776
  3.113923e+01   1.894690e+01   1.227679e-02   5.056495e-03   14767552
  3.118174e+01   1.890831e+01   1.226524e-02   5.060903e-03   14678336
  3.122425e+01   1.888525e+01   1.227632e-02   5.062007e-03   14615044
  3.126676e+01   1.882626e+01   1.226910e-02   5.064302e-03   14530200
  3.130927e+01   1.878858e+01   1.227171e-02   5.063106e-03   14457000
  3.135178e+01   1.875874e+01   1.227423e-02   5.072066e-03   14383440
  3.139429e+01   1.870310e+01   1.226801e-02   5.067219e-03   14299516
  3.143679e+01   1.867122e+01   1.227160e-02   5.075083e-03   14226024
  3.147930e+01   1.863177e+01   1.226889e-02   5.076146e-03   14145048
  3.152182e+01   1.859750e+01   1.228178e-02   5.073828e-03   14082144
  3.156433e+01   1.855094e+01   1.226157e-02   5.078669e-03   13981640
  3.160683e+01   1.852533e+01   1.227475e-02   5.089638e-03   13918460
  3.164935e+01   1.848907e+01   1.227481e-02   5.091652e-03   13839752
  3.169188e+01   1.844103e+01   1.227673e-02   5.094660e-03   13762736
  3.173439e+01   1.841180e+01   1.227147e-02   5.102293e-03   13677980
  3.177690e+01   1.837646e+01   1.226900e-02   5.105842e-03   13596196
  3.181940e+01   1.834453e+01   1.226988e-02   5.113439e-03   13517736
  3.186190e+01   1.831767e+01   1.226579e-02   5.117999e-03   13433184
  3.190440e+01   1.827649e+01   1.227449e-02   5.123131e-03   13362296
  3.194692e+01   1.823225e+01   1.227398e-02   5.126227e-03   13281376
  3.198944e+01   1.820524e+01   1.227645e-02   5.134265e-03   13203336
  3.203195e+01   1.818408e+01   1.226687e-02   5.144857e-03   13113016
  3.207445e+01   1.814036e+01   1.227094e-02   5.146793e-03   13036400
  3.211696e+01   1.810959e+01   1.226987e-02   5.158245e-03   12953648
  3.215948e+01   1.808110e+01   1.227674e-02   5.164490e-03   12879016
  3.220199e+01   1.804755e+01   1.227015e-02   5.172554e-03   12790124
  3.224451e+01   1.803833e+01   1.227599e-02   5.183985e-03   12714152
  3.228701e+01   1.800079e+01   1.226430e-02   5.192699e-03   12619608
  3.232951e+01   1.797567e+01   1.227473e-02   5.200188e-03   12547232
  3.237204e+01   1.794840e+01   1.228098e-02   5.213055e-03   12470568
  3.241455e+01   1.793319e+01   1.226086e-02   5.228144e-03   12368136
  3.245705e+01   1.789996e+01   1.227647e-02   5.239085e-03   12300504
  3.249958e+01   1.787297e+01   1.227251e-02   5.246316e-03   12212172
  3.254209e+01   1.785432e+01   1.227112e-02   5.260072e-03   12126228
  3.258459e+01   1.782488e+01   1.227235e-02   5.270063e-03   12043352
  3.262711e+01   1.779320e+01   1.227321e-02   5.282747e-03   11959896
  3.266960e+01   1.777144e+01   1.226107e-02   5.299173e-03   11863804
  3.271211e+01   1.776031e+01   1.227575e-02   5.314943e-03   11792812
  3.275463e+01   1.772502e+01   1.227439e-02   5.319044e-03   11705392
  3.279713e+01   1.769487e+01   1.226794e-02   5.332648e-03   11613836
  3.283965e+01   1.769181e+01   1.228215e-02   5.347567e-03   11541532
  3.288217e+01   1.765623e+01   1.226539e-02   5.362691e-03   11440232
  3.292468e+01   1.764904e+01   1.227538e-02   5.378175e-03   11363008
  3.296718e+01   1.761531e+01   1.226652e-02   5.399120e-03   11267848
  3.300970e+01   1.758768e+01   1.227722e-02   5.405030e-03   11190640
  3.305222e+01   1.757955e+01   1.227423e-02   5.427798e-03   11101084
  3.309472e+01   1.756117e+01   1.226241e-02   5.447801e-03   11003284
  3.313721e+01   1.753251e+01   1.227344e-02   5.458672e-03   10925424
  3.317973e+01   1.753416e+01   1.227067e-02   5.485869e-03   10834724
  3.322224e+01   1.750628e+01   1.227484e-02   5.499959e-03   10750156
  3.326475e+01   1.748286e+01   1.226635e-02   5.524006e-03   10655280
  3.330725e+01   1.746861e+01   1.226924e-02   5.542658e-03   10569120
  3.334975e+01   1.744269e+01   1.226867e-02   5.550793e-03   10479672
  3.339228e+01   1.744199e+01   1.228611e-02   5.577562e-03   10404504
  3.343481e+01   1.742352e+01   1.227382e-02   5.608565e-03   10304108
  3.347732e+01   1.740437e+01   1.226797e-02   5.623568e-03   10209940
  3.351983e+01   1.738083e+01   1.227575e-02   5.642330e-03   10126584
  3.356234e+01   1.737430e+01   1.226442e-02   5.671668e-03   10027064
  3.360484e+01   1.734399e+01   1.227492e-02   5.689400e-03   9945072
  3.364734e+01   1.734537e+01   1.226340e-02   5.719334e-03   9844764
  3.368986e+01   1.732179e+01   1.228362e-02   5.738592e-03   9769940
  3.373238e+01   1.732046e+01   1.226688e-02   5.770582e-03   9666072
  3.377488e+01   1.729149e+01   1.227051e-02   5.791556e-03   9577112
  3.381739e+01   1.729596e+01   1.227148e-02   5.823525e-03   9485848
  3.385991e+01   1.727251e+01   1.227527e-02   5.845103e-03   9396136
  3.390243e+01   1.725249e+01   1.227579e-02   5.870420e-03   9304408
  3.394493e+01   1.724210e+01   1.225842e-02   5.905028e-03   9199028
  3.398742e+01   1.724029e+01   1.227468e-02   5.932478e-03   9118288
  3.402993e+01   1.721625e+01   1.226747e-02   5.956638e-03   9019624
  3.407245e+01   1.719490e+01   1.228368e-02   5.986029e-03   8937420
  3.411497e+01   1.718567e+01   1.227061e-02   6.024899e-03   8835200
  3.415748e+01   1.716780e+01   1.226739e-02   6.050854e-03   8739332
  3.419998e+01   1.714262e+01   1.227099e-02   6.075270e-03   8648112
  3.424250e+01   1.712718e+01   1.227159e-02   6.110011e-03   8553372
  3.428501e+01   1.710549e+01   1.227728e-02   6.135873e-03   8461944
  3.432753e+01   1.710732e+01   1.227227e-02   6.183371e-03   8363348
  3.437004e+01   1.709151e+01   1.227148e-02   6.214538e-03   8267792
  3.441254e+01   1.706360e+01   1.226640e-02   6.251432e-03   8169380
  3.445505e+01   1.706116e+01   1.227807e-02   6.283405e-03   8081008
  3.449756e+01   1.704955e+01   1.226310e-02   6.329614e-03   7975632
  3.454006e+01   1.702391e+01   1.227841e-02   6.357922e-03   7889116
  3.458257e+01   1.699907e+01   1.226405e-02   6.394468e-03   7784008
  3.462508e+01   1.698094e+01   1.227484e-02   6.436030e-03   7693848
  3.466759e+01   1.693779e+01   1.226805e-02   6.462319e-03   7592468
  3.471010e+01   1.694329e+01   1.227572e-02   6.506674e-03   7499076
  3.475262e+01   1.689512e+01   1.227790e-02   6.532885e-03   7402880
  3.479514e+01   1.686903e+01   1.227043e-02   6.576710e-03   7300768
  3.483765e+01   1.685219e+01   1.227061e-02   6.619615e-03   7203316
  3.488013e+01   1.680052e+01   1.225476e-02   6.658998e-03   7095724
  3.492265e+01   1.677925e+01   1.229466e-02   6.690131e-03   7019608
  3.496518e+01   1.673809e+01   1.226138e-02   6.731502e-03   6901916
  3.500769e+01   1.672035e+01   1.227882e-02   6.774545e-03   6812952
  3.505019e+01   1.668306e+01   1.226209e-02   6.815728e-03   6704548
  3.509270e+01   1.664679e+01   1.227587e-02   6.848365e-03   6612168
  3.513521e+01   1.657795e+01   1.227039e-02   6.867858e-03   6508628
  3.517773e+01   1.656349e+01   1.227711e-02   6.918828e-03   6412072
  3.522024e+01   1.649342e+01   1.226747e-02   6.955812e-03   6306660
  3.526274e+01   1.643102e+01   1.226997e-02   6.984860e-03   6207592
  3.530523e+01   1.639459e+01   1.226489e-02   7.020892e-03   6103860
  3.534774e+01   1.632195e+01   1.227430e-02   7.040534e-03   6007184
  3.539025e+01   1.626114e+01   1.227513e-02   7.072320e-03   5905660
  3.543278e+01   1.618031e+01   1.227664e-02   7.087449e-03   5805132
  3.547529e+01   1.610631e+01   1.226925e-02   7.122089e-03   5700008
  3.551778e+01   1.602532e+01   1.226294e-02   7.138262e-03   5594856
  3.556030e+01   1.595644e+01   1.228122e-02   7.147639e-03   5502341
  3.560283e+01   1.587631e+01   1.227277e-02   7.183310e-03   5404852
  3.564533e+01   1.580458e+01   1.226768e-02   7.202662e-03   5313930
  3.568784e+01   1.574971e+01   1.227261e-02   7.221900e-03   5230396
  3.573035e+01   1.568926e+01   1.226815e-02   7.239889e-03   5145158
  3.577285e+01   1.564038e+01   1.227058e-02   7.271262e-03   5064506
  3.581538e+01   1.559158e+01   1.228142e-02   7.309724e-03   4989464
  3.585790e+01   1.553671e+01   1.226989e-02   7.333977e-03   4907486
  3.590041e+01   1.547378e+01   1.226982e-02   7.364829e-03   4831952
  3.594292e+01   1.543865e+01   1.226933e-02   7.401186e-03   4757392
  3.598543e+01   1.541313e+01   1.227425e-02   7.433444e-03   4685902
  3.602794e+01   1.535559e+01   1.227136e-02   7.462306e-03   4612826
  3.607044e+01   1.530439e+01   1.227059e-02   7.488669e-03   4542436
  3.611296e+01   1.527750e+01   1.227508e-02   7.519465e-03   4475408
  3.615546e+01   1.523189e+01   1.226173e-02   7.555205e-03   4402686
  3.619797e+01   1.519673e+01   1.227689e-02   7.585255e-03   4340854
  3.624049e+01   1.514728e+01   1.227466e-02   7.628780e-03   4273862
  3.628301e+01   1.510411e+01   1.227237e-02   7.657536e-03   4208538
  3.632551e+01   1.507823e+01   1.226532e-02   7.696497e-03   4142584
  3.636801e+01   1.503912e+01   1.226978e-02   7.724937e-03   4081232
  3.641052e+01   1.499617e+01   1.227225e-02   7.764629e-03   4019668
  3.645304e+01   1.496601e+01   1.228203e-02   7.806081e-03   3961416
  3.649557e+01   1.493012e+01   1.227387e-02   7.831688e-03   3898848
  3.653807e+01   1.487602e+01   1.226366e-02   7.869094e-03   3836718
  3.658056e+01   1.486096e+01   1.226607e-02   7.925111e-03   3779272
  3.662306e+01   1.483585e+01   1.226675e-02   7.954257e-03   3721434
  3.666558e+01   1.482573e+01   1.228126e-02   8.008922e-03   3668198
  3.670811e+01   1.478730e+01   1.227910e-02   8.043330e-03   3611346
  3.675062e+01   1.475253e+01   1.226582e-02   8.098767e-03   3552442
  3.679312e+01   1.472244e+01   1.226935e-02   8.134707e-03   3498908
  3.683563e+01   1.469587e+01   1.227192e-02   8.174259e-03   3445382
  3.687814e+01   1.466358e+01   1.227356e-02   8.226124e-03   3392244
  3.692066e+01   1.464129e+01   1.227344e-02   8.264524e-03   3339634
  3.696317e+01   1.463471e+01   1.226899e-02   8.332753e-03   3286752
  3.700566e+01   1.460229e+01   1.226327e-02   8.370956e-03   3234180
  3.704816e+01   1.458024e+01   1.226838e-02   8.409004e-03   3184556
  3.709068e+01   1.454898e+01   1.228145e-02   8.462905e-03   3137238
  3.713322e+01   1.450579e+01   1.228151e-02   8.493175e-03   3087670
  3.717574e+01   1.447982e+01   1.227426e-02   8.555460e-03   3037460
  3.721824e+01   1.447623e+01   1.225819e-02   8.606151e-03   2985736
  3.726072e+01   1.443410e+01   1.226565e-02   8.654376e-03   2939708
  3.730324e+01   1.444545e+01   1.228621e-02   8.717135e-03   2897012
  3.734577e+01   1.440532e+01   1.227048e-02   8.765386e-03   2846890
  3.738827e+01   1.439433e+01   1.226277e-02   8.831194e-03   2799588
  3.743076e+01   1.438379e+01   1.226558e-02   8.885490e-03   2754954
  3.747326e+01   1.434182e+01   1.227308e-02   8.930078e-03   2711500
  3.751579e+01   1.433548e+01   1.228240e-02   8.989335e-03   2669006
  3.755830e+01   1.432897e+01   1.226335e-02   9.066616e-03   2621264
  3.760081e+01   1.430500e+01   1.227565e-02   9.108984e-03   2580726
  3.764332e+01   1.429863e+01   1.226856e-02   9.174772e-03   2536470
  3.768582e+01   1.425407e+01   1.226978e-02   9.230783e-03   2494370
  3.772834e+01   1.427051e+01   1.227534e-02   9.319598e-03   2453556
  3.777086e+01   1.424363e+01   1.228047e-02   9.361321e-03   2413246
  3.781339e+01   1.424445e+01   1.227197e-02   9.445972e-03   2370914
  3.785589e+01   1.419748e+01   1.226887e-02   9.503643e-03   2330126
  3.789840e+01   1.420485e+01   1.227428e-02   9.587332e-03   2291406
  3.794091e+01   1.420468e+01   1.226463e-02   9.658427e-03   2250410
  3.798340e+01   1.418862e+01   1.226403e-02   9.742732e-03   2211486
  3.802590e+01   1.418568e+01   1.227094e-02   9.821772e-03   2174194
  3.806841e+01   1.418028e+01   1.227271e-02   9.902175e-03   2136416
  3.811093e+01   1.418504e+01   1.227972e-02   9.959716e-03   2100070
  3.815344e+01   1.417623e+01   1.226224e-02   1.004682e-02   2060026
  3.819594e+01   1.417103e+01   1.227745e-02   1.013125e-02   2025910
  3.823846e+01   1.415965e+01   1.227012e-02   1.019498e-02   1988576
  3.828096e+01   1.414260e+01   1.226824e-02   1.031490e-02   1952610
  3.832347e+01   1.412289e+01   1.226944e-02   1.038696e-02   1917470
  3.836597e+01   1.413361e+01   1.226960e-02   1.046747e-02   1882484
  3.840848e+01   1.412385e+01   1.227230e-02   1.055260e-02   1848262
  3.845101e+01   1.415392e+01   1.228531e-02   1.067254e-02   1816024
  3.849355e+01   1.414239e+01   1.227230e-02   1.077099e-02   1780418
  3.853605e+01   1.410550e+01   1.226815e-02   1.083716e-02   1746576
  3.857856e+01   1.410831e+01   1.227451e-02   1.092397e-02   1714622
  3.862107e+01   1.414287e+01   1.227068e-02   1.108070e-02   1681692
  3.866358e+01   1.410773e+01   1.226987e-02   1.112821e-02   1649574
  3.870606e+01   1.413231e+01   1.225405e-02   1.126400e-02   1615788
  3.874855e+01   1.412643e+01   1.227462e-02   1.137073e-02   1587064
  3.879108e+01   1.415129e+01   1.227930e-02   1.148987e-02   1556598
  3.883360e+01   1.414719e+01   1.227389e-02   1.159766e-02   1525380
  3.887612e+01   1.411560e+01   1.227468e-02   1.169268e-02   1495360
  3.891863e+01   1.414297e+01   1.226450e-02   1.181274e-02   1464370
  3.896112e+01   1.413711e+01   1.227040e-02   1.194326e-02   1435656
  3.900363e+01   1.412720e+01   1.226801e-02   1.205343e-02   1406304
  3.904613e+01   1.416148e+01   1.226859e-02   1.220827e-02   1377628
  3.908864e+01   1.417784e+01   1.227348e-02   1.232514e-02   1349744
  3.913115e+01   1.417020e+01   1.227337e-02   1.246174e-02   1321682
  3.917367e+01   1.419824e+01   1.227639e-02   1.257697e-02   1294376
  3.921619e+01   1.418690e+01   1.227256e-02   1.273617e-02   1266768
  3.925869e+01   1.423613e+01   1.226510e-02   1.294154e-02   1239172
  3.930118e+01   1.427468e+01   1.226095e-02   1.308887e-02   1212224
  3.934367e+01   1.422325e+01   1.226955e-02   1.318112e-02   1186796
  3.938619e+01   1.425078e+01   1.227613e-02   1.333774e-02   1161432
  3.942870e+01   1.426476e+01   1.227171e-02   1.349889e-02   1135408
  3.947122e+01   1.435362e+01   1.227296e-02   1.375123e-02   1110324
  3.951374e+01   1.430740e+01   1.227570e-02   1.382771e-02   1085680
  3.955625e+01   1.434140e+01   1.226737e-02   1.401971e-02   1060364
  3.959875e+01   1.436695e+01   1.227507e-02   1.415308e-02   1036736
  3.964128e+01   1.437711e+01   1.228225e-02   1.440090e-02   1013388
  3.968380e+01   1.439932e+01   1.226708e-02   1.459735e-02   988656
  3.972630e+01   1.442926e+01   1.226695e-02   1.477269e-02   965530
  3.976879e+01   1.444723e+01   1.225942e-02   1.500333e-02   942100
  3.981127e+01   1.445671e+01   1.226457e-02   1.517278e-02   919888
  3.985377e+01   1.449571e+01   1.226597e-02   1.539180e-02   897628
  3.989627e+01   1.452138e+01   1.227002e-02   1.558098e-02   875856
  3.993878e+01   1.457104e+01   1.227840e-02   1.580534e-02   854736
  3.998132e+01   1.458174e+01   1.228018e-02   1.604497e-02   833510
  4.002385e+01   1.458254e+01   1.227248e-02   1.625891e-02   811976
  4.006635e+01   1.462911e+01   1.226626e-02   1.650903e-02   790844
  4.010884e+01   1.460746e+01   1.226521e-02   1.674369e-02   770320
  4.015135e+01   1.467595e+01   1.227665e-02   1.698338e-02   750838
  4.019387e+01   1.470465e+01   1.227491e-02   1.727095e-02   730864
  4.023638e+01   1.469011e+01   1.226816e-02   1.752277e-02   710984
  4.027888e+01   1.477585e+01   1.226909e-02   1.786521e-02   691894
  4.032138e+01   1.480913e+01   1.226442e-02   1.814081e-02   672776
  4.036388e+01   1.483323e+01   1.226826e-02   1.840038e-02   654372
  4.040638e+01   1.486063e+01   1.226215e-02   1.865858e-02   635682
  4.044886e+01   1.496672e+01   1.225955e-02   1.908017e-02   617460
  4.049134e+01   1.496632e+01   1.226707e-02   1.936696e-02   600024
  4.053385e+01   1.500677e+01   1.227362e-02   1.974819e-02   582830
  4.057638e+01   1.503759e+01   1.228135e-02   2.012389e-02   566000
  4.061890e+01   1.507316e+01   1.226617e-02   2.040969e-02   548458
  4.066141e+01   1.513657e+01   1.227047e-02   2.079238e-02   532084
  4.070391e+01   1.518309e+01   1.226296e-02   2.119908e-02   515440
  4.074640e+01   1.525499e+01   1.225813e-02   2.163451e-02   499174
  4.078887e+01   1.529300e+01   1.225821e-02   2.200749e-02   483368
  4.083136e+01   1.530116e+01   1.227023e-02   2.243726e-02   468270
  4.087389e+01   1.537812e+01   1.228696e-02   2.294144e-02   453568
  4.091643e+01   1.541784e+01   1.227409e-02   2.338310e-02   438106
  4.095894e+01   1.544755e+01   1.227469e-02   2.382609e-02   423508
  4.100145e+01   1.552811e+01   1.226141e-02   2.437210e-02   408754
  4.104393e+01   1.558219e+01   1.225820e-02   2.488562e-02   394612
  4.108642e+01   1.561049e+01   1.225930e-02   2.529170e-02   380826
  4.112890e+01   1.571250e+01   1.225454e-02   2.605480e-02   367086
  4.117139e+01   1.576306e+01   1.226090e-02   2.657480e-02   353904
  4.121389e+01   1.587939e+01   1.227137e-02   2.717971e-02   341046
  4.125641e+01   1.594233e+01   1.227131e-02   2.779090e-02   328144
  4.129892e+01   1.595377e+01   1.227396e-02   2.848001e-02   315598
  4.134144e+01   1.602659e+01   1.228177e-02   2.903241e-02   303466
  4.138397e+01   1.609580e+01   1.228223e-02   3.015498e-02   291456
  4.142650e+01   1.614206e+01   1.227604e-02   3.060854e-02   279614
  4.146899e+01   1.626734e+01   1.225106e-02   3.150175e-02   267680
  4.151144e+01   1.639909e+01   1.224457e-02   3.232599e-02   256438
  4.155391e+01   1.643453e+01   1.224802e-02   3.312662e-02   245618
  4.159638e+01   1.649021e+01   1.223546e-02   3.386962e-02   234708
  4.163882e+01   1.653633e+01   1.223171e-02   3.507404e-02   224210
  4.168126e+01   1.666579e+01   1.223403e-02   3.605388e-02   214046
  4.172371e+01   1.669777e+01   1.223949e-02   3.685510e-02   204152
  4.176619e+01   1.687267e+01   1.225107e-02   3.831250e-02   194558
  4.180866e+01   1.693707e+01   1.225135e-02   3.938060e-02   185018
  4.185115e+01   1.711139e+01   1.226437e-02   4.068196e-02   175918
  4.189365e+01   1.710089e+01   1.227339e-02   4.183312e-02   166992
  4.193617e+01   1.733822e+01   1.228038e-02   4.368823e-02   158294
  4.197870e+01   1.719326e+01   1.228439e-02   4.410386e-02   149842
  4.202124e+01   1.735288e+01   1.227461e-02   4.609748e-02   141530
  4.206372e+01   1.743483e+01   1.224204e-02   4.771628e-02   133284
  4.210617e+01   1.764193e+01   1.222942e-02   4.976147e-02   125546
  4.214861e+01   1.787783e+01   1.220458e-02   5.159878e-02   117950
  4.219103e+01   1.790624e+01   1.219441e-02   5.409493e-02   110746
  4.223344e+01   1.801252e+01   1.215920e-02   5.607452e-02   103572
  4.227581e+01   1.810078e+01   1.214429e-02   5.827398e-02   96818
  4.231818e+01   1.824343e+01   1.212533e-02   6.112917e-02   90262
  4.236054e+01   1.804435e+01   1.210927e-02   6.211485e-02   83970
  4.240287e+01   1.836759e+01   1.207941e-02   6.627834e-02   77846
  4.244517e+01   1.838935e+01   1.204821e-02   6.883032e-02   71984
  4.248745e+01   1.868181e+01   1.202292e-02   7.255818e-02   66398
  4.252973e+01   1.854188e+01   1.200147e-02   7.520576e-02   61058
  4.257200e+01   1.892440e+01   1.198286e-02   7.999032e-02   55958
  4.261428e+01   1.884071e+01   1.196279e-02   8.342040e-02   51082
  4.265654e+01   1.898212e+01   1.192707e-02   8.793970e-02   46398
  4.269877e+01   1.921324e+01   1.188372e-02   9.415160e-02   41954
  4.274096e+01   1.957940e+01   1.182018e-02   1.011836e-01   37718
  4.278311e+01   1.957953e+01   1.175253e-02   1.072353e-01   33736
  4.282524e+01   1.996545e+01   1.169132e-02   1.151673e-01   30006
  4.286737e+01   1.972919e+01   1.164907e-02   1.202149e-01   26522
  4.290955e+01   2.001139e+01   1.162191e-02   1.306768e-01   23254
  4.295172e+01   2.021596e+01   1.158330e-02   1.420151e-01   20178
  4.299391e+01   2.012387e+01   1.156315e-02   1.554794e-01   17342
  4.303612e+01   2.061382e+01   1.154632e-02   1.669237e-01   14714
  4.307837e+01   2.109398e+01   1.155162e-02   1.891309e-01   12310
  4.312059e+01   2.136608e+01   1.152174e-02   2.096001e-01   10098
  4.316283e+01   2.125362e+01   1.151731e-02   2.382049e-01   8126
  4.320507e+01   2.082960e+01   1.151119e-02   2.558274e-01   6362
  4.324736e+01   2.112679e+01   1.155455e-02   2.955305e-01   4822
  4.328956e+01   2.113033e+01   1.148980e-02   3.513227e-01   3474
  4.333169e+01   2.158377e+01   1.147690e-02   4.486979e-01   2366
  4.337376e+01   2.058424e+01   1.144014e-02   5.555281e-01   1466
  4.341590e+01   2.253982e+01   1.170054e-02   7.389787e-01   790
  4.345704e+01   2.133617e+01   1.106884e-02   1.242648e+00   306
  4.349554e+01   2.978373e+01   9.430857e-03   3.485457e+00   62
