# cross spectrum of phi(z1) and phi(z2)
# redshift z=0.496948
# k              Pk             sigma(k)       sigma(Pk)      count
  3.132125e-02   6.371932e-11   4.792454e-03   1.754321e-11   18
  6.745391e-02   2.930931e-11   1.159167e-02   2.931051e-12   152
  1.090113e-01   1.026018e-11   1.224347e-02   5.090962e-13   416
  1.497134e-01   4.619323e-12   1.165022e-02   1.829503e-13   770
  1.923472e-01   2.431342e-12   1.247860e-02   7.108482e-14   1364
  2.350444e-01   1.413077e-12   1.221820e-02   3.315926e-14   1976
  2.775930e-01   9.021513e-13   1.245022e-02   1.849729e-14   2792
  3.193857e-01   6.319412e-13   1.188722e-02   1.100283e-14   3578
  3.615292e-01   4.381085e-13   1.219808e-02   6.976856e-15   4724
  4.045273e-01   3.206051e-13   1.253838e-02   4.507911e-15   6032
  4.469941e-01   2.342930e-13   1.206640e-02   3.184768e-15   7072
  4.890810e-01   1.884726e-13   1.222555e-02   2.362635e-15   8634
  5.318886e-01   1.504808e-13   1.238102e-02   1.731036e-15   10336
  5.746708e-01   1.164586e-13   1.232804e-02   1.288904e-15   11940
  6.167490e-01   9.363841e-14   1.208586e-02   1.015233e-15   13490
  6.588740e-01   7.748013e-14   1.221778e-02   8.268280e-16   15656
  7.016595e-01   6.499566e-14   1.241043e-02   6.446436e-16   18008
  7.443680e-01   5.378741e-14   1.227786e-02   5.337022e-16   19964
  7.867827e-01   4.360946e-14   1.226437e-02   4.242872e-16   22354
  8.291404e-01   3.718200e-14   1.212327e-02   3.615808e-16   24648
  8.716536e-01   3.079389e-14   1.233244e-02   3.030761e-16   27592
  9.142068e-01   2.563044e-14   1.230127e-02   2.544874e-16   30152
  9.566749e-01   2.159226e-14   1.227622e-02   2.193149e-16   33046
  9.991233e-01   1.753383e-14   1.221538e-02   1.882702e-16   35992
  1.041693e+00   1.537600e-14   1.229906e-02   1.647437e-16   39304
  1.084289e+00   1.242852e-14   1.232858e-02   1.419244e-16   42608
  1.126820e+00   1.080699e-14   1.223307e-02   1.270446e-16   45758
  1.169340e+00   9.241233e-15   1.228914e-02   1.117859e-16   49536
  1.211695e+00   7.623817e-15   1.215683e-02   9.970097e-17   52488
  1.254054e+00   6.438248e-15   1.233851e-02   8.802057e-17   57034
  1.296605e+00   5.320467e-15   1.224458e-02   7.911850e-17   60648
  1.339187e+00   4.510086e-15   1.230532e-02   7.170572e-17   65044
  1.381689e+00   3.825668e-15   1.223104e-02   6.430534e-17   68720
  1.424202e+00   3.093724e-15   1.231312e-02   5.840747e-17   73538
  1.466870e+00   2.751319e-15   1.230776e-02   5.317677e-17   78080
  1.509304e+00   2.159214e-15   1.215944e-02   4.831902e-17   81572
  1.551677e+00   1.862234e-15   1.232495e-02   4.417890e-17   87248
  1.594353e+00   1.513734e-15   1.233837e-02   4.051806e-17   92266
  1.636929e+00   1.310905e-15   1.225268e-02   3.710220e-17   96696
  1.679216e+00   1.105878e-15   1.215041e-02   3.443323e-17   100904
  1.721516e+00   9.070566e-16   1.226207e-02   3.135925e-17   107036
  1.764192e+00   7.506441e-16   1.235795e-02   2.892990e-17   113362
  1.806923e+00   6.059004e-16   1.228837e-02   2.693769e-17   118176
  1.849351e+00   5.015134e-16   1.221864e-02   2.498452e-17   122944
  1.891857e+00   4.704521e-16   1.233203e-02   2.304544e-17   129902
  1.934420e+00   3.839577e-16   1.224691e-02   2.163637e-17   134944
  1.976863e+00   3.488508e-16   1.225992e-02   2.011868e-17   140952
  2.019285e+00   2.591861e-16   1.225865e-02   1.870633e-17   147072
  2.061737e+00   2.004839e-16   1.224320e-02   1.741169e-17   153382
  2.104357e+00   1.835319e-16   1.233049e-02   1.623582e-17   160952
  2.147003e+00   1.233327e-16   1.228118e-02   1.526014e-17   166640
  2.189431e+00   9.143618e-17   1.222861e-02   1.426678e-17   172448
  2.231915e+00   6.362444e-17   1.231031e-02   1.340242e-17   180594
  2.274471e+00   1.104537e-16   1.224284e-02   1.260195e-17   186556
  2.316888e+00   6.310514e-17   1.225358e-02   1.179676e-17   193528
  2.359297e+00   3.182719e-17   1.224273e-02   1.112280e-17   200626
  2.401844e+00   4.600429e-17   1.230642e-02   1.038065e-17   209256
  2.444460e+00   1.684703e-17   1.227865e-02   9.897612e-18   216020
  2.487004e+00   3.398840e-17   1.230299e-02   9.255535e-18   223768
  2.529444e+00   8.225760e-18   1.222313e-02   8.779514e-18   230234
  2.571955e+00   4.474543e-18   1.229969e-02   8.270082e-18   239800
  2.614499e+00   5.570898e-18   1.225221e-02   7.825142e-18   246568
  2.656957e+00   -8.820781e-18   1.227331e-02   7.396979e-18   254828
  2.699414e+00   1.097986e-17   1.225769e-02   6.984879e-18   263074
  2.741981e+00   -1.101029e-18   1.228604e-02   6.614728e-18   272312
  2.784554e+00   -1.039188e-17   1.228079e-02   6.254597e-18   280376
  2.827093e+00   1.135940e-18   1.228600e-02   5.921668e-18   288884
  2.869605e+00   -6.431764e-19   1.227401e-02   5.631081e-18   297602
  2.912071e+00   1.908730e-17   1.223046e-02   5.362983e-18   305520
  2.954561e+00   -7.959761e-18   1.230079e-02   5.088582e-18   315976
  2.996984e+00   2.936081e-18   1.221089e-02   4.855093e-18   322778
  3.039488e+00   -9.227199e-18   1.232008e-02   4.585746e-18   335372
  3.082114e+00   -7.402096e-18   1.227327e-02   4.365507e-18   343464
  3.124654e+00   7.383605e-18   1.228282e-02   4.144154e-18   352912
  3.167174e+00   2.298471e-18   1.228199e-02   3.956742e-18   362666
  3.209689e+00   6.380381e-18   1.225476e-02   3.753304e-18   371884
  3.252186e+00   2.547288e-18   1.227971e-02   3.595428e-18   382280
  3.294633e+00   -2.955593e-18   1.224302e-02   3.430481e-18   390888
  3.337059e+00   -7.140394e-18   1.226867e-02   3.276317e-18   402234
  3.379565e+00   -1.321239e-17   1.225933e-02   3.124837e-18   412576
  3.422105e+00   -8.811451e-18   1.228715e-02   2.975654e-18   423732
  3.464636e+00   -4.333350e-18   1.227257e-02   2.854836e-18   433624
  3.507180e+00   -6.109177e-18   1.228881e-02   2.726223e-18   445154
  3.549739e+00   -8.919870e-18   1.227656e-02   2.599641e-18   455584
  3.592238e+00   -5.771882e-18   1.225887e-02   2.499350e-18   465588
  3.634685e+00   -3.860257e-18   1.226065e-02   2.385577e-18   476762
  3.677219e+00   -3.513464e-18   1.229242e-02   2.281595e-18   489552
  3.719789e+00   -5.503269e-18   1.227853e-02   2.177208e-18   500328
  3.762251e+00   -8.964075e-18   1.223705e-02   2.095763e-18   509852
  3.804741e+00   -2.518759e-18   1.229735e-02   2.009580e-18   524234
  3.847275e+00   -4.353037e-18   1.224781e-02   1.923568e-18   534104
  3.889779e+00   -4.796386e-18   1.228211e-02   1.841310e-18   547048
  3.932320e+00   -4.780020e-18   1.229545e-02   1.777368e-18   559328
  3.974872e+00   -5.212900e-18   1.228346e-02   1.699760e-18   571326
  4.017355e+00   -3.390561e-18   1.224147e-02   1.641312e-18   581920
  4.059804e+00   -6.274914e-18   1.225835e-02   1.566007e-18   594832
  4.102282e+00   -8.109088e-19   1.227222e-02   1.503405e-18   608048
  4.144825e+00   -5.693306e-19   1.228101e-02   1.446841e-18   621526
  4.187356e+00   -1.801394e-18   1.226445e-02   1.397641e-18   633240
  4.229822e+00   -1.332673e-18   1.225981e-02   1.341092e-18   645472
  4.272346e+00   -2.345846e-18   1.230137e-02   1.295848e-18   660906
  4.314903e+00   -2.841554e-18   1.227030e-02   1.240392e-18   672856
  4.357425e+00   -1.884330e-18   1.226838e-02   1.195978e-18   685980
  4.399921e+00   -2.158443e-18   1.227191e-02   1.146034e-18   699256
  4.442476e+00   -2.919729e-18   1.229990e-02   1.102690e-18   714730
  4.484986e+00   8.008957e-19   1.223739e-02   1.065090e-18   725152
  4.527452e+00   -3.395813e-18   1.227054e-02   1.028271e-18   740420
  4.569941e+00   -7.622454e-19   1.227636e-02   9.927245e-19   754312
  4.612456e+00   -2.417700e-18   1.227959e-02   9.551718e-19   769114
  4.654996e+00   -1.854905e-18   1.227684e-02   9.179399e-19   783488
  4.697459e+00   9.489507e-20   1.223560e-02   8.874466e-19   794968
  4.739925e+00   -2.359487e-18   1.228043e-02   8.560442e-19   812366
  4.782438e+00   -4.651568e-19   1.226054e-02   8.257088e-19   825976
  4.825000e+00   -1.430026e-18   1.230088e-02   7.968593e-19   843352
  4.867591e+00   -2.022660e-18   1.229290e-02   7.675592e-19   857280
  4.910094e+00   -2.580831e-18   1.225276e-02   7.464456e-19   869542
  4.952587e+00   -5.351437e-19   1.228301e-02   7.164797e-19   887128
  4.995087e+00   1.913624e-19   1.225266e-02   6.911863e-19   900032
  5.037553e+00   -6.769665e-19   1.226951e-02   6.703018e-19   916560
  5.080018e+00   3.318779e-19   1.224713e-02   6.457234e-19   930922
  5.122540e+00   7.754833e-20   1.228718e-02   6.259595e-19   949844
  5.165149e+00   2.670686e-19   1.230776e-02   6.041486e-19   966736
  5.207698e+00   1.334746e-18   1.226328e-02   5.852537e-19   978776
  5.250149e+00   -5.463283e-19   1.225655e-02   5.667948e-19   994522
  5.292642e+00   1.000388e-19   1.227563e-02   5.476874e-19   1012420
  5.335176e+00   -7.552774e-19   1.228639e-02   5.305886e-19   1029408
  5.377640e+00   4.343824e-20   1.223362e-02   5.136493e-19   1041658
  5.420127e+00   -6.157805e-19   1.228953e-02   4.956986e-19   1063520
  5.462635e+00   -1.733531e-19   1.224276e-02   4.819931e-19   1075808
  5.505175e+00   3.488724e-19   1.232008e-02   4.642952e-19   1098956
  5.547712e+00   -1.006559e-18   1.224668e-02   4.521609e-19   1109810
  5.590179e+00   -9.956790e-19   1.226115e-02   4.377940e-19   1128608
  5.632713e+00   2.148526e-19   1.229436e-02   4.235362e-19   1148264
  5.675250e+00   1.833945e-19   1.227167e-02   4.117390e-19   1163252
  5.717744e+00   -2.045425e-19   1.226828e-02   3.981033e-19   1181042
  5.760239e+00   1.790296e-19   1.225730e-02   3.863441e-19   1197848
  5.802769e+00   3.729807e-19   1.229495e-02   3.738586e-19   1218848
  5.845291e+00   1.206973e-19   1.225944e-02   3.625935e-19   1232916
  5.887780e+00   -1.229082e-19   1.227538e-02   3.521507e-19   1253002
  5.930266e+00   2.352064e-19   1.224914e-02   3.416009e-19   1268576
  5.972763e+00   -1.508570e-19   1.228621e-02   3.309690e-19   1290128
  6.015287e+00   9.149123e-20   1.227337e-02   3.217596e-19   1307402
  6.057820e+00   2.851298e-19   1.227649e-02   3.119034e-19   1327028
  6.100333e+00   -6.639746e-20   1.225988e-02   3.026162e-19   1343648
  6.142842e+00   9.934549e-19   1.228087e-02   2.943208e-19   1364096
  6.185363e+00   -3.137276e-19   1.227580e-02   2.856593e-19   1382730
  6.227896e+00   -8.201037e-19   1.227503e-02   2.769554e-19   1402164
  6.270416e+00   8.859572e-19   1.227264e-02   2.691009e-19   1420464
  6.312883e+00   4.288606e-19   1.225519e-02   2.611500e-19   1437368
  6.355387e+00   6.133859e-19   1.228857e-02   2.534509e-19   1461530
  6.397919e+00   8.410456e-19   1.226028e-02   2.474666e-19   1478264
  6.440432e+00   3.666451e-19   1.227561e-02   2.395775e-19   1499356
  6.482926e+00   7.926508e-19   1.226095e-02   2.329229e-19   1517016
  6.525439e+00   6.713317e-19   1.228340e-02   2.263522e-19   1540090
  6.567953e+00   7.000631e-19   1.226146e-02   2.204146e-19   1557360
  6.610434e+00   9.192388e-19   1.226770e-02   2.141310e-19   1577780
  6.652969e+00   5.223954e-19   1.230043e-02   2.083095e-19   1602578
  6.695499e+00   9.864022e-19   1.225417e-02   2.025086e-19   1617672
  6.737992e+00   4.864418e-19   1.227613e-02   1.969135e-19   1641016
  6.780486e+00   8.276674e-19   1.226032e-02   1.919886e-19   1659416
  6.822983e+00   9.378883e-19   1.227372e-02   1.865216e-19   1682670
  6.865529e+00   6.152681e-19   1.228276e-02   1.815286e-19   1705256
  6.908096e+00   8.193252e-19   1.228756e-02   1.763138e-19   1726312
  6.950582e+00   5.323212e-19   1.225056e-02   1.720437e-19   1741880
  6.993044e+00   9.544629e-19   1.226862e-02   1.675253e-19   1766454
  7.035588e+00   8.643686e-19   1.229242e-02   1.628453e-19   1791784
  7.078111e+00   1.302173e-18   1.225558e-02   1.587711e-19   1807712
  7.120554e+00   6.306647e-19   1.225110e-02   1.547320e-19   1829002
  7.163037e+00   7.153955e-19   1.226905e-02   1.504865e-19   1854216
  7.205602e+00   9.415926e-19   1.229852e-02   1.465925e-19   1880156
  7.248150e+00   9.091304e-19   1.227340e-02   1.429685e-19   1897568
  7.290651e+00   1.042418e-18   1.227390e-02   1.392353e-19   1920458
  7.333153e+00   7.822484e-19   1.226399e-02   1.354230e-19   1942208
  7.375659e+00   5.760657e-19   1.227125e-02   1.319136e-19   1965612
  7.418175e+00   3.889011e-19   1.227855e-02   1.286396e-19   1989000
  7.460671e+00   5.506988e-19   1.225786e-02   1.254764e-19   2009114
  7.503166e+00   8.365691e-19   1.226960e-02   1.220804e-19   2034464
  7.545695e+00   5.133364e-19   1.228070e-02   1.190023e-19   2058476
  7.588207e+00   6.161958e-19   1.227216e-02   1.162602e-19   2079648
  7.630693e+00   5.543830e-19   1.226356e-02   1.132194e-19   2102578
  7.673222e+00   6.196596e-19   1.228297e-02   1.105112e-19   2129928
  7.715766e+00   4.448108e-19   1.227893e-02   1.075978e-19   2152096
  7.758252e+00   2.728753e-19   1.225143e-02   1.051378e-19   2171142
  7.800741e+00   5.969204e-19   1.227660e-02   1.024696e-19   2200248
  7.843296e+00   3.925976e-19   1.228407e-02   9.986799e-20   2225216
  7.885842e+00   3.918345e-19   1.228377e-02   9.726021e-20   2248448
  7.928336e+00   2.749720e-19   1.225709e-02   9.522902e-20   2267942
  7.970840e+00   4.033020e-19   1.228420e-02   9.290902e-20   2298072
  8.013348e+00   4.035946e-19   1.225627e-02   9.046743e-20   2317272
  8.055842e+00   3.175331e-19   1.227899e-02   8.849221e-20   2345808
  8.098322e+00   3.940569e-19   1.224988e-02   8.646475e-20   2365650
  8.140823e+00   5.542397e-19   1.227972e-02   8.440702e-20   2396940
  8.183368e+00   1.951289e-19   1.227975e-02   8.231841e-20   2421272
  8.225892e+00   2.060661e-19   1.227360e-02   8.038627e-20   2444576
  8.268407e+00   2.759908e-19   1.227899e-02   7.854434e-20   2471490
  8.310912e+00   4.235171e-19   1.225942e-02   7.678777e-20   2493180
  8.353397e+00   1.999020e-19   1.227208e-02   7.486657e-20   2520952
  8.395888e+00   1.538443e-19   1.226128e-02   7.314405e-20   2544946
  8.438392e+00   1.025838e-19   1.227324e-02   7.140436e-20   2573856
  8.480922e+00   4.508465e-19   1.227611e-02   6.970253e-20   2600016
  8.523447e+00   4.642365e-20   1.227641e-02   6.816347e-20   2625484
  8.565959e+00   2.540671e-19   1.227232e-02   6.658254e-20   2651122
  8.608519e+00   2.001796e-19   1.229739e-02   6.509328e-20   2683488
  8.651014e+00   -6.340935e-20   1.223786e-02   6.368188e-20   2696352
  8.693483e+00   9.920782e-20   1.228468e-02   6.212285e-20   2733020
  8.736008e+00   9.081826e-20   1.227012e-02   6.069278e-20   2757378
  8.778525e+00   1.066328e-19   1.227177e-02   5.938806e-20   2784864
  8.821036e+00   1.712589e-19   1.227124e-02   5.808559e-20   2811168
  8.863496e+00   -5.733303e-21   1.224424e-02   5.683341e-20   2832274
  8.906020e+00   -5.201207e-20   1.230244e-02   5.547188e-20   2873636
  8.948567e+00   -5.314950e-20   1.225951e-02   5.431707e-20   2890496
  8.991066e+00   -1.418224e-20   1.227940e-02   5.313397e-20   2921800
  9.033598e+00   2.332759e-20   1.228441e-02   5.194007e-20   2951298
  9.076126e+00   -5.856411e-20   1.226510e-02   5.074754e-20   2975476
  9.118654e+00   -5.850015e-21   1.228550e-02   4.972071e-20   3007728
  9.161142e+00   -4.566401e-20   1.224754e-02   4.863154e-20   3025776
  9.203640e+00   1.844225e-20   1.229182e-02   4.744294e-20   3065762
  9.246160e+00   1.016117e-19   1.225283e-02   4.658221e-20   3084856
  9.288649e+00   -1.145843e-19   1.227594e-02   4.542652e-20   3118044
  9.331129e+00   2.611943e-20   1.225728e-02   4.451848e-20   3141352
  9.373640e+00   -3.697536e-20   1.228814e-02   4.355211e-20   3179274
  9.416185e+00   1.633628e-20   1.227073e-02   4.263302e-20   3204120
  9.458671e+00   -5.518614e-20   1.225444e-02   4.170400e-20   3227900
  9.501151e+00   -1.808283e-20   1.227489e-02   4.082361e-20   3262394
  9.543701e+00   3.110157e-20   1.228726e-02   3.993662e-20   3295680
  9.586236e+00   2.316733e-20   1.226866e-02   3.908987e-20   3319560
  9.628737e+00   4.763605e-20   1.227228e-02   3.825578e-20   3348972
  9.671240e+00   -3.007358e-20   1.227416e-02   3.746603e-20   3379722
  9.713763e+00   1.047713e-19   1.227339e-02   3.668803e-20   3410720
  9.756299e+00   8.285008e-20   1.227807e-02   3.581302e-20   3441504
  9.798787e+00   -3.457689e-20   1.225320e-02   3.514445e-20   3463624
  9.841266e+00   -7.476245e-21   1.227217e-02   3.440820e-20   3499790
  9.883803e+00   3.291852e-20   1.228281e-02   3.370339e-20   3533560
  9.926350e+00   -4.864973e-20   1.227932e-02   3.302589e-20   3561920
  9.968836e+00   -1.413707e-20   1.225683e-02   3.234269e-20   3585208
  1.001132e+01   7.099741e-20   1.227674e-02   3.169464e-20   3622518
  1.005387e+01   1.011296e-19   1.228938e-02   3.097668e-20   3657584
  1.009637e+01   8.528682e-20   1.225003e-02   3.037946e-20   3676440
  1.013883e+01   9.019099e-20   1.226093e-02   2.979864e-20   3711282
  1.018134e+01   -5.512369e-21   1.227505e-02   2.915302e-20   3747696
  1.022386e+01   2.773766e-20   1.226890e-02   2.856027e-20   3776188
  1.026640e+01   -2.570890e-20   1.229793e-02   2.792806e-20   3815304
  1.030893e+01   2.612910e-20   1.225864e-02   2.740861e-20   3835370
  1.035143e+01   4.836098e-20   1.227570e-02   2.686972e-20   3873424
  1.039395e+01   4.374226e-20   1.227191e-02   2.637813e-20   3903420
  1.043647e+01   6.660554e-20   1.228014e-02   2.581445e-20   3937624
  1.047898e+01   6.586814e-20   1.226404e-02   2.532985e-20   3965658
  1.052150e+01   1.594238e-20   1.227921e-02   2.480898e-20   4002984
  1.056400e+01   2.643756e-20   1.226054e-02   2.431662e-20   4027928
  1.060647e+01   -4.253475e-20   1.225976e-02   2.384871e-20   4059844
  1.064896e+01   3.885328e-21   1.227978e-02   2.333657e-20   4100338
  1.069151e+01   3.465130e-20   1.227651e-02   2.292391e-20   4132264
  1.073403e+01   8.967765e-20   1.227390e-02   2.242389e-20   4163216
  1.077652e+01   2.198301e-20   1.226459e-02   2.204501e-20   4193350
  1.081904e+01   1.951824e-20   1.228427e-02   2.161002e-20   4234456
  1.086156e+01   5.118387e-20   1.225632e-02   2.117059e-20   4257264
  1.090405e+01   -2.593359e-20   1.227910e-02   2.076896e-20   4297352
  1.094656e+01   2.476989e-20   1.226998e-02   2.033970e-20   4328642
  1.098909e+01   -2.697987e-20   1.228265e-02   1.992483e-20   4367948
  1.103158e+01   2.207421e-20   1.224720e-02   1.958443e-20   4388384
  1.107408e+01   6.112268e-21   1.228899e-02   1.918849e-20   4436648
  1.111661e+01   -7.191283e-21   1.227199e-02   1.880554e-20   4465658
  1.115915e+01   2.565674e-20   1.227871e-02   1.846745e-20   4502948
  1.120165e+01   3.715763e-20   1.225915e-02   1.812538e-20   4528880
  1.124413e+01   1.883084e-21   1.226872e-02   1.778676e-20   4566290
  1.128665e+01   8.891319e-21   1.228262e-02   1.746324e-20   4606856
  1.132917e+01   1.648305e-20   1.226621e-02   1.711704e-20   4635380
  1.137166e+01   1.151036e-21   1.226853e-02   1.682957e-20   4670384
  1.141417e+01   1.597902e-20   1.227665e-02   1.644536e-20   4709258
  1.145672e+01   4.851850e-21   1.228130e-02   1.614259e-20   4747352
  1.149922e+01   -1.972408e-20   1.225462e-02   1.584109e-20   4771664
  1.154171e+01   -6.777802e-21   1.227440e-02   1.552737e-20   4813532
  1.158423e+01   -1.752777e-20   1.228175e-02   1.526064e-20   4852322
  1.162677e+01   4.374897e-20   1.227605e-02   1.497186e-20   4886480
  1.166928e+01   4.231932e-21   1.226516e-02   1.470846e-20   4917248
  1.171175e+01   3.612582e-20   1.226039e-02   1.442959e-20   4950828
  1.175428e+01   5.975814e-20   1.229115e-02   1.416172e-20   5000170
  1.179682e+01   5.051328e-20   1.226743e-02   1.392403e-20   5026952
  1.183930e+01   -8.485264e-22   1.225870e-02   1.365947e-20   5058752
  1.188178e+01   5.331440e-20   1.227096e-02   1.341092e-20   5100722
  1.192431e+01   1.053535e-20   1.227592e-02   1.314653e-20   5140124
  1.196682e+01   1.352868e-20   1.227175e-02   1.290877e-20   5174072
  1.200934e+01   3.263898e-20   1.227571e-02   1.267328e-20   5211608
  1.205185e+01   9.884403e-21   1.227167e-02   1.245696e-20   5247794
  1.209436e+01   4.854333e-20   1.226763e-02   1.221716e-20   5284196
  1.213689e+01   4.013610e-20   1.228663e-02   1.199937e-20   5328800
  1.217939e+01   3.781446e-20   1.225244e-02   1.180514e-20   5350872
  1.222188e+01   1.567013e-20   1.227843e-02   1.158036e-20   5400634
  1.226439e+01   2.532557e-20   1.226116e-02   1.136936e-20   5430968
  1.230690e+01   4.085547e-20   1.228074e-02   1.115669e-20   5475908
  1.234942e+01   3.975098e-20   1.227341e-02   1.095228e-20   5510016
  1.239194e+01   2.703501e-20   1.227878e-02   1.075856e-20   5552114
  1.243448e+01   2.339550e-20   1.227536e-02   1.056747e-20   5588944
  1.247700e+01   1.227628e-21   1.227081e-02   1.037634e-20   5623828
  1.251949e+01   1.356916e-20   1.226652e-02   1.019966e-20   5660722
  1.256199e+01   3.207441e-20   1.226569e-02   1.002143e-20   5699896
  1.260450e+01   1.824153e-20   1.227587e-02   9.839692e-21   5741936
  1.264701e+01   -8.844441e-22   1.227604e-02   9.658821e-21   5779568
  1.268952e+01   -7.349824e-21   1.227056e-02   9.498081e-21   5817222
  1.273202e+01   1.792157e-20   1.226405e-02   9.324017e-21   5854600
  1.277454e+01   9.735844e-21   1.227916e-02   9.157166e-21   5900040
  1.281705e+01   1.767097e-20   1.226601e-02   9.005737e-21   5931976
  1.285956e+01   1.028784e-20   1.228040e-02   8.856393e-21   5979390
  1.290207e+01   1.479883e-21   1.226129e-02   8.697808e-21   6010200
  1.294458e+01   2.495460e-20   1.227731e-02   8.541956e-21   6056496
  1.298708e+01   1.711183e-20   1.226484e-02   8.389123e-21   6089504
  1.302958e+01   2.022954e-20   1.227756e-02   8.242400e-21   6137114
  1.307210e+01   7.231697e-21   1.226880e-02   8.104351e-21   6173332
  1.311461e+01   -1.134617e-21   1.227153e-02   7.971956e-21   6214128
  1.315711e+01   9.968472e-21   1.226922e-02   7.830980e-21   6253874
  1.319964e+01   1.637108e-20   1.227851e-02   7.693041e-21   6300104
  1.324216e+01   7.699313e-21   1.226546e-02   7.567636e-21   6332612
  1.328467e+01   1.000742e-20   1.228096e-02   7.434411e-21   6379768
  1.332719e+01   2.099218e-20   1.227439e-02   7.296606e-21   6418218
  1.336971e+01   2.809302e-21   1.227344e-02   7.184189e-21   6459880
  1.341221e+01   4.387390e-21   1.226446e-02   7.069318e-21   6495652
  1.345472e+01   1.421244e-20   1.228092e-02   6.933496e-21   6545296
  1.349724e+01   1.978455e-21   1.226891e-02   6.822185e-21   6581570
  1.353974e+01   -2.123320e-21   1.226098e-02   6.713010e-21   6618960
  1.358222e+01   2.668708e-20   1.226863e-02   6.590323e-21   6663352
  1.362471e+01   1.443782e-20   1.226151e-02   6.488307e-21   6701334
  1.366724e+01   1.933638e-20   1.229005e-02   6.375807e-21   6759920
  1.370978e+01   5.634481e-21   1.226871e-02   6.267212e-21   6789696
  1.375229e+01   -8.858564e-21   1.227982e-02   6.165555e-21   6837208
  1.379481e+01   2.615490e-20   1.226997e-02   6.060559e-21   6874966
  1.383733e+01   6.956893e-21   1.227445e-02   5.961936e-21   6920864
  1.387984e+01   2.378380e-20   1.226703e-02   5.866122e-21   6957816
  1.392234e+01   -1.074651e-20   1.227258e-02   5.758106e-21   7002232
  1.396483e+01   1.174274e-20   1.226616e-02   5.663970e-21   7043114
  1.400736e+01   5.821719e-21   1.228161e-02   5.573163e-21   7096020
  1.404988e+01   1.467632e-20   1.226958e-02   5.480635e-21   7130640
  1.409239e+01   -4.907000e-21   1.227310e-02   5.387699e-21   7175472
  1.413489e+01   -7.969298e-21   1.226899e-02   5.300529e-21   7217786
  1.417741e+01   8.483063e-21   1.227600e-02   5.211572e-21   7265564
  1.421992e+01   1.124258e-20   1.226528e-02   5.130294e-21   7301288
  1.426240e+01   6.504573e-21   1.226550e-02   5.050668e-21   7345330
  1.430491e+01   1.241148e-20   1.227621e-02   4.956604e-21   7397048
  1.434743e+01   7.492064e-21   1.226815e-02   4.879323e-21   7435920
  1.438994e+01   1.047380e-20   1.227688e-02   4.801758e-21   7484140
  1.443245e+01   1.520461e-20   1.227057e-02   4.723826e-21   7525578
  1.447497e+01   1.693390e-20   1.227007e-02   4.650276e-21   7571376
  1.451748e+01   6.074614e-21   1.227392e-02   4.571252e-21   7617064
  1.456001e+01   1.285823e-20   1.227782e-02   4.495262e-21   7662092
  1.460251e+01   1.247700e-20   1.226530e-02   4.424709e-21   7699658
  1.464502e+01   8.968505e-21   1.227578e-02   4.348584e-21   7752416
  1.468755e+01   8.369807e-21   1.227763e-02   4.284658e-21   7797776
  1.473004e+01   1.455518e-20   1.226070e-02   4.214052e-21   7831720
  1.477255e+01   5.760349e-21   1.227889e-02   4.144608e-21   7889926
  1.481507e+01   1.723676e-20   1.227192e-02   4.077020e-21   7931480
  1.485759e+01   1.164096e-20   1.227300e-02   4.018467e-21   7976688
  1.490006e+01   5.205878e-21   1.225048e-02   3.955079e-21   8007786
  1.494256e+01   4.783962e-21   1.228133e-02   3.886075e-21   8074564
  1.498510e+01   1.325947e-20   1.228034e-02   3.825889e-21   8118904
  1.502762e+01   8.534316e-21   1.226783e-02   3.766268e-21   8155824
  1.507013e+01   1.369966e-20   1.228256e-02   3.701857e-21   8212802
  1.511265e+01   6.152269e-21   1.226047e-02   3.647320e-21   8245268
  1.515516e+01   1.303635e-20   1.228702e-02   3.587428e-21   8308816
  1.519769e+01   1.019933e-20   1.226520e-02   3.530573e-21   8340304
  1.524017e+01   6.744731e-21   1.226489e-02   3.479723e-21   8387738
  1.528267e+01   6.873112e-21   1.226883e-02   3.424498e-21   8437624
  1.532518e+01   7.054385e-22   1.227531e-02   3.373496e-21   8487796
  1.536768e+01   8.876440e-21   1.226572e-02   3.318864e-21   8527936
  1.541020e+01   1.296441e-21   1.227764e-02   3.262867e-21   8585122
  1.545272e+01   8.957173e-21   1.227170e-02   3.214295e-21   8628200
  1.549524e+01   3.690577e-21   1.227868e-02   3.165130e-21   8679484
  1.553776e+01   -2.043515e-22   1.226928e-02   3.114576e-21   8721466
  1.558025e+01   4.604293e-21   1.226318e-02   3.067121e-21   8765840
  1.562277e+01   7.253754e-21   1.228142e-02   3.018441e-21   8825136
  1.566528e+01   2.862544e-21   1.226701e-02   2.970786e-21   8861768
  1.570779e+01   -3.799473e-21   1.227728e-02   2.926015e-21   8919278
  1.575031e+01   5.680019e-21   1.226638e-02   2.879100e-21   8961008
  1.579282e+01   -7.236956e-21   1.227512e-02   2.838491e-21   9014456
  1.583534e+01   -3.630922e-21   1.227527e-02   2.791142e-21   9062240
  1.587786e+01   -8.070086e-21   1.227311e-02   2.748110e-21   9110510
  1.592036e+01   -9.619327e-21   1.226582e-02   2.708028e-21   9154048
  1.596285e+01   1.275997e-21   1.226281e-02   2.666513e-21   9198928
  1.600534e+01   3.023838e-21   1.227531e-02   2.628273e-21   9257194
  1.604787e+01   -4.112628e-21   1.227745e-02   2.583731e-21   9310168
  1.609038e+01   -4.700822e-21   1.226530e-02   2.547743e-21   9350316
  1.613289e+01   -5.161563e-21   1.227684e-02   2.507232e-21   9407120
  1.617541e+01   -1.443591e-21   1.227300e-02   2.467712e-21   9454642
  1.621793e+01   -7.068402e-21   1.227362e-02   2.431251e-21   9506272
  1.626044e+01   -4.584362e-21   1.226942e-02   2.395195e-21   9551228
  1.630294e+01   -4.204381e-21   1.227038e-02   2.359895e-21   9600264
  1.634544e+01   -2.539426e-21   1.227012e-02   2.322311e-21   9651458
  1.638796e+01   -3.145457e-21   1.228049e-02   2.284807e-21   9711488
  1.643048e+01   -3.611252e-21   1.226476e-02   2.255220e-21   9749144
  1.647299e+01   -8.640444e-21   1.227613e-02   2.217654e-21   9807908
  1.651550e+01   -5.924612e-21   1.227043e-02   2.184498e-21   9854786
  1.655803e+01   -4.040290e-21   1.228107e-02   2.153175e-21   9914304
  1.660053e+01   -5.043941e-21   1.225867e-02   2.120919e-21   9945544
  1.664301e+01   -7.691294e-21   1.226718e-02   2.090508e-21   10003414
  1.668552e+01   -1.906568e-21   1.227468e-02   2.057218e-21   10062032
  1.672804e+01   -7.218716e-21   1.227657e-02   2.024521e-21   10114792
  1.677058e+01   -6.557762e-21   1.228180e-02   1.995112e-21   10169936
  1.681307e+01   -3.890889e-21   1.225060e-02   1.969317e-21   10196602
  1.685558e+01   -3.264416e-21   1.228906e-02   1.937055e-21   10281156
  1.689811e+01   -1.611623e-21   1.226275e-02   1.910553e-21   10309376
  1.694060e+01   -4.166271e-22   1.227427e-02   1.881894e-21   10369856
  1.698310e+01   -5.617042e-21   1.226425e-02   1.852469e-21   10415370
  1.702562e+01   -3.599282e-21   1.228018e-02   1.827692e-21   10481988
  1.706815e+01   -3.736651e-21   1.227822e-02   1.800309e-21   10531200
  1.711066e+01   -1.148420e-21   1.226163e-02   1.774038e-21   10569416
  1.715315e+01   9.118986e-22   1.227286e-02   1.747963e-21   10633066
  1.719568e+01   -3.444960e-21   1.227546e-02   1.722114e-21   10687548
  1.723821e+01   3.611248e-21   1.228168e-02   1.696824e-21   10743968
  1.728072e+01   -3.217675e-21   1.226340e-02   1.673377e-21   10782130
  1.732321e+01   8.709743e-22   1.226438e-02   1.649616e-21   10837792
  1.736571e+01   -3.210253e-22   1.227328e-02   1.624663e-21   10897368
  1.740823e+01   3.396872e-21   1.227857e-02   1.601219e-21   10953940
  1.745075e+01   8.061581e-22   1.227188e-02   1.576915e-21   11003274
  1.749325e+01   -8.900595e-22   1.226537e-02   1.555370e-21   11052800
  1.753577e+01   -7.579338e-22   1.228039e-02   1.531489e-21   11118176
  1.757829e+01   -4.474030e-21   1.227174e-02   1.510583e-21   11162268
  1.762078e+01   -4.377292e-22   1.226447e-02   1.489130e-21   11211458
  1.766328e+01   -1.312288e-21   1.226924e-02   1.466515e-21   11271888
  1.770579e+01   4.572805e-21   1.227456e-02   1.446383e-21   11329304
  1.774829e+01   3.746602e-21   1.226554e-02   1.425987e-21   11375026
  1.779081e+01   -1.232322e-22   1.227704e-02   1.404249e-21   11442532
  1.783332e+01   3.364830e-21   1.226620e-02   1.386043e-21   11487264
  1.787583e+01   -1.223514e-21   1.227239e-02   1.366267e-21   11545680
  1.791835e+01   4.377544e-22   1.227937e-02   1.345300e-21   11607058
  1.796089e+01   1.144160e-22   1.227970e-02   1.326583e-21   11664300
  1.800340e+01   2.616021e-21   1.226785e-02   1.309602e-21   11707488
  1.804590e+01   7.453511e-22   1.226647e-02   1.289908e-21   11759536
  1.808841e+01   2.323857e-21   1.228470e-02   1.270914e-21   11833690
  1.813095e+01   4.807262e-21   1.227017e-02   1.253953e-21   11877808
  1.817345e+01   3.334896e-22   1.226311e-02   1.237512e-21   11925836
  1.821595e+01   1.530100e-21   1.227560e-02   1.216859e-21   11992168
  1.825846e+01   2.256786e-21   1.227114e-02   1.201086e-21   12044554
  1.830097e+01   -8.007026e-22   1.226867e-02   1.183610e-21   12098976
  1.834346e+01   4.241363e-21   1.226469e-02   1.168201e-21   12149996
  1.838595e+01   3.366243e-21   1.226815e-02   1.151825e-21   12209594
  1.842847e+01   -1.694572e-21   1.227993e-02   1.134617e-21   12279272
  1.847101e+01   2.022132e-21   1.228002e-02   1.118660e-21   12336072
  1.851353e+01   2.909899e-21   1.226966e-02   1.103933e-21   12381744
  1.855604e+01   3.731725e-21   1.227227e-02   1.088617e-21   12441590
  1.859855e+01   3.422983e-21   1.227023e-02   1.073821e-21   12497256
  1.864105e+01   1.549129e-21   1.226730e-02   1.059277e-21   12550032
  1.868353e+01   2.913118e-21   1.226474e-02   1.044941e-21   12603936
  1.872603e+01   -2.154098e-24   1.227245e-02   1.029282e-21   12671230
  1.876857e+01   8.977080e-22   1.228331e-02   1.016648e-21   12740920
  1.881110e+01   2.186058e-21   1.227107e-02   1.001958e-21   12784560
  1.885359e+01   9.498549e-22   1.226358e-02   9.883210e-22   12834176
  1.889610e+01   6.372068e-22   1.227865e-02   9.740877e-22   12909006
  1.893863e+01   2.076341e-21   1.227235e-02   9.604700e-22   12959680
  1.898113e+01   3.076833e-21   1.227020e-02   9.475862e-22   13014232
  1.902364e+01   -1.987809e-21   1.227262e-02   9.344713e-22   13076514
  1.906614e+01   1.705926e-21   1.226274e-02   9.226980e-22   13127112
  1.910866e+01   2.510407e-21   1.228266e-02   9.098840e-22   13205852
  1.915119e+01   2.178552e-21   1.227282e-02   8.975491e-22   13252032
  1.919369e+01   4.517174e-21   1.226787e-02   8.855077e-22   13307450
  1.923620e+01   -3.670482e-22   1.227402e-02   8.731278e-22   13374160
  1.927872e+01   1.194805e-21   1.227027e-02   8.620608e-22   13426348
  1.932123e+01   3.041756e-21   1.227853e-02   8.499947e-22   13492760
  1.936373e+01   2.306107e-21   1.226457e-02   8.393741e-22   13539546
  1.940624e+01   2.878383e-21   1.227335e-02   8.269587e-22   13610704
  1.944875e+01   1.461096e-21   1.226734e-02   8.167874e-22   13662024
  1.949125e+01   2.116617e-21   1.227299e-02   8.055529e-22   13727492
  1.953377e+01   1.677027e-21   1.227644e-02   7.949712e-22   13793394
  1.957629e+01   -2.575298e-22   1.226862e-02   7.838689e-22   13844456
  1.961880e+01   1.965937e-21   1.227171e-02   7.741906e-22   13905184
  1.966130e+01   2.577516e-21   1.227189e-02   7.632946e-22   13965958
  1.970381e+01   9.981636e-22   1.226859e-02   7.536897e-22   14025192
  1.974632e+01   2.597633e-21   1.227581e-02   7.434140e-22   14093768
  1.978884e+01   1.042939e-21   1.227382e-02   7.332693e-22   14150440
  1.983136e+01   2.195002e-21   1.227452e-02   7.238770e-22   14213450
  1.987387e+01   1.105805e-21   1.226691e-02   7.153737e-22   14267036
  1.991638e+01   1.347196e-22   1.227427e-02   7.054558e-22   14335032
  1.995889e+01   -4.240104e-22   1.226837e-02   6.962012e-22   14387664
  2.000139e+01   -7.975204e-23   1.227308e-02   6.870131e-22   14455698
  2.004391e+01   1.349643e-21   1.227471e-02   6.788231e-22   14520452
  2.008643e+01   2.595317e-21   1.227399e-02   6.688612e-22   14580272
  2.012893e+01   -1.891993e-22   1.226246e-02   6.612400e-22   14628050
  2.017144e+01   1.560038e-21   1.228393e-02   6.517488e-22   14716744
  2.021396e+01   9.206211e-22   1.226163e-02   6.438650e-22   14751712
  2.025646e+01   7.555010e-22   1.227782e-02   6.358173e-22   14831620
  2.029896e+01   2.826589e-22   1.226188e-02   6.280788e-22   14875522
  2.034146e+01   5.694220e-22   1.227585e-02   6.190864e-22   14956720
  2.038398e+01   2.181043e-22   1.226799e-02   6.113365e-22   15008272
  2.042648e+01   -1.765356e-22   1.227113e-02   6.037164e-22   15073780
  2.046899e+01   2.180170e-21   1.227601e-02   5.960436e-22   15144866
  2.051153e+01   9.848557e-22   1.228021e-02   5.885161e-22   15213872
  2.055406e+01   1.306482e-21   1.227172e-02   5.808595e-22   15263976
  2.059656e+01   1.663822e-21   1.226689e-02   5.738956e-22   15320236
  2.063907e+01   4.296443e-22   1.227747e-02   5.666943e-22   15398322
  2.068159e+01   3.701894e-22   1.226849e-02   5.594596e-22   15450864
  2.072409e+01   7.987926e-22   1.226949e-02   5.524336e-22   15513888
  2.076658e+01   2.049172e-22   1.226638e-02   5.460049e-22   15574626
  2.080910e+01   -7.722429e-22   1.227957e-02   5.383288e-22   15657956
  2.085162e+01   1.491344e-21   1.226694e-02   5.323614e-22   15704248
  2.089412e+01   5.927794e-22   1.227405e-02   5.251972e-22   15774824
  2.093664e+01   1.430488e-21   1.227741e-02   5.184515e-22   15844898
  2.097916e+01   2.310734e-21   1.226797e-02   5.128556e-22   15898956
  2.102166e+01   5.332588e-22   1.226837e-02   5.062826e-22   15961768
  2.106416e+01   6.072461e-22   1.227392e-02   5.002209e-22   16032208
  2.110668e+01   -3.723051e-22   1.227386e-02   4.944921e-22   16099530
  2.114918e+01   1.020893e-21   1.226342e-02   4.887658e-22   16152712
  2.119169e+01   1.621912e-22   1.227877e-02   4.822948e-22   16235740
  2.123421e+01   1.183162e-21   1.227090e-02   4.761701e-22   16288856
  2.127673e+01   5.169635e-22   1.227763e-02   4.707765e-22   16365074
  2.131925e+01   -6.616575e-24   1.226826e-02   4.652050e-22   16418248
  2.136173e+01   5.179060e-22   1.226229e-02   4.598006e-22   16473180
  2.140423e+01   2.364982e-22   1.227796e-02   4.541726e-22   16560234
  2.144675e+01   5.796603e-22   1.226818e-02   4.486097e-22   16616088
  2.148927e+01   8.097121e-22   1.227653e-02   4.431729e-22   16693264
  2.153179e+01   -3.309517e-22   1.227410e-02   4.383468e-22   16753864
  2.157431e+01   -5.127385e-23   1.227428e-02   4.329086e-22   16820702
  2.161682e+01   3.613445e-22   1.226755e-02   4.280650e-22   16879288
  2.165933e+01   -3.582452e-23   1.227311e-02   4.231273e-22   16951712
  2.170183e+01   3.365071e-22   1.226675e-02   4.178009e-22   17007560
  2.174434e+01   1.396465e-23   1.227813e-02   4.132708e-22   17092086
  2.178685e+01   4.211448e-22   1.226906e-02   4.086082e-22   17148392
  2.182937e+01   1.157360e-21   1.227478e-02   4.039216e-22   17222288
  2.187188e+01   -4.955371e-22   1.227236e-02   3.992802e-22   17285096
  2.191439e+01   6.505819e-22   1.226620e-02   3.950733e-22   17344826
  2.195689e+01   4.558884e-22   1.227320e-02   3.903622e-22   17421236
  2.199941e+01   2.546754e-22   1.227792e-02   3.857834e-22   17494160
  2.204191e+01   3.225836e-22   1.226044e-02   3.817016e-22   17538122
  2.208440e+01   1.029308e-21   1.226939e-02   3.775805e-22   17620136
  2.212692e+01   -6.996090e-22   1.227875e-02   3.730154e-22   17700428
  2.216945e+01   1.184935e-21   1.227393e-02   3.690240e-22   17760320
  2.221196e+01   8.342318e-22   1.227224e-02   3.651298e-22   17827562
  2.225448e+01   4.819712e-22   1.227165e-02   3.611335e-22   17895488
  2.229699e+01   1.268129e-21   1.227292e-02   3.569072e-22   17963576
  2.233950e+01   3.489950e-22   1.227046e-02   3.533281e-22   18027500
  2.238201e+01   5.038157e-22   1.227533e-02   3.496812e-22   18105650
  2.242451e+01   1.485485e-22   1.226508e-02   3.457820e-22   18160880
  2.246701e+01   1.118448e-21   1.226834e-02   3.424607e-22   18233144
  2.250951e+01   5.192151e-22   1.227149e-02   3.384484e-22   18307310
  2.255203e+01   3.131979e-22   1.227368e-02   3.351879e-22   18381680
  2.259456e+01   1.253585e-21   1.227489e-02   3.314157e-22   18450536
  2.263708e+01   2.984437e-22   1.227820e-02   3.277053e-22   18522128
  2.267959e+01   4.271779e-22   1.226827e-02   3.248870e-22   18578414
  2.272209e+01   9.431028e-22   1.227113e-02   3.217463e-22   18654304
  2.276460e+01   2.506210e-22   1.227056e-02   3.183057e-22   18722304
  2.280712e+01   1.333640e-23   1.227777e-02   3.146733e-22   18802472
  2.284964e+01   6.840941e-22   1.227092e-02   3.117055e-22   18864266
  2.289215e+01   6.316577e-22   1.226939e-02   3.086379e-22   18933260
  2.293465e+01   9.639753e-22   1.226719e-02   3.057734e-22   18997448
  2.297715e+01   7.256407e-22   1.227581e-02   3.026724e-22   19079816
  2.301967e+01   1.010134e-21   1.227098e-02   2.999486e-22   19145330
  2.306218e+01   4.358802e-22   1.227177e-02   2.970576e-22   19218276
  2.310469e+01   1.611109e-21   1.227113e-02   2.943215e-22   19286200
  2.314719e+01   1.142867e-21   1.226583e-02   2.913024e-22   19349738
  2.318971e+01   7.243881e-22   1.228286e-02   2.887715e-22   19450040
  2.323223e+01   1.452534e-21   1.226363e-02   2.861519e-22   19489688
  2.327473e+01   7.990491e-22   1.227521e-02   2.832132e-22   19576868
  2.331724e+01   1.254629e-21   1.226932e-02   2.807142e-22   19640282
  2.335976e+01   1.113431e-21   1.227873e-02   2.782783e-22   19728800
  2.340226e+01   7.685699e-22   1.226095e-02   2.760971e-22   19770152
  2.344476e+01   1.578806e-21   1.227487e-02   2.730868e-22   19863516
  2.348729e+01   1.369389e-21   1.227855e-02   2.708001e-22   19943594
  2.352981e+01   6.398949e-22   1.227039e-02   2.688818e-22   20003440
  2.357232e+01   3.808675e-22   1.227533e-02   2.662874e-22   20081768
  2.361483e+01   3.086330e-22   1.226475e-02   2.640358e-22   20136200
  2.365734e+01   1.189268e-21   1.228180e-02   2.620039e-22   20238094
  2.369985e+01   1.819754e-22   1.226458e-02   2.598197e-22   20282544
  2.374234e+01   8.736899e-22   1.226291e-02   2.577277e-22   20351720
  2.378483e+01   1.073865e-21   1.227389e-02   2.555946e-22   20444714
  2.382735e+01   9.024109e-22   1.227112e-02   2.537742e-22   20515116
  2.386988e+01   1.178685e-21   1.228059e-02   2.518829e-22   20602384
  2.391241e+01   6.439573e-22   1.227266e-02   2.496988e-22   20659872
  2.395491e+01   1.177665e-21   1.226837e-02   2.478031e-22   20727682
  2.399742e+01   1.017108e-21   1.227493e-02   2.459868e-22   20814416
  2.403994e+01   1.124207e-21   1.227261e-02   2.444211e-22   20881100
  2.408245e+01   4.599923e-22   1.227247e-02   2.423688e-22   20953688
  2.412495e+01   4.449247e-22   1.226662e-02   2.411441e-22   21021050
  2.416746e+01   7.340136e-22   1.227556e-02   2.394516e-22   21111632
  2.420998e+01   1.012029e-21   1.227336e-02   2.374959e-22   21179972
  2.425248e+01   5.712138e-22   1.226547e-02   2.362439e-22   21240488
  2.429499e+01   1.402963e-21   1.227368e-02   2.344384e-22   21331418
  2.433750e+01   7.047098e-22   1.226935e-02   2.328535e-22   21397304
  2.438000e+01   6.732087e-22   1.226962e-02   2.314699e-22   21469764
  2.442251e+01   6.203258e-22   1.227528e-02   2.300476e-22   21556122
  2.446502e+01   1.278061e-21   1.226591e-02   2.289226e-22   21618312
  2.450754e+01   1.131545e-21   1.227924e-02   2.273117e-22   21716096
  2.455007e+01   1.051121e-21   1.227488e-02   2.260620e-22   21781352
  2.459258e+01   8.890386e-22   1.226971e-02   2.248682e-22   21848870
  2.463508e+01   5.551013e-22   1.227061e-02   2.237215e-22   21927536
  2.467760e+01   2.742380e-22   1.227518e-02   2.226805e-22   22008944
  2.472011e+01   7.254027e-22   1.227146e-02   2.213881e-22   22076136
  2.476261e+01   1.151467e-21   1.226619e-02   2.206230e-22   22145270
  2.480513e+01   6.816631e-22   1.228149e-02   2.192644e-22   22250960
  2.484765e+01   7.937834e-22   1.226766e-02   2.184392e-22   22300864
  2.489015e+01   7.649236e-22   1.226874e-02   2.172991e-22   22378586
  2.493266e+01   2.917242e-22   1.227304e-02   2.165763e-22   22464104
  2.497518e+01   9.940959e-22   1.227483e-02   2.157702e-22   22542892
  2.501769e+01   5.423596e-22   1.226849e-02   2.149588e-22   22606008
  2.506019e+01   4.074629e-22   1.227168e-02   2.139364e-22   22690002
  2.510269e+01   8.522823e-22   1.226774e-02   2.136376e-22   22762216
  2.514519e+01   1.297813e-22   1.227552e-02   2.111735e-22   22815779
  2.518771e+01   3.522793e-22   1.227093e-02   2.077438e-22   22772312
  2.523022e+01   4.792792e-22   1.227169e-02   2.041730e-22   22733708
  2.527273e+01   -2.103264e-22   1.227376e-02   2.006648e-22   22697672
  2.531524e+01   2.146998e-23   1.227003e-02   1.968759e-22   22651460
  2.535775e+01   -1.778087e-23   1.227280e-02   1.935783e-22   22616024
  2.540027e+01   -2.372429e-22   1.227723e-02   1.905656e-22   22583496
  2.544278e+01   3.314765e-22   1.226384e-02   1.870279e-22   22519252
  2.548527e+01   -1.519743e-23   1.226879e-02   1.839718e-22   22488992
  2.552778e+01   1.673704e-22   1.227112e-02   1.808324e-22   22453172
  2.557030e+01   2.368518e-22   1.227642e-02   1.779108e-22   22420584
  2.561282e+01   6.244474e-22   1.227318e-02   1.751915e-22   22371700
  2.565533e+01   1.703950e-22   1.227319e-02   1.720396e-22   22329896
  2.569784e+01   -2.122537e-22   1.227005e-02   1.692925e-22   22282876
  2.574035e+01   3.871653e-22   1.227559e-02   1.666307e-22   22250692
  2.578286e+01   5.957664e-23   1.226749e-02   1.640031e-22   22194436
  2.582536e+01   -3.440631e-22   1.226799e-02   1.615280e-22   22153540
  2.586787e+01   6.902061e-23   1.227489e-02   1.586457e-22   22122584
  2.591039e+01   -4.637512e-23   1.227183e-02   1.561610e-22   22073004
  2.595291e+01   9.929509e-23   1.227763e-02   1.538641e-22   22039640
  2.599542e+01   9.025909e-23   1.226443e-02   1.515817e-22   21971624
  2.603793e+01   4.154946e-22   1.228039e-02   1.490508e-22   21955708
  2.608042e+01   2.543621e-23   1.225538e-02   1.470576e-22   21867720
  2.612293e+01   -1.244108e-22   1.228640e-02   1.446495e-22   21878900
  2.616545e+01   2.266223e-22   1.226374e-02   1.424783e-22   21794260
  2.620796e+01   6.766602e-23   1.227552e-02   1.404074e-22   21770256
  2.625048e+01   1.880451e-22   1.227204e-02   1.384357e-22   21718124
  2.629299e+01   -1.008555e-22   1.227162e-02   1.363722e-22   21671096
  2.633550e+01   2.316763e-22   1.227173e-02   1.342882e-22   21625412
  2.637801e+01   -3.122079e-22   1.227628e-02   1.324002e-22   21587284
  2.642052e+01   5.132017e-23   1.226404e-02   1.305936e-22   21519648
  2.646302e+01   -1.219172e-23   1.227517e-02   1.286262e-22   21493344
  2.650554e+01   2.056136e-22   1.227125e-02   1.266934e-22   21439360
  2.654805e+01   -1.572663e-22   1.227471e-02   1.249816e-22   21398900
  2.659058e+01   5.688515e-23   1.227467e-02   1.230163e-22   21351488
  2.663308e+01   6.157749e-23   1.226610e-02   1.215677e-22   21288012
  2.667559e+01   3.907783e-22   1.227518e-02   1.197460e-22   21255052
  2.671810e+01   -1.951345e-22   1.226960e-02   1.181887e-22   21196928
  2.676060e+01   3.057900e-22   1.226973e-02   1.164168e-22   21149036
  2.680311e+01   -9.971589e-24   1.227206e-02   1.150000e-22   21105304
  2.684563e+01   1.782233e-22   1.227410e-02   1.135211e-22   21059992
  2.688815e+01   2.789080e-22   1.227705e-02   1.118447e-22   21014904
  2.693067e+01   -1.103667e-23   1.227014e-02   1.102898e-22   20953620
  2.697317e+01   8.043271e-23   1.226991e-02   1.088101e-22   20902948
  2.701568e+01   2.216519e-22   1.227225e-02   1.073956e-22   20856528
  2.705819e+01   1.321818e-22   1.227379e-02   1.059769e-22   20808868
  2.710070e+01   2.692196e-22   1.226639e-02   1.046117e-22   20746700
  2.714319e+01   -3.239383e-23   1.226770e-02   1.032007e-22   20699040
  2.718571e+01   1.540270e-22   1.227944e-02   1.017999e-22   20667584
  2.722822e+01   5.740752e-23   1.225995e-02   1.004933e-22   20583320
  2.727072e+01   1.476089e-22   1.227843e-02   9.910675e-23   20562728
  2.731324e+01   9.670484e-23   1.227166e-02   9.791797e-23   20499120
  2.735575e+01   4.456348e-24   1.227335e-02   9.674583e-23   20448668
  2.739827e+01   9.379816e-23   1.227231e-02   9.547379e-23   20394408
  2.744078e+01   2.409621e-22   1.227328e-02   9.427084e-23   20344236
  2.748329e+01   2.446669e-22   1.227052e-02   9.316158e-23   20287988
  2.752580e+01   -1.833043e-22   1.227218e-02   9.197475e-23   20237280
  2.756831e+01   -2.330463e-22   1.226928e-02   9.083585e-23   20178328
  2.761083e+01   -1.061241e-23   1.227861e-02   8.964233e-23   20139844
  2.765335e+01   -1.704084e-22   1.226869e-02   8.862928e-23   20069748
  2.769585e+01   -1.545454e-22   1.227006e-02   8.755907e-23   20016800
  2.773835e+01   -3.091638e-23   1.227057e-02   8.652523e-23   19962224
  2.778087e+01   -1.466916e-22   1.227954e-02   8.541443e-23   19923568
  2.782339e+01   7.331780e-23   1.226996e-02   8.437426e-23   19854300
  2.786590e+01   -9.850975e-23   1.226862e-02   8.339183e-23   19797056
  2.790840e+01   1.080181e-22   1.227082e-02   8.245053e-23   19744940
  2.795091e+01   3.001986e-23   1.227270e-02   8.140331e-23   19691768
  2.799342e+01   1.758681e-23   1.226928e-02   8.041045e-23   19629548
  2.803593e+01   -1.827503e-22   1.227096e-02   7.959729e-23   19575480
  2.807844e+01   1.458332e-23   1.227365e-02   7.862426e-23   19523296
  2.812096e+01   7.165725e-23   1.227813e-02   7.771031e-23   19474344
  2.816347e+01   1.649304e-24   1.226244e-02   7.680306e-23   19392868
  2.820597e+01   1.145541e-22   1.227629e-02   7.592954e-23   19356176
  2.824849e+01   4.664543e-23   1.227437e-02   7.509981e-23   19294916
  2.829102e+01   -1.179746e-22   1.227644e-02   7.419098e-23   19240856
  2.833353e+01   3.526472e-23   1.226827e-02   7.341986e-23   19170884
  2.837603e+01   9.702666e-23   1.226787e-02   7.252382e-23   19111352
  2.841853e+01   5.094031e-23   1.227311e-02   7.172176e-23   19060016
  2.846104e+01   2.572350e-22   1.227199e-02   7.095075e-23   18999752
  2.850354e+01   -1.569435e-23   1.226484e-02   7.019772e-23   18930272
  2.854604e+01   1.411109e-23   1.227204e-02   6.939633e-23   18882340
  2.858856e+01   -7.929299e-23   1.227653e-02   6.862172e-23   18829056
  2.863108e+01   -1.996648e-23   1.226917e-02   6.794654e-23   18757640
  2.867359e+01   1.485027e-22   1.227679e-02   6.716937e-23   18709036
  2.871611e+01   -4.455785e-23   1.226951e-02   6.645740e-23   18637668
  2.875862e+01   5.681902e-23   1.227659e-02   6.573119e-23   18587048
  2.880113e+01   7.746896e-23   1.226650e-02   6.510227e-23   18510972
  2.884363e+01   -1.804447e-22   1.227092e-02   6.434587e-23   18456692
  2.888614e+01   1.021470e-22   1.227027e-02   6.366448e-23   18394084
  2.892866e+01   3.339835e-23   1.227644e-02   6.300901e-23   18341352
  2.897118e+01   5.249787e-23   1.227294e-02   6.236579e-23   18273884
  2.901369e+01   -8.076059e-24   1.227214e-02   6.174622e-23   18211148
  2.905619e+01   1.056527e-22   1.226468e-02   6.110284e-23   18137692
  2.909870e+01   -9.206349e-24   1.227635e-02   6.042512e-23   18091580
  2.914122e+01   -1.931840e-23   1.227406e-02   5.981072e-23   18024560
  2.918373e+01   2.642850e-23   1.226945e-02   5.921644e-23   17955116
  2.922624e+01   -8.050895e-23   1.227055e-02   5.860177e-23   17893232
  2.926875e+01   4.298704e-23   1.227337e-02   5.803850e-23   17832620
  2.931126e+01   -7.398111e-23   1.227331e-02   5.748339e-23   17767864
  2.935378e+01   -1.132596e-23   1.227523e-02   5.692712e-23   17706956
  2.939629e+01   -1.515968e-23   1.226779e-02   5.635213e-23   17632632
  2.943880e+01   -5.998837e-23   1.227224e-02   5.579350e-23   17573524
  2.948131e+01   -1.259148e-22   1.227160e-02   5.527762e-23   17506380
  2.952382e+01   5.425797e-23   1.227283e-02   5.474242e-23   17442548
  2.956632e+01   1.350036e-23   1.226611e-02   5.423917e-23   17368556
  2.960883e+01   2.328142e-23   1.227726e-02   5.366275e-23   17318260
  2.965135e+01   -2.499006e-22   1.227176e-02   5.318948e-23   17243792
  2.969385e+01   1.000778e-22   1.226620e-02   5.267684e-23   17169716
  2.973635e+01   4.731196e-23   1.227104e-02   5.219191e-23   17109768
  2.977886e+01   -4.748524e-23   1.227205e-02   5.169656e-23   17044064
  2.982138e+01   -5.305573e-23   1.227557e-02   5.121464e-23   16981560
  2.986389e+01   -3.280274e-23   1.226672e-02   5.076589e-23   16902264
  2.990640e+01   -5.370496e-23   1.227800e-02   5.024963e-23   16849940
  2.994892e+01   -9.442123e-23   1.226984e-02   4.984103e-23   16770600
  2.999143e+01   -7.005428e-24   1.227399e-02   4.943412e-23   16707512
  3.003394e+01   -9.369562e-23   1.227053e-02   4.901457e-23   16634480
  3.007645e+01   -1.314487e-23   1.227297e-02   4.849168e-23   16569424
  3.011897e+01   2.230831e-24   1.227100e-02   4.806055e-23   16497216
  3.016149e+01   -4.097709e-23   1.227800e-02   4.769115e-23   16436416
  3.020400e+01   -1.717752e-23   1.226813e-02   4.728337e-23   16353532
  3.024650e+01   -5.641736e-23   1.226850e-02   4.685844e-23   16284908
  3.028900e+01   -1.561381e-23   1.227370e-02   4.644053e-23   16221948
  3.033152e+01   -7.484193e-23   1.227445e-02   4.608891e-23   16152552
  3.037404e+01   -6.277680e-23   1.227249e-02   4.562090e-23   16078864
  3.041655e+01   4.427618e-23   1.227014e-02   4.529950e-23   16005296
  3.045906e+01   -1.627680e-22   1.227320e-02   4.490035e-23   15938220
  3.050157e+01   -1.712891e-23   1.226736e-02   4.454517e-23   15858440
  3.054407e+01   8.917707e-24   1.226949e-02   4.415426e-23   15789252
  3.058657e+01   2.551524e-23   1.227019e-02   4.381440e-23   15718944
  3.062908e+01   4.286226e-23   1.227179e-02   4.347029e-23   15648652
  3.067160e+01   2.073905e-23   1.227680e-02   4.308962e-23   15581944
  3.071412e+01   -1.272097e-22   1.227604e-02   4.274864e-23   15508744
  3.075663e+01   5.222534e-23   1.226574e-02   4.244965e-23   15422472
  3.079914e+01   9.648852e-25   1.227551e-02   4.208251e-23   15361536
  3.084165e+01   1.067821e-22   1.226998e-02   4.178767e-23   15281048
  3.088415e+01   2.830128e-23   1.227023e-02   4.138928e-23   15207752
  3.092666e+01   4.692735e-23   1.227075e-02   4.109963e-23   15134800
  3.096917e+01   -4.406721e-24   1.227038e-02   4.081131e-23   15059664
  3.101168e+01   8.047734e-23   1.227242e-02   4.050300e-23   14987020
  3.105420e+01   -3.601040e-23   1.227903e-02   4.019091e-23   14919936
  3.109672e+01   -1.312760e-22   1.226792e-02   3.991832e-23   14831776
  3.113923e+01   -5.905509e-23   1.227679e-02   3.959119e-23   14767552
  3.118174e+01   9.858531e-23   1.226524e-02   3.935106e-23   14678336
  3.122425e+01   7.343219e-23   1.227632e-02   3.905856e-23   14615044
  3.126676e+01   4.975078e-25   1.226910e-02   3.877936e-23   14530200
  3.130927e+01   -5.897255e-23   1.227171e-02   3.849578e-23   14457000
  3.135178e+01   8.093162e-23   1.227423e-02   3.822629e-23   14383440
  3.139429e+01   -3.263005e-23   1.226801e-02   3.800145e-23   14299516
  3.143679e+01   6.751086e-23   1.227160e-02   3.770858e-23   14226024
  3.147930e+01   -2.662963e-24   1.226889e-02   3.744242e-23   14145048
  3.152182e+01   1.024524e-22   1.228178e-02   3.716330e-23   14082144
  3.156433e+01   5.594331e-23   1.226157e-02   3.694500e-23   13981640
  3.160683e+01   1.075791e-22   1.227475e-02   3.676088e-23   13918460
  3.164935e+01   9.851120e-23   1.227481e-02   3.648116e-23   13839752
  3.169188e+01   7.394554e-23   1.227673e-02   3.622430e-23   13762736
  3.173439e+01   7.652735e-23   1.227147e-02   3.599477e-23   13677980
  3.177690e+01   5.807639e-23   1.226900e-02   3.579146e-23   13596196
  3.181940e+01   7.267210e-23   1.226988e-02   3.556443e-23   13517736
  3.186190e+01   5.889776e-23   1.226579e-02   3.533566e-23   13433184
  3.190440e+01   8.143058e-23   1.227449e-02   3.513873e-23   13362296
  3.194692e+01   -5.149351e-23   1.227398e-02   3.494249e-23   13281376
  3.198944e+01   5.507926e-23   1.227645e-02   3.471979e-23   13203336
  3.203195e+01   1.019611e-22   1.226687e-02   3.453173e-23   13113016
  3.207445e+01   5.422837e-23   1.227094e-02   3.431053e-23   13036400
  3.211696e+01   1.445571e-23   1.226987e-02   3.411893e-23   12953648
  3.215948e+01   7.309431e-23   1.227674e-02   3.392430e-23   12879016
  3.220199e+01   8.270653e-23   1.227015e-02   3.373162e-23   12790124
  3.224451e+01   7.827733e-24   1.227599e-02   3.356283e-23   12714152
  3.228701e+01   9.562709e-23   1.226430e-02   3.342344e-23   12619608
  3.232951e+01   1.027398e-22   1.227473e-02   3.321741e-23   12547232
  3.237204e+01   1.016308e-23   1.228098e-02   3.303327e-23   12470568
  3.241455e+01   1.187164e-22   1.226086e-02   3.288204e-23   12368136
  3.245705e+01   1.118308e-22   1.227647e-02   3.268583e-23   12300504
  3.249958e+01   2.321492e-23   1.227251e-02   3.252980e-23   12212172
  3.254209e+01   -1.725760e-23   1.227112e-02   3.238367e-23   12126228
  3.258459e+01   7.626553e-23   1.227235e-02   3.223449e-23   12043352
  3.262711e+01   -4.281544e-24   1.227321e-02   3.207428e-23   11959896
  3.266960e+01   1.259000e-22   1.226107e-02   3.195114e-23   11863804
  3.271211e+01   1.013145e-22   1.227575e-02   3.176694e-23   11792812
  3.275463e+01   5.099026e-23   1.227439e-02   3.162721e-23   11705392
  3.279713e+01   5.221224e-23   1.226794e-02   3.145804e-23   11613836
  3.283965e+01   7.318146e-23   1.228215e-02   3.138622e-23   11541532
  3.288217e+01   4.855103e-23   1.226539e-02   3.119836e-23   11440232
  3.292468e+01   5.032352e-23   1.227538e-02   3.112588e-23   11363008
  3.296718e+01   -3.687898e-23   1.226652e-02   3.097091e-23   11267848
  3.300970e+01   1.315037e-23   1.227722e-02   3.084128e-23   11190640
  3.305222e+01   5.390404e-23   1.227423e-02   3.074904e-23   11101084
  3.309472e+01   6.939827e-24   1.226241e-02   3.063804e-23   11003284
  3.313721e+01   -3.734219e-23   1.227344e-02   3.052174e-23   10925424
  3.317973e+01   -3.207598e-23   1.227067e-02   3.038615e-23   10834724
  3.322224e+01   1.025519e-22   1.227484e-02   3.029420e-23   10750156
  3.326475e+01   6.095306e-23   1.226635e-02   3.014114e-23   10655280
  3.330725e+01   6.274310e-23   1.226924e-02   3.008937e-23   10569120
  3.334975e+01   8.344670e-23   1.226867e-02   2.994862e-23   10479672
  3.339228e+01   6.602555e-23   1.228611e-02   2.988515e-23   10404504
  3.343481e+01   2.508643e-23   1.227382e-02   2.975609e-23   10304108
  3.347732e+01   1.930658e-23   1.226797e-02   2.970327e-23   10209940
  3.351983e+01   3.254652e-23   1.227575e-02   2.960729e-23   10126584
  3.356234e+01   4.959418e-23   1.226442e-02   2.950812e-23   10027064
  3.360484e+01   2.616050e-23   1.227492e-02   2.946415e-23   9945072
  3.364734e+01   -4.188626e-23   1.226340e-02   2.935466e-23   9844764
  3.368986e+01   2.860207e-23   1.228362e-02   2.928866e-23   9769940
  3.373238e+01   2.850959e-23   1.226688e-02   2.919433e-23   9666072
  3.377488e+01   6.233153e-23   1.227051e-02   2.909922e-23   9577112
  3.381739e+01   1.002766e-22   1.227148e-02   2.903021e-23   9485848
  3.385991e+01   1.506576e-23   1.227527e-02   2.896690e-23   9396136
  3.390243e+01   8.763690e-23   1.227579e-02   2.888275e-23   9304408
  3.394493e+01   5.654059e-23   1.225842e-02   2.883127e-23   9199028
  3.398742e+01   2.944095e-23   1.227468e-02   2.876177e-23   9118288
  3.402993e+01   1.550437e-23   1.226747e-02   2.869881e-23   9019624
  3.407245e+01   -2.892420e-24   1.228368e-02   2.859838e-23   8937420
  3.411497e+01   -4.789888e-23   1.227061e-02   2.855208e-23   8835200
  3.415748e+01   -3.811162e-24   1.226739e-02   2.851567e-23   8739332
  3.419998e+01   6.264626e-24   1.227099e-02   2.844949e-23   8648112
  3.424250e+01   -3.843922e-23   1.227159e-02   2.839598e-23   8553372
  3.428501e+01   -3.222908e-23   1.227728e-02   2.830825e-23   8461944
  3.432753e+01   1.705853e-23   1.227227e-02   2.827237e-23   8363348
  3.437004e+01   -1.031317e-23   1.227148e-02   2.825296e-23   8267792
  3.441254e+01   -1.252352e-22   1.226640e-02   2.816381e-23   8169380
  3.445505e+01   2.053023e-23   1.227807e-02   2.810495e-23   8081008
  3.449756e+01   -4.638871e-23   1.226310e-02   2.805939e-23   7975632
  3.454006e+01   -6.751670e-23   1.227841e-02   2.797515e-23   7889116
  3.458257e+01   -4.042351e-23   1.226405e-02   2.791599e-23   7784008
  3.462508e+01   -2.498321e-23   1.227484e-02   2.787176e-23   7693848
  3.466759e+01   -9.240884e-24   1.226805e-02   2.781916e-23   7592468
  3.471010e+01   -2.108930e-23   1.227572e-02   2.769225e-23   7499076
  3.475262e+01   -2.058590e-23   1.227790e-02   2.768590e-23   7402880
  3.479514e+01   -5.657408e-23   1.227043e-02   2.754934e-23   7300768
  3.483765e+01   -3.811847e-23   1.227061e-02   2.759219e-23   7203316
  3.488013e+01   -4.533898e-23   1.225476e-02   2.745719e-23   7095724
  3.492265e+01   -2.197710e-23   1.229466e-02   2.741315e-23   7019608
  3.496518e+01   2.589194e-23   1.226138e-02   2.727133e-23   6901916
  3.500769e+01   -5.435398e-23   1.227882e-02   2.722611e-23   6812952
  3.505019e+01   -9.728739e-23   1.226209e-02   2.710466e-23   6704548
  3.509270e+01   4.861958e-24   1.227587e-02   2.701735e-23   6612168
  3.513521e+01   1.543422e-23   1.227039e-02   2.687785e-23   6508628
  3.517773e+01   -7.396177e-24   1.227711e-02   2.671909e-23   6412072
  3.522024e+01   -7.942228e-23   1.226747e-02   2.661591e-23   6306660
  3.526274e+01   1.707115e-23   1.226997e-02   2.646261e-23   6207592
  3.530523e+01   -7.325125e-23   1.226489e-02   2.632277e-23   6103860
  3.534774e+01   -3.564005e-23   1.227430e-02   2.609603e-23   6007184
  3.539025e+01   -4.738254e-24   1.227513e-02   2.591130e-23   5905660
  3.543278e+01   4.701711e-23   1.227664e-02   2.561385e-23   5805132
  3.547529e+01   9.858257e-23   1.226925e-02   2.543664e-23   5700008
  3.551778e+01   -1.374157e-23   1.226294e-02   2.510762e-23   5594856
  3.556030e+01   -1.161539e-23   1.228122e-02   2.483334e-23   5502341
  3.560283e+01   3.484959e-23   1.227277e-02   2.464721e-23   5404852
  3.564533e+01   -6.929980e-24   1.226768e-02   2.437903e-23   5313930
  3.568784e+01   3.475470e-23   1.227261e-02   2.415416e-23   5230396
  3.573035e+01   3.385842e-24   1.226815e-02   2.395140e-23   5145158
  3.577285e+01   4.205493e-23   1.227058e-02   2.378868e-23   5064506
  3.581538e+01   -3.191726e-23   1.228142e-02   2.366408e-23   4989464
  3.585790e+01   -2.389526e-23   1.226989e-02   2.351610e-23   4907486
  3.590041e+01   6.264391e-23   1.226982e-02   2.340030e-23   4831952
  3.594292e+01   6.084400e-23   1.226933e-02   2.320580e-23   4757392
  3.598543e+01   2.972903e-23   1.227425e-02   2.307662e-23   4685902
  3.602794e+01   3.229594e-23   1.227136e-02   2.288756e-23   4612826
  3.607044e+01   5.323346e-23   1.227059e-02   2.278022e-23   4542436
  3.611296e+01   1.749436e-23   1.227508e-02   2.261684e-23   4475408
  3.615546e+01   3.224889e-23   1.226173e-02   2.254433e-23   4402686
  3.619797e+01   1.422690e-23   1.227689e-02   2.242520e-23   4340854
  3.624049e+01   5.691815e-23   1.227466e-02   2.229370e-23   4273862
  3.628301e+01   8.601236e-24   1.227237e-02   2.220237e-23   4208538
  3.632551e+01   3.968765e-23   1.226532e-02   2.212716e-23   4142584
  3.636801e+01   -5.309345e-24   1.226978e-02   2.202388e-23   4081232
  3.641052e+01   3.886034e-23   1.227225e-02   2.189789e-23   4019668
  3.645304e+01   -2.429508e-24   1.228203e-02   2.181079e-23   3961416
  3.649557e+01   -1.195625e-24   1.227387e-02   2.173913e-23   3898848
  3.653807e+01   4.988076e-23   1.226366e-02   2.163508e-23   3836718
  3.658056e+01   4.976833e-23   1.226607e-02   2.153113e-23   3779272
  3.662306e+01   3.824310e-23   1.226675e-02   2.148088e-23   3721434
  3.666558e+01   4.596050e-23   1.228126e-02   2.141314e-23   3668198
  3.670811e+01   3.538317e-23   1.227910e-02   2.132170e-23   3611346
  3.675062e+01   3.278233e-24   1.226582e-02   2.124006e-23   3552442
  3.679312e+01   4.053954e-23   1.226935e-02   2.117196e-23   3498908
  3.683563e+01   -3.245181e-23   1.227192e-02   2.107830e-23   3445382
  3.687814e+01   2.927086e-23   1.227356e-02   2.104297e-23   3392244
  3.692066e+01   1.053592e-23   1.227344e-02   2.090073e-23   3339634
  3.696317e+01   1.129587e-23   1.226899e-02   2.088537e-23   3286752
  3.700566e+01   2.791745e-23   1.226327e-02   2.085722e-23   3234180
  3.704816e+01   -3.404078e-23   1.226838e-02   2.079291e-23   3184556
  3.709068e+01   6.152184e-23   1.228145e-02   2.074605e-23   3137238
  3.713322e+01   -4.600358e-24   1.228151e-02   2.068677e-23   3087670
  3.717574e+01   -4.206396e-24   1.227426e-02   2.059236e-23   3037460
  3.721824e+01   8.270157e-23   1.225819e-02   2.057815e-23   2985736
  3.726072e+01   1.372547e-24   1.226565e-02   2.055117e-23   2939708
  3.730324e+01   -3.249843e-25   1.228621e-02   2.053935e-23   2897012
  3.734577e+01   -8.715727e-24   1.227048e-02   2.049765e-23   2846890
  3.738827e+01   1.611702e-23   1.226277e-02   2.037027e-23   2799588
  3.743076e+01   3.846825e-23   1.226558e-02   2.040496e-23   2754954
  3.747326e+01   1.889612e-23   1.227308e-02   2.039805e-23   2711500
  3.751579e+01   1.171177e-23   1.228240e-02   2.034177e-23   2669006
  3.755830e+01   2.357793e-23   1.226335e-02   2.034043e-23   2621264
  3.760081e+01   3.339907e-23   1.227565e-02   2.030011e-23   2580726
  3.764332e+01   -3.726011e-23   1.226856e-02   2.029236e-23   2536470
  3.768582e+01   -5.274202e-24   1.226978e-02   2.022899e-23   2494370
  3.772834e+01   1.595850e-23   1.227534e-02   2.023783e-23   2453556
  3.777086e+01   -3.287145e-23   1.228047e-02   2.025533e-23   2413246
  3.781339e+01   -1.441797e-23   1.227197e-02   2.017494e-23   2370914
  3.785589e+01   -1.732631e-24   1.226887e-02   2.017195e-23   2330126
  3.789840e+01   -3.631873e-23   1.227428e-02   2.017327e-23   2291406
  3.794091e+01   -1.607376e-23   1.226463e-02   2.022516e-23   2250410
  3.798340e+01   4.097328e-24   1.226403e-02   2.016109e-23   2211486
  3.802590e+01   -5.160935e-23   1.227094e-02   2.021704e-23   2174194
  3.806841e+01   4.001566e-23   1.227271e-02   2.019036e-23   2136416
  3.811093e+01   4.867604e-23   1.227972e-02   2.020266e-23   2100070
  3.815344e+01   -5.970594e-23   1.226224e-02   2.020518e-23   2060026
  3.819594e+01   3.658170e-23   1.227745e-02   2.023227e-23   2025910
  3.823846e+01   -2.655460e-23   1.227012e-02   2.023721e-23   1988576
  3.828096e+01   -6.217500e-23   1.226824e-02   2.026077e-23   1952610
  3.832347e+01   7.105523e-25   1.226944e-02   2.029047e-23   1917470
  3.836597e+01   -3.010709e-23   1.226960e-02   2.033334e-23   1882484
  3.840848e+01   -1.259412e-23   1.227230e-02   2.027547e-23   1848262
  3.845101e+01   2.415163e-23   1.228531e-02   2.034141e-23   1816024
  3.849355e+01   3.611181e-23   1.227230e-02   2.038095e-23   1780418
  3.853605e+01   -7.816168e-24   1.226815e-02   2.040748e-23   1746576
  3.857856e+01   4.358082e-23   1.227451e-02   2.044189e-23   1714622
  3.862107e+01   1.509659e-23   1.227068e-02   2.047329e-23   1681692
  3.866358e+01   -4.259227e-23   1.226987e-02   2.051118e-23   1649574
  3.870606e+01   1.662042e-24   1.225405e-02   2.059517e-23   1615788
  3.874855e+01   3.565637e-24   1.227462e-02   2.060330e-23   1587064
  3.879108e+01   1.778787e-23   1.227930e-02   2.063783e-23   1556598
  3.883360e+01   -3.846903e-23   1.227389e-02   2.075560e-23   1525380
  3.887612e+01   -5.245604e-23   1.227468e-02   2.078899e-23   1495360
  3.891863e+01   1.620882e-23   1.226450e-02   2.089169e-23   1464370
  3.896112e+01   -1.997587e-23   1.227040e-02   2.086507e-23   1435656
  3.900363e+01   1.449025e-23   1.226801e-02   2.098605e-23   1406304
  3.904613e+01   -6.531635e-23   1.226859e-02   2.105917e-23   1377628
  3.908864e+01   -1.071782e-23   1.227348e-02   2.112922e-23   1349744
  3.913115e+01   -2.459912e-23   1.227337e-02   2.123126e-23   1321682
  3.917367e+01   -4.199783e-23   1.227639e-02   2.131909e-23   1294376
  3.921619e+01   3.709395e-24   1.227256e-02   2.138901e-23   1266768
  3.925869e+01   -1.205547e-24   1.226510e-02   2.145524e-23   1239172
  3.930118e+01   9.971080e-24   1.226095e-02   2.160737e-23   1212224
  3.934367e+01   3.296642e-23   1.226955e-02   2.168140e-23   1186796
  3.938619e+01   3.893514e-23   1.227613e-02   2.179890e-23   1161432
  3.942870e+01   -1.324193e-23   1.227171e-02   2.192450e-23   1135408
  3.947122e+01   -2.947249e-23   1.227296e-02   2.199603e-23   1110324
  3.951374e+01   -5.210942e-23   1.227570e-02   2.216153e-23   1085680
  3.955625e+01   -4.599904e-23   1.226737e-02   2.223005e-23   1060364
  3.959875e+01   -2.412606e-23   1.227507e-02   2.236674e-23   1036736
  3.964128e+01   2.951000e-23   1.228225e-02   2.243639e-23   1013388
  3.968380e+01   3.293427e-25   1.226708e-02   2.265896e-23   988656
  3.972630e+01   3.385878e-23   1.226695e-02   2.281309e-23   965530
  3.976879e+01   1.218721e-25   1.225942e-02   2.291118e-23   942100
  3.981127e+01   1.631228e-23   1.226457e-02   2.308737e-23   919888
  3.985377e+01   8.094498e-23   1.226597e-02   2.327981e-23   897628
  3.989627e+01   3.942243e-23   1.227002e-02   2.336149e-23   875856
  3.993878e+01   3.878037e-23   1.227840e-02   2.357590e-23   854736
  3.998132e+01   6.746684e-23   1.228018e-02   2.380004e-23   833510
  4.002385e+01   4.294209e-23   1.227248e-02   2.391799e-23   811976
  4.006635e+01   -3.396150e-23   1.226626e-02   2.414330e-23   790844
  4.010884e+01   -4.601705e-23   1.226521e-02   2.435727e-23   770320
  4.015135e+01   -3.749337e-23   1.227665e-02   2.462907e-23   750838
  4.019387e+01   1.387018e-23   1.227491e-02   2.480068e-23   730864
  4.023638e+01   -2.138816e-23   1.226816e-02   2.502759e-23   710984
  4.027888e+01   -4.308580e-23   1.226909e-02   2.525837e-23   691894
  4.032138e+01   -3.030669e-23   1.226442e-02   2.542192e-23   672776
  4.036388e+01   -7.396327e-23   1.226826e-02   2.564836e-23   654372
  4.040638e+01   -9.998307e-23   1.226215e-02   2.596829e-23   635682
  4.044886e+01   3.750303e-23   1.225955e-02   2.631568e-23   617460
  4.049134e+01   -9.095234e-23   1.226707e-02   2.665818e-23   600024
  4.053385e+01   -1.891083e-23   1.227362e-02   2.680066e-23   582830
  4.057638e+01   -3.943884e-23   1.228135e-02   2.721935e-23   566000
  4.061890e+01   1.410943e-23   1.226617e-02   2.752713e-23   548458
  4.066141e+01   3.864110e-23   1.227047e-02   2.782191e-23   532084
  4.070391e+01   -4.432473e-24   1.226296e-02   2.816648e-23   515440
  4.074640e+01   7.171904e-23   1.225813e-02   2.842382e-23   499174
  4.078887e+01   -1.554722e-23   1.225821e-02   2.889618e-23   483368
  4.083136e+01   -4.172626e-26   1.227023e-02   2.927899e-23   468270
  4.087389e+01   2.633779e-23   1.228696e-02   2.970157e-23   453568
  4.091643e+01   -5.296978e-23   1.227409e-02   3.013821e-23   438106
  4.095894e+01   1.615208e-23   1.227469e-02   3.046662e-23   423508
  4.100145e+01   -7.182404e-23   1.226141e-02   3.093533e-23   408754
  4.104393e+01   -9.021475e-23   1.225820e-02   3.124345e-23   394612
  4.108642e+01   -3.150970e-23   1.225930e-02   3.185112e-23   380826
  4.112890e+01   -6.392578e-23   1.225454e-02   3.245939e-23   367086
  4.117139e+01   -4.990443e-23   1.226090e-02   3.303526e-23   353904
  4.121389e+01   6.912662e-23   1.227137e-02   3.335923e-23   341046
  4.125641e+01   3.709629e-24   1.227131e-02   3.422500e-23   328144
  4.129892e+01   -2.426172e-23   1.227396e-02   3.452587e-23   315598
  4.134144e+01   -5.114811e-23   1.228177e-02   3.528415e-23   303466
  4.138397e+01   -8.864839e-23   1.228223e-02   3.584521e-23   291456
  4.142650e+01   -7.105054e-23   1.227604e-02   3.645989e-23   279614
  4.146899e+01   -9.463159e-23   1.225106e-02   3.720230e-23   267680
  4.151144e+01   -1.560118e-22   1.224457e-02   3.808275e-23   256438
  4.155391e+01   4.950099e-24   1.224802e-02   3.863331e-23   245618
  4.159638e+01   -1.448036e-22   1.223546e-02   3.957699e-23   234708
  4.163882e+01   1.715479e-23   1.223171e-02   4.051432e-23   224210
  4.168126e+01   -4.672101e-23   1.223403e-02   4.155604e-23   214046
  4.172371e+01   1.980072e-23   1.223949e-02   4.250165e-23   204152
  4.176619e+01   -7.921924e-23   1.225107e-02   4.333135e-23   194558
  4.180866e+01   2.654304e-23   1.225135e-02   4.456893e-23   185018
  4.185115e+01   -1.000523e-22   1.226437e-02   4.547403e-23   175918
  4.189365e+01   -2.047244e-23   1.227339e-02   4.643038e-23   166992
  4.193617e+01   -1.672938e-22   1.228038e-02   4.824542e-23   158294
  4.197870e+01   -2.946273e-23   1.228439e-02   4.946601e-23   149842
  4.202124e+01   -2.273649e-23   1.227461e-02   5.066357e-23   141530
  4.206372e+01   2.353238e-23   1.224204e-02   5.244619e-23   133284
  4.210617e+01   -9.511415e-24   1.222942e-02   5.405064e-23   125546
  4.214861e+01   3.304800e-23   1.220458e-02   5.560240e-23   117950
  4.219103e+01   -6.071386e-23   1.219441e-02   5.668194e-23   110746
  4.223344e+01   -1.154020e-22   1.215920e-02   5.930850e-23   103572
  4.227581e+01   1.816110e-23   1.214429e-02   6.098499e-23   96818
  4.231818e+01   -2.917256e-23   1.212533e-02   6.383278e-23   90262
  4.236054e+01   -4.390747e-23   1.210927e-02   6.623620e-23   83970
  4.240287e+01   -1.142608e-22   1.207941e-02   6.827293e-23   77846
  4.244517e+01   8.203457e-23   1.204821e-02   7.095544e-23   71984
  4.248745e+01   -1.698755e-22   1.202292e-02   7.422893e-23   66398
  4.252973e+01   -7.154749e-23   1.200147e-02   7.755899e-23   61058
  4.257200e+01   -2.499975e-23   1.198286e-02   8.140602e-23   55958
  4.261428e+01   4.248193e-23   1.196279e-02   8.497015e-23   51082
  4.265654e+01   -2.526461e-22   1.192707e-02   8.925238e-23   46398
  4.269877e+01   1.334772e-23   1.188372e-02   9.329476e-23   41954
  4.274096e+01   1.122622e-22   1.182018e-02   9.851675e-23   37718
  4.278311e+01   -6.955218e-23   1.175253e-02   1.043933e-22   33736
  4.282524e+01   1.088393e-22   1.169132e-02   1.120956e-22   30006
  4.286737e+01   1.319337e-22   1.164907e-02   1.172552e-22   26522
  4.290955e+01   -8.021790e-23   1.162191e-02   1.284524e-22   23254
  4.295172e+01   2.240348e-22   1.158330e-02   1.370351e-22   20178
  4.299391e+01   1.458559e-22   1.156315e-02   1.449406e-22   17342
  4.303612e+01   4.562481e-22   1.154632e-02   1.632193e-22   14714
  4.307837e+01   -2.905957e-22   1.155162e-02   1.698429e-22   12310
  4.312059e+01   4.251853e-22   1.152174e-02   1.930307e-22   10098
  4.316283e+01   -2.770789e-23   1.151731e-02   2.128904e-22   8126
  4.320507e+01   5.516371e-22   1.151119e-02   2.456884e-22   6362
  4.324736e+01   2.530001e-23   1.155455e-02   2.786746e-22   4822
  4.328956e+01   -3.494153e-22   1.148980e-02   3.296666e-22   3474
  4.333169e+01   8.466463e-22   1.147690e-02   4.344654e-22   2366
  4.337376e+01   -3.653122e-22   1.144014e-02   5.029556e-22   1466
  4.341590e+01   -2.811234e-22   1.170054e-02   7.628100e-22   790
  4.345704e+01   -1.100880e-21   1.106884e-02   1.029094e-21   306
  4.349554e+01   1.385593e-21   9.430857e-03   2.604209e-21   62
