# cross spectrum of phi(z1) and phi(z2)
# redshift z=1.598923
# k              Pk             sigma(k)       sigma(Pk)      count
  3.132125e-02   6.936932e-11   4.792454e-03   1.908244e-11   18
  6.745391e-02   3.219304e-11   1.159167e-02   3.214858e-12   152
  1.090113e-01   1.133001e-11   1.224347e-02   5.570672e-13   416
  1.497134e-01   5.077189e-12   1.165022e-02   1.993653e-13   770
  1.923472e-01   2.666089e-12   1.247860e-02   7.833854e-14   1364
  2.350444e-01   1.512367e-12   1.221820e-02   3.488001e-14   1976
  2.775930e-01   9.758460e-13   1.245022e-02   1.920722e-14   2792
  3.193857e-01   6.771884e-13   1.188722e-02   1.122018e-14   3578
  3.615292e-01   4.716681e-13   1.219808e-02   6.920818e-15   4724
  4.045273e-01   3.524349e-13   1.253838e-02   4.530493e-15   6032
  4.469941e-01   2.612695e-13   1.206640e-02   3.247675e-15   7072
  4.890810e-01   2.122494e-13   1.222555e-02   2.351701e-15   8634
  5.318886e-01   1.739143e-13   1.238102e-02   1.743874e-15   10336
  5.746708e-01   1.412522e-13   1.232804e-02   1.279451e-15   11940
  6.167490e-01   1.167796e-13   1.208586e-02   1.011705e-15   13490
  6.588740e-01   1.015038e-13   1.221778e-02   8.177540e-16   15656
  7.016595e-01   8.620535e-14   1.241043e-02   6.289057e-16   18008
  7.443680e-01   7.345546e-14   1.227786e-02   5.320828e-16   19964
  7.867827e-01   6.386081e-14   1.226437e-02   4.312498e-16   22354
  8.291404e-01   5.589391e-14   1.212327e-02   3.594144e-16   24648
  8.716536e-01   4.966636e-14   1.233244e-02   2.984145e-16   27592
  9.142068e-01   4.454981e-14   1.230127e-02   2.546000e-16   30152
  9.566749e-01   3.964336e-14   1.227622e-02   2.212329e-16   33046
  9.991233e-01   3.574057e-14   1.221538e-02   1.895702e-16   35992
  1.041693e+00   3.286209e-14   1.229906e-02   1.663823e-16   39304
  1.084289e+00   2.959581e-14   1.232858e-02   1.452588e-16   42608
  1.126820e+00   2.706075e-14   1.223307e-02   1.279707e-16   45758
  1.169340e+00   2.448027e-14   1.228914e-02   1.125236e-16   49536
  1.211695e+00   2.287281e-14   1.215683e-02   1.015014e-16   52488
  1.254054e+00   2.092740e-14   1.233851e-02   8.840744e-17   57034
  1.296605e+00   1.931939e-14   1.224458e-02   7.969926e-17   60648
  1.339187e+00   1.783782e-14   1.230532e-02   7.049679e-17   65044
  1.381689e+00   1.661778e-14   1.223104e-02   6.391817e-17   68720
  1.424202e+00   1.557623e-14   1.231312e-02   5.834208e-17   73538
  1.466870e+00   1.465108e-14   1.230776e-02   5.333154e-17   78080
  1.509304e+00   1.351372e-14   1.215944e-02   4.789179e-17   81572
  1.551677e+00   1.280237e-14   1.232495e-02   4.434399e-17   87248
  1.594353e+00   1.206680e-14   1.233837e-02   4.048339e-17   92266
  1.636929e+00   1.120432e-14   1.225268e-02   3.667376e-17   96696
  1.679216e+00   1.059708e-14   1.215041e-02   3.399983e-17   100904
  1.721516e+00   1.007423e-14   1.226207e-02   3.172242e-17   107036
  1.764192e+00   9.458886e-15   1.235795e-02   2.861792e-17   113362
  1.806923e+00   8.975077e-15   1.228837e-02   2.667675e-17   118176
  1.849351e+00   8.469346e-15   1.221864e-02   2.466473e-17   122944
  1.891857e+00   8.077169e-15   1.233203e-02   2.308354e-17   129902
  1.934420e+00   7.705999e-15   1.224691e-02   2.167852e-17   134944
  1.976863e+00   7.251925e-15   1.225992e-02   1.994293e-17   140952
  2.019285e+00   6.930092e-15   1.225865e-02   1.864259e-17   147072
  2.061737e+00   6.636586e-15   1.224320e-02   1.753944e-17   153382
  2.104357e+00   6.328038e-15   1.233049e-02   1.635198e-17   160952
  2.147003e+00   6.025261e-15   1.228118e-02   1.526101e-17   166640
  2.189431e+00   5.716460e-15   1.222861e-02   1.432670e-17   172448
  2.231915e+00   5.484614e-15   1.231031e-02   1.340380e-17   180594
  2.274471e+00   5.222658e-15   1.224284e-02   1.261701e-17   186556
  2.316888e+00   4.995928e-15   1.225358e-02   1.187996e-17   193528
  2.359297e+00   4.771328e-15   1.224273e-02   1.119619e-17   200626
  2.401844e+00   4.581937e-15   1.230642e-02   1.053398e-17   209256
  2.444460e+00   4.399812e-15   1.227865e-02   9.920334e-18   216020
  2.487004e+00   4.218682e-15   1.230299e-02   9.426096e-18   223768
  2.529444e+00   4.034670e-15   1.222313e-02   8.858829e-18   230234
  2.571955e+00   3.876629e-15   1.229969e-02   8.357634e-18   239800
  2.614499e+00   3.713822e-15   1.225221e-02   7.896810e-18   246568
  2.656957e+00   3.602131e-15   1.227331e-02   7.558691e-18   254828
  2.699414e+00   3.435603e-15   1.225769e-02   7.149566e-18   263074
  2.741981e+00   3.294781e-15   1.228604e-02   6.743110e-18   272312
  2.784554e+00   3.194251e-15   1.228079e-02   6.418493e-18   280376
  2.827093e+00   3.073972e-15   1.228600e-02   6.095879e-18   288884
  2.869605e+00   2.940699e-15   1.227401e-02   5.756316e-18   297602
  2.912071e+00   2.835786e-15   1.223046e-02   5.486953e-18   305520
  2.954561e+00   2.736829e-15   1.230079e-02   5.228169e-18   315976
  2.996984e+00   2.626215e-15   1.221089e-02   4.982517e-18   322778
  3.039488e+00   2.533469e-15   1.232008e-02   4.738394e-18   335372
  3.082114e+00   2.441023e-15   1.227327e-02   4.517382e-18   343464
  3.124654e+00   2.346468e-15   1.228282e-02   4.301188e-18   352912
  3.167174e+00   2.277750e-15   1.228199e-02   4.109337e-18   362666
  3.209689e+00   2.188340e-15   1.225476e-02   3.940397e-18   371884
  3.252186e+00   2.118570e-15   1.227971e-02   3.743919e-18   382280
  3.294633e+00   2.035948e-15   1.224302e-02   3.566882e-18   390888
  3.337059e+00   1.963667e-15   1.226867e-02   3.402422e-18   402234
  3.379565e+00   1.900924e-15   1.225933e-02   3.267265e-18   412576
  3.422105e+00   1.819547e-15   1.228715e-02   3.092622e-18   423732
  3.464636e+00   1.780386e-15   1.227257e-02   3.007414e-18   433624
  3.507180e+00   1.714419e-15   1.228881e-02   2.866907e-18   445154
  3.549739e+00   1.657740e-15   1.227656e-02   2.734901e-18   455584
  3.592238e+00   1.598342e-15   1.225887e-02   2.628802e-18   465588
  3.634685e+00   1.546050e-15   1.226065e-02   2.501810e-18   476762
  3.677219e+00   1.495573e-15   1.229242e-02   2.408541e-18   489552
  3.719789e+00   1.440850e-15   1.227853e-02   2.299955e-18   500328
  3.762251e+00   1.387939e-15   1.223705e-02   2.199899e-18   509852
  3.804741e+00   1.349669e-15   1.229735e-02   2.123428e-18   524234
  3.847275e+00   1.303865e-15   1.224781e-02   2.035329e-18   534104
  3.889779e+00   1.259509e-15   1.228211e-02   1.944897e-18   547048
  3.932320e+00   1.224541e-15   1.229545e-02   1.875005e-18   559328
  3.974872e+00   1.180725e-15   1.228346e-02   1.804207e-18   571326
  4.017355e+00   1.145543e-15   1.224147e-02   1.736094e-18   581920
  4.059804e+00   1.104972e-15   1.225835e-02   1.659030e-18   594832
  4.102282e+00   1.071773e-15   1.227222e-02   1.596571e-18   608048
  4.144825e+00   1.038445e-15   1.228101e-02   1.537300e-18   621526
  4.187356e+00   1.006972e-15   1.226445e-02   1.484403e-18   633240
  4.229822e+00   9.688123e-16   1.225981e-02   1.420618e-18   645472
  4.272346e+00   9.402619e-16   1.230137e-02   1.364282e-18   660906
  4.314903e+00   9.110824e-16   1.227030e-02   1.314813e-18   672856
  4.357425e+00   8.861040e-16   1.226838e-02   1.270564e-18   685980
  4.399921e+00   8.534947e-16   1.227191e-02   1.220880e-18   699256
  4.442476e+00   8.275231e-16   1.229990e-02   1.171951e-18   714730
  4.484986e+00   8.034417e-16   1.223739e-02   1.133475e-18   725152
  4.527452e+00   7.771828e-16   1.227054e-02   1.091373e-18   740420
  4.569941e+00   7.596487e-16   1.227636e-02   1.056707e-18   754312
  4.612456e+00   7.324565e-16   1.227959e-02   1.017230e-18   769114
  4.654996e+00   7.089356e-16   1.227684e-02   9.765764e-19   783488
  4.697459e+00   6.894472e-16   1.223560e-02   9.479958e-19   794968
  4.739925e+00   6.676216e-16   1.228043e-02   9.121646e-19   812366
  4.782438e+00   6.476034e-16   1.226054e-02   8.807464e-19   825976
  4.825000e+00   6.266897e-16   1.230088e-02   8.462414e-19   843352
  4.867591e+00   6.089428e-16   1.229290e-02   8.196247e-19   857280
  4.910094e+00   5.911807e-16   1.225276e-02   7.945177e-19   869542
  4.952587e+00   5.729805e-16   1.228301e-02   7.655569e-19   887128
  4.995087e+00   5.546944e-16   1.225266e-02   7.384375e-19   900032
  5.037553e+00   5.378284e-16   1.226951e-02   7.142559e-19   916560
  5.080018e+00   5.202669e-16   1.224713e-02   6.876246e-19   930922
  5.122540e+00   5.089434e-16   1.228718e-02   6.682150e-19   949844
  5.165149e+00   4.916393e-16   1.230776e-02   6.435973e-19   966736
  5.207698e+00   4.759870e-16   1.226328e-02   6.233076e-19   978776
  5.250149e+00   4.634117e-16   1.225655e-02   6.027446e-19   994522
  5.292642e+00   4.496630e-16   1.227563e-02   5.827430e-19   1012420
  5.335176e+00   4.355498e-16   1.228639e-02   5.642533e-19   1029408
  5.377640e+00   4.237698e-16   1.223362e-02   5.476677e-19   1041658
  5.420127e+00   4.120299e-16   1.228953e-02   5.289025e-19   1063520
  5.462635e+00   3.984640e-16   1.224276e-02   5.120245e-19   1075808
  5.505175e+00   3.863311e-16   1.232008e-02   4.923951e-19   1098956
  5.547712e+00   3.756533e-16   1.224668e-02   4.800544e-19   1109810
  5.590179e+00   3.643622e-16   1.226115e-02   4.647798e-19   1128608
  5.632713e+00   3.534695e-16   1.229436e-02   4.498719e-19   1148264
  5.675250e+00   3.427085e-16   1.227167e-02   4.344973e-19   1163252
  5.717744e+00   3.318589e-16   1.226828e-02   4.202495e-19   1181042
  5.760239e+00   3.235141e-16   1.225730e-02   4.090553e-19   1197848
  5.802769e+00   3.139267e-16   1.229495e-02   3.958824e-19   1218848
  5.845291e+00   3.050569e-16   1.225944e-02   3.843867e-19   1232916
  5.887780e+00   2.956984e-16   1.227538e-02   3.709061e-19   1253002
  5.930266e+00   2.872496e-16   1.224914e-02   3.606744e-19   1268576
  5.972763e+00   2.784095e-16   1.228621e-02   3.488279e-19   1290128
  6.015287e+00   2.709694e-16   1.227337e-02   3.393652e-19   1307402
  6.057820e+00   2.635602e-16   1.227649e-02   3.288404e-19   1327028
  6.100333e+00   2.564310e-16   1.225988e-02   3.199375e-19   1343648
  6.142842e+00   2.478086e-16   1.228087e-02   3.099331e-19   1364096
  6.185363e+00   2.417975e-16   1.227580e-02   3.014936e-19   1382730
  6.227896e+00   2.343094e-16   1.227503e-02   2.920126e-19   1402164
  6.270416e+00   2.288937e-16   1.227264e-02   2.841218e-19   1420464
  6.312883e+00   2.201782e-16   1.225519e-02   2.741519e-19   1437368
  6.355387e+00   2.144514e-16   1.228857e-02   2.660880e-19   1461530
  6.397919e+00   2.084476e-16   1.226028e-02   2.591111e-19   1478264
  6.440432e+00   2.020654e-16   1.227561e-02   2.506028e-19   1499356
  6.482926e+00   1.969516e-16   1.226095e-02   2.445889e-19   1517016
  6.525439e+00   1.923660e-16   1.228340e-02   2.381524e-19   1540090
  6.567953e+00   1.858560e-16   1.226146e-02   2.309752e-19   1557360
  6.610434e+00   1.810601e-16   1.226770e-02   2.247933e-19   1577780
  6.652969e+00   1.751858e-16   1.230043e-02   2.175081e-19   1602578
  6.695499e+00   1.708260e-16   1.225417e-02   2.122074e-19   1617672
  6.737992e+00   1.658866e-16   1.227613e-02   2.064595e-19   1641016
  6.780486e+00   1.612351e-16   1.226032e-02   2.004190e-19   1659416
  6.822983e+00   1.562273e-16   1.227372e-02   1.946066e-19   1682670
  6.865529e+00   1.518813e-16   1.228276e-02   1.894388e-19   1705256
  6.908096e+00   1.474322e-16   1.228756e-02   1.838761e-19   1726312
  6.950582e+00   1.440226e-16   1.225056e-02   1.794644e-19   1741880
  6.993044e+00   1.393407e-16   1.226862e-02   1.741061e-19   1766454
  7.035588e+00   1.354361e-16   1.229242e-02   1.690954e-19   1791784
  7.078111e+00   1.321369e-16   1.225558e-02   1.654058e-19   1807712
  7.120554e+00   1.281310e-16   1.225110e-02   1.609115e-19   1829002
  7.163037e+00   1.244781e-16   1.226905e-02   1.563819e-19   1854216
  7.205602e+00   1.208070e-16   1.229852e-02   1.520583e-19   1880156
  7.248150e+00   1.174617e-16   1.227340e-02   1.481545e-19   1897568
  7.290651e+00   1.142926e-16   1.227390e-02   1.445619e-19   1920458
  7.333153e+00   1.111987e-16   1.226399e-02   1.407481e-19   1942208
  7.375659e+00   1.080394e-16   1.227125e-02   1.370211e-19   1965612
  7.418175e+00   1.053053e-16   1.227855e-02   1.337234e-19   1989000
  7.460671e+00   1.020826e-16   1.225786e-02   1.300018e-19   2009114
  7.503166e+00   9.924570e-17   1.226960e-02   1.265058e-19   2034464
  7.545695e+00   9.663160e-17   1.228070e-02   1.234319e-19   2058476
  7.588207e+00   9.403441e-17   1.227216e-02   1.204669e-19   2079648
  7.630693e+00   9.156991e-17   1.226356e-02   1.172799e-19   2102578
  7.673222e+00   8.883756e-17   1.228297e-02   1.142261e-19   2129928
  7.715766e+00   8.651167e-17   1.227893e-02   1.113503e-19   2152096
  7.758252e+00   8.398980e-17   1.225143e-02   1.086926e-19   2171142
  7.800741e+00   8.173614e-17   1.227660e-02   1.058113e-19   2200248
  7.843296e+00   7.932318e-17   1.228407e-02   1.031477e-19   2225216
  7.885842e+00   7.719151e-17   1.228377e-02   1.006052e-19   2248448
  7.928336e+00   7.488710e-17   1.225709e-02   9.824420e-20   2267942
  7.970840e+00   7.292999e-17   1.228420e-02   9.569843e-20   2298072
  8.013348e+00   7.069329e-17   1.225627e-02   9.359500e-20   2317272
  8.055842e+00   6.912326e-17   1.227899e-02   9.129430e-20   2345808
  8.098322e+00   6.707370e-17   1.224988e-02   8.909805e-20   2365650
  8.140823e+00   6.513038e-17   1.227972e-02   8.682105e-20   2396940
  8.183368e+00   6.363903e-17   1.227975e-02   8.490634e-20   2421272
  8.225892e+00   6.150420e-17   1.227360e-02   8.253924e-20   2444576
  8.268407e+00   5.988173e-17   1.227899e-02   8.069944e-20   2471490
  8.310912e+00   5.826544e-17   1.225942e-02   7.878657e-20   2493180
  8.353397e+00   5.673832e-17   1.227208e-02   7.695414e-20   2520952
  8.395888e+00   5.523981e-17   1.226128e-02   7.528102e-20   2544946
  8.438392e+00   5.381883e-17   1.227324e-02   7.351857e-20   2573856
  8.480922e+00   5.217309e-17   1.227611e-02   7.170298e-20   2600016
  8.523447e+00   5.082036e-17   1.227641e-02   7.004226e-20   2625484
  8.565959e+00   4.936943e-17   1.227232e-02   6.842788e-20   2651122
  8.608519e+00   4.814699e-17   1.229739e-02   6.682648e-20   2683488
  8.651014e+00   4.651123e-17   1.223786e-02   6.521045e-20   2696352
  8.693483e+00   4.562285e-17   1.228468e-02   6.366213e-20   2733020
  8.736008e+00   4.434908e-17   1.227012e-02   6.236383e-20   2757378
  8.778525e+00   4.300447e-17   1.227177e-02   6.086452e-20   2784864
  8.821036e+00   4.174031e-17   1.227124e-02   5.943836e-20   2811168
  8.863496e+00   4.073815e-17   1.224424e-02   5.825863e-20   2832274
  8.906020e+00   3.982252e-17   1.230244e-02   5.692804e-20   2873636
  8.948567e+00   3.839753e-17   1.225951e-02   5.569082e-20   2890496
  8.991066e+00   3.750470e-17   1.227940e-02   5.433234e-20   2921800
  9.033598e+00   3.629367e-17   1.228441e-02   5.311680e-20   2951298
  9.076126e+00   3.521310e-17   1.226510e-02   5.191403e-20   2975476
  9.118654e+00   3.437601e-17   1.228550e-02   5.081398e-20   3007728
  9.161142e+00   3.358805e-17   1.224754e-02   4.978997e-20   3025776
  9.203640e+00   3.264310e-17   1.229182e-02   4.859423e-20   3065762
  9.246160e+00   3.176961e-17   1.225283e-02   4.750927e-20   3084856
  9.288649e+00   3.080422e-17   1.227594e-02   4.642074e-20   3118044
  9.331129e+00   2.998273e-17   1.225728e-02   4.549304e-20   3141352
  9.373640e+00   2.931848e-17   1.228814e-02   4.448256e-20   3179274
  9.416185e+00   2.836958e-17   1.227073e-02   4.357583e-20   3204120
  9.458671e+00   2.774555e-17   1.225444e-02   4.265145e-20   3227900
  9.501151e+00   2.685242e-17   1.227489e-02   4.169594e-20   3262394
  9.543701e+00   2.614215e-17   1.228726e-02   4.083287e-20   3295680
  9.586236e+00   2.534391e-17   1.226866e-02   3.996288e-20   3319560
  9.628737e+00   2.475208e-17   1.227228e-02   3.909521e-20   3348972
  9.671240e+00   2.404343e-17   1.227416e-02   3.833857e-20   3379722
  9.713763e+00   2.345469e-17   1.227339e-02   3.753725e-20   3410720
  9.756299e+00   2.266925e-17   1.227807e-02   3.663574e-20   3441504
  9.798787e+00   2.213716e-17   1.225320e-02   3.598345e-20   3463624
  9.841266e+00   2.162489e-17   1.227217e-02   3.521013e-20   3499790
  9.883803e+00   2.098997e-17   1.228281e-02   3.441012e-20   3533560
  9.926350e+00   2.045072e-17   1.227932e-02   3.373126e-20   3561920
  9.968836e+00   1.989790e-17   1.225683e-02   3.311675e-20   3585208
  1.001132e+01   1.929092e-17   1.227674e-02   3.236479e-20   3622518
  1.005387e+01   1.893601e-17   1.228938e-02   3.170059e-20   3657584
  1.009637e+01   1.831205e-17   1.225003e-02   3.109625e-20   3676440
  1.013883e+01   1.785258e-17   1.226093e-02   3.044007e-20   3711282
  1.018134e+01   1.737411e-17   1.227505e-02   2.980525e-20   3747696
  1.022386e+01   1.685051e-17   1.226890e-02   2.922758e-20   3776188
  1.026640e+01   1.644292e-17   1.229793e-02   2.857154e-20   3815304
  1.030893e+01   1.603781e-17   1.225864e-02   2.802310e-20   3835370
  1.035143e+01   1.549421e-17   1.227570e-02   2.749962e-20   3873424
  1.039395e+01   1.514570e-17   1.227191e-02   2.695881e-20   3903420
  1.043647e+01   1.468716e-17   1.228014e-02   2.635084e-20   3937624
  1.047898e+01   1.431558e-17   1.226404e-02   2.588609e-20   3965658
  1.052150e+01   1.389548e-17   1.227921e-02   2.532993e-20   4002984
  1.056400e+01   1.354934e-17   1.226054e-02   2.490266e-20   4027928
  1.060647e+01   1.318747e-17   1.225976e-02   2.438941e-20   4059844
  1.064896e+01   1.279440e-17   1.227978e-02   2.388067e-20   4100338
  1.069151e+01   1.246668e-17   1.227651e-02   2.342965e-20   4132264
  1.073403e+01   1.216830e-17   1.227390e-02   2.296624e-20   4163216
  1.077652e+01   1.184004e-17   1.226459e-02   2.253188e-20   4193350
  1.081904e+01   1.147743e-17   1.228427e-02   2.206986e-20   4234456
  1.086156e+01   1.120736e-17   1.225632e-02   2.167756e-20   4257264
  1.090405e+01   1.089887e-17   1.227910e-02   2.123439e-20   4297352
  1.094656e+01   1.059748e-17   1.226998e-02   2.081667e-20   4328642
  1.098909e+01   1.030062e-17   1.228265e-02   2.042104e-20   4367948
  1.103158e+01   1.004073e-17   1.224720e-02   2.010470e-20   4388384
  1.107408e+01   9.737739e-18   1.228899e-02   1.964989e-20   4436648
  1.111661e+01   9.537727e-18   1.227199e-02   1.930492e-20   4465658
  1.115915e+01   9.224757e-18   1.227871e-02   1.891880e-20   4502948
  1.120165e+01   8.949454e-18   1.225915e-02   1.857321e-20   4528880
  1.124413e+01   8.807036e-18   1.226872e-02   1.825230e-20   4566290
  1.128665e+01   8.556193e-18   1.228262e-02   1.786407e-20   4606856
  1.132917e+01   8.300296e-18   1.226621e-02   1.754093e-20   4635380
  1.137166e+01   8.056892e-18   1.226853e-02   1.721613e-20   4670384
  1.141417e+01   7.845379e-18   1.227665e-02   1.688779e-20   4709258
  1.145672e+01   7.644208e-18   1.228130e-02   1.658771e-20   4747352
  1.149922e+01   7.452709e-18   1.225462e-02   1.627796e-20   4771664
  1.154171e+01   7.262347e-18   1.227440e-02   1.600101e-20   4813532
  1.158423e+01   7.063485e-18   1.228175e-02   1.568974e-20   4852322
  1.162677e+01   6.904337e-18   1.227605e-02   1.541894e-20   4886480
  1.166928e+01   6.691279e-18   1.226516e-02   1.511995e-20   4917248
  1.171175e+01   6.511677e-18   1.226039e-02   1.485670e-20   4950828
  1.175428e+01   6.312801e-18   1.229115e-02   1.457573e-20   5000170
  1.179682e+01   6.182228e-18   1.226743e-02   1.431730e-20   5026952
  1.183930e+01   5.984419e-18   1.225870e-02   1.405444e-20   5058752
  1.188178e+01   5.849358e-18   1.227096e-02   1.379212e-20   5100722
  1.192431e+01   5.668169e-18   1.227592e-02   1.355947e-20   5140124
  1.196682e+01   5.547723e-18   1.227175e-02   1.330025e-20   5174072
  1.200934e+01   5.372782e-18   1.227571e-02   1.306643e-20   5211608
  1.205185e+01   5.221369e-18   1.227167e-02   1.282636e-20   5247794
  1.209436e+01   5.052885e-18   1.226763e-02   1.262768e-20   5284196
  1.213689e+01   4.936850e-18   1.228663e-02   1.238133e-20   5328800
  1.217939e+01   4.820224e-18   1.225244e-02   1.219162e-20   5350872
  1.222188e+01   4.703196e-18   1.227843e-02   1.195369e-20   5400634
  1.226439e+01   4.585814e-18   1.226116e-02   1.175285e-20   5430968
  1.230690e+01   4.431900e-18   1.228074e-02   1.153371e-20   5475908
  1.234942e+01   4.301332e-18   1.227341e-02   1.133358e-20   5510016
  1.239194e+01   4.212504e-18   1.227878e-02   1.113999e-20   5552114
  1.243448e+01   4.088690e-18   1.227536e-02   1.093888e-20   5588944
  1.247700e+01   3.966320e-18   1.227081e-02   1.075491e-20   5623828
  1.251949e+01   3.884451e-18   1.226652e-02   1.056354e-20   5660722
  1.256199e+01   3.762481e-18   1.226569e-02   1.038125e-20   5699896
  1.260450e+01   3.693236e-18   1.227587e-02   1.019966e-20   5741936
  1.264701e+01   3.596161e-18   1.227604e-02   1.002648e-20   5779568
  1.268952e+01   3.488643e-18   1.227056e-02   9.846808e-21   5817222
  1.273202e+01   3.386616e-18   1.226405e-02   9.687699e-21   5854600
  1.277454e+01   3.295372e-18   1.227916e-02   9.523268e-21   5900040
  1.281705e+01   3.210831e-18   1.226601e-02   9.366501e-21   5931976
  1.285956e+01   3.112816e-18   1.228040e-02   9.204601e-21   5979390
  1.290207e+01   3.026852e-18   1.226129e-02   9.033935e-21   6010200
  1.294458e+01   2.961575e-18   1.227731e-02   8.880582e-21   6056496
  1.298708e+01   2.880257e-18   1.226484e-02   8.746589e-21   6089504
  1.302958e+01   2.794716e-18   1.227756e-02   8.587428e-21   6137114
  1.307210e+01   2.747983e-18   1.226880e-02   8.445112e-21   6173332
  1.311461e+01   2.629883e-18   1.227153e-02   8.307997e-21   6214128
  1.315711e+01   2.566235e-18   1.226922e-02   8.173601e-21   6253874
  1.319964e+01   2.508649e-18   1.227851e-02   8.023437e-21   6300104
  1.324216e+01   2.444834e-18   1.226546e-02   7.896569e-21   6332612
  1.328467e+01   2.380112e-18   1.228096e-02   7.754604e-21   6379768
  1.332719e+01   2.316386e-18   1.227439e-02   7.634511e-21   6418218
  1.336971e+01   2.261334e-18   1.227344e-02   7.508000e-21   6459880
  1.341221e+01   2.182919e-18   1.226446e-02   7.389342e-21   6495652
  1.345472e+01   2.152952e-18   1.228092e-02   7.261849e-21   6545296
  1.349724e+01   2.084868e-18   1.226891e-02   7.142413e-21   6581570
  1.353974e+01   2.011899e-18   1.226098e-02   7.032499e-21   6618960
  1.358222e+01   1.965513e-18   1.226863e-02   6.911592e-21   6663352
  1.362471e+01   1.916973e-18   1.226151e-02   6.801742e-21   6701334
  1.366724e+01   1.861096e-18   1.229005e-02   6.676498e-21   6759920
  1.370978e+01   1.837964e-18   1.226871e-02   6.583536e-21   6789696
  1.375229e+01   1.778657e-18   1.227982e-02   6.470786e-21   6837208
  1.379481e+01   1.729162e-18   1.226997e-02   6.366494e-21   6874966
  1.383733e+01   1.688689e-18   1.227445e-02   6.261017e-21   6920864
  1.387984e+01   1.657201e-18   1.226703e-02   6.157945e-21   6957816
  1.392234e+01   1.595122e-18   1.227258e-02   6.062472e-21   7002232
  1.396483e+01   1.549756e-18   1.226616e-02   5.968849e-21   7043114
  1.400736e+01   1.510314e-18   1.228161e-02   5.870465e-21   7096020
  1.404988e+01   1.490591e-18   1.226958e-02   5.778552e-21   7130640
  1.409239e+01   1.445997e-18   1.227310e-02   5.681798e-21   7175472
  1.413489e+01   1.386016e-18   1.226899e-02   5.589006e-21   7217786
  1.417741e+01   1.377144e-18   1.227600e-02   5.506463e-21   7265564
  1.421992e+01   1.345006e-18   1.226528e-02   5.414422e-21   7301288
  1.426240e+01   1.297251e-18   1.226550e-02   5.331307e-21   7345330
  1.430491e+01   1.266380e-18   1.227621e-02   5.240468e-21   7397048
  1.434743e+01   1.230943e-18   1.226815e-02   5.167027e-21   7435920
  1.438994e+01   1.204159e-18   1.227688e-02   5.073342e-21   7484140
  1.443245e+01   1.164465e-18   1.227057e-02   5.000225e-21   7525578
  1.447497e+01   1.133601e-18   1.227007e-02   4.925483e-21   7571376
  1.451748e+01   1.116776e-18   1.227392e-02   4.843679e-21   7617064
  1.456001e+01   1.077760e-18   1.227782e-02   4.768823e-21   7662092
  1.460251e+01   1.057412e-18   1.226530e-02   4.696860e-21   7699658
  1.464502e+01   1.021870e-18   1.227578e-02   4.615719e-21   7752416
  1.468755e+01   9.988228e-19   1.227763e-02   4.545085e-21   7797776
  1.473004e+01   9.698347e-19   1.226070e-02   4.482286e-21   7831720
  1.477255e+01   9.420066e-19   1.227889e-02   4.407976e-21   7889926
  1.481507e+01   9.235957e-19   1.227192e-02   4.336576e-21   7931480
  1.485759e+01   8.932467e-19   1.227300e-02   4.273465e-21   7976688
  1.490006e+01   8.842543e-19   1.225048e-02   4.218221e-21   8007786
  1.494256e+01   8.549067e-19   1.228133e-02   4.139111e-21   8074564
  1.498510e+01   8.379716e-19   1.228034e-02   4.076763e-21   8118904
  1.502762e+01   8.144202e-19   1.226783e-02   4.017826e-21   8155824
  1.507013e+01   7.978147e-19   1.228256e-02   3.954483e-21   8212802
  1.511265e+01   7.751631e-19   1.226047e-02   3.897443e-21   8245268
  1.515516e+01   7.534612e-19   1.228702e-02   3.833718e-21   8308816
  1.519769e+01   7.375830e-19   1.226520e-02   3.775221e-21   8340304
  1.524017e+01   7.195204e-19   1.226489e-02   3.718707e-21   8387738
  1.528267e+01   6.920822e-19   1.226883e-02   3.664643e-21   8437624
  1.532518e+01   6.836410e-19   1.227531e-02   3.606667e-21   8487796
  1.536768e+01   6.674458e-19   1.226572e-02   3.556722e-21   8527936
  1.541020e+01   6.542365e-19   1.227764e-02   3.498875e-21   8585122
  1.545272e+01   6.303071e-19   1.227170e-02   3.448020e-21   8628200
  1.549524e+01   6.169761e-19   1.227868e-02   3.395118e-21   8679484
  1.553776e+01   6.078014e-19   1.226928e-02   3.343764e-21   8721466
  1.558025e+01   5.859315e-19   1.226318e-02   3.301421e-21   8765840
  1.562277e+01   5.756443e-19   1.228142e-02   3.246821e-21   8825136
  1.566528e+01   5.653107e-19   1.226701e-02   3.200468e-21   8861768
  1.570779e+01   5.386729e-19   1.227728e-02   3.154290e-21   8919278
  1.575031e+01   5.283089e-19   1.226638e-02   3.102967e-21   8961008
  1.579282e+01   5.158447e-19   1.227512e-02   3.058475e-21   9014456
  1.583534e+01   5.091879e-19   1.227527e-02   3.010223e-21   9062240
  1.587786e+01   5.050405e-19   1.227311e-02   2.967642e-21   9110510
  1.592036e+01   4.834833e-19   1.226582e-02   2.926157e-21   9154048
  1.596285e+01   4.785888e-19   1.226281e-02   2.886967e-21   9198928
  1.600534e+01   4.652603e-19   1.227531e-02   2.840968e-21   9257194
  1.604787e+01   4.544079e-19   1.227745e-02   2.797082e-21   9310168
  1.609038e+01   4.487796e-19   1.226530e-02   2.757554e-21   9350316
  1.613289e+01   4.297701e-19   1.227684e-02   2.714576e-21   9407120
  1.617541e+01   4.194171e-19   1.227300e-02   2.678063e-21   9454642
  1.621793e+01   4.129401e-19   1.227362e-02   2.638341e-21   9506272
  1.626044e+01   4.031140e-19   1.226942e-02   2.600115e-21   9551228
  1.630294e+01   3.941170e-19   1.227038e-02   2.558537e-21   9600264
  1.634544e+01   3.898830e-19   1.227012e-02   2.525579e-21   9651458
  1.638796e+01   3.798025e-19   1.228049e-02   2.486842e-21   9711488
  1.643048e+01   3.707878e-19   1.226476e-02   2.453138e-21   9749144
  1.647299e+01   3.616321e-19   1.227613e-02   2.418197e-21   9807908
  1.651550e+01   3.538934e-19   1.227043e-02   2.382211e-21   9854786
  1.655803e+01   3.479686e-19   1.228107e-02   2.348057e-21   9914304
  1.660053e+01   3.337516e-19   1.225867e-02   2.314592e-21   9945544
  1.664301e+01   3.268230e-19   1.226718e-02   2.281870e-21   10003414
  1.668552e+01   3.270674e-19   1.227468e-02   2.249586e-21   10062032
  1.672804e+01   3.146186e-19   1.227657e-02   2.216314e-21   10114792
  1.677058e+01   3.056739e-19   1.228180e-02   2.184457e-21   10169936
  1.681307e+01   2.999971e-19   1.225060e-02   2.155192e-21   10196602
  1.685558e+01   2.947898e-19   1.228906e-02   2.122335e-21   10281156
  1.689811e+01   2.885948e-19   1.226275e-02   2.093717e-21   10309376
  1.694060e+01   2.860758e-19   1.227427e-02   2.062259e-21   10369856
  1.698310e+01   2.769032e-19   1.226425e-02   2.036016e-21   10415370
  1.702562e+01   2.720924e-19   1.228018e-02   2.003839e-21   10481988
  1.706815e+01   2.692796e-19   1.227822e-02   1.977277e-21   10531200
  1.711066e+01   2.665567e-19   1.226163e-02   1.951471e-21   10569416
  1.715315e+01   2.557183e-19   1.227286e-02   1.923564e-21   10633066
  1.719568e+01   2.556205e-19   1.227546e-02   1.896372e-21   10687548
  1.723821e+01   2.453210e-19   1.228168e-02   1.869674e-21   10743968
  1.728072e+01   2.419488e-19   1.226340e-02   1.845178e-21   10782130
  1.732321e+01   2.383284e-19   1.226438e-02   1.818853e-21   10837792
  1.736571e+01   2.274027e-19   1.227328e-02   1.793649e-21   10897368
  1.740823e+01   2.266300e-19   1.227857e-02   1.768430e-21   10953940
  1.745075e+01   2.230735e-19   1.227188e-02   1.743626e-21   11003274
  1.749325e+01   2.174216e-19   1.226537e-02   1.719283e-21   11052800
  1.753577e+01   2.126560e-19   1.228039e-02   1.694765e-21   11118176
  1.757829e+01   2.119442e-19   1.227174e-02   1.672094e-21   11162268
  1.762078e+01   2.027684e-19   1.226447e-02   1.649081e-21   11211458
  1.766328e+01   2.026314e-19   1.226924e-02   1.628966e-21   11271888
  1.770579e+01   1.954652e-19   1.227456e-02   1.602485e-21   11329304
  1.774829e+01   1.886350e-19   1.226554e-02   1.581551e-21   11375026
  1.779081e+01   1.911663e-19   1.227704e-02   1.560681e-21   11442532
  1.783332e+01   1.885735e-19   1.226620e-02   1.540005e-21   11487264
  1.787583e+01   1.847536e-19   1.227239e-02   1.519030e-21   11545680
  1.791835e+01   1.803444e-19   1.227937e-02   1.497655e-21   11607058
  1.796089e+01   1.752717e-19   1.227970e-02   1.476044e-21   11664300
  1.800340e+01   1.724394e-19   1.226785e-02   1.459106e-21   11707488
  1.804590e+01   1.719775e-19   1.226647e-02   1.438499e-21   11759536
  1.808841e+01   1.676724e-19   1.228470e-02   1.418443e-21   11833690
  1.813095e+01   1.614564e-19   1.227017e-02   1.399804e-21   11877808
  1.817345e+01   1.631030e-19   1.226311e-02   1.381669e-21   11925836
  1.821595e+01   1.600911e-19   1.227560e-02   1.363941e-21   11992168
  1.825846e+01   1.575391e-19   1.227114e-02   1.344538e-21   12044554
  1.830097e+01   1.508071e-19   1.226867e-02   1.327079e-21   12098976
  1.834346e+01   1.518534e-19   1.226469e-02   1.308791e-21   12149996
  1.838595e+01   1.494763e-19   1.226815e-02   1.291888e-21   12209594
  1.842847e+01   1.472660e-19   1.227993e-02   1.274796e-21   12279272
  1.847101e+01   1.474871e-19   1.228002e-02   1.257915e-21   12336072
  1.851353e+01   1.422735e-19   1.226966e-02   1.241307e-21   12381744
  1.855604e+01   1.405704e-19   1.227227e-02   1.225477e-21   12441590
  1.859855e+01   1.395626e-19   1.227023e-02   1.208828e-21   12497256
  1.864105e+01   1.344283e-19   1.226730e-02   1.192629e-21   12550032
  1.868353e+01   1.315626e-19   1.226474e-02   1.176215e-21   12603936
  1.872603e+01   1.305797e-19   1.227245e-02   1.161589e-21   12671230
  1.876857e+01   1.301639e-19   1.228331e-02   1.145553e-21   12740920
  1.881110e+01   1.311567e-19   1.227107e-02   1.131651e-21   12784560
  1.885359e+01   1.288939e-19   1.226358e-02   1.117071e-21   12834176
  1.889610e+01   1.279038e-19   1.227865e-02   1.101705e-21   12909006
  1.893863e+01   1.242881e-19   1.227235e-02   1.087368e-21   12959680
  1.898113e+01   1.202135e-19   1.227020e-02   1.073439e-21   13014232
  1.902364e+01   1.220588e-19   1.227262e-02   1.059284e-21   13076514
  1.906614e+01   1.203311e-19   1.226274e-02   1.046809e-21   13127112
  1.910866e+01   1.196849e-19   1.228266e-02   1.032041e-21   13205852
  1.915119e+01   1.149487e-19   1.227282e-02   1.019546e-21   13252032
  1.919369e+01   1.155983e-19   1.226787e-02   1.006939e-21   13307450
  1.923620e+01   1.141312e-19   1.227402e-02   9.936076e-22   13374160
  1.927872e+01   1.109375e-19   1.227027e-02   9.815774e-22   13426348
  1.932123e+01   1.066804e-19   1.227853e-02   9.683762e-22   13492760
  1.936373e+01   1.072515e-19   1.226457e-02   9.567863e-22   13539546
  1.940624e+01   1.072514e-19   1.227335e-02   9.446359e-22   13610704
  1.944875e+01   1.048867e-19   1.226734e-02   9.331550e-22   13662024
  1.949125e+01   1.033587e-19   1.227299e-02   9.196610e-22   13727492
  1.953377e+01   1.033280e-19   1.227644e-02   9.089870e-22   13793394
  1.957629e+01   1.002395e-19   1.226862e-02   8.975007e-22   13844456
  1.961880e+01   1.012662e-19   1.227171e-02   8.864252e-22   13905184
  1.966130e+01   9.997908e-20   1.227189e-02   8.751724e-22   13965958
  1.970381e+01   9.859124e-20   1.226859e-02   8.648713e-22   14025192
  1.974632e+01   9.588466e-20   1.227581e-02   8.525598e-22   14093768
  1.978884e+01   9.729470e-20   1.227382e-02   8.426134e-22   14150440
  1.983136e+01   9.459611e-20   1.227452e-02   8.319578e-22   14213450
  1.987387e+01   9.340771e-20   1.226691e-02   8.218651e-22   14267036
  1.991638e+01   9.133062e-20   1.227427e-02   8.111885e-22   14335032
  1.995889e+01   9.128426e-20   1.226837e-02   8.012777e-22   14387664
  2.000139e+01   9.171073e-20   1.227308e-02   7.914413e-22   14455698
  2.004391e+01   9.094857e-20   1.227471e-02   7.830309e-22   14520452
  2.008643e+01   8.949728e-20   1.227399e-02   7.725746e-22   14580272
  2.012893e+01   8.827819e-20   1.226246e-02   7.630146e-22   14628050
  2.017144e+01   8.652154e-20   1.228393e-02   7.536126e-22   14716744
  2.021396e+01   8.545471e-20   1.226163e-02   7.447073e-22   14751712
  2.025646e+01   8.175081e-20   1.227782e-02   7.347865e-22   14831620
  2.029896e+01   8.446506e-20   1.226188e-02   7.270729e-22   14875522
  2.034146e+01   8.367901e-20   1.227585e-02   7.181520e-22   14956720
  2.038398e+01   8.149113e-20   1.226799e-02   7.095203e-22   15008272
  2.042648e+01   8.164916e-20   1.227113e-02   7.009968e-22   15073780
  2.046899e+01   8.132617e-20   1.227601e-02   6.922984e-22   15144866
  2.051153e+01   8.044452e-20   1.228021e-02   6.838781e-22   15213872
  2.055406e+01   7.985880e-20   1.227172e-02   6.770894e-22   15263976
  2.059656e+01   7.845177e-20   1.226689e-02   6.684889e-22   15320236
  2.063907e+01   8.048438e-20   1.227747e-02   6.604024e-22   15398322
  2.068159e+01   7.772048e-20   1.226849e-02   6.527507e-22   15450864
  2.072409e+01   7.586032e-20   1.226949e-02   6.450047e-22   15513888
  2.076658e+01   7.735215e-20   1.226638e-02   6.374942e-22   15574626
  2.080910e+01   7.666052e-20   1.227957e-02   6.294291e-22   15657956
  2.085162e+01   7.507528e-20   1.226694e-02   6.225543e-22   15704248
  2.089412e+01   7.354626e-20   1.227405e-02   6.151476e-22   15774824
  2.093664e+01   7.312665e-20   1.227741e-02   6.082731e-22   15844898
  2.097916e+01   7.273927e-20   1.226797e-02   6.012914e-22   15898956
  2.102166e+01   7.100342e-20   1.226837e-02   5.940292e-22   15961768
  2.106416e+01   7.182266e-20   1.227392e-02   5.873507e-22   16032208
  2.110668e+01   7.079522e-20   1.227386e-02   5.807302e-22   16099530
  2.114918e+01   7.154061e-20   1.226342e-02   5.750231e-22   16152712
  2.119169e+01   6.904216e-20   1.227877e-02   5.673509e-22   16235740
  2.123421e+01   6.980473e-20   1.227090e-02   5.609838e-22   16288856
  2.127673e+01   6.783650e-20   1.227763e-02   5.550465e-22   16365074
  2.131925e+01   6.861869e-20   1.226826e-02   5.490752e-22   16418248
  2.136173e+01   6.838780e-20   1.226229e-02   5.426091e-22   16473180
  2.140423e+01   6.771122e-20   1.227796e-02   5.361094e-22   16560234
  2.144675e+01   6.678099e-20   1.226818e-02   5.310402e-22   16616088
  2.148927e+01   6.819129e-20   1.227653e-02   5.247364e-22   16693264
  2.153179e+01   6.736636e-20   1.227410e-02   5.185563e-22   16753864
  2.157431e+01   6.582308e-20   1.227428e-02   5.130248e-22   16820702
  2.161682e+01   6.535569e-20   1.226755e-02   5.077224e-22   16879288
  2.165933e+01   6.675926e-20   1.227311e-02   5.016729e-22   16951712
  2.170183e+01   6.456823e-20   1.226675e-02   4.965968e-22   17007560
  2.174434e+01   6.467978e-20   1.227813e-02   4.913000e-22   17092086
  2.178685e+01   6.370289e-20   1.226906e-02   4.858254e-22   17148392
  2.182937e+01   6.420491e-20   1.227478e-02   4.811494e-22   17222288
  2.187188e+01   6.497814e-20   1.227236e-02   4.755705e-22   17285096
  2.191439e+01   6.324301e-20   1.226620e-02   4.708164e-22   17344826
  2.195689e+01   6.120304e-20   1.227320e-02   4.663717e-22   17421236
  2.199941e+01   6.236014e-20   1.227792e-02   4.608226e-22   17494160
  2.204191e+01   6.334805e-20   1.226044e-02   4.564485e-22   17538122
  2.208440e+01   6.208115e-20   1.226939e-02   4.514362e-22   17620136
  2.212692e+01   6.267135e-20   1.227875e-02   4.466925e-22   17700428
  2.216945e+01   6.153938e-20   1.227393e-02   4.419845e-22   17760320
  2.221196e+01   6.163808e-20   1.227224e-02   4.374432e-22   17827562
  2.225448e+01   6.095152e-20   1.227165e-02   4.331869e-22   17895488
  2.229699e+01   6.017621e-20   1.227292e-02   4.289562e-22   17963576
  2.233950e+01   5.953444e-20   1.227046e-02   4.247761e-22   18027500
  2.238201e+01   5.930382e-20   1.227533e-02   4.207477e-22   18105650
  2.242451e+01   5.897155e-20   1.226508e-02   4.165692e-22   18160880
  2.246701e+01   5.906071e-20   1.226834e-02   4.120402e-22   18233144
  2.250951e+01   5.856680e-20   1.227149e-02   4.082293e-22   18307310
  2.255203e+01   5.759768e-20   1.227368e-02   4.043478e-22   18381680
  2.259456e+01   5.803702e-20   1.227489e-02   4.004295e-22   18450536
  2.263708e+01   5.756439e-20   1.227820e-02   3.963806e-22   18522128
  2.267959e+01   5.644648e-20   1.226827e-02   3.928445e-22   18578414
  2.272209e+01   5.634752e-20   1.227113e-02   3.893454e-22   18654304
  2.276460e+01   5.745141e-20   1.227056e-02   3.854725e-22   18722304
  2.280712e+01   5.602234e-20   1.227777e-02   3.819559e-22   18802472
  2.284964e+01   5.658525e-20   1.227092e-02   3.784496e-22   18864266
  2.289215e+01   5.670926e-20   1.226939e-02   3.747059e-22   18933260
  2.293465e+01   5.702286e-20   1.226719e-02   3.719554e-22   18997448
  2.297715e+01   5.605744e-20   1.227581e-02   3.679132e-22   19079816
  2.301967e+01   5.562659e-20   1.227098e-02   3.649224e-22   19145330
  2.306218e+01   5.548672e-20   1.227177e-02   3.619918e-22   19218276
  2.310469e+01   5.545452e-20   1.227113e-02   3.582475e-22   19286200
  2.314719e+01   5.535483e-20   1.226583e-02   3.552493e-22   19349738
  2.318971e+01   5.575115e-20   1.228286e-02   3.521601e-22   19450040
  2.323223e+01   5.485280e-20   1.226363e-02   3.494357e-22   19489688
  2.327473e+01   5.502509e-20   1.227521e-02   3.462236e-22   19576868
  2.331724e+01   5.490898e-20   1.226932e-02   3.434620e-22   19640282
  2.335976e+01   5.486057e-20   1.227873e-02   3.405447e-22   19728800
  2.340226e+01   5.511666e-20   1.226095e-02   3.382074e-22   19770152
  2.344476e+01   5.478896e-20   1.227487e-02   3.349442e-22   19863516
  2.348729e+01   5.428651e-20   1.227855e-02   3.326955e-22   19943594
  2.352981e+01   5.384362e-20   1.227039e-02   3.301117e-22   20003440
  2.357232e+01   5.357061e-20   1.227533e-02   3.272104e-22   20081768
  2.361483e+01   5.321934e-20   1.226475e-02   3.250264e-22   20136200
  2.365734e+01   5.346629e-20   1.228180e-02   3.224933e-22   20238094
  2.369985e+01   5.393270e-20   1.226458e-02   3.204597e-22   20282544
  2.374234e+01   5.300406e-20   1.226291e-02   3.178587e-22   20351720
  2.378483e+01   5.290199e-20   1.227389e-02   3.154612e-22   20444714
  2.382735e+01   5.264383e-20   1.227112e-02   3.131738e-22   20515116
  2.386988e+01   5.274051e-20   1.228059e-02   3.107105e-22   20602384
  2.391241e+01   5.302821e-20   1.227266e-02   3.087232e-22   20659872
  2.395491e+01   5.262977e-20   1.226837e-02   3.066470e-22   20727682
  2.399742e+01   5.267970e-20   1.227493e-02   3.046392e-22   20814416
  2.403994e+01   5.252273e-20   1.227261e-02   3.026613e-22   20881100
  2.408245e+01   5.224118e-20   1.227247e-02   3.005457e-22   20953688
  2.412495e+01   5.222085e-20   1.226662e-02   2.987818e-22   21021050
  2.416746e+01   5.249804e-20   1.227556e-02   2.972522e-22   21111632
  2.420998e+01   5.178957e-20   1.227336e-02   2.948417e-22   21179972
  2.425248e+01   5.170280e-20   1.226547e-02   2.933577e-22   21240488
  2.429499e+01   5.307011e-20   1.227368e-02   2.913388e-22   21331418
  2.433750e+01   5.101768e-20   1.226935e-02   2.899798e-22   21397304
  2.438000e+01   5.149610e-20   1.226962e-02   2.883224e-22   21469764
  2.442251e+01   5.195760e-20   1.227528e-02   2.867528e-22   21556122
  2.446502e+01   5.162794e-20   1.226591e-02   2.851473e-22   21618312
  2.450754e+01   5.090475e-20   1.227924e-02   2.836695e-22   21716096
  2.455007e+01   5.224932e-20   1.227488e-02   2.820484e-22   21781352
  2.459258e+01   5.193258e-20   1.226971e-02   2.810576e-22   21848870
  2.463508e+01   5.168666e-20   1.227061e-02   2.795750e-22   21927536
  2.467760e+01   5.097262e-20   1.227518e-02   2.779086e-22   22008944
  2.472011e+01   5.084802e-20   1.227146e-02   2.768110e-22   22076136
  2.476261e+01   5.147768e-20   1.226619e-02   2.757475e-22   22145270
  2.480513e+01   5.229050e-20   1.228149e-02   2.745548e-22   22250960
  2.484765e+01   5.145935e-20   1.226766e-02   2.736501e-22   22300864
  2.489015e+01   5.111972e-20   1.226874e-02   2.720884e-22   22378586
  2.493266e+01   5.148702e-20   1.227304e-02   2.715488e-22   22464104
  2.497518e+01   5.049984e-20   1.227483e-02   2.703086e-22   22542892
  2.501769e+01   5.129751e-20   1.226849e-02   2.694172e-22   22606008
  2.506019e+01   5.087223e-20   1.227168e-02   2.685010e-22   22690002
  2.510269e+01   5.151723e-20   1.226774e-02   2.674233e-22   22762216
  2.514519e+01   5.061965e-20   1.227552e-02   2.654672e-22   22815779
  2.518771e+01   4.719232e-20   1.227093e-02   2.607411e-22   22772312
  2.523022e+01   4.586482e-20   1.227169e-02   2.566817e-22   22733708
  2.527273e+01   4.317136e-20   1.227376e-02   2.524542e-22   22697672
  2.531524e+01   4.039684e-20   1.227003e-02   2.479383e-22   22651460
  2.535775e+01   3.873027e-20   1.227280e-02   2.439142e-22   22616024
  2.540027e+01   3.692469e-20   1.227723e-02   2.397305e-22   22583496
  2.544278e+01   3.469211e-20   1.226384e-02   2.360099e-22   22519252
  2.548527e+01   3.255554e-20   1.226879e-02   2.321281e-22   22488992
  2.552778e+01   3.022930e-20   1.227112e-02   2.282366e-22   22453172
  2.557030e+01   2.970276e-20   1.227642e-02   2.245712e-22   22420584
  2.561282e+01   2.816678e-20   1.227318e-02   2.210700e-22   22371700
  2.565533e+01   2.650345e-20   1.227319e-02   2.177481e-22   22329896
  2.569784e+01   2.538657e-20   1.227005e-02   2.142184e-22   22282876
  2.574035e+01   2.392565e-20   1.227559e-02   2.107586e-22   22250692
  2.578286e+01   2.296778e-20   1.226749e-02   2.077668e-22   22194436
  2.582536e+01   2.222400e-20   1.226799e-02   2.042351e-22   22153540
  2.586787e+01   2.062618e-20   1.227489e-02   2.013734e-22   22122584
  2.591039e+01   2.015598e-20   1.227183e-02   1.983824e-22   22073004
  2.595291e+01   1.939396e-20   1.227763e-02   1.955318e-22   22039640
  2.599542e+01   1.787197e-20   1.226443e-02   1.926128e-22   21971624
  2.603793e+01   1.755445e-20   1.228039e-02   1.898996e-22   21955708
  2.608042e+01   1.637162e-20   1.225538e-02   1.871458e-22   21867720
  2.612293e+01   1.586180e-20   1.228640e-02   1.842432e-22   21878900
  2.616545e+01   1.548723e-20   1.226374e-02   1.818742e-22   21794260
  2.620796e+01   1.476616e-20   1.227552e-02   1.789322e-22   21770256
  2.625048e+01   1.402727e-20   1.227204e-02   1.767005e-22   21718124
  2.629299e+01   1.329617e-20   1.227162e-02   1.742364e-22   21671096
  2.633550e+01   1.322364e-20   1.227173e-02   1.717084e-22   21625412
  2.637801e+01   1.204894e-20   1.227628e-02   1.692475e-22   21587284
  2.642052e+01   1.164374e-20   1.226404e-02   1.672300e-22   21519648
  2.646302e+01   1.126647e-20   1.227517e-02   1.648897e-22   21493344
  2.650554e+01   1.073512e-20   1.227125e-02   1.626512e-22   21439360
  2.654805e+01   1.006790e-20   1.227471e-02   1.603492e-22   21398900
  2.659058e+01   1.014411e-20   1.227467e-02   1.584586e-22   21351488
  2.663308e+01   9.532575e-21   1.226610e-02   1.562043e-22   21288012
  2.667559e+01   9.224122e-21   1.227518e-02   1.540685e-22   21255052
  2.671810e+01   8.833841e-21   1.226960e-02   1.521284e-22   21196928
  2.676060e+01   8.388783e-21   1.226973e-02   1.502033e-22   21149036
  2.680311e+01   7.944013e-21   1.227206e-02   1.482139e-22   21105304
  2.684563e+01   7.961939e-21   1.227410e-02   1.462632e-22   21059992
  2.688815e+01   7.651498e-21   1.227705e-02   1.442654e-22   21014904
  2.693067e+01   7.139900e-21   1.227014e-02   1.424443e-22   20953620
  2.697317e+01   6.923202e-21   1.226991e-02   1.407824e-22   20902948
  2.701568e+01   6.745575e-21   1.227225e-02   1.390026e-22   20856528
  2.705819e+01   6.576526e-21   1.227379e-02   1.371691e-22   20808868
  2.710070e+01   6.189346e-21   1.226639e-02   1.355520e-22   20746700
  2.714319e+01   5.700735e-21   1.226770e-02   1.337912e-22   20699040
  2.718571e+01   5.525672e-21   1.227944e-02   1.322435e-22   20667584
  2.722822e+01   5.419621e-21   1.225995e-02   1.306375e-22   20583320
  2.727072e+01   5.200082e-21   1.227843e-02   1.289102e-22   20562728
  2.731324e+01   5.729662e-21   1.227166e-02   1.275127e-22   20499120
  2.735575e+01   5.199350e-21   1.227335e-02   1.258244e-22   20448668
  2.739827e+01   4.855274e-21   1.227231e-02   1.244660e-22   20394408
  2.744078e+01   4.858668e-21   1.227328e-02   1.230105e-22   20344236
  2.748329e+01   4.675801e-21   1.227052e-02   1.215533e-22   20287988
  2.752580e+01   4.292038e-21   1.227218e-02   1.200459e-22   20237280
  2.756831e+01   4.303860e-21   1.226928e-02   1.187736e-22   20178328
  2.761083e+01   3.988899e-21   1.227861e-02   1.173680e-22   20139844
  2.765335e+01   3.725608e-21   1.226869e-02   1.161237e-22   20069748
  2.769585e+01   3.783985e-21   1.227006e-02   1.146375e-22   20016800
  2.773835e+01   3.884854e-21   1.227057e-02   1.132776e-22   19962224
  2.778087e+01   3.555798e-21   1.227954e-02   1.121131e-22   19923568
  2.782339e+01   3.879638e-21   1.226996e-02   1.108731e-22   19854300
  2.786590e+01   3.616724e-21   1.226862e-02   1.095923e-22   19797056
  2.790840e+01   3.312269e-21   1.227082e-02   1.082444e-22   19744940
  2.795091e+01   3.390647e-21   1.227270e-02   1.071118e-22   19691768
  2.799342e+01   3.315819e-21   1.226928e-02   1.059462e-22   19629548
  2.803593e+01   3.206984e-21   1.227096e-02   1.048721e-22   19575480
  2.807844e+01   3.073931e-21   1.227365e-02   1.036639e-22   19523296
  2.812096e+01   3.076230e-21   1.227813e-02   1.024852e-22   19474344
  2.816347e+01   2.789008e-21   1.226244e-02   1.014819e-22   19392868
  2.820597e+01   2.998591e-21   1.227629e-02   1.002619e-22   19356176
  2.824849e+01   2.770970e-21   1.227437e-02   9.932021e-23   19294916
  2.829102e+01   2.801257e-21   1.227644e-02   9.821911e-23   19240856
  2.833353e+01   2.785260e-21   1.226827e-02   9.721108e-23   19170884
  2.837603e+01   2.676819e-21   1.226787e-02   9.617591e-23   19111352
  2.841853e+01   2.674452e-21   1.227311e-02   9.512489e-23   19060016
  2.846104e+01   2.561319e-21   1.227199e-02   9.417323e-23   18999752
  2.850354e+01   2.474191e-21   1.226484e-02   9.322607e-23   18930272
  2.854604e+01   2.215534e-21   1.227204e-02   9.219459e-23   18882340
  2.858856e+01   2.410239e-21   1.227653e-02   9.130055e-23   18829056
  2.863108e+01   2.236267e-21   1.226917e-02   9.043561e-23   18757640
  2.867359e+01   2.416298e-21   1.227679e-02   8.952025e-23   18709036
  2.871611e+01   2.214291e-21   1.226951e-02   8.853296e-23   18637668
  2.875862e+01   2.305957e-21   1.227659e-02   8.771578e-23   18587048
  2.880113e+01   2.049791e-21   1.226650e-02   8.695708e-23   18510972
  2.884363e+01   2.135686e-21   1.227092e-02   8.603469e-23   18456692
  2.888614e+01   2.115118e-21   1.227027e-02   8.514251e-23   18394084
  2.892866e+01   1.938035e-21   1.227644e-02   8.435357e-23   18341352
  2.897118e+01   2.338589e-21   1.227294e-02   8.360537e-23   18273884
  2.901369e+01   2.173429e-21   1.227214e-02   8.270275e-23   18211148
  2.905619e+01   2.053713e-21   1.226468e-02   8.197639e-23   18137692
  2.909870e+01   1.760970e-21   1.227635e-02   8.118817e-23   18091580
  2.914122e+01   1.917897e-21   1.227406e-02   8.032198e-23   18024560
  2.918373e+01   1.857639e-21   1.226945e-02   7.962417e-23   17955116
  2.922624e+01   2.104276e-21   1.227055e-02   7.892853e-23   17893232
  2.926875e+01   1.823333e-21   1.227337e-02   7.823142e-23   17832620
  2.931126e+01   1.828422e-21   1.227331e-02   7.746003e-23   17767864
  2.935378e+01   1.876641e-21   1.227523e-02   7.673448e-23   17706956
  2.939629e+01   1.885398e-21   1.226779e-02   7.610372e-23   17632632
  2.943880e+01   1.849594e-21   1.227224e-02   7.541037e-23   17573524
  2.948131e+01   1.654824e-21   1.227160e-02   7.473885e-23   17506380
  2.952382e+01   1.839197e-21   1.227283e-02   7.403771e-23   17442548
  2.956632e+01   1.744788e-21   1.226611e-02   7.349469e-23   17368556
  2.960883e+01   1.702403e-21   1.227726e-02   7.277796e-23   17318260
  2.965135e+01   1.613686e-21   1.227176e-02   7.214303e-23   17243792
  2.969385e+01   1.577887e-21   1.226620e-02   7.153461e-23   17169716
  2.973635e+01   1.632217e-21   1.227104e-02   7.087088e-23   17109768
  2.977886e+01   1.662770e-21   1.227205e-02   7.028533e-23   17044064
  2.982138e+01   1.624128e-21   1.227557e-02   6.961537e-23   16981560
  2.986389e+01   1.700837e-21   1.226672e-02   6.913631e-23   16902264
  2.990640e+01   1.775515e-21   1.227800e-02   6.850227e-23   16849940
  2.994892e+01   1.475677e-21   1.226984e-02   6.791907e-23   16770600
  2.999143e+01   1.529500e-21   1.227399e-02   6.736290e-23   16707512
  3.003394e+01   1.511395e-21   1.227053e-02   6.676142e-23   16634480
  3.007645e+01   1.553018e-21   1.227297e-02   6.625681e-23   16569424
  3.011897e+01   1.501487e-21   1.227100e-02   6.577412e-23   16497216
  3.016149e+01   1.633536e-21   1.227800e-02   6.522536e-23   16436416
  3.020400e+01   1.581033e-21   1.226813e-02   6.471401e-23   16353532
  3.024650e+01   1.490628e-21   1.226850e-02   6.418589e-23   16284908
  3.028900e+01   1.422732e-21   1.227370e-02   6.367385e-23   16221948
  3.033152e+01   1.381334e-21   1.227445e-02   6.317456e-23   16152552
  3.037404e+01   1.331888e-21   1.227249e-02   6.273124e-23   16078864
  3.041655e+01   1.458759e-21   1.227014e-02   6.225308e-23   16005296
  3.045906e+01   1.441469e-21   1.227320e-02   6.168230e-23   15938220
  3.050157e+01   1.461444e-21   1.226736e-02   6.131875e-23   15858440
  3.054407e+01   1.546311e-21   1.226949e-02   6.080257e-23   15789252
  3.058657e+01   1.336740e-21   1.227019e-02   6.035844e-23   15718944
  3.062908e+01   1.328015e-21   1.227179e-02   5.991982e-23   15648652
  3.067160e+01   1.286219e-21   1.227680e-02   5.948532e-23   15581944
  3.071412e+01   1.289324e-21   1.227604e-02   5.904785e-23   15508744
  3.075663e+01   1.379568e-21   1.226574e-02   5.862823e-23   15422472
  3.079914e+01   1.342155e-21   1.227551e-02   5.820406e-23   15361536
  3.084165e+01   1.190052e-21   1.226998e-02   5.780843e-23   15281048
  3.088415e+01   1.265789e-21   1.227023e-02   5.742287e-23   15207752
  3.092666e+01   1.235360e-21   1.227075e-02   5.701857e-23   15134800
  3.096917e+01   1.193264e-21   1.227038e-02   5.663296e-23   15059664
  3.101168e+01   1.319612e-21   1.227242e-02   5.624786e-23   14987020
  3.105420e+01   1.230621e-21   1.227903e-02   5.586442e-23   14919936
  3.109672e+01   1.217805e-21   1.226792e-02   5.546803e-23   14831776
  3.113923e+01   1.064247e-21   1.227679e-02   5.511736e-23   14767552
  3.118174e+01   1.166620e-21   1.226524e-02   5.475430e-23   14678336
  3.122425e+01   1.313924e-21   1.227632e-02   5.436477e-23   14615044
  3.126676e+01   1.206964e-21   1.226910e-02   5.406784e-23   14530200
  3.130927e+01   1.192214e-21   1.227171e-02   5.370530e-23   14457000
  3.135178e+01   1.361499e-21   1.227423e-02   5.336399e-23   14383440
  3.139429e+01   1.290194e-21   1.226801e-02   5.306366e-23   14299516
  3.143679e+01   1.069782e-21   1.227160e-02   5.272633e-23   14226024
  3.147930e+01   1.176621e-21   1.226889e-02   5.239016e-23   14145048
  3.152182e+01   1.097117e-21   1.228178e-02   5.203583e-23   14082144
  3.156433e+01   1.044851e-21   1.226157e-02   5.179953e-23   13981640
  3.160683e+01   1.103977e-21   1.227475e-02   5.144739e-23   13918460
  3.164935e+01   1.150842e-21   1.227481e-02   5.113952e-23   13839752
  3.169188e+01   1.128812e-21   1.227673e-02   5.092433e-23   13762736
  3.173439e+01   1.170713e-21   1.227147e-02   5.061383e-23   13677980
  3.177690e+01   1.182876e-21   1.226900e-02   5.034757e-23   13596196
  3.181940e+01   1.048247e-21   1.226988e-02   5.005013e-23   13517736
  3.186190e+01   1.191000e-21   1.226579e-02   4.974279e-23   13433184
  3.190440e+01   1.118038e-21   1.227449e-02   4.950565e-23   13362296
  3.194692e+01   1.085922e-21   1.227398e-02   4.922829e-23   13281376
  3.198944e+01   1.085119e-21   1.227645e-02   4.900781e-23   13203336
  3.203195e+01   1.124900e-21   1.226687e-02   4.872040e-23   13113016
  3.207445e+01   1.134872e-21   1.227094e-02   4.849954e-23   13036400
  3.211696e+01   1.166636e-21   1.226987e-02   4.823606e-23   12953648
  3.215948e+01   1.074154e-21   1.227674e-02   4.802464e-23   12879016
  3.220199e+01   9.844180e-22   1.227015e-02   4.778056e-23   12790124
  3.224451e+01   1.046930e-21   1.227599e-02   4.754426e-23   12714152
  3.228701e+01   1.154991e-21   1.226430e-02   4.740558e-23   12619608
  3.232951e+01   9.903993e-22   1.227473e-02   4.708673e-23   12547232
  3.237204e+01   1.070569e-21   1.228098e-02   4.691063e-23   12470568
  3.241455e+01   9.021687e-22   1.226086e-02   4.673550e-23   12368136
  3.245705e+01   1.030162e-21   1.227647e-02   4.648305e-23   12300504
  3.249958e+01   8.921362e-22   1.227251e-02   4.625205e-23   12212172
  3.254209e+01   9.461676e-22   1.227112e-02   4.613170e-23   12126228
  3.258459e+01   9.392915e-22   1.227235e-02   4.591407e-23   12043352
  3.262711e+01   1.003076e-21   1.227321e-02   4.571459e-23   11959896
  3.266960e+01   1.135982e-21   1.226107e-02   4.559582e-23   11863804
  3.271211e+01   9.382485e-22   1.227575e-02   4.538536e-23   11792812
  3.275463e+01   9.666868e-22   1.227439e-02   4.524336e-23   11705392
  3.279713e+01   9.246885e-22   1.226794e-02   4.501768e-23   11613836
  3.283965e+01   9.047116e-22   1.228215e-02   4.487485e-23   11541532
  3.288217e+01   1.007310e-21   1.226539e-02   4.471548e-23   11440232
  3.292468e+01   1.089159e-21   1.227538e-02   4.454093e-23   11363008
  3.296718e+01   9.144308e-22   1.226652e-02   4.441738e-23   11267848
  3.300970e+01   9.019256e-22   1.227722e-02   4.425352e-23   11190640
  3.305222e+01   8.889443e-22   1.227423e-02   4.409484e-23   11101084
  3.309472e+01   8.524725e-22   1.226241e-02   4.396831e-23   11003284
  3.313721e+01   8.683360e-22   1.227344e-02   4.380595e-23   10925424
  3.317973e+01   9.418167e-22   1.227067e-02   4.364685e-23   10834724
  3.322224e+01   9.138334e-22   1.227484e-02   4.354956e-23   10750156
  3.326475e+01   7.962992e-22   1.226635e-02   4.341214e-23   10655280
  3.330725e+01   8.378374e-22   1.226924e-02   4.335726e-23   10569120
  3.334975e+01   7.542795e-22   1.226867e-02   4.317091e-23   10479672
  3.339228e+01   9.684437e-22   1.228611e-02   4.304994e-23   10404504
  3.343481e+01   8.044283e-22   1.227382e-02   4.296921e-23   10304108
  3.347732e+01   8.678881e-22   1.226797e-02   4.281638e-23   10209940
  3.351983e+01   7.746655e-22   1.227575e-02   4.277163e-23   10126584
  3.356234e+01   7.943066e-22   1.226442e-02   4.268112e-23   10027064
  3.360484e+01   8.339287e-22   1.227492e-02   4.254702e-23   9945072
  3.364734e+01   8.393316e-22   1.226340e-02   4.246191e-23   9844764
  3.368986e+01   8.410449e-22   1.228362e-02   4.231844e-23   9769940
  3.373238e+01   7.932838e-22   1.226688e-02   4.229016e-23   9666072
  3.377488e+01   7.906684e-22   1.227051e-02   4.222343e-23   9577112
  3.381739e+01   7.977803e-22   1.227148e-02   4.209009e-23   9485848
  3.385991e+01   8.140288e-22   1.227527e-02   4.202706e-23   9396136
  3.390243e+01   8.128090e-22   1.227579e-02   4.197038e-23   9304408
  3.394493e+01   7.769491e-22   1.225842e-02   4.191728e-23   9199028
  3.398742e+01   7.359080e-22   1.227468e-02   4.183052e-23   9118288
  3.402993e+01   7.324900e-22   1.226747e-02   4.169848e-23   9019624
  3.407245e+01   8.473385e-22   1.228368e-02   4.165446e-23   8937420
  3.411497e+01   6.937916e-22   1.227061e-02   4.164939e-23   8835200
  3.415748e+01   7.068169e-22   1.226739e-02   4.156966e-23   8739332
  3.419998e+01   6.960453e-22   1.227099e-02   4.148048e-23   8648112
  3.424250e+01   7.841223e-22   1.227159e-02   4.143095e-23   8553372
  3.428501e+01   7.682035e-22   1.227728e-02   4.131379e-23   8461944
  3.432753e+01   8.009539e-22   1.227227e-02   4.124698e-23   8363348
  3.437004e+01   6.505454e-22   1.227148e-02   4.126810e-23   8267792
  3.441254e+01   6.843145e-22   1.226640e-02   4.115541e-23   8169380
  3.445505e+01   6.619318e-22   1.227807e-02   4.105456e-23   8081008
  3.449756e+01   5.620403e-22   1.226310e-02   4.095074e-23   7975632
  3.454006e+01   6.747538e-22   1.227841e-02   4.097959e-23   7889116
  3.458257e+01   5.940076e-22   1.226405e-02   4.091307e-23   7784008
  3.462508e+01   4.979081e-22   1.227484e-02   4.078891e-23   7693848
  3.466759e+01   6.039064e-22   1.226805e-02   4.076405e-23   7592468
  3.471010e+01   4.716152e-22   1.227572e-02   4.071172e-23   7499076
  3.475262e+01   5.759533e-22   1.227790e-02   4.058184e-23   7402880
  3.479514e+01   5.225278e-22   1.227043e-02   4.046115e-23   7300768
  3.483765e+01   5.995215e-22   1.227061e-02   4.045723e-23   7203316
  3.488013e+01   6.485456e-22   1.225476e-02   4.032236e-23   7095724
  3.492265e+01   6.044566e-22   1.229466e-02   4.029775e-23   7019608
  3.496518e+01   4.439358e-22   1.226138e-02   4.006817e-23   6901916
  3.500769e+01   5.193402e-22   1.227882e-02   4.004249e-23   6812952
  3.505019e+01   5.777253e-22   1.226209e-02   3.983869e-23   6704548
  3.509270e+01   4.365553e-22   1.227587e-02   3.972443e-23   6612168
  3.513521e+01   2.949919e-22   1.227039e-02   3.948206e-23   6508628
  3.517773e+01   4.622515e-22   1.227711e-02   3.946783e-23   6412072
  3.522024e+01   4.200924e-22   1.226747e-02   3.925652e-23   6306660
  3.526274e+01   3.597470e-22   1.226997e-02   3.894961e-23   6207592
  3.530523e+01   3.267212e-22   1.226489e-02   3.878377e-23   6103860
  3.534774e+01   3.109450e-22   1.227430e-02   3.845336e-23   6007184
  3.539025e+01   3.315563e-22   1.227513e-02   3.820384e-23   5905660
  3.543278e+01   2.744258e-22   1.227664e-02   3.781888e-23   5805132
  3.547529e+01   1.973459e-22   1.226925e-02   3.755881e-23   5700008
  3.551778e+01   1.947241e-22   1.226294e-02   3.717339e-23   5594856
  3.556030e+01   1.036103e-22   1.228122e-02   3.677019e-23   5502341
  3.560283e+01   1.841792e-22   1.227277e-02   3.645137e-23   5404852
  3.564533e+01   1.467205e-22   1.226768e-02   3.613183e-23   5313930
  3.568784e+01   1.026460e-22   1.227261e-02   3.591132e-23   5230396
  3.573035e+01   1.965676e-22   1.226815e-02   3.560242e-23   5145158
  3.577285e+01   1.928635e-22   1.227058e-02   3.532199e-23   5064506
  3.581538e+01   1.684403e-22   1.228142e-02   3.517014e-23   4989464
  3.585790e+01   2.160745e-22   1.226989e-02   3.498041e-23   4907486
  3.590041e+01   1.833363e-22   1.226982e-02   3.470405e-23   4831952
  3.594292e+01   1.811046e-22   1.226933e-02   3.451648e-23   4757392
  3.598543e+01   1.683381e-22   1.227425e-02   3.437187e-23   4685902
  3.602794e+01   6.014675e-23   1.227136e-02   3.419463e-23   4612826
  3.607044e+01   1.059763e-22   1.227059e-02   3.395129e-23   4542436
  3.611296e+01   1.194289e-22   1.227508e-02   3.383081e-23   4475408
  3.615546e+01   1.399412e-22   1.226173e-02   3.364733e-23   4402686
  3.619797e+01   1.506881e-23   1.227689e-02   3.359129e-23   4340854
  3.624049e+01   1.002670e-22   1.227466e-02   3.337039e-23   4273862
  3.628301e+01   7.206936e-23   1.227237e-02   3.329879e-23   4208538
  3.632551e+01   2.957623e-23   1.226532e-02   3.311617e-23   4142584
  3.636801e+01   5.171896e-23   1.226978e-02   3.300272e-23   4081232
  3.641052e+01   9.931224e-23   1.227225e-02   3.280488e-23   4019668
  3.645304e+01   1.880941e-23   1.228203e-02   3.267423e-23   3961416
  3.649557e+01   8.029097e-23   1.227387e-02   3.264792e-23   3898848
  3.653807e+01   4.720931e-23   1.226366e-02   3.248892e-23   3836718
  3.658056e+01   7.657414e-23   1.226607e-02   3.237621e-23   3779272
  3.662306e+01   9.839166e-24   1.226675e-02   3.226888e-23   3721434
  3.666558e+01   9.846122e-23   1.228126e-02   3.218766e-23   3668198
  3.670811e+01   7.137491e-23   1.227910e-02   3.211718e-23   3611346
  3.675062e+01   5.294779e-23   1.226582e-02   3.206464e-23   3552442
  3.679312e+01   -1.397757e-23   1.226935e-02   3.189206e-23   3498908
  3.683563e+01   1.047204e-22   1.227192e-02   3.191320e-23   3445382
  3.687814e+01   -3.375807e-23   1.227356e-02   3.179147e-23   3392244
  3.692066e+01   1.185505e-22   1.227344e-02   3.165760e-23   3339634
  3.696317e+01   -5.221755e-23   1.226899e-02   3.168810e-23   3286752
  3.700566e+01   -2.820947e-23   1.226327e-02   3.156329e-23   3234180
  3.704816e+01   7.622816e-23   1.226838e-02   3.145396e-23   3184556
  3.709068e+01   1.826184e-23   1.228145e-02   3.143510e-23   3137238
  3.713322e+01   3.338358e-23   1.228151e-02   3.132138e-23   3087670
  3.717574e+01   5.147776e-23   1.227426e-02   3.128237e-23   3037460
  3.721824e+01   3.298336e-23   1.225819e-02   3.126307e-23   2985736
  3.726072e+01   -3.213552e-23   1.226565e-02   3.124278e-23   2939708
  3.730324e+01   -3.209926e-23   1.228621e-02   3.116776e-23   2897012
  3.734577e+01   3.673949e-23   1.227048e-02   3.116615e-23   2846890
  3.738827e+01   4.463724e-23   1.226277e-02   3.110553e-23   2799588
  3.743076e+01   5.460826e-23   1.226558e-02   3.106538e-23   2754954
  3.747326e+01   6.443541e-23   1.227308e-02   3.107013e-23   2711500
  3.751579e+01   9.526130e-23   1.228240e-02   3.105390e-23   2669006
  3.755830e+01   7.448033e-23   1.226335e-02   3.097737e-23   2621264
  3.760081e+01   2.730250e-23   1.227565e-02   3.100219e-23   2580726
  3.764332e+01   5.797000e-24   1.226856e-02   3.101735e-23   2536470
  3.768582e+01   1.620279e-23   1.226978e-02   3.092997e-23   2494370
  3.772834e+01   -8.944217e-23   1.227534e-02   3.099843e-23   2453556
  3.777086e+01   5.556000e-23   1.228047e-02   3.096393e-23   2413246
  3.781339e+01   -8.833659e-24   1.227197e-02   3.096023e-23   2370914
  3.785589e+01   3.672475e-23   1.226887e-02   3.096907e-23   2330126
  3.789840e+01   -1.022024e-22   1.227428e-02   3.093901e-23   2291406
  3.794091e+01   1.385678e-23   1.226463e-02   3.095873e-23   2250410
  3.798340e+01   -5.674280e-23   1.226403e-02   3.110435e-23   2211486
  3.802590e+01   9.191618e-24   1.227094e-02   3.112841e-23   2174194
  3.806841e+01   3.099782e-23   1.227271e-02   3.109179e-23   2136416
  3.811093e+01   -6.606893e-23   1.227972e-02   3.111027e-23   2100070
  3.815344e+01   -7.292101e-23   1.226224e-02   3.120803e-23   2060026
  3.819594e+01   2.482877e-23   1.227745e-02   3.116124e-23   2025910
  3.823846e+01   7.289022e-23   1.227012e-02   3.123336e-23   1988576
  3.828096e+01   1.720632e-23   1.226824e-02   3.128749e-23   1952610
  3.832347e+01   1.264399e-22   1.226944e-02   3.132463e-23   1917470
  3.836597e+01   2.970561e-24   1.226960e-02   3.137770e-23   1882484
  3.840848e+01   5.650598e-24   1.227230e-02   3.149960e-23   1848262
  3.845101e+01   9.092873e-23   1.228531e-02   3.153235e-23   1816024
  3.849355e+01   4.214739e-23   1.227230e-02   3.160566e-23   1780418
  3.853605e+01   2.316553e-23   1.226815e-02   3.167078e-23   1746576
  3.857856e+01   9.193663e-23   1.227451e-02   3.176875e-23   1714622
  3.862107e+01   3.771388e-23   1.227068e-02   3.181102e-23   1681692
  3.866358e+01   -4.424575e-23   1.226987e-02   3.202009e-23   1649574
  3.870606e+01   6.069627e-23   1.225405e-02   3.196781e-23   1615788
  3.874855e+01   5.008306e-23   1.227462e-02   3.206210e-23   1587064
  3.879108e+01   2.241778e-23   1.227930e-02   3.219428e-23   1556598
  3.883360e+01   6.756141e-23   1.227389e-02   3.227996e-23   1525380
  3.887612e+01   8.988686e-23   1.227468e-02   3.237616e-23   1495360
  3.891863e+01   5.151769e-23   1.226450e-02   3.257321e-23   1464370
  3.896112e+01   8.523881e-23   1.227040e-02   3.263145e-23   1435656
  3.900363e+01   4.518952e-23   1.226801e-02   3.276438e-23   1406304
  3.904613e+01   3.590241e-23   1.226859e-02   3.293845e-23   1377628
  3.908864e+01   4.212432e-23   1.227348e-02   3.312532e-23   1349744
  3.913115e+01   1.088965e-22   1.227337e-02   3.313314e-23   1321682
  3.917367e+01   7.329416e-23   1.227639e-02   3.333619e-23   1294376
  3.921619e+01   1.188013e-22   1.227256e-02   3.344664e-23   1266768
  3.925869e+01   6.646329e-23   1.226510e-02   3.370158e-23   1239172
  3.930118e+01   1.491049e-22   1.226095e-02   3.379900e-23   1212224
  3.934367e+01   3.050420e-24   1.226955e-02   3.407864e-23   1186796
  3.938619e+01   6.306095e-23   1.227613e-02   3.416650e-23   1161432
  3.942870e+01   8.110671e-23   1.227171e-02   3.435169e-23   1135408
  3.947122e+01   1.856472e-22   1.227296e-02   3.452827e-23   1110324
  3.951374e+01   9.575559e-23   1.227570e-02   3.479868e-23   1085680
  3.955625e+01   4.143104e-23   1.226737e-02   3.496180e-23   1060364
  3.959875e+01   5.120191e-23   1.227507e-02   3.520768e-23   1036736
  3.964128e+01   1.690250e-22   1.228225e-02   3.545273e-23   1013388
  3.968380e+01   6.119588e-23   1.226708e-02   3.570307e-23   988656
  3.972630e+01   7.683673e-23   1.226695e-02   3.602991e-23   965530
  3.976879e+01   4.515392e-23   1.225942e-02   3.620877e-23   942100
  3.981127e+01   1.443507e-23   1.226457e-02   3.650966e-23   919888
  3.985377e+01   1.316225e-22   1.226597e-02   3.684027e-23   897628
  3.989627e+01   1.685464e-22   1.227002e-02   3.693155e-23   875856
  3.993878e+01   2.608800e-23   1.227840e-02   3.734816e-23   854736
  3.998132e+01   7.174149e-23   1.228018e-02   3.746625e-23   833510
  4.002385e+01   5.168957e-23   1.227248e-02   3.790363e-23   811976
  4.006635e+01   -3.634652e-23   1.226626e-02   3.800978e-23   790844
  4.010884e+01   2.168239e-23   1.226521e-02   3.860025e-23   770320
  4.015135e+01   -2.348077e-23   1.227665e-02   3.901974e-23   750838
  4.019387e+01   1.016456e-22   1.227491e-02   3.938390e-23   730864
  4.023638e+01   4.480846e-23   1.226816e-02   3.970998e-23   710984
  4.027888e+01   3.536847e-23   1.226909e-02   4.005155e-23   691894
  4.032138e+01   8.497021e-23   1.226442e-02   4.036040e-23   672776
  4.036388e+01   1.881503e-22   1.226826e-02   4.072521e-23   654372
  4.040638e+01   8.471826e-23   1.226215e-02   4.136119e-23   635682
  4.044886e+01   1.455153e-22   1.225955e-02   4.174710e-23   617460
  4.049134e+01   1.927745e-22   1.226707e-02   4.225752e-23   600024
  4.053385e+01   1.573400e-22   1.227362e-02   4.271603e-23   582830
  4.057638e+01   8.751910e-23   1.228135e-02   4.305759e-23   566000
  4.061890e+01   4.345115e-23   1.226617e-02   4.375725e-23   548458
  4.066141e+01   1.290171e-22   1.227047e-02   4.419648e-23   532084
  4.070391e+01   8.986254e-23   1.226296e-02   4.475127e-23   515440
  4.074640e+01   1.817759e-22   1.225813e-02   4.545926e-23   499174
  4.078887e+01   6.216962e-23   1.225821e-02   4.600283e-23   483368
  4.083136e+01   1.111921e-22   1.227023e-02   4.662117e-23   468270
  4.087389e+01   8.536128e-23   1.228696e-02   4.715742e-23   453568
  4.091643e+01   1.928542e-22   1.227409e-02   4.782639e-23   438106
  4.095894e+01   1.738015e-22   1.227469e-02   4.850912e-23   423508
  4.100145e+01   2.120325e-23   1.226141e-02   4.905934e-23   408754
  4.104393e+01   5.205060e-23   1.225820e-02   5.010614e-23   394612
  4.108642e+01   1.307231e-22   1.225930e-02   5.087735e-23   380826
  4.112890e+01   2.499167e-23   1.225454e-02   5.163065e-23   367086
  4.117139e+01   -1.269507e-23   1.226090e-02   5.239778e-23   353904
  4.121389e+01   1.910670e-22   1.227137e-02   5.343057e-23   341046
  4.125641e+01   7.068309e-23   1.227131e-02   5.460589e-23   328144
  4.129892e+01   1.532124e-22   1.227396e-02   5.517185e-23   315598
  4.134144e+01   4.802574e-23   1.228177e-02   5.625739e-23   303466
  4.138397e+01   -4.966566e-23   1.228223e-02   5.741363e-23   291456
  4.142650e+01   1.761561e-23   1.227604e-02   5.818806e-23   279614
  4.146899e+01   1.019607e-22   1.225106e-02   5.966365e-23   267680
  4.151144e+01   -9.326891e-23   1.224457e-02   6.038075e-23   256438
  4.155391e+01   -6.227274e-23   1.224802e-02   6.200154e-23   245618
  4.159638e+01   2.562937e-22   1.223546e-02   6.332065e-23   234708
  4.163882e+01   -1.152272e-22   1.223171e-02   6.462349e-23   224210
  4.168126e+01   2.168978e-22   1.223403e-02   6.572916e-23   214046
  4.172371e+01   7.692880e-23   1.223949e-02   6.749768e-23   204152
  4.176619e+01   1.497943e-22   1.225107e-02   6.933903e-23   194558
  4.180866e+01   4.672635e-24   1.225135e-02   7.091454e-23   185018
  4.185115e+01   1.844852e-22   1.226437e-02   7.274363e-23   175918
  4.189365e+01   8.724998e-23   1.227339e-02   7.502974e-23   166992
  4.193617e+01   2.632385e-22   1.228038e-02   7.625643e-23   158294
  4.197870e+01   2.402046e-22   1.228439e-02   7.838332e-23   149842
  4.202124e+01   -1.362648e-23   1.227461e-02   8.077471e-23   141530
  4.206372e+01   1.741644e-22   1.224204e-02   8.310424e-23   133284
  4.210617e+01   1.374687e-22   1.222942e-02   8.523973e-23   125546
  4.214861e+01   5.508476e-23   1.220458e-02   8.808599e-23   117950
  4.219103e+01   -2.494317e-22   1.219441e-02   9.045218e-23   110746
  4.223344e+01   9.761604e-23   1.215920e-02   9.460774e-23   103572
  4.227581e+01   8.582706e-23   1.214429e-02   9.764087e-23   96818
  4.231818e+01   2.084148e-22   1.212533e-02   1.009868e-22   90262
  4.236054e+01   2.740860e-22   1.210927e-02   1.057032e-22   83970
  4.240287e+01   1.290796e-22   1.207941e-02   1.093536e-22   77846
  4.244517e+01   -6.461712e-23   1.204821e-02   1.126517e-22   71984
  4.248745e+01   -1.743792e-22   1.202292e-02   1.167483e-22   66398
  4.252973e+01   2.154055e-22   1.200147e-02   1.242066e-22   61058
  4.257200e+01   1.262016e-22   1.198286e-02   1.299761e-22   55958
  4.261428e+01   4.793287e-23   1.196279e-02   1.360785e-22   51082
  4.265654e+01   -5.088354e-23   1.192707e-02   1.417504e-22   46398
  4.269877e+01   -1.650899e-22   1.188372e-02   1.493454e-22   41954
  4.274096e+01   -1.026556e-22   1.182018e-02   1.569999e-22   37718
  4.278311e+01   4.067897e-22   1.175253e-02   1.676512e-22   33736
  4.282524e+01   8.891657e-22   1.169132e-02   1.785664e-22   30006
  4.286737e+01   6.404265e-22   1.164907e-02   1.890111e-22   26522
  4.290955e+01   6.665615e-22   1.162191e-02   2.020000e-22   23254
  4.295172e+01   2.652157e-22   1.158330e-02   2.136867e-22   20178
  4.299391e+01   3.409984e-22   1.156315e-02   2.368193e-22   17342
  4.303612e+01   7.318673e-22   1.154632e-02   2.492449e-22   14714
  4.307837e+01   1.593560e-22   1.155162e-02   2.799578e-22   12310
  4.312059e+01   9.559506e-22   1.152174e-02   3.123641e-22   10098
  4.316283e+01   -9.249741e-22   1.151731e-02   3.508297e-22   8126
  4.320507e+01   -7.317155e-22   1.151119e-02   3.981759e-22   6362
  4.324736e+01   -2.361611e-22   1.155455e-02   4.643057e-22   4822
  4.328956e+01   -2.675624e-22   1.148980e-02   5.366673e-22   3474
  4.333169e+01   -4.110288e-22   1.147690e-02   6.560893e-22   2366
  4.337376e+01   4.350831e-23   1.144014e-02   8.119137e-22   1466
  4.341590e+01   -2.160739e-22   1.170054e-02   1.113630e-21   790
  4.345704e+01   -2.294772e-21   1.106884e-02   1.771568e-21   306
  4.349554e+01   -1.585106e-21   9.430857e-03   3.225625e-21   62
