# power spectrum of delta
# redshift z=0.596562
# k              Pk             sigma(k)       sigma(Pk)      count
  3.132125e-02   7.283876e-03   4.792454e-03   1.360122e-03   18
  6.745391e-02   8.132716e-02   1.159167e-02   7.994774e-03   152
  1.090113e-01   1.909576e-01   1.224347e-02   9.028470e-03   416
  1.497134e-01   3.188601e-01   1.165022e-02   1.185215e-02   770
  1.923472e-01   4.647588e-01   1.247860e-02   1.281660e-02   1364
  2.350444e-01   6.415562e-01   1.221820e-02   1.418110e-02   1976
  2.775930e-01   8.226231e-01   1.245022e-02   1.596367e-02   2792
  3.193857e-01   1.054659e+00   1.188722e-02   1.751168e-02   3578
  3.615292e-01   1.265997e+00   1.219808e-02   1.872331e-02   4724
  4.045273e-01   1.508652e+00   1.253838e-02   1.934385e-02   6032
  4.469941e-01   1.743547e+00   1.206640e-02   2.095214e-02   7072
  4.890810e-01   2.099098e+00   1.222555e-02   2.300333e-02   8634
  5.318886e-01   2.464685e+00   1.238102e-02   2.411837e-02   10336
  5.746708e-01   2.769552e+00   1.232804e-02   2.559475e-02   11940
  6.167490e-01   3.171236e+00   1.208586e-02   2.666158e-02   13490
  6.588740e-01   3.562951e+00   1.221778e-02   2.889269e-02   15656
  7.016595e-01   4.039091e+00   1.241043e-02   3.036733e-02   18008
  7.443680e-01   4.533249e+00   1.227786e-02   3.211489e-02   19964
  7.867827e-01   5.029244e+00   1.226437e-02   3.354469e-02   22354
  8.291404e-01   5.653256e+00   1.212327e-02   3.577883e-02   24648
  8.716536e-01   6.187150e+00   1.233244e-02   3.696128e-02   27592
  9.142068e-01   6.724813e+00   1.230127e-02   3.863822e-02   30152
  9.566749e-01   7.467574e+00   1.227622e-02   4.072441e-02   33046
  9.991233e-01   7.968933e+00   1.221538e-02   4.207257e-02   35992
  1.041693e+00   8.817889e+00   1.229906e-02   4.450602e-02   39304
  1.084289e+00   9.308803e+00   1.232858e-02   4.519051e-02   42608
  1.126820e+00   1.015716e+01   1.223307e-02   4.758697e-02   45758
  1.169340e+00   1.104998e+01   1.228914e-02   4.962330e-02   49536
  1.211695e+00   1.160309e+01   1.215683e-02   5.061635e-02   52488
  1.254054e+00   1.254913e+01   1.233851e-02   5.220933e-02   57034
  1.296605e+00   1.325812e+01   1.224458e-02   5.372122e-02   60648
  1.339187e+00   1.411802e+01   1.230532e-02   5.564109e-02   65044
  1.381689e+00   1.498956e+01   1.223104e-02   5.726361e-02   68720
  1.424202e+00   1.574398e+01   1.231312e-02   5.819162e-02   73538
  1.466870e+00   1.667139e+01   1.230776e-02   5.984879e-02   78080
  1.509304e+00   1.762467e+01   1.215944e-02   6.184124e-02   81572
  1.551677e+00   1.854042e+01   1.232495e-02   6.279542e-02   87248
  1.594353e+00   1.958345e+01   1.233837e-02   6.454908e-02   92266
  1.636929e+00   2.045572e+01   1.225268e-02   6.586392e-02   96696
  1.679216e+00   2.129885e+01   1.215041e-02   6.687769e-02   100904
  1.721516e+00   2.230083e+01   1.226207e-02   6.795151e-02   107036
  1.764192e+00   2.320085e+01   1.235795e-02   6.939773e-02   113362
  1.806923e+00   2.445174e+01   1.228837e-02   7.109701e-02   118176
  1.849351e+00   2.510463e+01   1.221864e-02   7.187516e-02   122944
  1.891857e+00   2.619576e+01   1.233203e-02   7.290159e-02   129902
  1.934420e+00   2.711461e+01   1.224691e-02   7.356561e-02   134944
  1.976863e+00   2.817260e+01   1.225992e-02   7.520222e-02   140952
  2.019285e+00   2.920931e+01   1.225865e-02   7.628285e-02   147072
  2.061737e+00   3.005411e+01   1.224320e-02   7.654386e-02   153382
  2.104357e+00   3.117237e+01   1.233049e-02   7.790122e-02   160952
  2.147003e+00   3.209180e+01   1.228118e-02   7.839358e-02   166640
  2.189431e+00   3.307016e+01   1.222861e-02   7.937081e-02   172448
  2.231915e+00   3.408621e+01   1.231031e-02   8.068087e-02   180594
  2.274471e+00   3.511530e+01   1.224284e-02   8.125726e-02   186556
  2.316888e+00   3.600795e+01   1.225358e-02   8.171514e-02   193528
  2.359297e+00   3.723606e+01   1.224273e-02   8.293248e-02   200626
  2.401844e+00   3.813237e+01   1.230642e-02   8.340483e-02   209256
  2.444460e+00   3.910767e+01   1.227865e-02   8.448800e-02   216020
  2.487004e+00   4.015402e+01   1.230299e-02   8.451829e-02   223768
  2.529444e+00   4.108818e+01   1.222313e-02   8.552985e-02   230234
  2.571955e+00   4.226134e+01   1.229969e-02   8.615529e-02   239800
  2.614499e+00   4.317282e+01   1.225221e-02   8.671188e-02   246568
  2.656957e+00   4.397523e+01   1.227331e-02   8.702386e-02   254828
  2.699414e+00   4.505468e+01   1.225769e-02   8.789860e-02   263074
  2.741981e+00   4.595196e+01   1.228604e-02   8.817872e-02   272312
  2.784554e+00   4.683117e+01   1.228079e-02   8.851576e-02   280376
  2.827093e+00   4.794267e+01   1.228600e-02   8.953865e-02   288884
  2.869605e+00   4.885931e+01   1.227401e-02   8.992510e-02   297602
  2.912071e+00   4.980676e+01   1.223046e-02   9.032510e-02   305520
  2.954561e+00   5.050646e+01   1.230079e-02   9.046825e-02   315976
  2.996984e+00   5.181710e+01   1.221089e-02   9.130814e-02   322778
  3.039488e+00   5.243851e+01   1.232008e-02   9.050826e-02   335372
  3.082114e+00   5.357304e+01   1.227327e-02   9.143790e-02   343464
  3.124654e+00   5.451011e+01   1.228282e-02   9.175270e-02   352912
  3.167174e+00   5.541906e+01   1.228199e-02   9.214173e-02   362666
  3.209689e+00   5.655346e+01   1.225476e-02   9.213312e-02   371884
  3.252186e+00   5.747161e+01   1.227971e-02   9.295149e-02   382280
  3.294633e+00   5.830081e+01   1.224302e-02   9.333283e-02   390888
  3.337059e+00   5.931945e+01   1.226867e-02   9.373328e-02   402234
  3.379565e+00   6.015913e+01   1.225933e-02   9.374229e-02   412576
  3.422105e+00   6.102305e+01   1.228715e-02   9.357905e-02   423732
  3.464636e+00   6.185738e+01   1.227257e-02   9.410685e-02   433624
  3.507180e+00   6.258557e+01   1.228881e-02   9.370243e-02   445154
  3.549739e+00   6.350327e+01   1.227656e-02   9.410238e-02   455584
  3.592238e+00   6.460006e+01   1.225887e-02   9.475440e-02   465588
  3.634685e+00   6.542893e+01   1.226065e-02   9.485074e-02   476762
  3.677219e+00   6.625029e+01   1.229242e-02   9.418130e-02   489552
  3.719789e+00   6.670341e+01   1.227853e-02   9.407113e-02   500328
  3.762251e+00   6.744255e+01   1.223705e-02   9.419658e-02   509852
  3.804741e+00   6.848353e+01   1.229735e-02   9.468359e-02   524234
  3.847275e+00   6.929336e+01   1.224781e-02   9.486257e-02   534104
  3.889779e+00   6.998721e+01   1.228211e-02   9.467081e-02   547048
  3.932320e+00   7.087969e+01   1.229545e-02   9.482856e-02   559328
  3.974872e+00   7.160976e+01   1.228346e-02   9.443009e-02   571326
  4.017355e+00   7.244815e+01   1.224147e-02   9.494639e-02   581920
  4.059804e+00   7.312702e+01   1.225835e-02   9.499626e-02   594832
  4.102282e+00   7.382071e+01   1.227222e-02   9.487119e-02   608048
  4.144825e+00   7.459447e+01   1.228101e-02   9.417946e-02   621526
  4.187356e+00   7.557610e+01   1.226445e-02   9.506864e-02   633240
  4.229822e+00   7.629043e+01   1.225981e-02   9.481551e-02   645472
  4.272346e+00   7.700224e+01   1.230137e-02   9.513161e-02   660906
  4.314903e+00   7.749028e+01   1.227030e-02   9.471323e-02   672856
  4.357425e+00   7.828466e+01   1.226838e-02   9.465028e-02   685980
  4.399921e+00   7.888182e+01   1.227191e-02   9.450719e-02   699256
  4.442476e+00   7.941365e+01   1.229990e-02   9.417260e-02   714730
  4.484986e+00   8.065916e+01   1.223739e-02   9.445930e-02   725152
  4.527452e+00   8.116660e+01   1.227054e-02   9.462538e-02   740420
  4.569941e+00   8.189871e+01   1.227636e-02   9.450147e-02   754312
  4.612456e+00   8.244805e+01   1.227959e-02   9.411800e-02   769114
  4.654996e+00   8.293855e+01   1.227684e-02   9.344539e-02   783488
  4.697459e+00   8.366267e+01   1.223560e-02   9.370268e-02   794968
  4.739925e+00   8.444029e+01   1.228043e-02   9.384141e-02   812366
  4.782438e+00   8.506868e+01   1.226054e-02   9.377424e-02   825976
  4.825000e+00   8.581964e+01   1.230088e-02   9.340560e-02   843352
  4.867591e+00   8.617117e+01   1.229290e-02   9.303137e-02   857280
  4.910094e+00   8.692149e+01   1.225276e-02   9.341207e-02   869542
  4.952587e+00   8.715547e+01   1.228301e-02   9.240604e-02   887128
  4.995087e+00   8.828882e+01   1.225266e-02   9.331906e-02   900032
  5.037553e+00   8.869586e+01   1.226951e-02   9.276772e-02   916560
  5.080018e+00   8.943870e+01   1.224713e-02   9.276411e-02   930922
  5.122540e+00   8.979478e+01   1.228718e-02   9.246316e-02   949844
  5.165149e+00   9.060812e+01   1.230776e-02   9.213039e-02   966736
  5.207698e+00   9.119346e+01   1.226328e-02   9.235597e-02   978776
  5.250149e+00   9.157619e+01   1.225655e-02   9.191153e-02   994522
  5.292642e+00   9.235108e+01   1.227563e-02   9.175295e-02   1012420
  5.335176e+00   9.285381e+01   1.228639e-02   9.141514e-02   1029408
  5.377640e+00   9.347340e+01   1.223362e-02   9.161790e-02   1041658
  5.420127e+00   9.389702e+01   1.228953e-02   9.102254e-02   1063520
  5.462635e+00   9.450081e+01   1.224276e-02   9.097857e-02   1075808
  5.505175e+00   9.499737e+01   1.232008e-02   9.075994e-02   1098956
  5.547712e+00   9.536103e+01   1.224668e-02   9.067742e-02   1109810
  5.590179e+00   9.603831e+01   1.226115e-02   9.064947e-02   1128608
  5.632713e+00   9.615871e+01   1.229436e-02   8.995980e-02   1148264
  5.675250e+00   9.689627e+01   1.227167e-02   8.989150e-02   1163252
  5.717744e+00   9.768949e+01   1.226828e-02   8.997337e-02   1181042
  5.760239e+00   9.813037e+01   1.225730e-02   8.973397e-02   1197848
  5.802769e+00   9.860991e+01   1.229495e-02   8.933422e-02   1218848
  5.845291e+00   9.901509e+01   1.225944e-02   8.919269e-02   1232916
  5.887780e+00   9.946216e+01   1.227538e-02   8.892179e-02   1253002
  5.930266e+00   9.978489e+01   1.224914e-02   8.863803e-02   1268576
  5.972763e+00   1.002962e+02   1.228621e-02   8.847137e-02   1290128
  6.015287e+00   1.008326e+02   1.227337e-02   8.813228e-02   1307402
  6.057820e+00   1.014526e+02   1.227649e-02   8.802821e-02   1327028
  6.100333e+00   1.017440e+02   1.225988e-02   8.778084e-02   1343648
  6.142842e+00   1.018511e+02   1.228087e-02   8.719039e-02   1364096
  6.185363e+00   1.021896e+02   1.227580e-02   8.690557e-02   1382730
  6.227896e+00   1.025311e+02   1.227503e-02   8.677902e-02   1402164
  6.270416e+00   1.031871e+02   1.227264e-02   8.655480e-02   1420464
  6.312883e+00   1.034908e+02   1.225519e-02   8.635113e-02   1437368
  6.355387e+00   1.041245e+02   1.228857e-02   8.609121e-02   1461530
  6.397919e+00   1.047173e+02   1.226028e-02   8.616916e-02   1478264
  6.440432e+00   1.048734e+02   1.227561e-02   8.570278e-02   1499356
  6.482926e+00   1.052952e+02   1.226095e-02   8.533190e-02   1517016
  6.525439e+00   1.055603e+02   1.228340e-02   8.513483e-02   1540090
  6.567953e+00   1.059635e+02   1.226146e-02   8.488085e-02   1557360
  6.610434e+00   1.063060e+02   1.226770e-02   8.467205e-02   1577780
  6.652969e+00   1.066701e+02   1.230043e-02   8.435971e-02   1602578
  6.695499e+00   1.070870e+02   1.225417e-02   8.409102e-02   1617672
  6.737992e+00   1.073729e+02   1.227613e-02   8.364012e-02   1641016
  6.780486e+00   1.077614e+02   1.226032e-02   8.362244e-02   1659416
  6.822983e+00   1.080046e+02   1.227372e-02   8.330412e-02   1682670
  6.865529e+00   1.085429e+02   1.228276e-02   8.323236e-02   1705256
  6.908096e+00   1.087565e+02   1.228756e-02   8.294280e-02   1726312
  6.950582e+00   1.089900e+02   1.225056e-02   8.260012e-02   1741880
  6.993044e+00   1.092827e+02   1.226862e-02   8.211536e-02   1766454
  7.035588e+00   1.096092e+02   1.229242e-02   8.214256e-02   1791784
  7.078111e+00   1.099650e+02   1.225558e-02   8.186724e-02   1807712
  7.120554e+00   1.103355e+02   1.225110e-02   8.153295e-02   1829002
  7.163037e+00   1.108222e+02   1.226905e-02   8.141392e-02   1854216
  7.205602e+00   1.109863e+02   1.229852e-02   8.101647e-02   1880156
  7.248150e+00   1.111721e+02   1.227340e-02   8.069049e-02   1897568
  7.290651e+00   1.115288e+02   1.227390e-02   8.064659e-02   1920458
  7.333153e+00   1.117871e+02   1.226399e-02   8.034113e-02   1942208
  7.375659e+00   1.119748e+02   1.227125e-02   7.998438e-02   1965612
  7.418175e+00   1.120925e+02   1.227855e-02   7.958881e-02   1989000
  7.460671e+00   1.125527e+02   1.225786e-02   7.937118e-02   2009114
  7.503166e+00   1.128654e+02   1.226960e-02   7.916465e-02   2034464
  7.545695e+00   1.131003e+02   1.228070e-02   7.871241e-02   2058476
  7.588207e+00   1.133895e+02   1.227216e-02   7.873960e-02   2079648
  7.630693e+00   1.134396e+02   1.226356e-02   7.823937e-02   2102578
  7.673222e+00   1.138324e+02   1.228297e-02   7.805144e-02   2129928
  7.715766e+00   1.140073e+02   1.227893e-02   7.773235e-02   2152096
  7.758252e+00   1.142705e+02   1.225143e-02   7.760011e-02   2171142
  7.800741e+00   1.145833e+02   1.227660e-02   7.718562e-02   2200248
  7.843296e+00   1.145886e+02   1.228407e-02   7.681835e-02   2225216
  7.885842e+00   1.149015e+02   1.228377e-02   7.660273e-02   2248448
  7.928336e+00   1.153677e+02   1.225709e-02   7.667117e-02   2267942
  7.970840e+00   1.155189e+02   1.228420e-02   7.626336e-02   2298072
  8.013348e+00   1.155461e+02   1.225627e-02   7.588344e-02   2317272
  8.055842e+00   1.158015e+02   1.227899e-02   7.566434e-02   2345808
  8.098322e+00   1.160713e+02   1.224988e-02   7.551369e-02   2365650
  8.140823e+00   1.162309e+02   1.227972e-02   7.509125e-02   2396940
  8.183368e+00   1.164714e+02   1.227975e-02   7.477361e-02   2421272
  8.225892e+00   1.167031e+02   1.227360e-02   7.480090e-02   2444576
  8.268407e+00   1.168502e+02   1.227899e-02   7.426931e-02   2471490
  8.310912e+00   1.167747e+02   1.225942e-02   7.402232e-02   2493180
  8.353397e+00   1.172214e+02   1.227208e-02   7.390283e-02   2520952
  8.395888e+00   1.171691e+02   1.226128e-02   7.350871e-02   2544946
  8.438392e+00   1.173548e+02   1.227324e-02   7.306464e-02   2573856
  8.480922e+00   1.175219e+02   1.227611e-02   7.289192e-02   2600016
  8.523447e+00   1.177746e+02   1.227641e-02   7.277614e-02   2625484
  8.565959e+00   1.177912e+02   1.227232e-02   7.238486e-02   2651122
  8.608519e+00   1.178989e+02   1.229739e-02   7.194112e-02   2683488
  8.651014e+00   1.178651e+02   1.223786e-02   7.189485e-02   2696352
  8.693483e+00   1.180700e+02   1.228468e-02   7.154690e-02   2733020
  8.736008e+00   1.181870e+02   1.227012e-02   7.124615e-02   2757378
  8.778525e+00   1.182789e+02   1.227177e-02   7.090821e-02   2784864
  8.821036e+00   1.186786e+02   1.227124e-02   7.084805e-02   2811168
  8.863496e+00   1.187191e+02   1.224424e-02   7.061269e-02   2832274
  8.906020e+00   1.188382e+02   1.230244e-02   7.004831e-02   2873636
  8.948567e+00   1.186027e+02   1.225951e-02   6.968137e-02   2890496
  8.991066e+00   1.187100e+02   1.227940e-02   6.955478e-02   2921800
  9.033598e+00   1.188929e+02   1.228441e-02   6.922054e-02   2951298
  9.076126e+00   1.191636e+02   1.226510e-02   6.910084e-02   2975476
  9.118654e+00   1.194987e+02   1.228550e-02   6.897519e-02   3007728
  9.161142e+00   1.193374e+02   1.224754e-02   6.867015e-02   3025776
  9.203640e+00   1.193599e+02   1.229182e-02   6.805555e-02   3065762
  9.246160e+00   1.194576e+02   1.225283e-02   6.811168e-02   3084856
  9.288649e+00   1.194701e+02   1.227594e-02   6.756640e-02   3118044
  9.331129e+00   1.196029e+02   1.225728e-02   6.750795e-02   3141352
  9.373640e+00   1.197228e+02   1.228814e-02   6.711022e-02   3179274
  9.416185e+00   1.197411e+02   1.227073e-02   6.694834e-02   3204120
  9.458671e+00   1.197164e+02   1.225444e-02   6.664933e-02   3227900
  9.501151e+00   1.198066e+02   1.227489e-02   6.644944e-02   3262394
  9.543701e+00   1.197862e+02   1.228726e-02   6.606945e-02   3295680
  9.586236e+00   1.197678e+02   1.226866e-02   6.579157e-02   3319560
  9.628737e+00   1.198302e+02   1.227228e-02   6.547392e-02   3348972
  9.671240e+00   1.197494e+02   1.227416e-02   6.522785e-02   3379722
  9.713763e+00   1.199073e+02   1.227339e-02   6.494019e-02   3410720
  9.756299e+00   1.198256e+02   1.227807e-02   6.461151e-02   3441504
  9.798787e+00   1.199569e+02   1.225320e-02   6.454057e-02   3463624
  9.841266e+00   1.199459e+02   1.227217e-02   6.407815e-02   3499790
  9.883803e+00   1.200360e+02   1.228281e-02   6.385648e-02   3533560
  9.926350e+00   1.199059e+02   1.227932e-02   6.367167e-02   3561920
  9.968836e+00   1.198791e+02   1.225683e-02   6.337999e-02   3585208
  1.001132e+01   1.200535e+02   1.227674e-02   6.309096e-02   3622518
  1.005387e+01   1.201397e+02   1.228938e-02   6.288702e-02   3657584
  1.009637e+01   1.195992e+02   1.225003e-02   6.237259e-02   3676440
  1.013883e+01   1.198189e+02   1.226093e-02   6.215185e-02   3711282
  1.018134e+01   1.197173e+02   1.227505e-02   6.194935e-02   3747696
  1.022386e+01   1.198179e+02   1.226890e-02   6.169966e-02   3776188
  1.026640e+01   1.196225e+02   1.229793e-02   6.133087e-02   3815304
  1.030893e+01   1.196434e+02   1.225864e-02   6.108845e-02   3835370
  1.035143e+01   1.196289e+02   1.227570e-02   6.088325e-02   3873424
  1.039395e+01   1.196500e+02   1.227191e-02   6.066539e-02   3903420
  1.043647e+01   1.195218e+02   1.228014e-02   6.021999e-02   3937624
  1.047898e+01   1.194255e+02   1.226404e-02   6.009334e-02   3965658
  1.052150e+01   1.194910e+02   1.227921e-02   5.970207e-02   4002984
  1.056400e+01   1.192947e+02   1.226054e-02   5.947591e-02   4027928
  1.060647e+01   1.193424e+02   1.225976e-02   5.925032e-02   4059844
  1.064896e+01   1.192866e+02   1.227978e-02   5.890880e-02   4100338
  1.069151e+01   1.191884e+02   1.227651e-02   5.869283e-02   4132264
  1.073403e+01   1.191358e+02   1.227390e-02   5.842396e-02   4163216
  1.077652e+01   1.190548e+02   1.226459e-02   5.822842e-02   4193350
  1.081904e+01   1.190940e+02   1.228427e-02   5.792282e-02   4234456
  1.086156e+01   1.188318e+02   1.225632e-02   5.762952e-02   4257264
  1.090405e+01   1.188584e+02   1.227910e-02   5.741164e-02   4297352
  1.094656e+01   1.187004e+02   1.226998e-02   5.706742e-02   4328642
  1.098909e+01   1.187088e+02   1.228265e-02   5.682639e-02   4367948
  1.103158e+01   1.187518e+02   1.224720e-02   5.666715e-02   4388384
  1.107408e+01   1.184124e+02   1.228899e-02   5.623433e-02   4436648
  1.111661e+01   1.183657e+02   1.227199e-02   5.601761e-02   4465658
  1.115915e+01   1.180927e+02   1.227871e-02   5.560521e-02   4502948
  1.120165e+01   1.181539e+02   1.225915e-02   5.557724e-02   4528880
  1.124413e+01   1.182170e+02   1.226872e-02   5.534057e-02   4566290
  1.128665e+01   1.180056e+02   1.228262e-02   5.498155e-02   4606856
  1.132917e+01   1.178799e+02   1.226621e-02   5.477736e-02   4635380
  1.137166e+01   1.176673e+02   1.226853e-02   5.444190e-02   4670384
  1.141417e+01   1.175769e+02   1.227665e-02   5.423946e-02   4709258
  1.145672e+01   1.173842e+02   1.228130e-02   5.390652e-02   4747352
  1.149922e+01   1.173292e+02   1.225462e-02   5.374809e-02   4771664
  1.154171e+01   1.172131e+02   1.227440e-02   5.348600e-02   4813532
  1.158423e+01   1.170156e+02   1.228175e-02   5.310102e-02   4852322
  1.162677e+01   1.169962e+02   1.227605e-02   5.293206e-02   4886480
  1.166928e+01   1.169279e+02   1.226516e-02   5.272979e-02   4917248
  1.171175e+01   1.167795e+02   1.226039e-02   5.247738e-02   4950828
  1.175428e+01   1.165956e+02   1.229115e-02   5.221240e-02   5000170
  1.179682e+01   1.163390e+02   1.226743e-02   5.189478e-02   5026952
  1.183930e+01   1.162344e+02   1.225870e-02   5.166943e-02   5058752
  1.188178e+01   1.161198e+02   1.227096e-02   5.150629e-02   5100722
  1.192431e+01   1.159722e+02   1.227592e-02   5.116655e-02   5140124
  1.196682e+01   1.157444e+02   1.227175e-02   5.085431e-02   5174072
  1.200934e+01   1.156184e+02   1.227571e-02   5.073055e-02   5211608
  1.205185e+01   1.154285e+02   1.227167e-02   5.037649e-02   5247794
  1.209436e+01   1.152619e+02   1.226763e-02   5.013052e-02   5284196
  1.213689e+01   1.151477e+02   1.228663e-02   4.988474e-02   5328800
  1.217939e+01   1.149891e+02   1.225244e-02   4.977168e-02   5350872
  1.222188e+01   1.148150e+02   1.227843e-02   4.940396e-02   5400634
  1.226439e+01   1.146834e+02   1.226116e-02   4.920912e-02   5430968
  1.230690e+01   1.145971e+02   1.228074e-02   4.897766e-02   5475908
  1.234942e+01   1.142008e+02   1.227341e-02   4.868374e-02   5510016
  1.239194e+01   1.140462e+02   1.227878e-02   4.836611e-02   5552114
  1.243448e+01   1.140023e+02   1.227536e-02   4.823348e-02   5588944
  1.247700e+01   1.138891e+02   1.227081e-02   4.801403e-02   5623828
  1.251949e+01   1.135285e+02   1.226652e-02   4.775607e-02   5660722
  1.256199e+01   1.134257e+02   1.226569e-02   4.755932e-02   5699896
  1.260450e+01   1.132391e+02   1.227587e-02   4.728135e-02   5741936
  1.264701e+01   1.131554e+02   1.227604e-02   4.705964e-02   5779568
  1.268952e+01   1.129363e+02   1.227056e-02   4.685277e-02   5817222
  1.273202e+01   1.126593e+02   1.226405e-02   4.659728e-02   5854600
  1.277454e+01   1.123914e+02   1.227916e-02   4.632438e-02   5900040
  1.281705e+01   1.122179e+02   1.226601e-02   4.611911e-02   5931976
  1.285956e+01   1.119895e+02   1.228040e-02   4.581866e-02   5979390
  1.290207e+01   1.118916e+02   1.226129e-02   4.566304e-02   6010200
  1.294458e+01   1.115263e+02   1.227731e-02   4.533128e-02   6056496
  1.298708e+01   1.114165e+02   1.226484e-02   4.516922e-02   6089504
  1.302958e+01   1.111633e+02   1.227756e-02   4.488983e-02   6137114
  1.307210e+01   1.110303e+02   1.226880e-02   4.474424e-02   6173332
  1.311461e+01   1.107151e+02   1.227153e-02   4.438545e-02   6214128
  1.315711e+01   1.106384e+02   1.226922e-02   4.425451e-02   6253874
  1.319964e+01   1.103078e+02   1.227851e-02   4.397360e-02   6300104
  1.324216e+01   1.101545e+02   1.226546e-02   4.377772e-02   6332612
  1.328467e+01   1.098718e+02   1.228096e-02   4.350215e-02   6379768
  1.332719e+01   1.097105e+02   1.227439e-02   4.329778e-02   6418218
  1.336971e+01   1.094449e+02   1.227344e-02   4.307884e-02   6459880
  1.341221e+01   1.092346e+02   1.226446e-02   4.283599e-02   6495652
  1.345472e+01   1.090582e+02   1.228092e-02   4.267085e-02   6545296
  1.349724e+01   1.087922e+02   1.226891e-02   4.238625e-02   6581570
  1.353974e+01   1.084988e+02   1.226098e-02   4.214663e-02   6618960
  1.358222e+01   1.083022e+02   1.226863e-02   4.196472e-02   6663352
  1.362471e+01   1.080487e+02   1.226151e-02   4.176199e-02   6701334
  1.366724e+01   1.078766e+02   1.229005e-02   4.151844e-02   6759920
  1.370978e+01   1.076668e+02   1.226871e-02   4.132528e-02   6789696
  1.375229e+01   1.072613e+02   1.227982e-02   4.105177e-02   6837208
  1.379481e+01   1.071108e+02   1.226997e-02   4.087359e-02   6874966
  1.383733e+01   1.068615e+02   1.227445e-02   4.066304e-02   6920864
  1.387984e+01   1.066396e+02   1.226703e-02   4.040151e-02   6957816
  1.392234e+01   1.063395e+02   1.227258e-02   4.019556e-02   7002232
  1.396483e+01   1.063186e+02   1.226616e-02   4.007197e-02   7043114
  1.400736e+01   1.058287e+02   1.228161e-02   3.972492e-02   7096020
  1.404988e+01   1.057297e+02   1.226958e-02   3.965325e-02   7130640
  1.409239e+01   1.054171e+02   1.227310e-02   3.935960e-02   7175472
  1.413489e+01   1.051819e+02   1.226899e-02   3.917264e-02   7217786
  1.417741e+01   1.049416e+02   1.227600e-02   3.895763e-02   7265564
  1.421992e+01   1.045901e+02   1.226528e-02   3.870461e-02   7301288
  1.426240e+01   1.044357e+02   1.226550e-02   3.854246e-02   7345330
  1.430491e+01   1.042787e+02   1.227621e-02   3.835333e-02   7397048
  1.434743e+01   1.039675e+02   1.226815e-02   3.810840e-02   7435920
  1.438994e+01   1.037758e+02   1.227688e-02   3.793744e-02   7484140
  1.443245e+01   1.034498e+02   1.227057e-02   3.771500e-02   7525578
  1.447497e+01   1.032425e+02   1.227007e-02   3.750293e-02   7571376
  1.451748e+01   1.029915e+02   1.227392e-02   3.733970e-02   7617064
  1.456001e+01   1.026742e+02   1.227782e-02   3.713330e-02   7662092
  1.460251e+01   1.023868e+02   1.226530e-02   3.693051e-02   7699658
  1.464502e+01   1.021933e+02   1.227578e-02   3.669668e-02   7752416
  1.468755e+01   1.018243e+02   1.227763e-02   3.645854e-02   7797776
  1.473004e+01   1.015863e+02   1.226070e-02   3.632483e-02   7831720
  1.477255e+01   1.012640e+02   1.227889e-02   3.608594e-02   7889926
  1.481507e+01   1.009718e+02   1.227192e-02   3.584019e-02   7931480
  1.485759e+01   1.007693e+02   1.227300e-02   3.570051e-02   7976688
  1.490006e+01   1.004583e+02   1.225048e-02   3.552227e-02   8007786
  1.494256e+01   1.002854e+02   1.228133e-02   3.527663e-02   8074564
  1.498510e+01   9.995529e+01   1.228034e-02   3.507626e-02   8118904
  1.502762e+01   9.978084e+01   1.226783e-02   3.494926e-02   8155824
  1.507013e+01   9.949955e+01   1.228256e-02   3.475075e-02   8212802
  1.511265e+01   9.932053e+01   1.226047e-02   3.459802e-02   8245268
  1.515516e+01   9.895578e+01   1.228702e-02   3.431672e-02   8308816
  1.519769e+01   9.858343e+01   1.226520e-02   3.415935e-02   8340304
  1.524017e+01   9.831729e+01   1.226489e-02   3.395128e-02   8387738
  1.528267e+01   9.809925e+01   1.226883e-02   3.377678e-02   8437624
  1.532518e+01   9.782484e+01   1.227531e-02   3.359252e-02   8487796
  1.536768e+01   9.767596e+01   1.226572e-02   3.344802e-02   8527936
  1.541020e+01   9.726466e+01   1.227764e-02   3.321717e-02   8585122
  1.545272e+01   9.691970e+01   1.227170e-02   3.301269e-02   8628200
  1.549524e+01   9.673612e+01   1.227868e-02   3.282317e-02   8679484
  1.553776e+01   9.631170e+01   1.226928e-02   3.261822e-02   8721466
  1.558025e+01   9.621915e+01   1.226318e-02   3.250562e-02   8765840
  1.562277e+01   9.597274e+01   1.228142e-02   3.234365e-02   8825136
  1.566528e+01   9.564551e+01   1.226701e-02   3.215470e-02   8861768
  1.570779e+01   9.531211e+01   1.227728e-02   3.191818e-02   8919278
  1.575031e+01   9.501649e+01   1.226638e-02   3.176034e-02   8961008
  1.579282e+01   9.483359e+01   1.227512e-02   3.158742e-02   9014456
  1.583534e+01   9.450527e+01   1.227527e-02   3.141021e-02   9062240
  1.587786e+01   9.417432e+01   1.227311e-02   3.119941e-02   9110510
  1.592036e+01   9.393295e+01   1.226582e-02   3.107064e-02   9154048
  1.596285e+01   9.367633e+01   1.226281e-02   3.090160e-02   9198928
  1.600534e+01   9.343774e+01   1.227531e-02   3.071110e-02   9257194
  1.604787e+01   9.310397e+01   1.227745e-02   3.050411e-02   9310168
  1.609038e+01   9.283093e+01   1.226530e-02   3.035164e-02   9350316
  1.613289e+01   9.253792e+01   1.227684e-02   3.018938e-02   9407120
  1.617541e+01   9.220832e+01   1.227300e-02   2.997315e-02   9454642
  1.621793e+01   9.199832e+01   1.227362e-02   2.982156e-02   9506272
  1.626044e+01   9.167516e+01   1.226942e-02   2.966028e-02   9551228
  1.630294e+01   9.135718e+01   1.227038e-02   2.952037e-02   9600264
  1.634544e+01   9.115615e+01   1.227012e-02   2.934594e-02   9651458
  1.638796e+01   9.080757e+01   1.228049e-02   2.913592e-02   9711488
  1.643048e+01   9.048690e+01   1.226476e-02   2.898040e-02   9749144
  1.647299e+01   9.024711e+01   1.227613e-02   2.881276e-02   9807908
  1.651550e+01   8.996834e+01   1.227043e-02   2.866791e-02   9854786
  1.655803e+01   8.970239e+01   1.228107e-02   2.849536e-02   9914304
  1.660053e+01   8.939019e+01   1.225867e-02   2.836731e-02   9945544
  1.664301e+01   8.904044e+01   1.226718e-02   2.816111e-02   10003414
  1.668552e+01   8.878538e+01   1.227468e-02   2.799150e-02   10062032
  1.672804e+01   8.858101e+01   1.227657e-02   2.787537e-02   10114792
  1.677058e+01   8.826471e+01   1.228180e-02   2.767000e-02   10169936
  1.681307e+01   8.802610e+01   1.225060e-02   2.758361e-02   10196602
  1.685558e+01   8.775727e+01   1.228906e-02   2.736289e-02   10281156
  1.689811e+01   8.736938e+01   1.226275e-02   2.722496e-02   10309376
  1.694060e+01   8.710920e+01   1.227427e-02   2.707934e-02   10369856
  1.698310e+01   8.688635e+01   1.226425e-02   2.692860e-02   10415370
  1.702562e+01   8.656051e+01   1.228018e-02   2.674425e-02   10481988
  1.706815e+01   8.620425e+01   1.227822e-02   2.657239e-02   10531200
  1.711066e+01   8.593789e+01   1.226163e-02   2.643405e-02   10569416
  1.715315e+01   8.568044e+01   1.227286e-02   2.626391e-02   10633066
  1.719568e+01   8.548631e+01   1.227546e-02   2.616442e-02   10687548
  1.723821e+01   8.507684e+01   1.228168e-02   2.598530e-02   10743968
  1.728072e+01   8.486135e+01   1.226340e-02   2.584742e-02   10782130
  1.732321e+01   8.459135e+01   1.226438e-02   2.572415e-02   10837792
  1.736571e+01   8.429656e+01   1.227328e-02   2.554856e-02   10897368
  1.740823e+01   8.395248e+01   1.227857e-02   2.537660e-02   10953940
  1.745075e+01   8.365380e+01   1.227188e-02   2.522603e-02   11003274
  1.749325e+01   8.336480e+01   1.226537e-02   2.509013e-02   11052800
  1.753577e+01   8.306747e+01   1.228039e-02   2.493299e-02   11118176
  1.757829e+01   8.275227e+01   1.227174e-02   2.478710e-02   11162268
  1.762078e+01   8.249895e+01   1.226447e-02   2.467602e-02   11211458
  1.766328e+01   8.224552e+01   1.226924e-02   2.449680e-02   11271888
  1.770579e+01   8.195222e+01   1.227456e-02   2.436774e-02   11329304
  1.774829e+01   8.169670e+01   1.226554e-02   2.421930e-02   11375026
  1.779081e+01   8.132615e+01   1.227704e-02   2.405503e-02   11442532
  1.783332e+01   8.106193e+01   1.226620e-02   2.393188e-02   11487264
  1.787583e+01   8.078240e+01   1.227239e-02   2.378496e-02   11545680
  1.791835e+01   8.053344e+01   1.227937e-02   2.365408e-02   11607058
  1.796089e+01   8.017936e+01   1.227970e-02   2.350202e-02   11664300
  1.800340e+01   7.993761e+01   1.226785e-02   2.336874e-02   11707488
  1.804590e+01   7.962918e+01   1.226647e-02   2.323034e-02   11759536
  1.808841e+01   7.934129e+01   1.228470e-02   2.306801e-02   11833690
  1.813095e+01   7.910086e+01   1.227017e-02   2.296235e-02   11877808
  1.817345e+01   7.883127e+01   1.226311e-02   2.284293e-02   11925836
  1.821595e+01   7.851603e+01   1.227560e-02   2.268396e-02   11992168
  1.825846e+01   7.826375e+01   1.227114e-02   2.255254e-02   12044554
  1.830097e+01   7.794318e+01   1.226867e-02   2.240744e-02   12098976
  1.834346e+01   7.768460e+01   1.226469e-02   2.230215e-02   12149996
  1.838595e+01   7.732926e+01   1.226815e-02   2.213693e-02   12209594
  1.842847e+01   7.714895e+01   1.227993e-02   2.202408e-02   12279272
  1.847101e+01   7.683628e+01   1.228002e-02   2.187618e-02   12336072
  1.851353e+01   7.656155e+01   1.226966e-02   2.177152e-02   12381744
  1.855604e+01   7.626635e+01   1.227227e-02   2.162615e-02   12441590
  1.859855e+01   7.601801e+01   1.227023e-02   2.151102e-02   12497256
  1.864105e+01   7.576063e+01   1.226730e-02   2.140140e-02   12550032
  1.868353e+01   7.548970e+01   1.226474e-02   2.126108e-02   12603936
  1.872603e+01   7.517124e+01   1.227245e-02   2.112536e-02   12671230
  1.876857e+01   7.494651e+01   1.228331e-02   2.099765e-02   12740920
  1.881110e+01   7.466464e+01   1.227107e-02   2.089238e-02   12784560
  1.885359e+01   7.438774e+01   1.226358e-02   2.077257e-02   12834176
  1.889610e+01   7.412027e+01   1.227865e-02   2.064349e-02   12909006
  1.893863e+01   7.383903e+01   1.227235e-02   2.051491e-02   12959680
  1.898113e+01   7.356885e+01   1.227020e-02   2.040445e-02   13014232
  1.902364e+01   7.335993e+01   1.227262e-02   2.029797e-02   13076514
  1.906614e+01   7.299184e+01   1.226274e-02   2.016344e-02   13127112
  1.910866e+01   7.274554e+01   1.228266e-02   2.003927e-02   13205852
  1.915119e+01   7.246874e+01   1.227282e-02   1.991041e-02   13252032
  1.919369e+01   7.216602e+01   1.226787e-02   1.979304e-02   13307450
  1.923620e+01   7.196127e+01   1.227402e-02   1.969036e-02   13374160
  1.927872e+01   7.162987e+01   1.227027e-02   1.955227e-02   13426348
  1.932123e+01   7.144845e+01   1.227853e-02   1.945217e-02   13492760
  1.936373e+01   7.115120e+01   1.226457e-02   1.933203e-02   13539546
  1.940624e+01   7.086699e+01   1.227335e-02   1.922621e-02   13610704
  1.944875e+01   7.057447e+01   1.226734e-02   1.911781e-02   13662024
  1.949125e+01   7.032986e+01   1.227299e-02   1.898937e-02   13727492
  1.953377e+01   7.004749e+01   1.227644e-02   1.885984e-02   13793394
  1.957629e+01   6.982898e+01   1.226862e-02   1.876583e-02   13844456
  1.961880e+01   6.953420e+01   1.227171e-02   1.866172e-02   13905184
  1.966130e+01   6.934134e+01   1.227189e-02   1.855770e-02   13965958
  1.970381e+01   6.907888e+01   1.226859e-02   1.845504e-02   14025192
  1.974632e+01   6.878422e+01   1.227581e-02   1.833634e-02   14093768
  1.978884e+01   6.849891e+01   1.227382e-02   1.822274e-02   14150440
  1.983136e+01   6.825311e+01   1.227452e-02   1.810803e-02   14213450
  1.987387e+01   6.795126e+01   1.226691e-02   1.799867e-02   14267036
  1.991638e+01   6.774952e+01   1.227427e-02   1.790441e-02   14335032
  1.995889e+01   6.750650e+01   1.226837e-02   1.781314e-02   14387664
  2.000139e+01   6.725497e+01   1.227308e-02   1.769714e-02   14455698
  2.004391e+01   6.695373e+01   1.227471e-02   1.758048e-02   14520452
  2.008643e+01   6.668037e+01   1.227399e-02   1.748087e-02   14580272
  2.012893e+01   6.645292e+01   1.226246e-02   1.739056e-02   14628050
  2.017144e+01   6.623870e+01   1.228393e-02   1.729035e-02   14716744
  2.021396e+01   6.596129e+01   1.226163e-02   1.718681e-02   14751712
  2.025646e+01   6.570219e+01   1.227782e-02   1.707899e-02   14831620
  2.029896e+01   6.546883e+01   1.226188e-02   1.699549e-02   14875522
  2.034146e+01   6.518992e+01   1.227585e-02   1.687022e-02   14956720
  2.038398e+01   6.495264e+01   1.226799e-02   1.678063e-02   15008272
  2.042648e+01   6.471942e+01   1.227113e-02   1.669952e-02   15073780
  2.046899e+01   6.443659e+01   1.227601e-02   1.657209e-02   15144866
  2.051153e+01   6.418961e+01   1.228021e-02   1.647126e-02   15213872
  2.055406e+01   6.398435e+01   1.227172e-02   1.639431e-02   15263976
  2.059656e+01   6.371256e+01   1.226689e-02   1.629789e-02   15320236
  2.063907e+01   6.351590e+01   1.227747e-02   1.619732e-02   15398322
  2.068159e+01   6.325121e+01   1.226849e-02   1.610596e-02   15450864
  2.072409e+01   6.301134e+01   1.226949e-02   1.603211e-02   15513888
  2.076658e+01   6.274562e+01   1.226638e-02   1.592196e-02   15574626
  2.080910e+01   6.251349e+01   1.227957e-02   1.581572e-02   15657956
  2.085162e+01   6.232450e+01   1.226694e-02   1.573627e-02   15704248
  2.089412e+01   6.205587e+01   1.227405e-02   1.565150e-02   15774824
  2.093664e+01   6.185423e+01   1.227741e-02   1.555876e-02   15844898
  2.097916e+01   6.157550e+01   1.226797e-02   1.546720e-02   15898956
  2.102166e+01   6.135293e+01   1.226837e-02   1.537846e-02   15961768
  2.106416e+01   6.113531e+01   1.227392e-02   1.529710e-02   16032208
  2.110668e+01   6.089437e+01   1.227386e-02   1.519749e-02   16099530
  2.114918e+01   6.068842e+01   1.226342e-02   1.512724e-02   16152712
  2.119169e+01   6.044752e+01   1.227877e-02   1.503087e-02   16235740
  2.123421e+01   6.021571e+01   1.227090e-02   1.494949e-02   16288856
  2.127673e+01   5.996648e+01   1.227763e-02   1.484839e-02   16365074
  2.131925e+01   5.977451e+01   1.226826e-02   1.477792e-02   16418248
  2.136173e+01   5.953520e+01   1.226229e-02   1.468573e-02   16473180
  2.140423e+01   5.928997e+01   1.227796e-02   1.460054e-02   16560234
  2.144675e+01   5.907741e+01   1.226818e-02   1.452143e-02   16616088
  2.148927e+01   5.884928e+01   1.227653e-02   1.443463e-02   16693264
  2.153179e+01   5.869477e+01   1.227410e-02   1.436846e-02   16753864
  2.157431e+01   5.845141e+01   1.227428e-02   1.427987e-02   16820702
  2.161682e+01   5.826178e+01   1.226755e-02   1.421935e-02   16879288
  2.165933e+01   5.800855e+01   1.227311e-02   1.411795e-02   16951712
  2.170183e+01   5.781218e+01   1.226675e-02   1.405612e-02   17007560
  2.174434e+01   5.761612e+01   1.227813e-02   1.397233e-02   17092086
  2.178685e+01   5.739044e+01   1.226906e-02   1.389977e-02   17148392
  2.182937e+01   5.717905e+01   1.227478e-02   1.382270e-02   17222288
  2.187188e+01   5.695022e+01   1.227236e-02   1.372825e-02   17285096
  2.191439e+01   5.676020e+01   1.226620e-02   1.366742e-02   17344826
  2.195689e+01   5.655131e+01   1.227320e-02   1.358806e-02   17421236
  2.199941e+01   5.631678e+01   1.227792e-02   1.351685e-02   17494160
  2.204191e+01   5.615324e+01   1.226044e-02   1.345905e-02   17538122
  2.208440e+01   5.597364e+01   1.226939e-02   1.337459e-02   17620136
  2.212692e+01   5.576608e+01   1.227875e-02   1.330609e-02   17700428
  2.216945e+01   5.553145e+01   1.227393e-02   1.321956e-02   17760320
  2.221196e+01   5.534268e+01   1.227224e-02   1.315922e-02   17827562
  2.225448e+01   5.516664e+01   1.227165e-02   1.309771e-02   17895488
  2.229699e+01   5.498292e+01   1.227292e-02   1.301475e-02   17963576
  2.233950e+01   5.475694e+01   1.227046e-02   1.294843e-02   18027500
  2.238201e+01   5.458484e+01   1.227533e-02   1.287875e-02   18105650
  2.242451e+01   5.439768e+01   1.226508e-02   1.281872e-02   18160880
  2.246701e+01   5.422502e+01   1.226834e-02   1.275594e-02   18233144
  2.250951e+01   5.404182e+01   1.227149e-02   1.269658e-02   18307310
  2.255203e+01   5.386420e+01   1.227368e-02   1.262266e-02   18381680
  2.259456e+01   5.367040e+01   1.227489e-02   1.255222e-02   18450536
  2.263708e+01   5.348691e+01   1.227820e-02   1.249604e-02   18522128
  2.267959e+01   5.334292e+01   1.226827e-02   1.245540e-02   18578414
  2.272209e+01   5.313147e+01   1.227113e-02   1.236978e-02   18654304
  2.276460e+01   5.297153e+01   1.227056e-02   1.231598e-02   18722304
  2.280712e+01   5.280170e+01   1.227777e-02   1.225127e-02   18802472
  2.284964e+01   5.264530e+01   1.227092e-02   1.219424e-02   18864266
  2.289215e+01   5.249029e+01   1.226939e-02   1.213590e-02   18933260
  2.293465e+01   5.231396e+01   1.226719e-02   1.208601e-02   18997448
  2.297715e+01   5.214250e+01   1.227581e-02   1.202522e-02   19079816
  2.301967e+01   5.198259e+01   1.227098e-02   1.196771e-02   19145330
  2.306218e+01   5.181175e+01   1.227177e-02   1.191159e-02   19218276
  2.310469e+01   5.165123e+01   1.227113e-02   1.185906e-02   19286200
  2.314719e+01   5.147922e+01   1.226583e-02   1.180460e-02   19349738
  2.318971e+01   5.133794e+01   1.228286e-02   1.173781e-02   19450040
  2.323223e+01   5.119887e+01   1.226363e-02   1.169886e-02   19489688
  2.327473e+01   5.105271e+01   1.227521e-02   1.165444e-02   19576868
  2.331724e+01   5.087986e+01   1.226932e-02   1.159164e-02   19640282
  2.335976e+01   5.078412e+01   1.227873e-02   1.154993e-02   19728800
  2.340226e+01   5.060941e+01   1.226095e-02   1.150143e-02   19770152
  2.344476e+01   5.044474e+01   1.227487e-02   1.144336e-02   19863516
  2.348729e+01   5.033221e+01   1.227855e-02   1.139443e-02   19943594
  2.352981e+01   5.015630e+01   1.227039e-02   1.134975e-02   20003440
  2.357232e+01   5.001857e+01   1.227533e-02   1.129209e-02   20081768
  2.361483e+01   4.988546e+01   1.226475e-02   1.125729e-02   20136200
  2.365734e+01   4.978793e+01   1.228180e-02   1.121419e-02   20238094
  2.369985e+01   4.963823e+01   1.226458e-02   1.117478e-02   20282544
  2.374234e+01   4.951012e+01   1.226291e-02   1.113585e-02   20351720
  2.378483e+01   4.937590e+01   1.227389e-02   1.107990e-02   20444714
  2.382735e+01   4.928190e+01   1.227112e-02   1.105515e-02   20515116
  2.386988e+01   4.916638e+01   1.228059e-02   1.100523e-02   20602384
  2.391241e+01   4.902546e+01   1.227266e-02   1.097250e-02   20659872
  2.395491e+01   4.892819e+01   1.226837e-02   1.093199e-02   20727682
  2.399742e+01   4.884608e+01   1.227493e-02   1.090351e-02   20814416
  2.403994e+01   4.872303e+01   1.227261e-02   1.086495e-02   20881100
  2.408245e+01   4.861610e+01   1.227247e-02   1.082411e-02   20953688
  2.412495e+01   4.847512e+01   1.226662e-02   1.078966e-02   21021050
  2.416746e+01   4.836464e+01   1.227556e-02   1.075122e-02   21111632
  2.420998e+01   4.827791e+01   1.227336e-02   1.071248e-02   21179972
  2.425248e+01   4.819469e+01   1.226547e-02   1.069526e-02   21240488
  2.429499e+01   4.809887e+01   1.227368e-02   1.065555e-02   21331418
  2.433750e+01   4.799018e+01   1.226935e-02   1.063398e-02   21397304
  2.438000e+01   4.790708e+01   1.226962e-02   1.060681e-02   21469764
  2.442251e+01   4.783343e+01   1.227528e-02   1.057556e-02   21556122
  2.446502e+01   4.772585e+01   1.226591e-02   1.055157e-02   21618312
  2.450754e+01   4.763338e+01   1.227924e-02   1.051757e-02   21716096
  2.455007e+01   4.758207e+01   1.227488e-02   1.050252e-02   21781352
  2.459258e+01   4.750368e+01   1.226971e-02   1.048196e-02   21848870
  2.463508e+01   4.745244e+01   1.227061e-02   1.046260e-02   21927536
  2.467760e+01   4.737145e+01   1.227518e-02   1.044281e-02   22008944
  2.472011e+01   4.732861e+01   1.227146e-02   1.043050e-02   22076136
  2.476261e+01   4.724186e+01   1.226619e-02   1.040137e-02   22145270
  2.480513e+01   4.717098e+01   1.228149e-02   1.038464e-02   22250960
  2.484765e+01   4.713780e+01   1.226766e-02   1.037264e-02   22300864
  2.489015e+01   4.708730e+01   1.226874e-02   1.036592e-02   22378586
  2.493266e+01   4.703614e+01   1.227304e-02   1.034877e-02   22464104
  2.497518e+01   4.699154e+01   1.227483e-02   1.033625e-02   22542892
  2.501769e+01   4.694770e+01   1.226849e-02   1.032735e-02   22606008
  2.506019e+01   4.692925e+01   1.227168e-02   1.032263e-02   22690002
  2.510269e+01   4.687589e+01   1.226774e-02   1.031628e-02   22762216
  2.514519e+01   4.678330e+01   1.227552e-02   1.029447e-02   22815779
  2.518771e+01   4.657087e+01   1.227093e-02   1.025620e-02   22772312
  2.523022e+01   4.636013e+01   1.227169e-02   1.020817e-02   22733708
  2.527273e+01   4.612867e+01   1.227376e-02   1.016573e-02   22697672
  2.531524e+01   4.592322e+01   1.227003e-02   1.013319e-02   22651460
  2.535775e+01   4.572007e+01   1.227280e-02   1.008695e-02   22616024
  2.540027e+01   4.551347e+01   1.227723e-02   1.004788e-02   22583496
  2.544278e+01   4.529179e+01   1.226384e-02   1.001639e-02   22519252
  2.548527e+01   4.509374e+01   1.226879e-02   9.972244e-03   22488992
  2.552778e+01   4.487822e+01   1.227112e-02   9.934312e-03   22453172
  2.557030e+01   4.469091e+01   1.227642e-02   9.893437e-03   22420584
  2.561282e+01   4.447185e+01   1.227318e-02   9.858149e-03   22371700
  2.565533e+01   4.428201e+01   1.227319e-02   9.821597e-03   22329896
  2.569784e+01   4.411782e+01   1.227005e-02   9.791280e-03   22282876
  2.574035e+01   4.389790e+01   1.227559e-02   9.741529e-03   22250692
  2.578286e+01   4.369298e+01   1.226749e-02   9.709412e-03   22194436
  2.582536e+01   4.348898e+01   1.226799e-02   9.676802e-03   22153540
  2.586787e+01   4.331826e+01   1.227489e-02   9.637983e-03   22122584
  2.591039e+01   4.310453e+01   1.227183e-02   9.603458e-03   22073004
  2.595291e+01   4.295801e+01   1.227763e-02   9.578999e-03   22039640
  2.599542e+01   4.272802e+01   1.226443e-02   9.531968e-03   21971624
  2.603793e+01   4.255730e+01   1.228039e-02   9.502193e-03   21955708
  2.608042e+01   4.234655e+01   1.225538e-02   9.467438e-03   21867720
  2.612293e+01   4.216811e+01   1.228640e-02   9.426895e-03   21878900
  2.616545e+01   4.200830e+01   1.226374e-02   9.408946e-03   21794260
  2.620796e+01   4.180585e+01   1.227552e-02   9.366949e-03   21770256
  2.625048e+01   4.163392e+01   1.227204e-02   9.336971e-03   21718124
  2.629299e+01   4.145770e+01   1.227162e-02   9.303797e-03   21671096
  2.633550e+01   4.125277e+01   1.227173e-02   9.265305e-03   21625412
  2.637801e+01   4.108558e+01   1.227628e-02   9.227553e-03   21587284
  2.642052e+01   4.093430e+01   1.226404e-02   9.216681e-03   21519648
  2.646302e+01   4.073570e+01   1.227517e-02   9.172416e-03   21493344
  2.650554e+01   4.059518e+01   1.227125e-02   9.157299e-03   21439360
  2.654805e+01   4.038388e+01   1.227471e-02   9.110130e-03   21398900
  2.659058e+01   4.022569e+01   1.227467e-02   9.085969e-03   21351488
  2.663308e+01   4.004918e+01   1.226610e-02   9.062667e-03   21288012
  2.667559e+01   3.987642e+01   1.227518e-02   9.022606e-03   21255052
  2.671810e+01   3.971654e+01   1.226960e-02   8.997759e-03   21196928
  2.676060e+01   3.953687e+01   1.226973e-02   8.963606e-03   21149036
  2.680311e+01   3.935868e+01   1.227206e-02   8.933933e-03   21105304
  2.684563e+01   3.920380e+01   1.227410e-02   8.905846e-03   21059992
  2.688815e+01   3.903836e+01   1.227705e-02   8.872774e-03   21014904
  2.693067e+01   3.886242e+01   1.227014e-02   8.848434e-03   20953620
  2.697317e+01   3.870333e+01   1.226991e-02   8.817836e-03   20902948
  2.701568e+01   3.854236e+01   1.227225e-02   8.790131e-03   20856528
  2.705819e+01   3.839263e+01   1.227379e-02   8.763880e-03   20808868
  2.710070e+01   3.825323e+01   1.226639e-02   8.748752e-03   20746700
  2.714319e+01   3.805871e+01   1.226770e-02   8.709130e-03   20699040
  2.718571e+01   3.788884e+01   1.227944e-02   8.678653e-03   20667584
  2.722822e+01   3.773366e+01   1.225995e-02   8.656902e-03   20583320
  2.727072e+01   3.761510e+01   1.227843e-02   8.638483e-03   20562728
  2.731324e+01   3.742842e+01   1.227166e-02   8.601018e-03   20499120
  2.735575e+01   3.725468e+01   1.227335e-02   8.574413e-03   20448668
  2.739827e+01   3.710636e+01   1.227231e-02   8.549124e-03   20394408
  2.744078e+01   3.697041e+01   1.227328e-02   8.527024e-03   20344236
  2.748329e+01   3.680171e+01   1.227052e-02   8.494554e-03   20287988
  2.752580e+01   3.667147e+01   1.227218e-02   8.473623e-03   20237280
  2.756831e+01   3.650340e+01   1.226928e-02   8.454236e-03   20178328
  2.761083e+01   3.636177e+01   1.227861e-02   8.423419e-03   20139844
  2.765335e+01   3.622832e+01   1.226869e-02   8.403562e-03   20069748
  2.769585e+01   3.606192e+01   1.227006e-02   8.374032e-03   20016800
  2.773835e+01   3.590993e+01   1.227057e-02   8.352409e-03   19962224
  2.778087e+01   3.576904e+01   1.227954e-02   8.323006e-03   19923568
  2.782339e+01   3.560991e+01   1.226996e-02   8.302674e-03   19854300
  2.786590e+01   3.546829e+01   1.226862e-02   8.280184e-03   19797056
  2.790840e+01   3.533641e+01   1.227082e-02   8.260259e-03   19744940
  2.795091e+01   3.519059e+01   1.227270e-02   8.238003e-03   19691768
  2.799342e+01   3.505037e+01   1.226928e-02   8.215882e-03   19629548
  2.803593e+01   3.489788e+01   1.227096e-02   8.188923e-03   19575480
  2.807844e+01   3.477476e+01   1.227365e-02   8.169126e-03   19523296
  2.812096e+01   3.462237e+01   1.227813e-02   8.144042e-03   19474344
  2.816347e+01   3.447072e+01   1.226244e-02   8.123218e-03   19392868
  2.820597e+01   3.435459e+01   1.227629e-02   8.104746e-03   19356176
  2.824849e+01   3.421448e+01   1.227437e-02   8.083488e-03   19294916
  2.829102e+01   3.405884e+01   1.227644e-02   8.051857e-03   19240856
  2.833353e+01   3.392056e+01   1.226827e-02   8.028770e-03   19170884
  2.837603e+01   3.379760e+01   1.226787e-02   8.014589e-03   19111352
  2.841853e+01   3.366112e+01   1.227311e-02   7.992993e-03   19060016
  2.846104e+01   3.355193e+01   1.227199e-02   7.979714e-03   18999752
  2.850354e+01   3.339850e+01   1.226484e-02   7.949561e-03   18930272
  2.854604e+01   3.328322e+01   1.227204e-02   7.936809e-03   18882340
  2.858856e+01   3.313788e+01   1.227653e-02   7.906323e-03   18829056
  2.863108e+01   3.301434e+01   1.226917e-02   7.896045e-03   18757640
  2.867359e+01   3.287258e+01   1.227679e-02   7.872477e-03   18709036
  2.871611e+01   3.274420e+01   1.226951e-02   7.853031e-03   18637668
  2.875862e+01   3.261673e+01   1.227659e-02   7.826121e-03   18587048
  2.880113e+01   3.249506e+01   1.226650e-02   7.816867e-03   18510972
  2.884363e+01   3.236223e+01   1.227092e-02   7.799181e-03   18456692
  2.888614e+01   3.225926e+01   1.227027e-02   7.773846e-03   18394084
  2.892866e+01   3.213842e+01   1.227644e-02   7.763618e-03   18341352
  2.897118e+01   3.200139e+01   1.227294e-02   7.745077e-03   18273884
  2.901369e+01   3.188858e+01   1.227214e-02   7.734413e-03   18211148
  2.905619e+01   3.176398e+01   1.226468e-02   7.711000e-03   18137692
  2.909870e+01   3.163813e+01   1.227635e-02   7.689533e-03   18091580
  2.914122e+01   3.152348e+01   1.227406e-02   7.674135e-03   18024560
  2.918373e+01   3.138527e+01   1.226945e-02   7.651768e-03   17955116
  2.922624e+01   3.128180e+01   1.227055e-02   7.646179e-03   17893232
  2.926875e+01   3.116449e+01   1.227337e-02   7.623980e-03   17832620
  2.931126e+01   3.105212e+01   1.227331e-02   7.609684e-03   17767864
  2.935378e+01   3.092245e+01   1.227523e-02   7.590548e-03   17706956
  2.939629e+01   3.082608e+01   1.226779e-02   7.583487e-03   17632632
  2.943880e+01   3.070833e+01   1.227224e-02   7.559334e-03   17573524
  2.948131e+01   3.059476e+01   1.227160e-02   7.550979e-03   17506380
  2.952382e+01   3.046445e+01   1.227283e-02   7.524388e-03   17442548
  2.956632e+01   3.038383e+01   1.226611e-02   7.523313e-03   17368556
  2.960883e+01   3.026546e+01   1.227726e-02   7.503234e-03   17318260
  2.965135e+01   3.016871e+01   1.227176e-02   7.495753e-03   17243792
  2.969385e+01   3.004936e+01   1.226620e-02   7.486257e-03   17169716
  2.973635e+01   2.991183e+01   1.227104e-02   7.458626e-03   17109768
  2.977886e+01   2.983123e+01   1.227205e-02   7.450068e-03   17044064
  2.982138e+01   2.971371e+01   1.227557e-02   7.432931e-03   16981560
  2.986389e+01   2.961154e+01   1.226672e-02   7.423530e-03   16902264
  2.990640e+01   2.950389e+01   1.227800e-02   7.406671e-03   16849940
  2.994892e+01   2.941414e+01   1.226984e-02   7.403521e-03   16770600
  2.999143e+01   2.931279e+01   1.227399e-02   7.385299e-03   16707512
  3.003394e+01   2.921101e+01   1.227053e-02   7.375483e-03   16634480
  3.007645e+01   2.911407e+01   1.227297e-02   7.362689e-03   16569424
  3.011897e+01   2.899754e+01   1.227100e-02   7.348928e-03   16497216
  3.016149e+01   2.890667e+01   1.227800e-02   7.337442e-03   16436416
  3.020400e+01   2.882633e+01   1.226813e-02   7.344369e-03   16353532
  3.024650e+01   2.871511e+01   1.226850e-02   7.324075e-03   16284908
  3.028900e+01   2.861395e+01   1.227370e-02   7.313030e-03   16221948
  3.033152e+01   2.851823e+01   1.227445e-02   7.305495e-03   16152552
  3.037404e+01   2.843509e+01   1.227249e-02   7.295296e-03   16078864
  3.041655e+01   2.833508e+01   1.227014e-02   7.283442e-03   16005296
  3.045906e+01   2.821740e+01   1.227320e-02   7.268676e-03   15938220
  3.050157e+01   2.812169e+01   1.226736e-02   7.263012e-03   15858440
  3.054407e+01   2.803329e+01   1.226949e-02   7.252103e-03   15789252
  3.058657e+01   2.796519e+01   1.227019e-02   7.253777e-03   15718944
  3.062908e+01   2.786795e+01   1.227179e-02   7.239970e-03   15648652
  3.067160e+01   2.778583e+01   1.227680e-02   7.233590e-03   15581944
  3.071412e+01   2.770685e+01   1.227604e-02   7.234945e-03   15508744
  3.075663e+01   2.759532e+01   1.226574e-02   7.220344e-03   15422472
  3.079914e+01   2.751409e+01   1.227551e-02   7.215503e-03   15361536
  3.084165e+01   2.743487e+01   1.226998e-02   7.208541e-03   15281048
  3.088415e+01   2.735589e+01   1.227023e-02   7.207870e-03   15207752
  3.092666e+01   2.728264e+01   1.227075e-02   7.201521e-03   15134800
  3.096917e+01   2.720469e+01   1.227038e-02   7.201321e-03   15059664
  3.101168e+01   2.709191e+01   1.227242e-02   7.191042e-03   14987020
  3.105420e+01   2.702684e+01   1.227903e-02   7.186035e-03   14919936
  3.109672e+01   2.696837e+01   1.226792e-02   7.188165e-03   14831776
  3.113923e+01   2.687089e+01   1.227679e-02   7.184753e-03   14767552
  3.118174e+01   2.679491e+01   1.226524e-02   7.181104e-03   14678336
  3.122425e+01   2.670923e+01   1.227632e-02   7.175298e-03   14615044
  3.126676e+01   2.662077e+01   1.226910e-02   7.169154e-03   14530200
  3.130927e+01   2.655427e+01   1.227171e-02   7.163372e-03   14457000
  3.135178e+01   2.647571e+01   1.227423e-02   7.165500e-03   14383440
  3.139429e+01   2.639832e+01   1.226801e-02   7.169316e-03   14299516
  3.143679e+01   2.633672e+01   1.227160e-02   7.162835e-03   14226024
  3.147930e+01   2.624054e+01   1.226889e-02   7.159953e-03   14145048
  3.152182e+01   2.618635e+01   1.228178e-02   7.164138e-03   14082144
  3.156433e+01   2.609334e+01   1.226157e-02   7.163472e-03   13981640
  3.160683e+01   2.603711e+01   1.227475e-02   7.162743e-03   13918460
  3.164935e+01   2.596710e+01   1.227481e-02   7.163657e-03   13839752
  3.169188e+01   2.589605e+01   1.227673e-02   7.165206e-03   13762736
  3.173439e+01   2.583469e+01   1.227147e-02   7.167238e-03   13677980
  3.177690e+01   2.578032e+01   1.226900e-02   7.178079e-03   13596196
  3.181940e+01   2.569232e+01   1.226988e-02   7.176458e-03   13517736
  3.186190e+01   2.564838e+01   1.226579e-02   7.185069e-03   13433184
  3.190440e+01   2.556738e+01   1.227449e-02   7.179915e-03   13362296
  3.194692e+01   2.549438e+01   1.227398e-02   7.182149e-03   13281376
  3.198944e+01   2.543656e+01   1.227645e-02   7.182736e-03   13203336
  3.203195e+01   2.536314e+01   1.226687e-02   7.191489e-03   13113016
  3.207445e+01   2.531639e+01   1.227094e-02   7.198277e-03   13036400
  3.211696e+01   2.526158e+01   1.226987e-02   7.204925e-03   12953648
  3.215948e+01   2.519715e+01   1.227674e-02   7.207016e-03   12879016
  3.220199e+01   2.514334e+01   1.227015e-02   7.218692e-03   12790124
  3.224451e+01   2.508870e+01   1.227599e-02   7.217891e-03   12714152
  3.228701e+01   2.501958e+01   1.226430e-02   7.232090e-03   12619608
  3.232951e+01   2.497515e+01   1.227473e-02   7.240461e-03   12547232
  3.237204e+01   2.491409e+01   1.228098e-02   7.245662e-03   12470568
  3.241455e+01   2.487063e+01   1.226086e-02   7.262428e-03   12368136
  3.245705e+01   2.480879e+01   1.227647e-02   7.265717e-03   12300504
  3.249958e+01   2.476105e+01   1.227251e-02   7.278881e-03   12212172
  3.254209e+01   2.471868e+01   1.227112e-02   7.294646e-03   12126228
  3.258459e+01   2.465752e+01   1.227235e-02   7.301568e-03   12043352
  3.262711e+01   2.459226e+01   1.227321e-02   7.307457e-03   11959896
  3.266960e+01   2.454553e+01   1.226107e-02   7.328157e-03   11863804
  3.271211e+01   2.448880e+01   1.227575e-02   7.330734e-03   11792812
  3.275463e+01   2.444955e+01   1.227439e-02   7.348304e-03   11705392
  3.279713e+01   2.440560e+01   1.226794e-02   7.362022e-03   11613836
  3.283965e+01   2.437702e+01   1.228215e-02   7.381809e-03   11541532
  3.288217e+01   2.431660e+01   1.226539e-02   7.401964e-03   11440232
  3.292468e+01   2.428403e+01   1.227538e-02   7.418734e-03   11363008
  3.296718e+01   2.420972e+01   1.226652e-02   7.426562e-03   11267848
  3.300970e+01   2.417146e+01   1.227722e-02   7.439164e-03   11190640
  3.305222e+01   2.414412e+01   1.227423e-02   7.463046e-03   11101084
  3.309472e+01   2.406512e+01   1.226241e-02   7.476565e-03   11003284
  3.313721e+01   2.404465e+01   1.227344e-02   7.499423e-03   10925424
  3.317973e+01   2.399609e+01   1.227067e-02   7.517189e-03   10834724
  3.322224e+01   2.396354e+01   1.227484e-02   7.544492e-03   10750156
  3.326475e+01   2.392074e+01   1.226635e-02   7.567265e-03   10655280
  3.330725e+01   2.387261e+01   1.226924e-02   7.583380e-03   10569120
  3.334975e+01   2.384234e+01   1.226867e-02   7.599404e-03   10479672
  3.339228e+01   2.381746e+01   1.228611e-02   7.632793e-03   10404504
  3.343481e+01   2.373969e+01   1.227382e-02   7.643636e-03   10304108
  3.347732e+01   2.375307e+01   1.226797e-02   7.691926e-03   10209940
  3.351983e+01   2.370249e+01   1.227575e-02   7.713016e-03   10126584
  3.356234e+01   2.366614e+01   1.226442e-02   7.741380e-03   10027064
  3.360484e+01   2.363246e+01   1.227492e-02   7.765953e-03   9945072
  3.364734e+01   2.356213e+01   1.226340e-02   7.785249e-03   9844764
  3.368986e+01   2.354752e+01   1.228362e-02   7.807407e-03   9769940
  3.373238e+01   2.352821e+01   1.226688e-02   7.855324e-03   9666072
  3.377488e+01   2.349470e+01   1.227051e-02   7.885033e-03   9577112
  3.381739e+01   2.344469e+01   1.227148e-02   7.913620e-03   9485848
  3.385991e+01   2.339071e+01   1.227527e-02   7.932221e-03   9396136
  3.390243e+01   2.338380e+01   1.227579e-02   7.976408e-03   9304408
  3.394493e+01   2.335563e+01   1.225842e-02   8.011620e-03   9199028
  3.398742e+01   2.333259e+01   1.227468e-02   8.042729e-03   9118288
  3.402993e+01   2.326867e+01   1.226747e-02   8.077126e-03   9019624
  3.407245e+01   2.324464e+01   1.228368e-02   8.096643e-03   8937420
  3.411497e+01   2.321713e+01   1.227061e-02   8.141336e-03   8835200
  3.415748e+01   2.318455e+01   1.226739e-02   8.188191e-03   8739332
  3.419998e+01   2.315168e+01   1.227099e-02   8.224536e-03   8648112
  3.424250e+01   2.309570e+01   1.227159e-02   8.258032e-03   8553372
  3.428501e+01   2.306386e+01   1.227728e-02   8.294982e-03   8461944
  3.432753e+01   2.304453e+01   1.227227e-02   8.338127e-03   8363348
  3.437004e+01   2.300608e+01   1.227148e-02   8.386240e-03   8267792
  3.441254e+01   2.294385e+01   1.226640e-02   8.423817e-03   8169380
  3.445505e+01   2.294533e+01   1.227807e-02   8.471188e-03   8081008
  3.449756e+01   2.285075e+01   1.226310e-02   8.492456e-03   7975632
  3.454006e+01   2.283806e+01   1.227841e-02   8.546377e-03   7889116
  3.458257e+01   2.280209e+01   1.226405e-02   8.603173e-03   7784008
  3.462508e+01   2.275043e+01   1.227484e-02   8.636360e-03   7693848
  3.466759e+01   2.270560e+01   1.226805e-02   8.680427e-03   7592468
  3.471010e+01   2.267588e+01   1.227572e-02   8.728894e-03   7499076
  3.475262e+01   2.264863e+01   1.227790e-02   8.788146e-03   7402880
  3.479514e+01   2.257078e+01   1.227043e-02   8.817389e-03   7300768
  3.483765e+01   2.253358e+01   1.227061e-02   8.879748e-03   7203316
  3.488013e+01   2.246196e+01   1.225476e-02   8.916166e-03   7095724
  3.492265e+01   2.240020e+01   1.229466e-02   8.955363e-03   7019608
  3.496518e+01   2.233139e+01   1.226138e-02   9.000055e-03   6901916
  3.500769e+01   2.230493e+01   1.227882e-02   9.065180e-03   6812952
  3.505019e+01   2.222150e+01   1.226209e-02   9.103910e-03   6704548
  3.509270e+01   2.216851e+01   1.227587e-02   9.153317e-03   6612168
  3.513521e+01   2.210129e+01   1.227039e-02   9.194578e-03   6508628
  3.517773e+01   2.202637e+01   1.227711e-02   9.226031e-03   6412072
  3.522024e+01   2.191561e+01   1.226747e-02   9.266752e-03   6306660
  3.526274e+01   2.183832e+01   1.226997e-02   9.311691e-03   6207592
  3.530523e+01   2.175070e+01   1.226489e-02   9.338086e-03   6103860
  3.534774e+01   2.164227e+01   1.227430e-02   9.373047e-03   6007184
  3.539025e+01   2.156360e+01   1.227513e-02   9.416150e-03   5905660
  3.543278e+01   2.143964e+01   1.227664e-02   9.424532e-03   5805132
  3.547529e+01   2.131674e+01   1.226925e-02   9.442896e-03   5700008
  3.551778e+01   2.118566e+01   1.226294e-02   9.470760e-03   5594856
  3.556030e+01   2.107886e+01   1.228122e-02   9.468728e-03   5502341
  3.560283e+01   2.092242e+01   1.227277e-02   9.481287e-03   5404852
  3.564533e+01   2.086557e+01   1.226768e-02   9.530361e-03   5313930
  3.568784e+01   2.075083e+01   1.227261e-02   9.551277e-03   5230396
  3.573035e+01   2.066288e+01   1.226815e-02   9.564571e-03   5145158
  3.577285e+01   2.058284e+01   1.227058e-02   9.587507e-03   5064506
  3.581538e+01   2.051898e+01   1.228142e-02   9.628452e-03   4989464
  3.585790e+01   2.042329e+01   1.226989e-02   9.666652e-03   4907486
  3.590041e+01   2.033190e+01   1.226982e-02   9.696360e-03   4831952
  3.594292e+01   2.028598e+01   1.226933e-02   9.736207e-03   4757392
  3.598543e+01   2.020102e+01   1.227425e-02   9.774979e-03   4685902
  3.602794e+01   2.012778e+01   1.227136e-02   9.797959e-03   4612826
  3.607044e+01   2.004240e+01   1.227059e-02   9.826047e-03   4542436
  3.611296e+01   2.000140e+01   1.227508e-02   9.876820e-03   4475408
  3.615546e+01   1.991175e+01   1.226173e-02   9.912625e-03   4402686
  3.619797e+01   1.984545e+01   1.227689e-02   9.922292e-03   4340854
  3.624049e+01   1.978307e+01   1.227466e-02   9.969307e-03   4273862
  3.628301e+01   1.973629e+01   1.227237e-02   1.002093e-02   4208538
  3.632551e+01   1.965725e+01   1.226532e-02   1.006133e-02   4142584
  3.636801e+01   1.958255e+01   1.226978e-02   1.007663e-02   4081232
  3.641052e+01   1.954639e+01   1.227225e-02   1.014544e-02   4019668
  3.645304e+01   1.949928e+01   1.228203e-02   1.016371e-02   3961416
  3.649557e+01   1.943281e+01   1.227387e-02   1.023219e-02   3898848
  3.653807e+01   1.937087e+01   1.226366e-02   1.026745e-02   3836718
  3.658056e+01   1.935314e+01   1.226607e-02   1.033312e-02   3779272
  3.662306e+01   1.924446e+01   1.226675e-02   1.034547e-02   3721434
  3.666558e+01   1.922226e+01   1.228126e-02   1.040297e-02   3668198
  3.670811e+01   1.918443e+01   1.227910e-02   1.046595e-02   3611346
  3.675062e+01   1.912039e+01   1.226582e-02   1.050846e-02   3552442
  3.679312e+01   1.906263e+01   1.226935e-02   1.053801e-02   3498908
  3.683563e+01   1.904320e+01   1.227192e-02   1.061354e-02   3445382
  3.687814e+01   1.897645e+01   1.227356e-02   1.067566e-02   3392244
  3.692066e+01   1.894306e+01   1.227344e-02   1.071471e-02   3339634
  3.696317e+01   1.886858e+01   1.226899e-02   1.074961e-02   3286752
  3.700566e+01   1.886857e+01   1.226327e-02   1.085811e-02   3234180
  3.704816e+01   1.878794e+01   1.226838e-02   1.085637e-02   3184556
  3.709068e+01   1.875900e+01   1.228145e-02   1.093026e-02   3137238
  3.713322e+01   1.873885e+01   1.228151e-02   1.098766e-02   3087670
  3.717574e+01   1.869584e+01   1.227426e-02   1.108524e-02   3037460
  3.721824e+01   1.864480e+01   1.225819e-02   1.110890e-02   2985736
  3.726072e+01   1.858165e+01   1.226565e-02   1.115494e-02   2939708
  3.730324e+01   1.855015e+01   1.228621e-02   1.120585e-02   2897012
  3.734577e+01   1.852662e+01   1.227048e-02   1.131806e-02   2846890
  3.738827e+01   1.845678e+01   1.226277e-02   1.132734e-02   2799588
  3.743076e+01   1.844642e+01   1.226558e-02   1.144490e-02   2754954
  3.747326e+01   1.838016e+01   1.227308e-02   1.145830e-02   2711500
  3.751579e+01   1.837896e+01   1.228240e-02   1.154900e-02   2669006
  3.755830e+01   1.835068e+01   1.226335e-02   1.163848e-02   2621264
  3.760081e+01   1.830511e+01   1.227565e-02   1.169599e-02   2580726
  3.764332e+01   1.826273e+01   1.226856e-02   1.176452e-02   2536470
  3.768582e+01   1.826300e+01   1.226978e-02   1.185752e-02   2494370
  3.772834e+01   1.822550e+01   1.227534e-02   1.190968e-02   2453556
  3.777086e+01   1.819289e+01   1.228047e-02   1.198959e-02   2413246
  3.781339e+01   1.818861e+01   1.227197e-02   1.210119e-02   2370914
  3.785589e+01   1.814617e+01   1.226887e-02   1.219139e-02   2330126
  3.789840e+01   1.812799e+01   1.227428e-02   1.227091e-02   2291406
  3.794091e+01   1.808573e+01   1.226463e-02   1.233826e-02   2250410
  3.798340e+01   1.806543e+01   1.226403e-02   1.242880e-02   2211486
  3.802590e+01   1.806273e+01   1.227094e-02   1.253218e-02   2174194
  3.806841e+01   1.804832e+01   1.227271e-02   1.262498e-02   2136416
  3.811093e+01   1.803826e+01   1.227972e-02   1.269480e-02   2100070
  3.815344e+01   1.799964e+01   1.226224e-02   1.281584e-02   2060026
  3.819594e+01   1.796768e+01   1.227745e-02   1.289640e-02   2025910
  3.823846e+01   1.798029e+01   1.227012e-02   1.301543e-02   1988576
  3.828096e+01   1.792727e+01   1.226824e-02   1.306180e-02   1952610
  3.832347e+01   1.794052e+01   1.226944e-02   1.325551e-02   1917470
  3.836597e+01   1.790977e+01   1.226960e-02   1.333193e-02   1882484
  3.840848e+01   1.788620e+01   1.227230e-02   1.343091e-02   1848262
  3.845101e+01   1.790478e+01   1.228531e-02   1.359598e-02   1816024
  3.849355e+01   1.785439e+01   1.227230e-02   1.360843e-02   1780418
  3.853605e+01   1.782374e+01   1.226815e-02   1.374166e-02   1746576
  3.857856e+01   1.781237e+01   1.227451e-02   1.384029e-02   1714622
  3.862107e+01   1.781715e+01   1.227068e-02   1.395031e-02   1681692
  3.866358e+01   1.782008e+01   1.226987e-02   1.408855e-02   1649574
  3.870606e+01   1.778030e+01   1.225405e-02   1.419089e-02   1615788
  3.874855e+01   1.773865e+01   1.227462e-02   1.426596e-02   1587064
  3.879108e+01   1.775963e+01   1.227930e-02   1.444079e-02   1556598
  3.883360e+01   1.778420e+01   1.227389e-02   1.459063e-02   1525380
  3.887612e+01   1.780327e+01   1.227468e-02   1.477385e-02   1495360
  3.891863e+01   1.780706e+01   1.226450e-02   1.488171e-02   1464370
  3.896112e+01   1.775979e+01   1.227040e-02   1.502805e-02   1435656
  3.900363e+01   1.776839e+01   1.226801e-02   1.518053e-02   1406304
  3.904613e+01   1.772596e+01   1.226859e-02   1.530476e-02   1377628
  3.908864e+01   1.774257e+01   1.227348e-02   1.545975e-02   1349744
  3.913115e+01   1.775169e+01   1.227337e-02   1.563893e-02   1321682
  3.917367e+01   1.774003e+01   1.227639e-02   1.578404e-02   1294376
  3.921619e+01   1.778183e+01   1.227256e-02   1.595863e-02   1266768
  3.925869e+01   1.777856e+01   1.226510e-02   1.610816e-02   1239172
  3.930118e+01   1.778005e+01   1.226095e-02   1.628980e-02   1212224
  3.934367e+01   1.777630e+01   1.226955e-02   1.649173e-02   1186796
  3.938619e+01   1.774451e+01   1.227613e-02   1.661468e-02   1161432
  3.942870e+01   1.778576e+01   1.227171e-02   1.686353e-02   1135408
  3.947122e+01   1.782839e+01   1.227296e-02   1.710194e-02   1110324
  3.951374e+01   1.785521e+01   1.227570e-02   1.730901e-02   1085680
  3.955625e+01   1.784676e+01   1.226737e-02   1.744888e-02   1060364
  3.959875e+01   1.789482e+01   1.227507e-02   1.775742e-02   1036736
  3.964128e+01   1.790489e+01   1.228225e-02   1.795262e-02   1013388
  3.968380e+01   1.785321e+01   1.226708e-02   1.811637e-02   988656
  3.972630e+01   1.792764e+01   1.226695e-02   1.841155e-02   965530
  3.976879e+01   1.789106e+01   1.225942e-02   1.856509e-02   942100
  3.981127e+01   1.791036e+01   1.226457e-02   1.881919e-02   919888
  3.985377e+01   1.792958e+01   1.226597e-02   1.909232e-02   897628
  3.989627e+01   1.795942e+01   1.227002e-02   1.933013e-02   875856
  3.993878e+01   1.799597e+01   1.227840e-02   1.956827e-02   854736
  3.998132e+01   1.807779e+01   1.228018e-02   1.996045e-02   833510
  4.002385e+01   1.807797e+01   1.227248e-02   2.023467e-02   811976
  4.006635e+01   1.802810e+01   1.226626e-02   2.038135e-02   790844
  4.010884e+01   1.811319e+01   1.226521e-02   2.081409e-02   770320
  4.015135e+01   1.813840e+01   1.227665e-02   2.102942e-02   750838
  4.019387e+01   1.811244e+01   1.227491e-02   2.129218e-02   730864
  4.023638e+01   1.807912e+01   1.226816e-02   2.151458e-02   710984
  4.027888e+01   1.826329e+01   1.226909e-02   2.203878e-02   691894
  4.032138e+01   1.821687e+01   1.226442e-02   2.224873e-02   672776
  4.036388e+01   1.828161e+01   1.226826e-02   2.262983e-02   654372
  4.040638e+01   1.832612e+01   1.226215e-02   2.304030e-02   635682
  4.044886e+01   1.836971e+01   1.225955e-02   2.340430e-02   617460
  4.049134e+01   1.843407e+01   1.226707e-02   2.394281e-02   600024
  4.053385e+01   1.840640e+01   1.227362e-02   2.423707e-02   582830
  4.057638e+01   1.850783e+01   1.228135e-02   2.474210e-02   566000
  4.061890e+01   1.850308e+01   1.226617e-02   2.507604e-02   548458
  4.066141e+01   1.853716e+01   1.227047e-02   2.546968e-02   532084
  4.070391e+01   1.860060e+01   1.226296e-02   2.593657e-02   515440
  4.074640e+01   1.865717e+01   1.225813e-02   2.641502e-02   499174
  4.078887e+01   1.868212e+01   1.225821e-02   2.696910e-02   483368
  4.083136e+01   1.880697e+01   1.227023e-02   2.751480e-02   468270
  4.087389e+01   1.884152e+01   1.228696e-02   2.807021e-02   453568
  4.091643e+01   1.889174e+01   1.227409e-02   2.856899e-02   438106
  4.095894e+01   1.897798e+01   1.227469e-02   2.917678e-02   423508
  4.100145e+01   1.905132e+01   1.226141e-02   2.987936e-02   408754
  4.104393e+01   1.906135e+01   1.225820e-02   3.030487e-02   394612
  4.108642e+01   1.909990e+01   1.225930e-02   3.096424e-02   380826
  4.112890e+01   1.926034e+01   1.225454e-02   3.183642e-02   367086
  4.117139e+01   1.928017e+01   1.226090e-02   3.241653e-02   353904
  4.121389e+01   1.935031e+01   1.227137e-02   3.333245e-02   341046
  4.125641e+01   1.953436e+01   1.227131e-02   3.418791e-02   328144
  4.129892e+01   1.941677e+01   1.227396e-02   3.456245e-02   315598
  4.134144e+01   1.957635e+01   1.228177e-02   3.544177e-02   303466
  4.138397e+01   1.963999e+01   1.228223e-02   3.649838e-02   291456
  4.142650e+01   1.970731e+01   1.227604e-02   3.723237e-02   279614
  4.146899e+01   1.979049e+01   1.225106e-02   3.833923e-02   267680
  4.151144e+01   1.990055e+01   1.224457e-02   3.930681e-02   256438
  4.155391e+01   2.003759e+01   1.224802e-02   4.024063e-02   245618
  4.159638e+01   2.000732e+01   1.223546e-02   4.128158e-02   234708
  4.163882e+01   2.015895e+01   1.223171e-02   4.267507e-02   224210
  4.168126e+01   2.033762e+01   1.223403e-02   4.378792e-02   214046
  4.172371e+01   2.031635e+01   1.223949e-02   4.505761e-02   204152
  4.176619e+01   2.053382e+01   1.225107e-02   4.653786e-02   194558
  4.180866e+01   2.053586e+01   1.225135e-02   4.786688e-02   185018
  4.185115e+01   2.065508e+01   1.226437e-02   4.929005e-02   175918
  4.189365e+01   2.079674e+01   1.227339e-02   5.077931e-02   166992
  4.193617e+01   2.089227e+01   1.228038e-02   5.274776e-02   158294
  4.197870e+01   2.101557e+01   1.228439e-02   5.451955e-02   149842
  4.202124e+01   2.116731e+01   1.227461e-02   5.655123e-02   141530
  4.206372e+01   2.129946e+01   1.224204e-02   5.795840e-02   133284
  4.210617e+01   2.137815e+01   1.222942e-02   6.006296e-02   125546
  4.214861e+01   2.149365e+01   1.220458e-02   6.263252e-02   117950
  4.219103e+01   2.168714e+01   1.219441e-02   6.527785e-02   110746
  4.223344e+01   2.177821e+01   1.215920e-02   6.748035e-02   103572
  4.227581e+01   2.179540e+01   1.214429e-02   6.977040e-02   96818
  4.231818e+01   2.214510e+01   1.212533e-02   7.292321e-02   90262
  4.236054e+01   2.205897e+01   1.210927e-02   7.601171e-02   83970
  4.240287e+01   2.241982e+01   1.207941e-02   8.009713e-02   77846
  4.244517e+01   2.226736e+01   1.204821e-02   8.245315e-02   71984
  4.248745e+01   2.254450e+01   1.202292e-02   8.796371e-02   66398
  4.252973e+01   2.279953e+01   1.200147e-02   9.225061e-02   61058
  4.257200e+01   2.302067e+01   1.198286e-02   9.871653e-02   55958
  4.261428e+01   2.277818e+01   1.196279e-02   1.005048e-01   51082
  4.265654e+01   2.305873e+01   1.192707e-02   1.065712e-01   46398
  4.269877e+01   2.329330e+01   1.188372e-02   1.132113e-01   41954
  4.274096e+01   2.318175e+01   1.182018e-02   1.195230e-01   37718
  4.278311e+01   2.355291e+01   1.175253e-02   1.296445e-01   33736
  4.282524e+01   2.379310e+01   1.169132e-02   1.371973e-01   30006
  4.286737e+01   2.410642e+01   1.164907e-02   1.471493e-01   26522
  4.290955e+01   2.447042e+01   1.162191e-02   1.603642e-01   23254
  4.295172e+01   2.468712e+01   1.158330e-02   1.715212e-01   20178
  4.299391e+01   2.418722e+01   1.156315e-02   1.833961e-01   17342
  4.303612e+01   2.483804e+01   1.154632e-02   2.032716e-01   14714
  4.307837e+01   2.516579e+01   1.155162e-02   2.261364e-01   12310
  4.312059e+01   2.423383e+01   1.152174e-02   2.427529e-01   10098
  4.316283e+01   2.502364e+01   1.151731e-02   2.768518e-01   8126
  4.320507e+01   2.554342e+01   1.151119e-02   3.128694e-01   6362
  4.324736e+01   2.521677e+01   1.155455e-02   3.487819e-01   4822
  4.328956e+01   2.606621e+01   1.148980e-02   4.522725e-01   3474
  4.333169e+01   2.555846e+01   1.147690e-02   5.329735e-01   2366
  4.337376e+01   2.504212e+01   1.144014e-02   6.566396e-01   1466
  4.341590e+01   2.627990e+01   1.170054e-02   9.118014e-01   790
  4.345704e+01   2.853189e+01   1.106884e-02   1.647129e+00   306
  4.349554e+01   2.696174e+01   9.430857e-03   4.403853e+00   62
