# power spectrum of delta
# redshift z=1.990984
# k              Pk             sigma(k)       sigma(Pk)      count
  3.132125e-02   2.389410e-03   4.792454e-03   4.444039e-04   18
  6.745391e-02   2.710047e-02   1.159167e-02   2.710885e-03   152
  1.090113e-01   6.280024e-02   1.224347e-02   2.897481e-03   416
  1.497134e-01   1.032762e-01   1.165022e-02   3.865971e-03   770
  1.923472e-01   1.466156e-01   1.247860e-02   4.141166e-03   1364
  2.350444e-01   1.867701e-01   1.221820e-02   4.185226e-03   1976
  2.775930e-01   2.341160e-01   1.245022e-02   4.538960e-03   2792
  3.193857e-01   2.847228e-01   1.188722e-02   4.713286e-03   3578
  3.615292e-01   3.245037e-01   1.219808e-02   4.734323e-03   4724
  4.045273e-01   3.795408e-01   1.253838e-02   4.850672e-03   6032
  4.469941e-01   4.162778e-01   1.206640e-02   5.154326e-03   7072
  4.890810e-01   4.830114e-01   1.222555e-02   5.321341e-03   8634
  5.318886e-01   5.500677e-01   1.238102e-02   5.499956e-03   10336
  5.746708e-01   6.082344e-01   1.232804e-02   5.456990e-03   11940
  6.167490e-01   6.643869e-01   1.208586e-02   5.732374e-03   13490
  6.588740e-01   7.485259e-01   1.221778e-02   5.975463e-03   15656
  7.016595e-01   8.100497e-01   1.241043e-02   5.846813e-03   18008
  7.443680e-01   8.701700e-01   1.227786e-02   6.284072e-03   19964
  7.867827e-01   9.504066e-01   1.226437e-02   6.457134e-03   22354
  8.291404e-01   1.014533e+00   1.212327e-02   6.474488e-03   24648
  8.716536e-01   1.094091e+00   1.233244e-02   6.469807e-03   27592
  9.142068e-01   1.189658e+00   1.230127e-02   6.771788e-03   30152
  9.566749e-01   1.263534e+00   1.227622e-02   6.997416e-03   33046
  9.991233e-01   1.359427e+00   1.221538e-02   7.153403e-03   35992
  1.041693e+00   1.462918e+00   1.229906e-02   7.304471e-03   39304
  1.084289e+00   1.544743e+00   1.232858e-02   7.521385e-03   42608
  1.126820e+00   1.640456e+00   1.223307e-02   7.707908e-03   45758
  1.169340e+00   1.715691e+00   1.228914e-02   7.739874e-03   49536
  1.211695e+00   1.844785e+00   1.215683e-02   8.093168e-03   52488
  1.254054e+00   1.938313e+00   1.233851e-02   8.102286e-03   57034
  1.296605e+00   2.048399e+00   1.224458e-02   8.285603e-03   60648
  1.339187e+00   2.145688e+00   1.230532e-02   8.338131e-03   65044
  1.381689e+00   2.267697e+00   1.223104e-02   8.601616e-03   68720
  1.424202e+00   2.400880e+00   1.231312e-02   8.862408e-03   73538
  1.466870e+00   2.525471e+00   1.230776e-02   9.044797e-03   78080
  1.509304e+00   2.630191e+00   1.215944e-02   9.197211e-03   81572
  1.551677e+00   2.771144e+00   1.232495e-02   9.441442e-03   87248
  1.594353e+00   2.911884e+00   1.233837e-02   9.593661e-03   92266
  1.636929e+00   3.001478e+00   1.225268e-02   9.622228e-03   96696
  1.679216e+00   3.159080e+00   1.215041e-02   9.886744e-03   100904
  1.721516e+00   3.305470e+00   1.226207e-02   1.020670e-02   107036
  1.764192e+00   3.444681e+00   1.235795e-02   1.019621e-02   113362
  1.806923e+00   3.599573e+00   1.228837e-02   1.043869e-02   118176
  1.849351e+00   3.752031e+00   1.221864e-02   1.063391e-02   122944
  1.891857e+00   3.902646e+00   1.233203e-02   1.085902e-02   129902
  1.934420e+00   4.067690e+00   1.224691e-02   1.107569e-02   134944
  1.976863e+00   4.193702e+00   1.225992e-02   1.121359e-02   140952
  2.019285e+00   4.369079e+00   1.225865e-02   1.138811e-02   147072
  2.061737e+00   4.554359e+00   1.224320e-02   1.162566e-02   153382
  2.104357e+00   4.720023e+00   1.233049e-02   1.171790e-02   160952
  2.147003e+00   4.867917e+00   1.228118e-02   1.185648e-02   166640
  2.189431e+00   5.003718e+00   1.222861e-02   1.207485e-02   172448
  2.231915e+00   5.204797e+00   1.231031e-02   1.221596e-02   180594
  2.274471e+00   5.353810e+00   1.224284e-02   1.244055e-02   186556
  2.316888e+00   5.553088e+00   1.225358e-02   1.268001e-02   193528
  2.359297e+00   5.718966e+00   1.224273e-02   1.291638e-02   200626
  2.401844e+00   5.945101e+00   1.230642e-02   1.306688e-02   209256
  2.444460e+00   6.121760e+00   1.227865e-02   1.319547e-02   216020
  2.487004e+00   6.300951e+00   1.230299e-02   1.338090e-02   223768
  2.529444e+00   6.521383e+00   1.222313e-02   1.358669e-02   230234
  2.571955e+00   6.673792e+00   1.229969e-02   1.359166e-02   239800
  2.614499e+00   6.879855e+00   1.225221e-02   1.381463e-02   246568
  2.656957e+00   7.140387e+00   1.227331e-02   1.409160e-02   254828
  2.699414e+00   7.267843e+00   1.225769e-02   1.417369e-02   263074
  2.741981e+00   7.438272e+00   1.228604e-02   1.428027e-02   272312
  2.784554e+00   7.696809e+00   1.228079e-02   1.454582e-02   280376
  2.827093e+00   7.891453e+00   1.228600e-02   1.468683e-02   288884
  2.869605e+00   8.057391e+00   1.227401e-02   1.471868e-02   297602
  2.912071e+00   8.304179e+00   1.223046e-02   1.497834e-02   305520
  2.954561e+00   8.476053e+00   1.230079e-02   1.503288e-02   315976
  2.996984e+00   8.668349e+00   1.221089e-02   1.521407e-02   322778
  3.039488e+00   8.919174e+00   1.232008e-02   1.538831e-02   335372
  3.082114e+00   9.137115e+00   1.227327e-02   1.563973e-02   343464
  3.124654e+00   9.323704e+00   1.228282e-02   1.571311e-02   352912
  3.167174e+00   9.560819e+00   1.228199e-02   1.588124e-02   362666
  3.209689e+00   9.742591e+00   1.225476e-02   1.600891e-02   371884
  3.252186e+00   9.993544e+00   1.227971e-02   1.611852e-02   382280
  3.294633e+00   1.016340e+01   1.224302e-02   1.626332e-02   390888
  3.337059e+00   1.035737e+01   1.226867e-02   1.629649e-02   402234
  3.379565e+00   1.062346e+01   1.225933e-02   1.655663e-02   412576
  3.422105e+00   1.081432e+01   1.228715e-02   1.658530e-02   423732
  3.464636e+00   1.107165e+01   1.227257e-02   1.681914e-02   433624
  3.507180e+00   1.126858e+01   1.228881e-02   1.690581e-02   445154
  3.549739e+00   1.150512e+01   1.227656e-02   1.707199e-02   455584
  3.592238e+00   1.169720e+01   1.225887e-02   1.719959e-02   465588
  3.634685e+00   1.189197e+01   1.226065e-02   1.721523e-02   476762
  3.677219e+00   1.214440e+01   1.229242e-02   1.729948e-02   489552
  3.719789e+00   1.232373e+01   1.227853e-02   1.743129e-02   500328
  3.762251e+00   1.254333e+01   1.223705e-02   1.757550e-02   509852
  3.804741e+00   1.279109e+01   1.229735e-02   1.761659e-02   524234
  3.847275e+00   1.307732e+01   1.224781e-02   1.791934e-02   534104
  3.889779e+00   1.322954e+01   1.228211e-02   1.789864e-02   547048
  3.932320e+00   1.352188e+01   1.229545e-02   1.807517e-02   559328
  3.974872e+00   1.369923e+01   1.228346e-02   1.812492e-02   571326
  4.017355e+00   1.396044e+01   1.224147e-02   1.831344e-02   581920
  4.059804e+00   1.416316e+01   1.225835e-02   1.836020e-02   594832
  4.102282e+00   1.435112e+01   1.227222e-02   1.835109e-02   608048
  4.144825e+00   1.454905e+01   1.228101e-02   1.844603e-02   621526
  4.187356e+00   1.476309e+01   1.226445e-02   1.854692e-02   633240
  4.229822e+00   1.499451e+01   1.225981e-02   1.865898e-02   645472
  4.272346e+00   1.523380e+01   1.230137e-02   1.871915e-02   660906
  4.314903e+00   1.547649e+01   1.227030e-02   1.889427e-02   672856
  4.357425e+00   1.571987e+01   1.226838e-02   1.905426e-02   685980
  4.399921e+00   1.593659e+01   1.227191e-02   1.908711e-02   699256
  4.442476e+00   1.609127e+01   1.229990e-02   1.901528e-02   714730
  4.484986e+00   1.627780e+01   1.223739e-02   1.912309e-02   725152
  4.527452e+00   1.654194e+01   1.227054e-02   1.922600e-02   740420
  4.569941e+00   1.680255e+01   1.227636e-02   1.928224e-02   754312
  4.612456e+00   1.694830e+01   1.227959e-02   1.930445e-02   769114
  4.654996e+00   1.721710e+01   1.227684e-02   1.947654e-02   783488
  4.697459e+00   1.738022e+01   1.223560e-02   1.954671e-02   794968
  4.739925e+00   1.764815e+01   1.228043e-02   1.957301e-02   812366
  4.782438e+00   1.784945e+01   1.226054e-02   1.964709e-02   825976
  4.825000e+00   1.805402e+01   1.230088e-02   1.961636e-02   843352
  4.867591e+00   1.825205e+01   1.229290e-02   1.972816e-02   857280
  4.910094e+00   1.844508e+01   1.225276e-02   1.975197e-02   869542
  4.952587e+00   1.863419e+01   1.228301e-02   1.977843e-02   887128
  4.995087e+00   1.884953e+01   1.225266e-02   1.980742e-02   900032
  5.037553e+00   1.911183e+01   1.226951e-02   2.000209e-02   916560
  5.080018e+00   1.930417e+01   1.224713e-02   1.998020e-02   930922
  5.122540e+00   1.948191e+01   1.228718e-02   2.001247e-02   949844
  5.165149e+00   1.966927e+01   1.230776e-02   2.006685e-02   966736
  5.207698e+00   1.988375e+01   1.226328e-02   2.014399e-02   978776
  5.250149e+00   2.004743e+01   1.225655e-02   2.010108e-02   994522
  5.292642e+00   2.023877e+01   1.227563e-02   2.017126e-02   1012420
  5.335176e+00   2.049932e+01   1.228639e-02   2.020147e-02   1029408
  5.377640e+00   2.068367e+01   1.223362e-02   2.025776e-02   1041658
  5.420127e+00   2.089994e+01   1.228953e-02   2.025686e-02   1063520
  5.462635e+00   2.111322e+01   1.224276e-02   2.035958e-02   1075808
  5.505175e+00   2.121299e+01   1.232008e-02   2.025239e-02   1098956
  5.547712e+00   2.143850e+01   1.224668e-02   2.034775e-02   1109810
  5.590179e+00   2.162809e+01   1.226115e-02   2.038632e-02   1128608
  5.632713e+00   2.183572e+01   1.229436e-02   2.036233e-02   1148264
  5.675250e+00   2.196582e+01   1.227167e-02   2.029819e-02   1163252
  5.717744e+00   2.216518e+01   1.226828e-02   2.042560e-02   1181042
  5.760239e+00   2.241310e+01   1.225730e-02   2.051544e-02   1197848
  5.802769e+00   2.255493e+01   1.229495e-02   2.044690e-02   1218848
  5.845291e+00   2.272939e+01   1.225944e-02   2.044290e-02   1232916
  5.887780e+00   2.287934e+01   1.227538e-02   2.044561e-02   1253002
  5.930266e+00   2.307926e+01   1.224914e-02   2.047890e-02   1268576
  5.972763e+00   2.320940e+01   1.228621e-02   2.037040e-02   1290128
  6.015287e+00   2.342243e+01   1.227337e-02   2.051799e-02   1307402
  6.057820e+00   2.352825e+01   1.227649e-02   2.046986e-02   1327028
  6.100333e+00   2.378831e+01   1.225988e-02   2.052093e-02   1343648
  6.142842e+00   2.391935e+01   1.228087e-02   2.047224e-02   1364096
  6.185363e+00   2.412533e+01   1.227580e-02   2.054064e-02   1382730
  6.227896e+00   2.433025e+01   1.227503e-02   2.054724e-02   1402164
  6.270416e+00   2.442260e+01   1.227264e-02   2.047395e-02   1420464
  6.312883e+00   2.456571e+01   1.225519e-02   2.051897e-02   1437368
  6.355387e+00   2.474246e+01   1.228857e-02   2.046284e-02   1461530
  6.397919e+00   2.492382e+01   1.226028e-02   2.052314e-02   1478264
  6.440432e+00   2.509201e+01   1.227561e-02   2.045619e-02   1499356
  6.482926e+00   2.524258e+01   1.226095e-02   2.051944e-02   1517016
  6.525439e+00   2.540926e+01   1.228340e-02   2.048513e-02   1540090
  6.567953e+00   2.557514e+01   1.226146e-02   2.049479e-02   1557360
  6.610434e+00   2.576600e+01   1.226770e-02   2.049623e-02   1577780
  6.652969e+00   2.584671e+01   1.230043e-02   2.044545e-02   1602578
  6.695499e+00   2.604989e+01   1.225417e-02   2.050063e-02   1617672
  6.737992e+00   2.617331e+01   1.227613e-02   2.041703e-02   1641016
  6.780486e+00   2.632089e+01   1.226032e-02   2.044706e-02   1659416
  6.822983e+00   2.645663e+01   1.227372e-02   2.040624e-02   1682670
  6.865529e+00   2.661029e+01   1.228276e-02   2.041926e-02   1705256
  6.908096e+00   2.672926e+01   1.228756e-02   2.033358e-02   1726312
  6.950582e+00   2.685436e+01   1.225056e-02   2.035764e-02   1741880
  6.993044e+00   2.701355e+01   1.226862e-02   2.031380e-02   1766454
  7.035588e+00   2.710101e+01   1.229242e-02   2.021531e-02   1791784
  7.078111e+00   2.729767e+01   1.225558e-02   2.026512e-02   1807712
  7.120554e+00   2.745027e+01   1.225110e-02   2.029958e-02   1829002
  7.163037e+00   2.757819e+01   1.226905e-02   2.028135e-02   1854216
  7.205602e+00   2.776138e+01   1.229852e-02   2.022179e-02   1880156
  7.248150e+00   2.781635e+01   1.227340e-02   2.020795e-02   1897568
  7.290651e+00   2.798638e+01   1.227390e-02   2.019727e-02   1920458
  7.333153e+00   2.809479e+01   1.226399e-02   2.013945e-02   1942208
  7.375659e+00   2.818672e+01   1.227125e-02   2.007931e-02   1965612
  7.418175e+00   2.836108e+01   1.227855e-02   2.016831e-02   1989000
  7.460671e+00   2.845394e+01   1.225786e-02   2.006525e-02   2009114
  7.503166e+00   2.852563e+01   1.226960e-02   2.000161e-02   2034464
  7.545695e+00   2.871718e+01   1.228070e-02   2.001658e-02   2058476
  7.588207e+00   2.882961e+01   1.227216e-02   1.999166e-02   2079648
  7.630693e+00   2.888736e+01   1.226356e-02   1.992313e-02   2102578
  7.673222e+00   2.902208e+01   1.228297e-02   1.985920e-02   2129928
  7.715766e+00   2.915013e+01   1.227893e-02   1.985197e-02   2152096
  7.758252e+00   2.929839e+01   1.225143e-02   1.987176e-02   2171142
  7.800741e+00   2.934200e+01   1.227660e-02   1.976070e-02   2200248
  7.843296e+00   2.947544e+01   1.228407e-02   1.976285e-02   2225216
  7.885842e+00   2.957984e+01   1.228377e-02   1.973316e-02   2248448
  7.928336e+00   2.966032e+01   1.225709e-02   1.971182e-02   2267942
  7.970840e+00   2.978303e+01   1.228420e-02   1.966538e-02   2298072
  8.013348e+00   2.988758e+01   1.225627e-02   1.963530e-02   2317272
  8.055842e+00   2.995526e+01   1.227899e-02   1.955140e-02   2345808
  8.098322e+00   3.010816e+01   1.224988e-02   1.958042e-02   2365650
  8.140823e+00   3.020335e+01   1.227972e-02   1.946967e-02   2396940
  8.183368e+00   3.031549e+01   1.227975e-02   1.948778e-02   2421272
  8.225892e+00   3.041979e+01   1.227360e-02   1.946690e-02   2444576
  8.268407e+00   3.051575e+01   1.227899e-02   1.941563e-02   2471490
  8.310912e+00   3.050284e+01   1.225942e-02   1.929599e-02   2493180
  8.353397e+00   3.063040e+01   1.227208e-02   1.931301e-02   2520952
  8.395888e+00   3.079409e+01   1.226128e-02   1.927779e-02   2544946
  8.438392e+00   3.084010e+01   1.227324e-02   1.922286e-02   2573856
  8.480922e+00   3.095869e+01   1.227611e-02   1.916431e-02   2600016
  8.523447e+00   3.098789e+01   1.227641e-02   1.911628e-02   2625484
  8.565959e+00   3.110277e+01   1.227232e-02   1.910062e-02   2651122
  8.608519e+00   3.115952e+01   1.229739e-02   1.900758e-02   2683488
  8.651014e+00   3.122045e+01   1.223786e-02   1.903582e-02   2696352
  8.693483e+00   3.134010e+01   1.228468e-02   1.896472e-02   2733020
  8.736008e+00   3.140164e+01   1.227012e-02   1.888228e-02   2757378
  8.778525e+00   3.147817e+01   1.227177e-02   1.888618e-02   2784864
  8.821036e+00   3.156439e+01   1.227124e-02   1.883778e-02   2811168
  8.863496e+00   3.163398e+01   1.224424e-02   1.880656e-02   2832274
  8.906020e+00   3.172419e+01   1.230244e-02   1.872418e-02   2873636
  8.948567e+00   3.180168e+01   1.225951e-02   1.871887e-02   2890496
  8.991066e+00   3.186767e+01   1.227940e-02   1.863770e-02   2921800
  9.033598e+00   3.189652e+01   1.228441e-02   1.855542e-02   2951298
  9.076126e+00   3.200941e+01   1.226510e-02   1.855323e-02   2975476
  9.118654e+00   3.200764e+01   1.228550e-02   1.845745e-02   3007728
  9.161142e+00   3.207715e+01   1.224754e-02   1.845185e-02   3025776
  9.203640e+00   3.215758e+01   1.229182e-02   1.834938e-02   3065762
  9.246160e+00   3.219148e+01   1.225283e-02   1.832895e-02   3084856
  9.288649e+00   3.229305e+01   1.227594e-02   1.827953e-02   3118044
  9.331129e+00   3.232367e+01   1.225728e-02   1.824659e-02   3141352
  9.373640e+00   3.243150e+01   1.228814e-02   1.819350e-02   3179274
  9.416185e+00   3.247612e+01   1.227073e-02   1.812826e-02   3204120
  9.458671e+00   3.253309e+01   1.225444e-02   1.810055e-02   3227900
  9.501151e+00   3.257717e+01   1.227489e-02   1.807120e-02   3262394
  9.543701e+00   3.264290e+01   1.228726e-02   1.798316e-02   3295680
  9.586236e+00   3.266130e+01   1.226866e-02   1.790605e-02   3319560
  9.628737e+00   3.272446e+01   1.227228e-02   1.787922e-02   3348972
  9.671240e+00   3.279390e+01   1.227416e-02   1.782676e-02   3379722
  9.713763e+00   3.286249e+01   1.227339e-02   1.779068e-02   3410720
  9.756299e+00   3.286340e+01   1.227807e-02   1.771956e-02   3441504
  9.798787e+00   3.295298e+01   1.225320e-02   1.773416e-02   3463624
  9.841266e+00   3.293012e+01   1.227217e-02   1.760787e-02   3499790
  9.883803e+00   3.299951e+01   1.228281e-02   1.757268e-02   3533560
  9.926350e+00   3.308392e+01   1.227932e-02   1.754316e-02   3561920
  9.968836e+00   3.307914e+01   1.225683e-02   1.748236e-02   3585208
  1.001132e+01   3.317361e+01   1.227674e-02   1.741676e-02   3622518
  1.005387e+01   3.319756e+01   1.228938e-02   1.735303e-02   3657584
  1.009637e+01   3.319126e+01   1.225003e-02   1.730633e-02   3676440
  1.013883e+01   3.322807e+01   1.226093e-02   1.723573e-02   3711282
  1.018134e+01   3.328528e+01   1.227505e-02   1.717742e-02   3747696
  1.022386e+01   3.324509e+01   1.226890e-02   1.710446e-02   3776188
  1.026640e+01   3.336497e+01   1.229793e-02   1.707605e-02   3815304
  1.030893e+01   3.335124e+01   1.225864e-02   1.702476e-02   3835370
  1.035143e+01   3.340339e+01   1.227570e-02   1.696655e-02   3873424
  1.039395e+01   3.342586e+01   1.227191e-02   1.692432e-02   3903420
  1.043647e+01   3.344465e+01   1.228014e-02   1.683919e-02   3937624
  1.047898e+01   3.346122e+01   1.226404e-02   1.678507e-02   3965658
  1.052150e+01   3.345684e+01   1.227921e-02   1.674853e-02   4002984
  1.056400e+01   3.352565e+01   1.226054e-02   1.671507e-02   4027928
  1.060647e+01   3.354014e+01   1.225976e-02   1.665786e-02   4059844
  1.064896e+01   3.356881e+01   1.227978e-02   1.659884e-02   4100338
  1.069151e+01   3.356892e+01   1.227651e-02   1.653864e-02   4132264
  1.073403e+01   3.358757e+01   1.227390e-02   1.644783e-02   4163216
  1.077652e+01   3.363178e+01   1.226459e-02   1.640504e-02   4193350
  1.081904e+01   3.364689e+01   1.228427e-02   1.636291e-02   4234456
  1.086156e+01   3.367116e+01   1.225632e-02   1.632084e-02   4257264
  1.090405e+01   3.369195e+01   1.227910e-02   1.624264e-02   4297352
  1.094656e+01   3.365893e+01   1.226998e-02   1.616283e-02   4328642
  1.098909e+01   3.368010e+01   1.228265e-02   1.613483e-02   4367948
  1.103158e+01   3.369754e+01   1.224720e-02   1.608783e-02   4388384
  1.107408e+01   3.373045e+01   1.228899e-02   1.600444e-02   4436648
  1.111661e+01   3.375152e+01   1.227199e-02   1.596935e-02   4465658
  1.115915e+01   3.379284e+01   1.227871e-02   1.591154e-02   4502948
  1.120165e+01   3.375967e+01   1.225915e-02   1.585547e-02   4528880
  1.124413e+01   3.378943e+01   1.226872e-02   1.580685e-02   4566290
  1.128665e+01   3.379490e+01   1.228262e-02   1.572845e-02   4606856
  1.132917e+01   3.379639e+01   1.226621e-02   1.568698e-02   4635380
  1.137166e+01   3.381156e+01   1.226853e-02   1.565542e-02   4670384
  1.141417e+01   3.381742e+01   1.227665e-02   1.558165e-02   4709258
  1.145672e+01   3.389248e+01   1.228130e-02   1.554801e-02   4747352
  1.149922e+01   3.387414e+01   1.225462e-02   1.549955e-02   4771664
  1.154171e+01   3.384796e+01   1.227440e-02   1.543629e-02   4813532
  1.158423e+01   3.386302e+01   1.228175e-02   1.537267e-02   4852322
  1.162677e+01   3.386996e+01   1.227605e-02   1.530788e-02   4886480
  1.166928e+01   3.388064e+01   1.226516e-02   1.527793e-02   4917248
  1.171175e+01   3.385376e+01   1.226039e-02   1.521720e-02   4950828
  1.175428e+01   3.388289e+01   1.229115e-02   1.515548e-02   5000170
  1.179682e+01   3.383616e+01   1.226743e-02   1.510934e-02   5026952
  1.183930e+01   3.387113e+01   1.225870e-02   1.505854e-02   5058752
  1.188178e+01   3.383194e+01   1.227096e-02   1.498969e-02   5100722
  1.192431e+01   3.382148e+01   1.227592e-02   1.489736e-02   5140124
  1.196682e+01   3.383239e+01   1.227175e-02   1.487683e-02   5174072
  1.200934e+01   3.382499e+01   1.227571e-02   1.481770e-02   5211608
  1.205185e+01   3.380856e+01   1.227167e-02   1.475538e-02   5247794
  1.209436e+01   3.380120e+01   1.226763e-02   1.469983e-02   5284196
  1.213689e+01   3.378109e+01   1.228663e-02   1.462944e-02   5328800
  1.217939e+01   3.376715e+01   1.225244e-02   1.461220e-02   5350872
  1.222188e+01   3.377094e+01   1.227843e-02   1.452603e-02   5400634
  1.226439e+01   3.377671e+01   1.226116e-02   1.449025e-02   5430968
  1.230690e+01   3.375819e+01   1.228074e-02   1.440380e-02   5475908
  1.234942e+01   3.378161e+01   1.227341e-02   1.438593e-02   5510016
  1.239194e+01   3.374593e+01   1.227878e-02   1.433554e-02   5552114
  1.243448e+01   3.369292e+01   1.227536e-02   1.424987e-02   5588944
  1.247700e+01   3.374618e+01   1.227081e-02   1.421353e-02   5623828
  1.251949e+01   3.372624e+01   1.226652e-02   1.417721e-02   5660722
  1.256199e+01   3.364760e+01   1.226569e-02   1.410148e-02   5699896
  1.260450e+01   3.366868e+01   1.227587e-02   1.405602e-02   5741936
  1.264701e+01   3.361685e+01   1.227604e-02   1.399606e-02   5779568
  1.268952e+01   3.358715e+01   1.227056e-02   1.393107e-02   5817222
  1.273202e+01   3.355837e+01   1.226405e-02   1.386070e-02   5854600
  1.277454e+01   3.359313e+01   1.227916e-02   1.383344e-02   5900040
  1.281705e+01   3.355857e+01   1.226601e-02   1.376982e-02   5931976
  1.285956e+01   3.353860e+01   1.228040e-02   1.371724e-02   5979390
  1.290207e+01   3.351993e+01   1.226129e-02   1.366448e-02   6010200
  1.294458e+01   3.349810e+01   1.227731e-02   1.363147e-02   6056496
  1.298708e+01   3.347576e+01   1.226484e-02   1.357895e-02   6089504
  1.302958e+01   3.343422e+01   1.227756e-02   1.351273e-02   6137114
  1.307210e+01   3.345089e+01   1.226880e-02   1.346873e-02   6173332
  1.311461e+01   3.339705e+01   1.227153e-02   1.339147e-02   6214128
  1.315711e+01   3.335323e+01   1.226922e-02   1.335066e-02   6253874
  1.319964e+01   3.335034e+01   1.227851e-02   1.328685e-02   6300104
  1.324216e+01   3.329504e+01   1.226546e-02   1.322407e-02   6332612
  1.328467e+01   3.331011e+01   1.228096e-02   1.319030e-02   6379768
  1.332719e+01   3.326821e+01   1.227439e-02   1.312951e-02   6418218
  1.336971e+01   3.326869e+01   1.227344e-02   1.309607e-02   6459880
  1.341221e+01   3.323486e+01   1.226446e-02   1.304736e-02   6495652
  1.345472e+01   3.318115e+01   1.228092e-02   1.297870e-02   6545296
  1.349724e+01   3.318115e+01   1.226891e-02   1.292456e-02   6581570
  1.353974e+01   3.312899e+01   1.226098e-02   1.288621e-02   6618960
  1.358222e+01   3.310044e+01   1.226863e-02   1.282434e-02   6663352
  1.362471e+01   3.305368e+01   1.226151e-02   1.276950e-02   6701334
  1.366724e+01   3.301959e+01   1.229005e-02   1.270268e-02   6759920
  1.370978e+01   3.300896e+01   1.226871e-02   1.266084e-02   6789696
  1.375229e+01   3.298463e+01   1.227982e-02   1.262078e-02   6837208
  1.379481e+01   3.295563e+01   1.226997e-02   1.257082e-02   6874966
  1.383733e+01   3.290900e+01   1.227445e-02   1.250764e-02   6920864
  1.387984e+01   3.286275e+01   1.226703e-02   1.244593e-02   6957816
  1.392234e+01   3.285300e+01   1.227258e-02   1.240452e-02   7002232
  1.396483e+01   3.278463e+01   1.226616e-02   1.235915e-02   7043114
  1.400736e+01   3.275457e+01   1.228161e-02   1.228499e-02   7096020
  1.404988e+01   3.272834e+01   1.226958e-02   1.226295e-02   7130640
  1.409239e+01   3.267287e+01   1.227310e-02   1.218883e-02   7175472
  1.413489e+01   3.264482e+01   1.226899e-02   1.216088e-02   7217786
  1.417741e+01   3.258392e+01   1.227600e-02   1.208792e-02   7265564
  1.421992e+01   3.256314e+01   1.226528e-02   1.204949e-02   7301288
  1.426240e+01   3.248581e+01   1.226550e-02   1.199593e-02   7345330
  1.430491e+01   3.248586e+01   1.227621e-02   1.194482e-02   7397048
  1.434743e+01   3.239456e+01   1.226815e-02   1.188554e-02   7435920
  1.438994e+01   3.235461e+01   1.227688e-02   1.182207e-02   7484140
  1.443245e+01   3.234933e+01   1.227057e-02   1.180686e-02   7525578
  1.447497e+01   3.229263e+01   1.227007e-02   1.173349e-02   7571376
  1.451748e+01   3.223689e+01   1.227392e-02   1.167935e-02   7617064
  1.456001e+01   3.223117e+01   1.227782e-02   1.164553e-02   7662092
  1.460251e+01   3.215344e+01   1.226530e-02   1.159440e-02   7699658
  1.464502e+01   3.214124e+01   1.227578e-02   1.155855e-02   7752416
  1.468755e+01   3.205595e+01   1.227763e-02   1.147810e-02   7797776
  1.473004e+01   3.203208e+01   1.226070e-02   1.145202e-02   7831720
  1.477255e+01   3.198584e+01   1.227889e-02   1.139484e-02   7889926
  1.481507e+01   3.194732e+01   1.227192e-02   1.134014e-02   7931480
  1.485759e+01   3.190456e+01   1.227300e-02   1.130318e-02   7976688
  1.490006e+01   3.184374e+01   1.225048e-02   1.125624e-02   8007786
  1.494256e+01   3.180803e+01   1.228133e-02   1.119979e-02   8074564
  1.498510e+01   3.172903e+01   1.228034e-02   1.113243e-02   8118904
  1.502762e+01   3.170881e+01   1.226783e-02   1.110237e-02   8155824
  1.507013e+01   3.164016e+01   1.228256e-02   1.104414e-02   8212802
  1.511265e+01   3.160928e+01   1.226047e-02   1.101232e-02   8245268
  1.515516e+01   3.156245e+01   1.228702e-02   1.095877e-02   8308816
  1.519769e+01   3.153612e+01   1.226520e-02   1.092537e-02   8340304
  1.524017e+01   3.146547e+01   1.226489e-02   1.087324e-02   8387738
  1.528267e+01   3.141017e+01   1.226883e-02   1.081211e-02   8437624
  1.532518e+01   3.138729e+01   1.227531e-02   1.077471e-02   8487796
  1.536768e+01   3.130752e+01   1.226572e-02   1.072891e-02   8527936
  1.541020e+01   3.123710e+01   1.227764e-02   1.065672e-02   8585122
  1.545272e+01   3.122605e+01   1.227170e-02   1.063732e-02   8628200
  1.549524e+01   3.114227e+01   1.227868e-02   1.056603e-02   8679484
  1.553776e+01   3.109701e+01   1.226928e-02   1.053107e-02   8721466
  1.558025e+01   3.106579e+01   1.226318e-02   1.049601e-02   8765840
  1.562277e+01   3.099859e+01   1.228142e-02   1.043362e-02   8825136
  1.566528e+01   3.094355e+01   1.226701e-02   1.039511e-02   8861768
  1.570779e+01   3.091471e+01   1.227728e-02   1.034690e-02   8919278
  1.575031e+01   3.086904e+01   1.226638e-02   1.031092e-02   8961008
  1.579282e+01   3.078938e+01   1.227512e-02   1.026035e-02   9014456
  1.583534e+01   3.074372e+01   1.227527e-02   1.021624e-02   9062240
  1.587786e+01   3.066649e+01   1.227311e-02   1.016467e-02   9110510
  1.592036e+01   3.065014e+01   1.226582e-02   1.013163e-02   9154048
  1.596285e+01   3.058855e+01   1.226281e-02   1.009225e-02   9198928
  1.600534e+01   3.051195e+01   1.227531e-02   1.002425e-02   9257194
  1.604787e+01   3.047725e+01   1.227745e-02   9.993693e-03   9310168
  1.609038e+01   3.040502e+01   1.226530e-02   9.949338e-03   9350316
  1.613289e+01   3.035228e+01   1.227684e-02   9.895534e-03   9407120
  1.617541e+01   3.028776e+01   1.227300e-02   9.851183e-03   9454642
  1.621793e+01   3.021691e+01   1.227362e-02   9.801248e-03   9506272
  1.626044e+01   3.017972e+01   1.226942e-02   9.773347e-03   9551228
  1.630294e+01   3.012198e+01   1.227038e-02   9.728506e-03   9600264
  1.634544e+01   3.005696e+01   1.227012e-02   9.682354e-03   9651458
  1.638796e+01   3.004731e+01   1.228049e-02   9.649484e-03   9711488
  1.643048e+01   2.997315e+01   1.226476e-02   9.602216e-03   9749144
  1.647299e+01   2.989145e+01   1.227613e-02   9.550335e-03   9807908
  1.651550e+01   2.984453e+01   1.227043e-02   9.507960e-03   9854786
  1.655803e+01   2.977954e+01   1.228107e-02   9.465778e-03   9914304
  1.660053e+01   2.973854e+01   1.225867e-02   9.434805e-03   9945544
  1.664301e+01   2.966888e+01   1.226718e-02   9.379475e-03   10003414
  1.668552e+01   2.959928e+01   1.227468e-02   9.330183e-03   10062032
  1.672804e+01   2.955648e+01   1.227657e-02   9.291397e-03   10114792
  1.677058e+01   2.949087e+01   1.228180e-02   9.258853e-03   10169936
  1.681307e+01   2.943004e+01   1.225060e-02   9.221518e-03   10196602
  1.685558e+01   2.935326e+01   1.228906e-02   9.146059e-03   10281156
  1.689811e+01   2.930921e+01   1.226275e-02   9.136036e-03   10309376
  1.694060e+01   2.926201e+01   1.227427e-02   9.085606e-03   10369856
  1.698310e+01   2.921075e+01   1.226425e-02   9.052166e-03   10415370
  1.702562e+01   2.914503e+01   1.228018e-02   9.009294e-03   10481988
  1.706815e+01   2.905377e+01   1.227822e-02   8.954214e-03   10531200
  1.711066e+01   2.903480e+01   1.226163e-02   8.935068e-03   10569416
  1.715315e+01   2.895814e+01   1.227286e-02   8.883406e-03   10633066
  1.719568e+01   2.889410e+01   1.227546e-02   8.843881e-03   10687548
  1.723821e+01   2.881778e+01   1.228168e-02   8.792012e-03   10743968
  1.728072e+01   2.876262e+01   1.226340e-02   8.767368e-03   10782130
  1.732321e+01   2.871967e+01   1.226438e-02   8.726643e-03   10837792
  1.736571e+01   2.866199e+01   1.227328e-02   8.681684e-03   10897368
  1.740823e+01   2.858128e+01   1.227857e-02   8.630710e-03   10953940
  1.745075e+01   2.851110e+01   1.227188e-02   8.593574e-03   11003274
  1.749325e+01   2.843943e+01   1.226537e-02   8.557036e-03   11052800
  1.753577e+01   2.839460e+01   1.228039e-02   8.515276e-03   11118176
  1.757829e+01   2.833193e+01   1.227174e-02   8.475800e-03   11162268
  1.762078e+01   2.826694e+01   1.226447e-02   8.448218e-03   11211458
  1.766328e+01   2.821796e+01   1.226924e-02   8.401099e-03   11271888
  1.770579e+01   2.818057e+01   1.227456e-02   8.372772e-03   11329304
  1.774829e+01   2.810395e+01   1.226554e-02   8.335176e-03   11375026
  1.779081e+01   2.803330e+01   1.227704e-02   8.287637e-03   11442532
  1.783332e+01   2.797375e+01   1.226620e-02   8.255938e-03   11487264
  1.787583e+01   2.788418e+01   1.227239e-02   8.210790e-03   11545680
  1.791835e+01   2.782653e+01   1.227937e-02   8.169976e-03   11607058
  1.796089e+01   2.776603e+01   1.227970e-02   8.128256e-03   11664300
  1.800340e+01   2.770627e+01   1.226785e-02   8.095249e-03   11707488
  1.804590e+01   2.762861e+01   1.226647e-02   8.056960e-03   11759536
  1.808841e+01   2.757914e+01   1.228470e-02   8.018770e-03   11833690
  1.813095e+01   2.752514e+01   1.227017e-02   7.986548e-03   11877808
  1.817345e+01   2.746635e+01   1.226311e-02   7.954481e-03   11925836
  1.821595e+01   2.739968e+01   1.227560e-02   7.912646e-03   11992168
  1.825846e+01   2.733197e+01   1.227114e-02   7.877704e-03   12044554
  1.830097e+01   2.727137e+01   1.226867e-02   7.838569e-03   12098976
  1.834346e+01   2.721708e+01   1.226469e-02   7.813147e-03   12149996
  1.838595e+01   2.715216e+01   1.226815e-02   7.776701e-03   12209594
  1.842847e+01   2.709115e+01   1.227993e-02   7.736569e-03   12279272
  1.847101e+01   2.701539e+01   1.228002e-02   7.695848e-03   12336072
  1.851353e+01   2.694274e+01   1.226966e-02   7.659916e-03   12381744
  1.855604e+01   2.690826e+01   1.227227e-02   7.634476e-03   12441590
  1.859855e+01   2.683959e+01   1.227023e-02   7.595253e-03   12497256
  1.864105e+01   2.677890e+01   1.226730e-02   7.561424e-03   12550032
  1.868353e+01   2.672253e+01   1.226474e-02   7.530218e-03   12603936
  1.872603e+01   2.664515e+01   1.227245e-02   7.484863e-03   12671230
  1.876857e+01   2.659264e+01   1.228331e-02   7.451322e-03   12740920
  1.881110e+01   2.652859e+01   1.227107e-02   7.415123e-03   12784560
  1.885359e+01   2.645620e+01   1.226358e-02   7.388130e-03   12834176
  1.889610e+01   2.639375e+01   1.227865e-02   7.347587e-03   12909006
  1.893863e+01   2.631818e+01   1.227235e-02   7.317989e-03   12959680
  1.898113e+01   2.627114e+01   1.227020e-02   7.289345e-03   13014232
  1.902364e+01   2.620645e+01   1.227262e-02   7.252551e-03   13076514
  1.906614e+01   2.614622e+01   1.226274e-02   7.225944e-03   13127112
  1.910866e+01   2.608774e+01   1.228266e-02   7.180347e-03   13205852
  1.915119e+01   2.599826e+01   1.227282e-02   7.148428e-03   13252032
  1.919369e+01   2.595089e+01   1.226787e-02   7.118777e-03   13307450
  1.923620e+01   2.589981e+01   1.227402e-02   7.090757e-03   13374160
  1.927872e+01   2.582509e+01   1.227027e-02   7.049811e-03   13426348
  1.932123e+01   2.576076e+01   1.227853e-02   7.015270e-03   13492760
  1.936373e+01   2.569577e+01   1.226457e-02   6.988722e-03   13539546
  1.940624e+01   2.565775e+01   1.227335e-02   6.958161e-03   13610704
  1.944875e+01   2.557557e+01   1.226734e-02   6.923996e-03   13662024
  1.949125e+01   2.552721e+01   1.227299e-02   6.889333e-03   13727492
  1.953377e+01   2.545431e+01   1.227644e-02   6.852159e-03   13793394
  1.957629e+01   2.539443e+01   1.226862e-02   6.828988e-03   13844456
  1.961880e+01   2.532464e+01   1.227171e-02   6.797711e-03   13905184
  1.966130e+01   2.527434e+01   1.227189e-02   6.766321e-03   13965958
  1.970381e+01   2.521331e+01   1.226859e-02   6.738637e-03   14025192
  1.974632e+01   2.514019e+01   1.227581e-02   6.702414e-03   14093768
  1.978884e+01   2.508337e+01   1.227382e-02   6.672456e-03   14150440
  1.983136e+01   2.502431e+01   1.227452e-02   6.647343e-03   14213450
  1.987387e+01   2.495912e+01   1.226691e-02   6.605992e-03   14267036
  1.991638e+01   2.489462e+01   1.227427e-02   6.580246e-03   14335032
  1.995889e+01   2.483676e+01   1.226837e-02   6.552411e-03   14387664
  2.000139e+01   2.479329e+01   1.227308e-02   6.523595e-03   14455698
  2.004391e+01   2.471087e+01   1.227471e-02   6.487650e-03   14520452
  2.008643e+01   2.466573e+01   1.227399e-02   6.463410e-03   14580272
  2.012893e+01   2.460560e+01   1.226246e-02   6.434410e-03   14628050
  2.017144e+01   2.454794e+01   1.228393e-02   6.407793e-03   14716744
  2.021396e+01   2.447624e+01   1.226163e-02   6.378528e-03   14751712
  2.025646e+01   2.441752e+01   1.227782e-02   6.345899e-03   14831620
  2.029896e+01   2.438050e+01   1.226188e-02   6.328415e-03   14875522
  2.034146e+01   2.429845e+01   1.227585e-02   6.286867e-03   14956720
  2.038398e+01   2.423245e+01   1.226799e-02   6.257826e-03   15008272
  2.042648e+01   2.418366e+01   1.227113e-02   6.237497e-03   15073780
  2.046899e+01   2.410603e+01   1.227601e-02   6.204702e-03   15144866
  2.051153e+01   2.406542e+01   1.228021e-02   6.178600e-03   15213872
  2.055406e+01   2.401086e+01   1.227172e-02   6.151734e-03   15263976
  2.059656e+01   2.394541e+01   1.226689e-02   6.124262e-03   15320236
  2.063907e+01   2.389923e+01   1.227747e-02   6.097099e-03   15398322
  2.068159e+01   2.383231e+01   1.226849e-02   6.065209e-03   15450864
  2.072409e+01   2.377606e+01   1.226949e-02   6.043436e-03   15513888
  2.076658e+01   2.372113e+01   1.226638e-02   6.019588e-03   15574626
  2.080910e+01   2.365290e+01   1.227957e-02   5.982035e-03   15657956
  2.085162e+01   2.360547e+01   1.226694e-02   5.964355e-03   15704248
  2.089412e+01   2.354844e+01   1.227405e-02   5.938099e-03   15774824
  2.093664e+01   2.349792e+01   1.227741e-02   5.905731e-03   15844898
  2.097916e+01   2.343158e+01   1.226797e-02   5.887778e-03   15898956
  2.102166e+01   2.338278e+01   1.226837e-02   5.859537e-03   15961768
  2.106416e+01   2.332957e+01   1.227392e-02   5.831129e-03   16032208
  2.110668e+01   2.324834e+01   1.227386e-02   5.804693e-03   16099530
  2.114918e+01   2.321887e+01   1.226342e-02   5.787481e-03   16152712
  2.119169e+01   2.314665e+01   1.227877e-02   5.754631e-03   16235740
  2.123421e+01   2.310318e+01   1.227090e-02   5.732884e-03   16288856
  2.127673e+01   2.305507e+01   1.227763e-02   5.706863e-03   16365074
  2.131925e+01   2.299400e+01   1.226826e-02   5.684485e-03   16418248
  2.136173e+01   2.293842e+01   1.226229e-02   5.662923e-03   16473180
  2.140423e+01   2.288662e+01   1.227796e-02   5.635086e-03   16560234
  2.144675e+01   2.281769e+01   1.226818e-02   5.606491e-03   16616088
  2.148927e+01   2.277409e+01   1.227653e-02   5.584036e-03   16693264
  2.153179e+01   2.272913e+01   1.227410e-02   5.562193e-03   16753864
  2.157431e+01   2.266568e+01   1.227428e-02   5.536005e-03   16820702
  2.161682e+01   2.261334e+01   1.226755e-02   5.519012e-03   16879288
  2.165933e+01   2.257989e+01   1.227311e-02   5.497511e-03   16951712
  2.170183e+01   2.253054e+01   1.226675e-02   5.477329e-03   17007560
  2.174434e+01   2.246824e+01   1.227813e-02   5.448764e-03   17092086
  2.178685e+01   2.242216e+01   1.226906e-02   5.428704e-03   17148392
  2.182937e+01   2.236658e+01   1.227478e-02   5.405826e-03   17222288
  2.187188e+01   2.231469e+01   1.227236e-02   5.384953e-03   17285096
  2.191439e+01   2.227454e+01   1.226620e-02   5.361957e-03   17344826
  2.195689e+01   2.222376e+01   1.227320e-02   5.337641e-03   17421236
  2.199941e+01   2.217548e+01   1.227792e-02   5.318869e-03   17494160
  2.204191e+01   2.211899e+01   1.226044e-02   5.297523e-03   17538122
  2.208440e+01   2.208210e+01   1.226939e-02   5.277487e-03   17620136
  2.212692e+01   2.203567e+01   1.227875e-02   5.252470e-03   17700428
  2.216945e+01   2.199869e+01   1.227393e-02   5.238683e-03   17760320
  2.221196e+01   2.193576e+01   1.227224e-02   5.215615e-03   17827562
  2.225448e+01   2.190097e+01   1.227165e-02   5.195812e-03   17895488
  2.229699e+01   2.184898e+01   1.227292e-02   5.173499e-03   17963576
  2.233950e+01   2.180986e+01   1.227046e-02   5.158364e-03   18027500
  2.238201e+01   2.176738e+01   1.227533e-02   5.136701e-03   18105650
  2.242451e+01   2.171813e+01   1.226508e-02   5.120130e-03   18160880
  2.246701e+01   2.166999e+01   1.226834e-02   5.100216e-03   18233144
  2.250951e+01   2.162639e+01   1.227149e-02   5.080945e-03   18307310
  2.255203e+01   2.159375e+01   1.227368e-02   5.062471e-03   18381680
  2.259456e+01   2.153214e+01   1.227489e-02   5.036497e-03   18450536
  2.263708e+01   2.151733e+01   1.227820e-02   5.024608e-03   18522128
  2.267959e+01   2.146406e+01   1.226827e-02   5.004769e-03   18578414
  2.272209e+01   2.142809e+01   1.227113e-02   4.986359e-03   18654304
  2.276460e+01   2.136831e+01   1.227056e-02   4.970078e-03   18722304
  2.280712e+01   2.133386e+01   1.227777e-02   4.947783e-03   18802472
  2.284964e+01   2.129977e+01   1.227092e-02   4.936499e-03   18864266
  2.289215e+01   2.126417e+01   1.226939e-02   4.919843e-03   18933260
  2.293465e+01   2.124246e+01   1.226719e-02   4.907686e-03   18997448
  2.297715e+01   2.117673e+01   1.227581e-02   4.883853e-03   19079816
  2.301967e+01   2.114417e+01   1.227098e-02   4.868292e-03   19145330
  2.306218e+01   2.110697e+01   1.227177e-02   4.847897e-03   19218276
  2.310469e+01   2.108885e+01   1.227113e-02   4.838586e-03   19286200
  2.314719e+01   2.104288e+01   1.226583e-02   4.827170e-03   19349738
  2.318971e+01   2.100728e+01   1.228286e-02   4.803558e-03   19450040
  2.323223e+01   2.097476e+01   1.226363e-02   4.792479e-03   19489688
  2.327473e+01   2.094605e+01   1.227521e-02   4.777886e-03   19576868
  2.331724e+01   2.092250e+01   1.226932e-02   4.768741e-03   19640282
  2.335976e+01   2.087678e+01   1.227873e-02   4.746791e-03   19728800
  2.340226e+01   2.084175e+01   1.226095e-02   4.736002e-03   19770152
  2.344476e+01   2.082562e+01   1.227487e-02   4.723216e-03   19863516
  2.348729e+01   2.079720e+01   1.227855e-02   4.710495e-03   19943594
  2.352981e+01   2.077303e+01   1.227039e-02   4.698931e-03   20003440
  2.357232e+01   2.074155e+01   1.227533e-02   4.685018e-03   20081768
  2.361483e+01   2.071608e+01   1.226475e-02   4.676126e-03   20136200
  2.365734e+01   2.067263e+01   1.228180e-02   4.658655e-03   20238094
  2.369985e+01   2.065616e+01   1.226458e-02   4.646113e-03   20282544
  2.374234e+01   2.064243e+01   1.226291e-02   4.641153e-03   20351720
  2.378483e+01   2.061288e+01   1.227389e-02   4.625047e-03   20444714
  2.382735e+01   2.058699e+01   1.227112e-02   4.616533e-03   20515116
  2.386988e+01   2.055633e+01   1.228059e-02   4.600055e-03   20602384
  2.391241e+01   2.054933e+01   1.227266e-02   4.597229e-03   20659872
  2.395491e+01   2.052091e+01   1.226837e-02   4.584807e-03   20727682
  2.399742e+01   2.050342e+01   1.227493e-02   4.572470e-03   20814416
  2.403994e+01   2.047554e+01   1.227261e-02   4.564356e-03   20881100
  2.408245e+01   2.045955e+01   1.227247e-02   4.554565e-03   20953688
  2.412495e+01   2.044490e+01   1.226662e-02   4.549624e-03   21021050
  2.416746e+01   2.043778e+01   1.227556e-02   4.540046e-03   21111632
  2.420998e+01   2.041634e+01   1.227336e-02   4.531566e-03   21179972
  2.425248e+01   2.040147e+01   1.226547e-02   4.523437e-03   21240488
  2.429499e+01   2.037801e+01   1.227368e-02   4.513439e-03   21331418
  2.433750e+01   2.037709e+01   1.226935e-02   4.509460e-03   21397304
  2.438000e+01   2.035551e+01   1.226962e-02   4.502124e-03   21469764
  2.442251e+01   2.035232e+01   1.227528e-02   4.492620e-03   21556122
  2.446502e+01   2.034310e+01   1.226591e-02   4.493750e-03   21618312
  2.450754e+01   2.033419e+01   1.227924e-02   4.481666e-03   21716096
  2.455007e+01   2.032874e+01   1.227488e-02   4.481440e-03   21781352
  2.459258e+01   2.032318e+01   1.226971e-02   4.475015e-03   21848870
  2.463508e+01   2.033205e+01   1.227061e-02   4.474163e-03   21927536
  2.467760e+01   2.030920e+01   1.227518e-02   4.467541e-03   22008944
  2.472011e+01   2.030830e+01   1.227146e-02   4.464099e-03   22076136
  2.476261e+01   2.030576e+01   1.226619e-02   4.463982e-03   22145270
  2.480513e+01   2.031264e+01   1.228149e-02   4.460397e-03   22250960
  2.484765e+01   2.031957e+01   1.226766e-02   4.462981e-03   22300864
  2.489015e+01   2.030109e+01   1.226874e-02   4.454883e-03   22378586
  2.493266e+01   2.030671e+01   1.227304e-02   4.454538e-03   22464104
  2.497518e+01   2.033233e+01   1.227483e-02   4.457955e-03   22542892
  2.501769e+01   2.032051e+01   1.226849e-02   4.452437e-03   22606008
  2.506019e+01   2.033193e+01   1.227168e-02   4.454851e-03   22690002
  2.510269e+01   2.034558e+01   1.226774e-02   4.461081e-03   22762216
  2.514519e+01   2.032044e+01   1.227552e-02   4.455779e-03   22815779
  2.518771e+01   2.024953e+01   1.227093e-02   4.439418e-03   22772312
  2.523022e+01   2.019120e+01   1.227169e-02   4.429596e-03   22733708
  2.527273e+01   2.013518e+01   1.227376e-02   4.422445e-03   22697672
  2.531524e+01   2.006731e+01   1.227003e-02   4.408914e-03   22651460
  2.535775e+01   2.000872e+01   1.227280e-02   4.396497e-03   22616024
  2.540027e+01   1.994039e+01   1.227723e-02   4.383140e-03   22583496
  2.544278e+01   1.988097e+01   1.226384e-02   4.377911e-03   22519252
  2.548527e+01   1.981969e+01   1.226879e-02   4.367771e-03   22488992
  2.552778e+01   1.975108e+01   1.227112e-02   4.355672e-03   22453172
  2.557030e+01   1.969436e+01   1.227642e-02   4.343498e-03   22420584
  2.561282e+01   1.963677e+01   1.227318e-02   4.335180e-03   22371700
  2.565533e+01   1.959106e+01   1.227319e-02   4.329210e-03   22329896
  2.569784e+01   1.951327e+01   1.227005e-02   4.314774e-03   22282876
  2.574035e+01   1.946032e+01   1.227559e-02   4.304482e-03   22250692
  2.578286e+01   1.940451e+01   1.226749e-02   4.295682e-03   22194436
  2.582536e+01   1.933559e+01   1.226799e-02   4.283575e-03   22153540
  2.586787e+01   1.927551e+01   1.227489e-02   4.274371e-03   22122584
  2.591039e+01   1.921019e+01   1.227183e-02   4.265048e-03   22073004
  2.595291e+01   1.916363e+01   1.227763e-02   4.255132e-03   22039640
  2.599542e+01   1.909267e+01   1.226443e-02   4.246452e-03   21971624
  2.603793e+01   1.905548e+01   1.228039e-02   4.238010e-03   21955708
  2.608042e+01   1.899345e+01   1.225538e-02   4.232647e-03   21867720
  2.612293e+01   1.892966e+01   1.228640e-02   4.214128e-03   21878900
  2.616545e+01   1.889073e+01   1.226374e-02   4.215974e-03   21794260
  2.620796e+01   1.881165e+01   1.227552e-02   4.202588e-03   21770256
  2.625048e+01   1.876801e+01   1.227204e-02   4.195708e-03   21718124
  2.629299e+01   1.870666e+01   1.227162e-02   4.184402e-03   21671096
  2.633550e+01   1.862802e+01   1.227173e-02   4.168654e-03   21625412
  2.637801e+01   1.858826e+01   1.227628e-02   4.163203e-03   21587284
  2.642052e+01   1.853132e+01   1.226404e-02   4.157479e-03   21519648
  2.646302e+01   1.848736e+01   1.227517e-02   4.147876e-03   21493344
  2.650554e+01   1.842337e+01   1.227125e-02   4.140130e-03   21439360
  2.654805e+01   1.836932e+01   1.227471e-02   4.130992e-03   21398900
  2.659058e+01   1.831646e+01   1.227467e-02   4.120722e-03   21351488
  2.663308e+01   1.825987e+01   1.226610e-02   4.115194e-03   21288012
  2.667559e+01   1.820694e+01   1.227518e-02   4.105765e-03   21255052
  2.671810e+01   1.815039e+01   1.226960e-02   4.096687e-03   21196928
  2.676060e+01   1.810389e+01   1.226973e-02   4.091151e-03   21149036
  2.680311e+01   1.804920e+01   1.227206e-02   4.083409e-03   21105304
  2.684563e+01   1.799856e+01   1.227410e-02   4.076180e-03   21059992
  2.688815e+01   1.794246e+01   1.227705e-02   4.064809e-03   21014904
  2.693067e+01   1.789108e+01   1.227014e-02   4.062315e-03   20953620
  2.697317e+01   1.784396e+01   1.226991e-02   4.053805e-03   20902948
  2.701568e+01   1.779267e+01   1.227225e-02   4.042602e-03   20856528
  2.705819e+01   1.773356e+01   1.227379e-02   4.032475e-03   20808868
  2.710070e+01   1.768586e+01   1.226639e-02   4.029612e-03   20746700
  2.714319e+01   1.763428e+01   1.226770e-02   4.023088e-03   20699040
  2.718571e+01   1.758488e+01   1.227944e-02   4.012880e-03   20667584
  2.722822e+01   1.754512e+01   1.225995e-02   4.010252e-03   20583320
  2.727072e+01   1.750193e+01   1.227843e-02   4.003260e-03   20562728
  2.731324e+01   1.744253e+01   1.227166e-02   3.992994e-03   20499120
  2.735575e+01   1.739514e+01   1.227335e-02   3.989401e-03   20448668
  2.739827e+01   1.733781e+01   1.227231e-02   3.981306e-03   20394408
  2.744078e+01   1.729390e+01   1.227328e-02   3.973753e-03   20344236
  2.748329e+01   1.724845e+01   1.227052e-02   3.966764e-03   20287988
  2.752580e+01   1.719453e+01   1.227218e-02   3.963148e-03   20237280
  2.756831e+01   1.715908e+01   1.226928e-02   3.956711e-03   20178328
  2.761083e+01   1.709740e+01   1.227861e-02   3.947008e-03   20139844
  2.765335e+01   1.705518e+01   1.226869e-02   3.942787e-03   20069748
  2.769585e+01   1.700741e+01   1.227006e-02   3.937150e-03   20016800
  2.773835e+01   1.695296e+01   1.227057e-02   3.929088e-03   19962224
  2.778087e+01   1.690513e+01   1.227954e-02   3.921499e-03   19923568
  2.782339e+01   1.687228e+01   1.226996e-02   3.918788e-03   19854300
  2.786590e+01   1.682211e+01   1.226862e-02   3.912507e-03   19797056
  2.790840e+01   1.676696e+01   1.227082e-02   3.904557e-03   19744940
  2.795091e+01   1.672707e+01   1.227270e-02   3.901770e-03   19691768
  2.799342e+01   1.667780e+01   1.226928e-02   3.897342e-03   19629548
  2.803593e+01   1.664101e+01   1.227096e-02   3.890933e-03   19575480
  2.807844e+01   1.658940e+01   1.227365e-02   3.881934e-03   19523296
  2.812096e+01   1.655853e+01   1.227813e-02   3.880178e-03   19474344
  2.816347e+01   1.650591e+01   1.226244e-02   3.875588e-03   19392868
  2.820597e+01   1.645837e+01   1.227629e-02   3.869677e-03   19356176
  2.824849e+01   1.642595e+01   1.227437e-02   3.864205e-03   19294916
  2.829102e+01   1.637045e+01   1.227644e-02   3.859401e-03   19240856
  2.833353e+01   1.633635e+01   1.226827e-02   3.855280e-03   19170884
  2.837603e+01   1.628348e+01   1.226787e-02   3.846025e-03   19111352
  2.841853e+01   1.624232e+01   1.227311e-02   3.841540e-03   19060016
  2.846104e+01   1.621326e+01   1.227199e-02   3.841651e-03   18999752
  2.850354e+01   1.615757e+01   1.226484e-02   3.835931e-03   18930272
  2.854604e+01   1.612893e+01   1.227204e-02   3.831163e-03   18882340
  2.858856e+01   1.607945e+01   1.227653e-02   3.825597e-03   18829056
  2.863108e+01   1.603549e+01   1.226917e-02   3.822231e-03   18757640
  2.867359e+01   1.599064e+01   1.227679e-02   3.814978e-03   18709036
  2.871611e+01   1.595247e+01   1.226951e-02   3.812435e-03   18637668
  2.875862e+01   1.591907e+01   1.227659e-02   3.810233e-03   18587048
  2.880113e+01   1.587617e+01   1.226650e-02   3.806392e-03   18510972
  2.884363e+01   1.583588e+01   1.227092e-02   3.802806e-03   18456692
  2.888614e+01   1.579601e+01   1.227027e-02   3.798873e-03   18394084
  2.892866e+01   1.576853e+01   1.227644e-02   3.798511e-03   18341352
  2.897118e+01   1.571533e+01   1.227294e-02   3.792676e-03   18273884
  2.901369e+01   1.569229e+01   1.227214e-02   3.794558e-03   18211148
  2.905619e+01   1.564895e+01   1.226468e-02   3.787781e-03   18137692
  2.909870e+01   1.561283e+01   1.227635e-02   3.784794e-03   18091580
  2.914122e+01   1.557567e+01   1.227406e-02   3.781487e-03   18024560
  2.918373e+01   1.553741e+01   1.226945e-02   3.776915e-03   17955116
  2.922624e+01   1.549572e+01   1.227055e-02   3.772844e-03   17893232
  2.926875e+01   1.545556e+01   1.227337e-02   3.767498e-03   17832620
  2.931126e+01   1.543355e+01   1.227331e-02   3.771234e-03   17767864
  2.935378e+01   1.537785e+01   1.227523e-02   3.761901e-03   17706956
  2.939629e+01   1.534712e+01   1.226779e-02   3.760960e-03   17632632
  2.943880e+01   1.532282e+01   1.227224e-02   3.763401e-03   17573524
  2.948131e+01   1.527999e+01   1.227160e-02   3.757614e-03   17506380
  2.952382e+01   1.523791e+01   1.227283e-02   3.752517e-03   17442548
  2.956632e+01   1.520514e+01   1.226611e-02   3.752768e-03   17368556
  2.960883e+01   1.517835e+01   1.227726e-02   3.753705e-03   17318260
  2.965135e+01   1.514006e+01   1.227176e-02   3.747740e-03   17243792
  2.969385e+01   1.509548e+01   1.226620e-02   3.744648e-03   17169716
  2.973635e+01   1.507376e+01   1.227104e-02   3.747203e-03   17109768
  2.977886e+01   1.504292e+01   1.227205e-02   3.744603e-03   17044064
  2.982138e+01   1.500611e+01   1.227557e-02   3.743203e-03   16981560
  2.986389e+01   1.496785e+01   1.226672e-02   3.740740e-03   16902264
  2.990640e+01   1.493962e+01   1.227800e-02   3.739023e-03   16849940
  2.994892e+01   1.490656e+01   1.226984e-02   3.741224e-03   16770600
  2.999143e+01   1.486715e+01   1.227399e-02   3.737058e-03   16707512
  3.003394e+01   1.483283e+01   1.227053e-02   3.735347e-03   16634480
  3.007645e+01   1.480183e+01   1.227297e-02   3.732473e-03   16569424
  3.011897e+01   1.478065e+01   1.227100e-02   3.738052e-03   16497216
  3.016149e+01   1.475103e+01   1.227800e-02   3.738118e-03   16436416
  3.020400e+01   1.471048e+01   1.226813e-02   3.735029e-03   16353532
  3.024650e+01   1.468867e+01   1.226850e-02   3.737881e-03   16284908
  3.028900e+01   1.465891e+01   1.227370e-02   3.735787e-03   16221948
  3.033152e+01   1.462445e+01   1.227445e-02   3.735094e-03   16152552
  3.037404e+01   1.459702e+01   1.227249e-02   3.735474e-03   16078864
  3.041655e+01   1.457912e+01   1.227014e-02   3.741775e-03   16005296
  3.045906e+01   1.452903e+01   1.227320e-02   3.734431e-03   15938220
  3.050157e+01   1.451292e+01   1.226736e-02   3.737782e-03   15858440
  3.054407e+01   1.448469e+01   1.226949e-02   3.739630e-03   15789252
  3.058657e+01   1.445954e+01   1.227019e-02   3.740763e-03   15718944
  3.062908e+01   1.442362e+01   1.227179e-02   3.739290e-03   15648652
  3.067160e+01   1.440612e+01   1.227680e-02   3.744754e-03   15581944
  3.071412e+01   1.437553e+01   1.227604e-02   3.745361e-03   15508744
  3.075663e+01   1.435621e+01   1.226574e-02   3.750384e-03   15422472
  3.079914e+01   1.432673e+01   1.227551e-02   3.748495e-03   15361536
  3.084165e+01   1.429207e+01   1.226998e-02   3.748965e-03   15281048
  3.088415e+01   1.427633e+01   1.227023e-02   3.751707e-03   15207752
  3.092666e+01   1.425806e+01   1.227075e-02   3.757533e-03   15134800
  3.096917e+01   1.423623e+01   1.227038e-02   3.761903e-03   15059664
  3.101168e+01   1.419380e+01   1.227242e-02   3.757054e-03   14987020
  3.105420e+01   1.418255e+01   1.227903e-02   3.761480e-03   14919936
  3.109672e+01   1.415622e+01   1.226792e-02   3.766699e-03   14831776
  3.113923e+01   1.413850e+01   1.227679e-02   3.772099e-03   14767552
  3.118174e+01   1.410413e+01   1.226524e-02   3.771182e-03   14678336
  3.122425e+01   1.409044e+01   1.227632e-02   3.778266e-03   14615044
  3.126676e+01   1.406200e+01   1.226910e-02   3.777645e-03   14530200
  3.130927e+01   1.404700e+01   1.227171e-02   3.785155e-03   14457000
  3.135178e+01   1.401533e+01   1.227423e-02   3.785590e-03   14383440
  3.139429e+01   1.400436e+01   1.226801e-02   3.796866e-03   14299516
  3.143679e+01   1.398039e+01   1.227160e-02   3.796852e-03   14226024
  3.147930e+01   1.395930e+01   1.226889e-02   3.802988e-03   14145048
  3.152182e+01   1.394286e+01   1.228178e-02   3.807877e-03   14082144
  3.156433e+01   1.391845e+01   1.226157e-02   3.812677e-03   13981640
  3.160683e+01   1.390136e+01   1.227475e-02   3.817713e-03   13918460
  3.164935e+01   1.387135e+01   1.227481e-02   3.817943e-03   13839752
  3.169188e+01   1.385966e+01   1.227673e-02   3.830403e-03   13762736
  3.173439e+01   1.383851e+01   1.227147e-02   3.833914e-03   13677980
  3.177690e+01   1.382141e+01   1.226900e-02   3.840935e-03   13596196
  3.181940e+01   1.381325e+01   1.226988e-02   3.850679e-03   13517736
  3.186190e+01   1.378603e+01   1.226579e-02   3.854267e-03   13433184
  3.190440e+01   1.377306e+01   1.227449e-02   3.861214e-03   13362296
  3.194692e+01   1.375654e+01   1.227398e-02   3.870123e-03   13281376
  3.198944e+01   1.373532e+01   1.227645e-02   3.871249e-03   13203336
  3.203195e+01   1.371850e+01   1.226687e-02   3.883728e-03   13113016
  3.207445e+01   1.370018e+01   1.227094e-02   3.890691e-03   13036400
  3.211696e+01   1.368643e+01   1.226987e-02   3.895281e-03   12953648
  3.215948e+01   1.367095e+01   1.227674e-02   3.904724e-03   12879016
  3.220199e+01   1.366485e+01   1.227015e-02   3.917382e-03   12790124
  3.224451e+01   1.365467e+01   1.227599e-02   3.927045e-03   12714152
  3.228701e+01   1.363473e+01   1.226430e-02   3.938838e-03   12619608
  3.232951e+01   1.362809e+01   1.227473e-02   3.944561e-03   12547232
  3.237204e+01   1.360763e+01   1.228098e-02   3.953721e-03   12470568
  3.241455e+01   1.359758e+01   1.226086e-02   3.969042e-03   12368136
  3.245705e+01   1.357324e+01   1.227647e-02   3.971111e-03   12300504
  3.249958e+01   1.356743e+01   1.227251e-02   3.986352e-03   12212172
  3.254209e+01   1.355731e+01   1.227112e-02   3.994621e-03   12126228
  3.258459e+01   1.354918e+01   1.227235e-02   4.008068e-03   12043352
  3.262711e+01   1.353224e+01   1.227321e-02   4.021509e-03   11959896
  3.266960e+01   1.352386e+01   1.226107e-02   4.031847e-03   11863804
  3.271211e+01   1.350459e+01   1.227575e-02   4.039939e-03   11792812
  3.275463e+01   1.349434e+01   1.227439e-02   4.050855e-03   11705392
  3.279713e+01   1.348895e+01   1.226794e-02   4.066500e-03   11613836
  3.283965e+01   1.347324e+01   1.228215e-02   4.075633e-03   11541532
  3.288217e+01   1.346886e+01   1.226539e-02   4.097912e-03   11440232
  3.292468e+01   1.346461e+01   1.227538e-02   4.106833e-03   11363008
  3.296718e+01   1.345607e+01   1.226652e-02   4.125025e-03   11267848
  3.300970e+01   1.343350e+01   1.227722e-02   4.133995e-03   11190640
  3.305222e+01   1.344379e+01   1.227423e-02   4.156736e-03   11101084
  3.309472e+01   1.343472e+01   1.226241e-02   4.170864e-03   11003284
  3.313721e+01   1.342928e+01   1.227344e-02   4.186722e-03   10925424
  3.317973e+01   1.341324e+01   1.227067e-02   4.199075e-03   10834724
  3.322224e+01   1.341383e+01   1.227484e-02   4.219337e-03   10750156
  3.326475e+01   1.339451e+01   1.226635e-02   4.230924e-03   10655280
  3.330725e+01   1.340742e+01   1.226924e-02   4.254947e-03   10569120
  3.334975e+01   1.340268e+01   1.226867e-02   4.275492e-03   10479672
  3.339228e+01   1.339187e+01   1.228611e-02   4.285469e-03   10404504
  3.343481e+01   1.337157e+01   1.227382e-02   4.305690e-03   10304108
  3.347732e+01   1.336882e+01   1.226797e-02   4.323696e-03   10209940
  3.351983e+01   1.336790e+01   1.227575e-02   4.347074e-03   10126584
  3.356234e+01   1.336193e+01   1.226442e-02   4.367304e-03   10027064
  3.360484e+01   1.334566e+01   1.227492e-02   4.381430e-03   9945072
  3.364734e+01   1.335429e+01   1.226340e-02   4.407801e-03   9844764
  3.368986e+01   1.334363e+01   1.228362e-02   4.427344e-03   9769940
  3.373238e+01   1.333830e+01   1.226688e-02   4.447750e-03   9666072
  3.377488e+01   1.333562e+01   1.227051e-02   4.467026e-03   9577112
  3.381739e+01   1.333515e+01   1.227148e-02   4.495489e-03   9485848
  3.385991e+01   1.331799e+01   1.227527e-02   4.512305e-03   9396136
  3.390243e+01   1.331244e+01   1.227579e-02   4.535336e-03   9304408
  3.394493e+01   1.331059e+01   1.225842e-02   4.567407e-03   9199028
  3.398742e+01   1.330975e+01   1.227468e-02   4.589965e-03   9118288
  3.402993e+01   1.330351e+01   1.226747e-02   4.612730e-03   9019624
  3.407245e+01   1.330213e+01   1.228368e-02   4.638491e-03   8937420
  3.411497e+01   1.327986e+01   1.227061e-02   4.656972e-03   8835200
  3.415748e+01   1.328078e+01   1.226739e-02   4.688933e-03   8739332
  3.419998e+01   1.327800e+01   1.227099e-02   4.712742e-03   8648112
  3.424250e+01   1.326740e+01   1.227159e-02   4.742344e-03   8553372
  3.428501e+01   1.326180e+01   1.227728e-02   4.762557e-03   8461944
  3.432753e+01   1.325796e+01   1.227227e-02   4.792007e-03   8363348
  3.437004e+01   1.324304e+01   1.227148e-02   4.823348e-03   8267792
  3.441254e+01   1.324608e+01   1.226640e-02   4.853255e-03   8169380
  3.445505e+01   1.323068e+01   1.227807e-02   4.878283e-03   8081008
  3.449756e+01   1.322496e+01   1.226310e-02   4.914451e-03   7975632
  3.454006e+01   1.321810e+01   1.227841e-02   4.937316e-03   7889116
  3.458257e+01   1.319876e+01   1.226405e-02   4.964263e-03   7784008
  3.462508e+01   1.320012e+01   1.227484e-02   5.002457e-03   7693848
  3.466759e+01   1.316310e+01   1.226805e-02   5.021332e-03   7592468
  3.471010e+01   1.316990e+01   1.227572e-02   5.059152e-03   7499076
  3.475262e+01   1.314626e+01   1.227790e-02   5.089945e-03   7402880
  3.479514e+01   1.314118e+01   1.227043e-02   5.125898e-03   7300768
  3.483765e+01   1.312765e+01   1.227061e-02   5.159062e-03   7203316
  3.488013e+01   1.310532e+01   1.225476e-02   5.189102e-03   7095724
  3.492265e+01   1.309478e+01   1.229466e-02   5.217337e-03   7019608
  3.496518e+01   1.306271e+01   1.226138e-02   5.249212e-03   6901916
  3.500769e+01   1.304805e+01   1.227882e-02   5.282512e-03   6812952
  3.505019e+01   1.299829e+01   1.226209e-02   5.308368e-03   6704548
  3.509270e+01   1.297876e+01   1.227587e-02   5.340668e-03   6612168
  3.513521e+01   1.296462e+01   1.227039e-02   5.376578e-03   6508628
  3.517773e+01   1.292577e+01   1.227711e-02   5.396490e-03   6412072
  3.522024e+01   1.289428e+01   1.226747e-02   5.434088e-03   6306660
  3.526274e+01   1.285931e+01   1.226997e-02   5.457850e-03   6207592
  3.530523e+01   1.281660e+01   1.226489e-02   5.487914e-03   6103860
  3.534774e+01   1.276725e+01   1.227430e-02   5.502630e-03   6007184
  3.539025e+01   1.273034e+01   1.227513e-02   5.534729e-03   5905660
  3.543278e+01   1.266741e+01   1.227664e-02   5.540923e-03   5805132
  3.547529e+01   1.262832e+01   1.226925e-02   5.580061e-03   5700008
  3.551778e+01   1.257517e+01   1.226294e-02   5.591474e-03   5594856
  3.556030e+01   1.249581e+01   1.228122e-02   5.596576e-03   5502341
  3.560283e+01   1.244519e+01   1.227277e-02   5.617012e-03   5404852
  3.564533e+01   1.239101e+01   1.226768e-02   5.634131e-03   5313930
  3.568784e+01   1.235719e+01   1.227261e-02   5.655722e-03   5230396
  3.573035e+01   1.231012e+01   1.226815e-02   5.673751e-03   5145158
  3.577285e+01   1.228449e+01   1.227058e-02   5.717095e-03   5064506
  3.581538e+01   1.226333e+01   1.228142e-02   5.732134e-03   4989464
  3.585790e+01   1.221934e+01   1.226989e-02   5.765878e-03   4907486
  3.590041e+01   1.216597e+01   1.226982e-02   5.775565e-03   4831952
  3.594292e+01   1.214122e+01   1.226933e-02   5.793827e-03   4757392
  3.598543e+01   1.212467e+01   1.227425e-02   5.835835e-03   4685902
  3.602794e+01   1.206626e+01   1.227136e-02   5.857339e-03   4612826
  3.607044e+01   1.206948e+01   1.227059e-02   5.895834e-03   4542436
  3.611296e+01   1.202786e+01   1.227508e-02   5.909220e-03   4475408
  3.615546e+01   1.201011e+01   1.226173e-02   5.950116e-03   4402686
  3.619797e+01   1.198590e+01   1.227689e-02   5.980802e-03   4340854
  3.624049e+01   1.195141e+01   1.227466e-02   6.002531e-03   4273862
  3.628301e+01   1.193587e+01   1.227237e-02   6.036917e-03   4208538
  3.632551e+01   1.191638e+01   1.226532e-02   6.076043e-03   4142584
  3.636801e+01   1.189520e+01   1.226978e-02   6.106124e-03   4081232
  3.641052e+01   1.186408e+01   1.227225e-02   6.141319e-03   4019668
  3.645304e+01   1.184193e+01   1.228203e-02   6.167026e-03   3961416
  3.649557e+01   1.182665e+01   1.227387e-02   6.200891e-03   3898848
  3.653807e+01   1.180788e+01   1.226366e-02   6.237317e-03   3836718
  3.658056e+01   1.177018e+01   1.226607e-02   6.255827e-03   3779272
  3.662306e+01   1.176185e+01   1.226675e-02   6.301797e-03   3721434
  3.666558e+01   1.174539e+01   1.228126e-02   6.328022e-03   3668198
  3.670811e+01   1.172319e+01   1.227910e-02   6.369085e-03   3611346
  3.675062e+01   1.171421e+01   1.226582e-02   6.412024e-03   3552442
  3.679312e+01   1.170849e+01   1.226935e-02   6.468350e-03   3498908
  3.683563e+01   1.168407e+01   1.227192e-02   6.501527e-03   3445382
  3.687814e+01   1.167427e+01   1.227356e-02   6.530302e-03   3392244
  3.692066e+01   1.165186e+01   1.227344e-02   6.566849e-03   3339634
  3.696317e+01   1.163122e+01   1.226899e-02   6.601558e-03   3286752
  3.700566e+01   1.163276e+01   1.226327e-02   6.653378e-03   3234180
  3.704816e+01   1.160839e+01   1.226838e-02   6.689802e-03   3184556
  3.709068e+01   1.160710e+01   1.228145e-02   6.745513e-03   3137238
  3.713322e+01   1.160444e+01   1.228151e-02   6.779006e-03   3087670
  3.717574e+01   1.155918e+01   1.227426e-02   6.806129e-03   3037460
  3.721824e+01   1.154520e+01   1.225819e-02   6.845776e-03   2985736
  3.726072e+01   1.155798e+01   1.226565e-02   6.923145e-03   2939708
  3.730324e+01   1.154251e+01   1.228621e-02   6.947708e-03   2897012
  3.734577e+01   1.154646e+01   1.227048e-02   7.021458e-03   2846890
  3.738827e+01   1.151971e+01   1.226277e-02   7.057554e-03   2799588
  3.743076e+01   1.150027e+01   1.226558e-02   7.096851e-03   2754954
  3.747326e+01   1.149882e+01   1.227308e-02   7.153470e-03   2711500
  3.751579e+01   1.148823e+01   1.228240e-02   7.191753e-03   2669006
  3.755830e+01   1.148159e+01   1.226335e-02   7.253398e-03   2621264
  3.760081e+01   1.147221e+01   1.227565e-02   7.305383e-03   2580726
  3.764332e+01   1.144411e+01   1.226856e-02   7.338640e-03   2536470
  3.768582e+01   1.147689e+01   1.226978e-02   7.431300e-03   2494370
  3.772834e+01   1.144364e+01   1.227534e-02   7.457341e-03   2453556
  3.777086e+01   1.144521e+01   1.228047e-02   7.531016e-03   2413246
  3.781339e+01   1.146317e+01   1.227197e-02   7.597373e-03   2370914
  3.785589e+01   1.144035e+01   1.226887e-02   7.646826e-03   2330126
  3.789840e+01   1.145728e+01   1.227428e-02   7.726000e-03   2291406
  3.794091e+01   1.142141e+01   1.226463e-02   7.767013e-03   2250410
  3.798340e+01   1.141902e+01   1.226403e-02   7.819322e-03   2211486
  3.802590e+01   1.143688e+01   1.227094e-02   7.901541e-03   2174194
  3.806841e+01   1.141026e+01   1.227271e-02   7.942501e-03   2136416
  3.811093e+01   1.143668e+01   1.227972e-02   8.022050e-03   2100070
  3.815344e+01   1.142632e+01   1.226224e-02   8.086255e-03   2060026
  3.819594e+01   1.143156e+01   1.227745e-02   8.173584e-03   2025910
  3.823846e+01   1.142773e+01   1.227012e-02   8.231677e-03   1988576
  3.828096e+01   1.141058e+01   1.226824e-02   8.300408e-03   1952610
  3.832347e+01   1.141794e+01   1.226944e-02   8.378321e-03   1917470
  3.836597e+01   1.144336e+01   1.226960e-02   8.482395e-03   1882484
  3.840848e+01   1.144831e+01   1.227230e-02   8.546099e-03   1848262
  3.845101e+01   1.145800e+01   1.228531e-02   8.626952e-03   1816024
  3.849355e+01   1.144741e+01   1.227230e-02   8.705212e-03   1780418
  3.853605e+01   1.144766e+01   1.226815e-02   8.779304e-03   1746576
  3.857856e+01   1.145715e+01   1.227451e-02   8.872864e-03   1714622
  3.862107e+01   1.144491e+01   1.227068e-02   8.939330e-03   1681692
  3.866358e+01   1.145280e+01   1.226987e-02   9.030814e-03   1649574
  3.870606e+01   1.147303e+01   1.225405e-02   9.141196e-03   1615788
  3.874855e+01   1.146833e+01   1.227462e-02   9.209256e-03   1587064
  3.879108e+01   1.148230e+01   1.227930e-02   9.315662e-03   1556598
  3.883360e+01   1.147839e+01   1.227389e-02   9.394197e-03   1525380
  3.887612e+01   1.148725e+01   1.227468e-02   9.491771e-03   1495360
  3.891863e+01   1.149562e+01   1.226450e-02   9.621543e-03   1464370
  3.896112e+01   1.150311e+01   1.227040e-02   9.704254e-03   1435656
  3.900363e+01   1.150675e+01   1.226801e-02   9.785523e-03   1406304
  3.904613e+01   1.152996e+01   1.226859e-02   9.939706e-03   1377628
  3.908864e+01   1.153712e+01   1.227348e-02   1.002388e-02   1349744
  3.913115e+01   1.159164e+01   1.227337e-02   1.018111e-02   1321682
  3.917367e+01   1.157290e+01   1.227639e-02   1.028000e-02   1294376
  3.921619e+01   1.155752e+01   1.227256e-02   1.037701e-02   1266768
  3.925869e+01   1.157021e+01   1.226510e-02   1.047909e-02   1239172
  3.930118e+01   1.163018e+01   1.226095e-02   1.064301e-02   1212224
  3.934367e+01   1.162430e+01   1.226955e-02   1.076573e-02   1186796
  3.938619e+01   1.162158e+01   1.227613e-02   1.088556e-02   1161432
  3.942870e+01   1.165593e+01   1.227171e-02   1.102129e-02   1135408
  3.947122e+01   1.168625e+01   1.227296e-02   1.116917e-02   1110324
  3.951374e+01   1.169777e+01   1.227570e-02   1.133236e-02   1085680
  3.955625e+01   1.172854e+01   1.226737e-02   1.148658e-02   1060364
  3.959875e+01   1.173631e+01   1.227507e-02   1.158877e-02   1036736
  3.964128e+01   1.177353e+01   1.228225e-02   1.177166e-02   1013388
  3.968380e+01   1.179259e+01   1.226708e-02   1.191832e-02   988656
  3.972630e+01   1.178730e+01   1.226695e-02   1.206993e-02   965530
  3.976879e+01   1.184590e+01   1.225942e-02   1.227414e-02   942100
  3.981127e+01   1.184645e+01   1.226457e-02   1.239344e-02   919888
  3.985377e+01   1.189687e+01   1.226597e-02   1.262919e-02   897628
  3.989627e+01   1.188408e+01   1.227002e-02   1.279079e-02   875856
  3.993878e+01   1.194348e+01   1.227840e-02   1.297255e-02   854736
  3.998132e+01   1.194614e+01   1.228018e-02   1.314527e-02   833510
  4.002385e+01   1.200031e+01   1.227248e-02   1.336204e-02   811976
  4.006635e+01   1.198769e+01   1.226626e-02   1.353604e-02   790844
  4.010884e+01   1.204506e+01   1.226521e-02   1.379350e-02   770320
  4.015135e+01   1.209457e+01   1.227665e-02   1.402494e-02   750838
  4.019387e+01   1.207636e+01   1.227491e-02   1.419769e-02   730864
  4.023638e+01   1.213905e+01   1.226816e-02   1.444023e-02   710984
  4.027888e+01   1.213333e+01   1.226909e-02   1.465890e-02   691894
  4.032138e+01   1.222628e+01   1.226442e-02   1.498115e-02   672776
  4.036388e+01   1.224663e+01   1.226826e-02   1.517629e-02   654372
  4.040638e+01   1.222733e+01   1.226215e-02   1.539335e-02   635682
  4.044886e+01   1.234489e+01   1.225955e-02   1.566508e-02   617460
  4.049134e+01   1.234985e+01   1.226707e-02   1.600519e-02   600024
  4.053385e+01   1.240665e+01   1.227362e-02   1.625742e-02   582830
  4.057638e+01   1.241333e+01   1.228135e-02   1.659791e-02   566000
  4.061890e+01   1.246468e+01   1.226617e-02   1.684446e-02   548458
  4.066141e+01   1.250709e+01   1.227047e-02   1.713049e-02   532084
  4.070391e+01   1.252049e+01   1.226296e-02   1.746947e-02   515440
  4.074640e+01   1.261146e+01   1.225813e-02   1.787567e-02   499174
  4.078887e+01   1.260957e+01   1.225821e-02   1.817043e-02   483368
  4.083136e+01   1.269297e+01   1.227023e-02   1.859568e-02   468270
  4.087389e+01   1.270337e+01   1.228696e-02   1.890953e-02   453568
  4.091643e+01   1.280385e+01   1.227409e-02   1.934908e-02   438106
  4.095894e+01   1.279635e+01   1.227469e-02   1.963006e-02   423508
  4.100145e+01   1.287166e+01   1.226141e-02   2.015648e-02   408754
  4.104393e+01   1.293681e+01   1.225820e-02   2.059625e-02   394612
  4.108642e+01   1.303241e+01   1.225930e-02   2.112088e-02   380826
  4.112890e+01   1.299368e+01   1.225454e-02   2.151209e-02   367086
  4.117139e+01   1.308834e+01   1.226090e-02   2.206141e-02   353904
  4.121389e+01   1.312740e+01   1.227137e-02   2.251079e-02   341046
  4.125641e+01   1.316491e+01   1.227131e-02   2.293201e-02   328144
  4.129892e+01   1.322076e+01   1.227396e-02   2.350965e-02   315598
  4.134144e+01   1.327613e+01   1.228177e-02   2.409781e-02   303466
  4.138397e+01   1.335415e+01   1.228223e-02   2.472315e-02   291456
  4.142650e+01   1.337656e+01   1.227604e-02   2.528978e-02   279614
  4.146899e+01   1.349865e+01   1.225106e-02   2.612611e-02   267680
  4.151144e+01   1.354597e+01   1.224457e-02   2.686297e-02   256438
  4.155391e+01   1.361219e+01   1.224802e-02   2.749806e-02   245618
  4.159638e+01   1.372491e+01   1.223546e-02   2.833120e-02   234708
  4.163882e+01   1.375438e+01   1.223171e-02   2.898525e-02   224210
  4.168126e+01   1.376251e+01   1.223403e-02   2.968917e-02   214046
  4.172371e+01   1.386700e+01   1.223949e-02   3.069863e-02   204152
  4.176619e+01   1.395039e+01   1.225107e-02   3.157470e-02   194558
  4.180866e+01   1.403827e+01   1.225135e-02   3.270457e-02   185018
  4.185115e+01   1.412165e+01   1.226437e-02   3.352434e-02   175918
  4.189365e+01   1.417194e+01   1.227339e-02   3.440191e-02   166992
  4.193617e+01   1.424521e+01   1.228038e-02   3.578574e-02   158294
  4.197870e+01   1.434954e+01   1.228439e-02   3.700361e-02   149842
  4.202124e+01   1.451805e+01   1.227461e-02   3.844886e-02   141530
  4.206372e+01   1.458232e+01   1.224204e-02   3.994857e-02   133284
  4.210617e+01   1.452457e+01   1.222942e-02   4.093783e-02   125546
  4.214861e+01   1.473199e+01   1.220458e-02   4.295492e-02   117950
  4.219103e+01   1.475267e+01   1.219441e-02   4.448090e-02   110746
  4.223344e+01   1.481301e+01   1.215920e-02   4.559476e-02   103572
  4.227581e+01   1.494951e+01   1.214429e-02   4.799539e-02   96818
  4.231818e+01   1.507666e+01   1.212533e-02   5.019281e-02   90262
  4.236054e+01   1.524516e+01   1.210927e-02   5.238758e-02   83970
  4.240287e+01   1.530600e+01   1.207941e-02   5.480127e-02   77846
  4.244517e+01   1.542672e+01   1.204821e-02   5.744338e-02   71984
  4.248745e+01   1.542760e+01   1.202292e-02   5.990279e-02   66398
  4.252973e+01   1.552617e+01   1.200147e-02   6.323174e-02   61058
  4.257200e+01   1.564105e+01   1.198286e-02   6.578510e-02   55958
  4.261428e+01   1.582154e+01   1.196279e-02   6.933798e-02   51082
  4.265654e+01   1.595321e+01   1.192707e-02   7.308212e-02   46398
  4.269877e+01   1.601783e+01   1.188372e-02   7.901738e-02   41954
  4.274096e+01   1.605445e+01   1.182018e-02   8.292299e-02   37718
  4.278311e+01   1.623820e+01   1.175253e-02   8.740751e-02   33736
  4.282524e+01   1.631752e+01   1.169132e-02   9.467031e-02   30006
  4.286737e+01   1.663257e+01   1.164907e-02   1.019782e-01   26522
  4.290955e+01   1.646308e+01   1.162191e-02   1.070866e-01   23254
  4.295172e+01   1.681864e+01   1.158330e-02   1.183058e-01   20178
  4.299391e+01   1.679642e+01   1.156315e-02   1.286281e-01   17342
  4.303612e+01   1.685185e+01   1.154632e-02   1.377257e-01   14714
  4.307837e+01   1.751160e+01   1.155162e-02   1.573293e-01   12310
  4.312059e+01   1.760575e+01   1.152174e-02   1.745302e-01   10098
  4.316283e+01   1.784104e+01   1.151731e-02   2.018787e-01   8126
  4.320507e+01   1.761833e+01   1.151119e-02   2.164984e-01   6362
  4.324736e+01   1.745675e+01   1.155455e-02   2.501923e-01   4822
  4.328956e+01   1.773155e+01   1.148980e-02   2.978233e-01   3474
  4.333169e+01   1.797199e+01   1.147690e-02   3.816766e-01   2366
  4.337376e+01   1.855194e+01   1.144014e-02   5.148709e-01   1466
  4.341590e+01   2.040185e+01   1.170054e-02   6.977411e-01   790
  4.345704e+01   1.651979e+01   1.106884e-02   8.496208e-01   306
  4.349554e+01   1.464777e+01   9.430857e-03   1.437170e+00   62
