# power spectrum of delta
# redshift z=2.989642
# k              Pk             sigma(k)       sigma(Pk)      count
  3.132125e-02   1.366777e-03   4.792454e-03   2.538850e-04   18
  6.745391e-02   1.555558e-02   1.159167e-02   1.563318e-03   152
  1.090113e-01   3.584055e-02   1.224347e-02   1.642025e-03   416
  1.497134e-01   5.879195e-02   1.165022e-02   2.203388e-03   770
  1.923472e-01   8.298872e-02   1.247860e-02   2.352079e-03   1364
  2.350444e-01   1.029186e-01   1.221820e-02   2.319912e-03   1976
  2.775930e-01   1.284096e-01   1.245022e-02   2.484445e-03   2792
  3.193857e-01   1.533785e-01   1.188722e-02   2.553396e-03   3578
  3.615292e-01   1.739257e-01   1.219808e-02   2.543144e-03   4724
  4.045273e-01   2.011599e-01   1.253838e-02   2.577821e-03   6032
  4.469941e-01   2.184379e-01   1.206640e-02   2.717841e-03   7072
  4.890810e-01   2.496796e-01   1.222555e-02   2.751177e-03   8634
  5.318886e-01   2.792045e-01   1.238102e-02   2.820069e-03   10336
  5.746708e-01   3.054663e-01   1.232804e-02   2.735419e-03   11940
  6.167490e-01   3.302463e-01   1.208586e-02   2.862970e-03   13490
  6.588740e-01   3.649678e-01   1.221778e-02   2.883180e-03   15656
  7.016595e-01   3.874631e-01   1.241043e-02   2.807276e-03   18008
  7.443680e-01   4.131560e-01   1.227786e-02   2.987669e-03   19964
  7.867827e-01   4.484292e-01   1.226437e-02   3.064787e-03   22354
  8.291404e-01   4.693989e-01   1.212327e-02   2.986604e-03   24648
  8.716536e-01   4.957958e-01   1.233244e-02   2.927866e-03   27592
  9.142068e-01   5.380273e-01   1.230127e-02   3.122871e-03   30152
  9.566749e-01   5.625305e-01   1.227622e-02   3.106583e-03   33046
  9.991233e-01   6.005664e-01   1.221538e-02   3.145378e-03   35992
  1.041693e+00   6.365833e-01   1.229906e-02   3.174039e-03   39304
  1.084289e+00   6.621380e-01   1.232858e-02   3.218282e-03   42608
  1.126820e+00   7.062642e-01   1.223307e-02   3.318453e-03   45758
  1.169340e+00   7.271510e-01   1.228914e-02   3.248411e-03   49536
  1.211695e+00   7.692729e-01   1.215683e-02   3.350356e-03   52488
  1.254054e+00   8.119963e-01   1.233851e-02   3.394030e-03   57034
  1.296605e+00   8.458471e-01   1.224458e-02   3.422329e-03   60648
  1.339187e+00   8.840965e-01   1.230532e-02   3.466477e-03   65044
  1.381689e+00   9.241426e-01   1.223104e-02   3.507207e-03   68720
  1.424202e+00   9.667957e-01   1.231312e-02   3.554391e-03   73538
  1.466870e+00   1.002685e+00   1.230776e-02   3.575192e-03   78080
  1.509304e+00   1.051451e+00   1.215944e-02   3.681862e-03   81572
  1.551677e+00   1.096928e+00   1.232495e-02   3.733945e-03   87248
  1.594353e+00   1.130826e+00   1.233837e-02   3.754319e-03   92266
  1.636929e+00   1.174101e+00   1.225268e-02   3.784124e-03   96696
  1.679216e+00   1.224130e+00   1.215041e-02   3.838180e-03   100904
  1.721516e+00   1.270906e+00   1.226207e-02   3.884224e-03   107036
  1.764192e+00   1.318713e+00   1.235795e-02   3.927576e-03   113362
  1.806923e+00   1.368227e+00   1.228837e-02   3.980470e-03   118176
  1.849351e+00   1.415614e+00   1.221864e-02   4.045629e-03   122944
  1.891857e+00   1.458600e+00   1.233203e-02   4.042853e-03   129902
  1.934420e+00   1.504709e+00   1.224691e-02   4.108576e-03   134944
  1.976863e+00   1.559836e+00   1.225992e-02   4.142516e-03   140952
  2.019285e+00   1.610569e+00   1.225865e-02   4.200441e-03   147072
  2.061737e+00   1.663317e+00   1.224320e-02   4.229073e-03   153382
  2.104357e+00   1.720022e+00   1.233049e-02   4.252781e-03   160952
  2.147003e+00   1.774445e+00   1.228118e-02   4.351388e-03   166640
  2.189431e+00   1.814888e+00   1.222861e-02   4.363985e-03   172448
  2.231915e+00   1.873416e+00   1.231031e-02   4.425942e-03   180594
  2.274471e+00   1.921658e+00   1.224284e-02   4.433785e-03   186556
  2.316888e+00   1.987425e+00   1.225358e-02   4.528280e-03   193528
  2.359297e+00   2.050008e+00   1.224273e-02   4.567576e-03   200626
  2.401844e+00   2.098051e+00   1.230642e-02   4.577879e-03   209256
  2.444460e+00   2.161420e+00   1.227865e-02   4.640544e-03   216020
  2.487004e+00   2.218068e+00   1.230299e-02   4.670900e-03   223768
  2.529444e+00   2.280227e+00   1.222313e-02   4.768990e-03   230234
  2.571955e+00   2.332681e+00   1.229969e-02   4.744726e-03   239800
  2.614499e+00   2.408121e+00   1.225221e-02   4.853285e-03   246568
  2.656957e+00   2.479046e+00   1.227331e-02   4.899638e-03   254828
  2.699414e+00   2.517565e+00   1.225769e-02   4.899107e-03   263074
  2.741981e+00   2.584297e+00   1.228604e-02   4.955447e-03   272312
  2.784554e+00   2.667091e+00   1.228079e-02   5.055613e-03   280376
  2.827093e+00   2.732661e+00   1.228600e-02   5.091103e-03   288884
  2.869605e+00   2.800655e+00   1.227401e-02   5.147969e-03   297602
  2.912071e+00   2.858236e+00   1.223046e-02   5.158319e-03   305520
  2.954561e+00   2.928695e+00   1.230079e-02   5.204540e-03   315976
  2.996984e+00   2.994938e+00   1.221089e-02   5.264587e-03   322778
  3.039488e+00   3.054335e+00   1.232008e-02   5.255351e-03   335372
  3.082114e+00   3.130312e+00   1.227327e-02   5.347810e-03   343464
  3.124654e+00   3.208417e+00   1.228282e-02   5.388018e-03   352912
  3.167174e+00   3.256286e+00   1.228199e-02   5.393506e-03   362666
  3.209689e+00   3.350429e+00   1.225476e-02   5.508754e-03   371884
  3.252186e+00   3.417433e+00   1.227971e-02   5.552065e-03   382280
  3.294633e+00   3.469277e+00   1.224302e-02   5.540798e-03   390888
  3.337059e+00   3.559227e+00   1.226867e-02   5.622841e-03   402234
  3.379565e+00   3.652102e+00   1.225933e-02   5.671240e-03   412576
  3.422105e+00   3.736069e+00   1.228715e-02   5.744916e-03   423732
  3.464636e+00   3.796346e+00   1.227257e-02   5.749279e-03   433624
  3.507180e+00   3.848132e+00   1.228881e-02   5.763364e-03   445154
  3.549739e+00   3.935624e+00   1.227656e-02   5.821353e-03   455584
  3.592238e+00   4.013184e+00   1.225887e-02   5.874252e-03   465588
  3.634685e+00   4.086513e+00   1.226065e-02   5.905075e-03   476762
  3.677219e+00   4.172489e+00   1.229242e-02   5.956777e-03   489552
  3.719789e+00   4.254644e+00   1.227853e-02   6.015745e-03   500328
  3.762251e+00   4.343040e+00   1.223705e-02   6.084804e-03   509852
  3.804741e+00   4.414337e+00   1.229735e-02   6.088579e-03   524234
  3.847275e+00   4.501063e+00   1.224781e-02   6.159739e-03   534104
  3.889779e+00   4.576034e+00   1.228211e-02   6.170742e-03   547048
  3.932320e+00   4.645845e+00   1.229545e-02   6.215984e-03   559328
  3.974872e+00   4.753513e+00   1.228346e-02   6.292126e-03   571326
  4.017355e+00   4.821633e+00   1.224147e-02   6.308512e-03   581920
  4.059804e+00   4.910568e+00   1.225835e-02   6.381298e-03   594832
  4.102282e+00   4.982148e+00   1.227222e-02   6.364996e-03   608048
  4.144825e+00   5.070093e+00   1.228101e-02   6.428178e-03   621526
  4.187356e+00   5.139684e+00   1.226445e-02   6.471268e-03   633240
  4.229822e+00   5.240646e+00   1.225981e-02   6.523347e-03   645472
  4.272346e+00   5.319575e+00   1.230137e-02   6.542248e-03   660906
  4.314903e+00   5.394716e+00   1.227030e-02   6.569027e-03   672856
  4.357425e+00   5.486762e+00   1.226838e-02   6.635398e-03   685980
  4.399921e+00   5.561767e+00   1.227191e-02   6.640360e-03   699256
  4.442476e+00   5.654720e+00   1.229990e-02   6.676754e-03   714730
  4.484986e+00   5.716113e+00   1.223739e-02   6.720919e-03   725152
  4.527452e+00   5.843241e+00   1.227054e-02   6.804750e-03   740420
  4.569941e+00   5.905134e+00   1.227636e-02   6.824896e-03   754312
  4.612456e+00   5.982432e+00   1.227959e-02   6.827968e-03   769114
  4.654996e+00   6.077350e+00   1.227684e-02   6.859088e-03   783488
  4.697459e+00   6.166297e+00   1.223560e-02   6.927130e-03   794968
  4.739925e+00   6.243845e+00   1.228043e-02   6.933591e-03   812366
  4.782438e+00   6.331611e+00   1.226054e-02   6.980473e-03   825976
  4.825000e+00   6.415317e+00   1.230088e-02   6.986083e-03   843352
  4.867591e+00   6.506756e+00   1.229290e-02   7.002788e-03   857280
  4.910094e+00   6.602494e+00   1.225276e-02   7.107015e-03   869542
  4.952587e+00   6.675352e+00   1.228301e-02   7.076637e-03   887128
  4.995087e+00   6.772611e+00   1.225266e-02   7.128970e-03   900032
  5.037553e+00   6.861425e+00   1.226951e-02   7.183469e-03   916560
  5.080018e+00   6.948492e+00   1.224713e-02   7.202651e-03   930922
  5.122540e+00   7.027362e+00   1.228718e-02   7.224847e-03   949844
  5.165149e+00   7.120077e+00   1.230776e-02   7.251631e-03   966736
  5.207698e+00   7.223645e+00   1.226328e-02   7.297953e-03   978776
  5.250149e+00   7.288741e+00   1.225655e-02   7.298869e-03   994522
  5.292642e+00   7.376540e+00   1.227563e-02   7.323272e-03   1012420
  5.335176e+00   7.464771e+00   1.228639e-02   7.364886e-03   1029408
  5.377640e+00   7.562134e+00   1.223362e-02   7.410124e-03   1041658
  5.420127e+00   7.652087e+00   1.228953e-02   7.430554e-03   1063520
  5.462635e+00   7.723618e+00   1.224276e-02   7.423885e-03   1075808
  5.505175e+00   7.816890e+00   1.232008e-02   7.460314e-03   1098956
  5.547712e+00   7.909909e+00   1.224668e-02   7.523367e-03   1109810
  5.590179e+00   7.993709e+00   1.226115e-02   7.513040e-03   1128608
  5.632713e+00   8.109440e+00   1.229436e-02   7.556728e-03   1148264
  5.675250e+00   8.165290e+00   1.227167e-02   7.566730e-03   1163252
  5.717744e+00   8.277922e+00   1.226828e-02   7.611223e-03   1181042
  5.760239e+00   8.347135e+00   1.225730e-02   7.634780e-03   1197848
  5.802769e+00   8.439634e+00   1.229495e-02   7.634343e-03   1218848
  5.845291e+00   8.521474e+00   1.225944e-02   7.674767e-03   1232916
  5.887780e+00   8.599498e+00   1.227538e-02   7.685952e-03   1253002
  5.930266e+00   8.699511e+00   1.224914e-02   7.717402e-03   1268576
  5.972763e+00   8.777861e+00   1.228621e-02   7.722218e-03   1290128
  6.015287e+00   8.866846e+00   1.227337e-02   7.753890e-03   1307402
  6.057820e+00   8.954904e+00   1.227649e-02   7.778560e-03   1327028
  6.100333e+00   9.025516e+00   1.225988e-02   7.784852e-03   1343648
  6.142842e+00   9.143502e+00   1.228087e-02   7.827630e-03   1364096
  6.185363e+00   9.216465e+00   1.227580e-02   7.829600e-03   1382730
  6.227896e+00   9.300073e+00   1.227503e-02   7.860319e-03   1402164
  6.270416e+00   9.395359e+00   1.227264e-02   7.878233e-03   1420464
  6.312883e+00   9.475327e+00   1.225519e-02   7.900189e-03   1437368
  6.355387e+00   9.561993e+00   1.228857e-02   7.906961e-03   1461530
  6.397919e+00   9.659184e+00   1.226028e-02   7.941792e-03   1478264
  6.440432e+00   9.722669e+00   1.227561e-02   7.961424e-03   1499356
  6.482926e+00   9.812034e+00   1.226095e-02   7.971824e-03   1517016
  6.525439e+00   9.899884e+00   1.228340e-02   7.964564e-03   1540090
  6.567953e+00   9.992148e+00   1.226146e-02   8.012189e-03   1557360
  6.610434e+00   1.004013e+01   1.226770e-02   7.972875e-03   1577780
  6.652969e+00   1.014438e+01   1.230043e-02   7.996625e-03   1602578
  6.695499e+00   1.021990e+01   1.225417e-02   8.055963e-03   1617672
  6.737992e+00   1.028911e+01   1.227613e-02   8.031027e-03   1641016
  6.780486e+00   1.037947e+01   1.226032e-02   8.056721e-03   1659416
  6.822983e+00   1.047208e+01   1.227372e-02   8.087960e-03   1682670
  6.865529e+00   1.052563e+01   1.228276e-02   8.076976e-03   1705256
  6.908096e+00   1.060248e+01   1.228756e-02   8.069304e-03   1726312
  6.950582e+00   1.069693e+01   1.225056e-02   8.122020e-03   1741880
  6.993044e+00   1.078052e+01   1.226862e-02   8.117062e-03   1766454
  7.035588e+00   1.086494e+01   1.229242e-02   8.117741e-03   1791784
  7.078111e+00   1.095890e+01   1.225558e-02   8.149827e-03   1807712
  7.120554e+00   1.101109e+01   1.225110e-02   8.147270e-03   1829002
  7.163037e+00   1.108040e+01   1.226905e-02   8.143389e-03   1854216
  7.205602e+00   1.114423e+01   1.229852e-02   8.134352e-03   1880156
  7.248150e+00   1.124156e+01   1.227340e-02   8.159200e-03   1897568
  7.290651e+00   1.132701e+01   1.227390e-02   8.167543e-03   1920458
  7.333153e+00   1.139120e+01   1.226399e-02   8.166638e-03   1942208
  7.375659e+00   1.148253e+01   1.227125e-02   8.194288e-03   1965612
  7.418175e+00   1.155979e+01   1.227855e-02   8.193216e-03   1989000
  7.460671e+00   1.160363e+01   1.225786e-02   8.184188e-03   2009114
  7.503166e+00   1.170797e+01   1.226960e-02   8.193032e-03   2034464
  7.545695e+00   1.175455e+01   1.228070e-02   8.182302e-03   2058476
  7.588207e+00   1.183887e+01   1.227216e-02   8.212268e-03   2079648
  7.630693e+00   1.191714e+01   1.226356e-02   8.226944e-03   2102578
  7.673222e+00   1.199852e+01   1.228297e-02   8.215986e-03   2129928
  7.715766e+00   1.205571e+01   1.227893e-02   8.212881e-03   2152096
  7.758252e+00   1.213700e+01   1.225143e-02   8.228256e-03   2171142
  7.800741e+00   1.220193e+01   1.227660e-02   8.225677e-03   2200248
  7.843296e+00   1.228351e+01   1.228407e-02   8.230702e-03   2225216
  7.885842e+00   1.235055e+01   1.228377e-02   8.238191e-03   2248448
  7.928336e+00   1.241727e+01   1.225709e-02   8.258410e-03   2267942
  7.970840e+00   1.248114e+01   1.228420e-02   8.246608e-03   2298072
  8.013348e+00   1.257127e+01   1.225627e-02   8.257909e-03   2317272
  8.055842e+00   1.264447e+01   1.227899e-02   8.257345e-03   2345808
  8.098322e+00   1.269780e+01   1.224988e-02   8.241482e-03   2365650
  8.140823e+00   1.274645e+01   1.227972e-02   8.234016e-03   2396940
  8.183368e+00   1.284776e+01   1.227975e-02   8.255218e-03   2421272
  8.225892e+00   1.290187e+01   1.227360e-02   8.256339e-03   2444576
  8.268407e+00   1.296637e+01   1.227899e-02   8.246695e-03   2471490
  8.310912e+00   1.303138e+01   1.225942e-02   8.252223e-03   2493180
  8.353397e+00   1.308027e+01   1.227208e-02   8.233239e-03   2520952
  8.395888e+00   1.314318e+01   1.226128e-02   8.246488e-03   2544946
  8.438392e+00   1.321564e+01   1.227324e-02   8.238555e-03   2573856
  8.480922e+00   1.327137e+01   1.227611e-02   8.213656e-03   2600016
  8.523447e+00   1.332817e+01   1.227641e-02   8.225306e-03   2625484
  8.565959e+00   1.340932e+01   1.227232e-02   8.226418e-03   2651122
  8.608519e+00   1.345916e+01   1.229739e-02   8.224685e-03   2683488
  8.651014e+00   1.351158e+01   1.223786e-02   8.237552e-03   2696352
  8.693483e+00   1.357519e+01   1.228468e-02   8.205046e-03   2733020
  8.736008e+00   1.363326e+01   1.227012e-02   8.208027e-03   2757378
  8.778525e+00   1.368667e+01   1.227177e-02   8.204190e-03   2784864
  8.821036e+00   1.374685e+01   1.227124e-02   8.199113e-03   2811168
  8.863496e+00   1.382184e+01   1.224424e-02   8.215507e-03   2832274
  8.906020e+00   1.386277e+01   1.230244e-02   8.168335e-03   2873636
  8.948567e+00   1.393994e+01   1.225951e-02   8.195964e-03   2890496
  8.991066e+00   1.396458e+01   1.227940e-02   8.164607e-03   2921800
  9.033598e+00   1.403834e+01   1.228441e-02   8.164601e-03   2951298
  9.076126e+00   1.411135e+01   1.226510e-02   8.176082e-03   2975476
  9.118654e+00   1.413868e+01   1.228550e-02   8.156073e-03   3007728
  9.161142e+00   1.419471e+01   1.224754e-02   8.166035e-03   3025776
  9.203640e+00   1.426649e+01   1.229182e-02   8.145832e-03   3065762
  9.246160e+00   1.431600e+01   1.225283e-02   8.150408e-03   3084856
  9.288649e+00   1.436084e+01   1.227594e-02   8.130040e-03   3118044
  9.331129e+00   1.439377e+01   1.225728e-02   8.118871e-03   3141352
  9.373640e+00   1.446788e+01   1.228814e-02   8.107928e-03   3179274
  9.416185e+00   1.451955e+01   1.227073e-02   8.112387e-03   3204120
  9.458671e+00   1.456153e+01   1.225444e-02   8.101354e-03   3227900
  9.501151e+00   1.461765e+01   1.227489e-02   8.095027e-03   3262394
  9.543701e+00   1.468332e+01   1.228726e-02   8.091441e-03   3295680
  9.586236e+00   1.472071e+01   1.226866e-02   8.081005e-03   3319560
  9.628737e+00   1.478128e+01   1.227228e-02   8.082318e-03   3348972
  9.671240e+00   1.480891e+01   1.227416e-02   8.069221e-03   3379722
  9.713763e+00   1.485430e+01   1.227339e-02   8.041603e-03   3410720
  9.756299e+00   1.491676e+01   1.227807e-02   8.042761e-03   3441504
  9.798787e+00   1.495717e+01   1.225320e-02   8.030663e-03   3463624
  9.841266e+00   1.500385e+01   1.227217e-02   8.028120e-03   3499790
  9.883803e+00   1.504749e+01   1.228281e-02   7.995453e-03   3533560
  9.926350e+00   1.509667e+01   1.227932e-02   7.992027e-03   3561920
  9.968836e+00   1.514768e+01   1.225683e-02   7.996846e-03   3585208
  1.001132e+01   1.518173e+01   1.227674e-02   7.977609e-03   3622518
  1.005387e+01   1.522210e+01   1.228938e-02   7.957238e-03   3657584
  1.009637e+01   1.527742e+01   1.225003e-02   7.964242e-03   3676440
  1.013883e+01   1.529669e+01   1.226093e-02   7.928672e-03   3711282
  1.018134e+01   1.534068e+01   1.227505e-02   7.930731e-03   3747696
  1.022386e+01   1.538418e+01   1.226890e-02   7.912411e-03   3776188
  1.026640e+01   1.540821e+01   1.229793e-02   7.884981e-03   3815304
  1.030893e+01   1.544629e+01   1.225864e-02   7.882569e-03   3835370
  1.035143e+01   1.548559e+01   1.227570e-02   7.870786e-03   3873424
  1.039395e+01   1.552420e+01   1.227191e-02   7.858476e-03   3903420
  1.043647e+01   1.556856e+01   1.228014e-02   7.855987e-03   3937624
  1.047898e+01   1.558168e+01   1.226404e-02   7.816280e-03   3965658
  1.052150e+01   1.564644e+01   1.227921e-02   7.830312e-03   4002984
  1.056400e+01   1.567261e+01   1.226054e-02   7.813251e-03   4027928
  1.060647e+01   1.570912e+01   1.225976e-02   7.790174e-03   4059844
  1.064896e+01   1.576108e+01   1.227978e-02   7.784958e-03   4100338
  1.069151e+01   1.578565e+01   1.227651e-02   7.766700e-03   4132264
  1.073403e+01   1.582703e+01   1.227390e-02   7.753452e-03   4163216
  1.077652e+01   1.584988e+01   1.226459e-02   7.740691e-03   4193350
  1.081904e+01   1.587813e+01   1.228427e-02   7.716689e-03   4234456
  1.086156e+01   1.588851e+01   1.225632e-02   7.692670e-03   4257264
  1.090405e+01   1.593058e+01   1.227910e-02   7.689024e-03   4297352
  1.094656e+01   1.595838e+01   1.226998e-02   7.665597e-03   4328642
  1.098909e+01   1.598771e+01   1.228265e-02   7.650557e-03   4367948
  1.103158e+01   1.603624e+01   1.224720e-02   7.655179e-03   4388384
  1.107408e+01   1.605117e+01   1.228899e-02   7.620101e-03   4436648
  1.111661e+01   1.606902e+01   1.227199e-02   7.602549e-03   4465658
  1.115915e+01   1.610713e+01   1.227871e-02   7.584644e-03   4502948
  1.120165e+01   1.612184e+01   1.225915e-02   7.585430e-03   4528880
  1.124413e+01   1.617367e+01   1.226872e-02   7.574679e-03   4566290
  1.128665e+01   1.618180e+01   1.228262e-02   7.540297e-03   4606856
  1.132917e+01   1.621041e+01   1.226621e-02   7.523643e-03   4635380
  1.137166e+01   1.621597e+01   1.226853e-02   7.500878e-03   4670384
  1.141417e+01   1.625264e+01   1.227665e-02   7.491858e-03   4709258
  1.145672e+01   1.627616e+01   1.228130e-02   7.470559e-03   4747352
  1.149922e+01   1.628501e+01   1.225462e-02   7.455892e-03   4771664
  1.154171e+01   1.632502e+01   1.227440e-02   7.438421e-03   4813532
  1.158423e+01   1.632618e+01   1.228175e-02   7.410120e-03   4852322
  1.162677e+01   1.635199e+01   1.227605e-02   7.394708e-03   4886480
  1.166928e+01   1.638855e+01   1.226516e-02   7.386927e-03   4917248
  1.171175e+01   1.640458e+01   1.226039e-02   7.384789e-03   4950828
  1.175428e+01   1.641850e+01   1.229115e-02   7.335164e-03   5000170
  1.179682e+01   1.644482e+01   1.226743e-02   7.336632e-03   5026952
  1.183930e+01   1.644740e+01   1.225870e-02   7.298497e-03   5058752
  1.188178e+01   1.648025e+01   1.227096e-02   7.302782e-03   5100722
  1.192431e+01   1.649867e+01   1.227592e-02   7.266835e-03   5140124
  1.196682e+01   1.652322e+01   1.227175e-02   7.261009e-03   5174072
  1.200934e+01   1.652011e+01   1.227571e-02   7.233526e-03   5211608
  1.205185e+01   1.654616e+01   1.227167e-02   7.218916e-03   5247794
  1.209436e+01   1.656554e+01   1.226763e-02   7.211476e-03   5284196
  1.213689e+01   1.658777e+01   1.228663e-02   7.187356e-03   5328800
  1.217939e+01   1.660882e+01   1.225244e-02   7.179077e-03   5350872
  1.222188e+01   1.661155e+01   1.227843e-02   7.146281e-03   5400634
  1.226439e+01   1.662753e+01   1.226116e-02   7.138930e-03   5430968
  1.230690e+01   1.664353e+01   1.228074e-02   7.112447e-03   5475908
  1.234942e+01   1.666405e+01   1.227341e-02   7.100098e-03   5510016
  1.239194e+01   1.668094e+01   1.227878e-02   7.081754e-03   5552114
  1.243448e+01   1.667077e+01   1.227536e-02   7.053474e-03   5588944
  1.247700e+01   1.669918e+01   1.227081e-02   7.037670e-03   5623828
  1.251949e+01   1.670288e+01   1.226652e-02   7.026600e-03   5660722
  1.256199e+01   1.670968e+01   1.226569e-02   7.002106e-03   5699896
  1.260450e+01   1.673342e+01   1.227587e-02   6.981799e-03   5741936
  1.264701e+01   1.672785e+01   1.227604e-02   6.951638e-03   5779568
  1.268952e+01   1.675247e+01   1.227056e-02   6.942401e-03   5817222
  1.273202e+01   1.674162e+01   1.226405e-02   6.919414e-03   5854600
  1.277454e+01   1.677217e+01   1.227916e-02   6.910398e-03   5900040
  1.281705e+01   1.678047e+01   1.226601e-02   6.890271e-03   5931976
  1.285956e+01   1.679841e+01   1.228040e-02   6.874909e-03   5979390
  1.290207e+01   1.677487e+01   1.226129e-02   6.848085e-03   6010200
  1.294458e+01   1.678941e+01   1.227731e-02   6.821463e-03   6056496
  1.298708e+01   1.679497e+01   1.226484e-02   6.809921e-03   6089504
  1.302958e+01   1.680659e+01   1.227756e-02   6.785086e-03   6137114
  1.307210e+01   1.680716e+01   1.226880e-02   6.768504e-03   6173332
  1.311461e+01   1.681924e+01   1.227153e-02   6.746268e-03   6214128
  1.315711e+01   1.684450e+01   1.226922e-02   6.736352e-03   6253874
  1.319964e+01   1.682306e+01   1.227851e-02   6.695444e-03   6300104
  1.324216e+01   1.685243e+01   1.226546e-02   6.699521e-03   6332612
  1.328467e+01   1.683327e+01   1.228096e-02   6.663615e-03   6379768
  1.332719e+01   1.685096e+01   1.227439e-02   6.657464e-03   6418218
  1.336971e+01   1.684653e+01   1.227344e-02   6.629986e-03   6459880
  1.341221e+01   1.687300e+01   1.226446e-02   6.627202e-03   6495652
  1.345472e+01   1.685371e+01   1.228092e-02   6.590997e-03   6545296
  1.349724e+01   1.686844e+01   1.226891e-02   6.576932e-03   6581570
  1.353974e+01   1.685360e+01   1.226098e-02   6.549619e-03   6618960
  1.358222e+01   1.684969e+01   1.226863e-02   6.526668e-03   6663352
  1.362471e+01   1.685877e+01   1.226151e-02   6.519540e-03   6701334
  1.366724e+01   1.688713e+01   1.229005e-02   6.498116e-03   6759920
  1.370978e+01   1.687114e+01   1.226871e-02   6.474801e-03   6789696
  1.375229e+01   1.683467e+01   1.227982e-02   6.433291e-03   6837208
  1.379481e+01   1.685875e+01   1.226997e-02   6.421184e-03   6874966
  1.383733e+01   1.685116e+01   1.227445e-02   6.407376e-03   6920864
  1.387984e+01   1.685438e+01   1.226703e-02   6.387151e-03   6957816
  1.392234e+01   1.684602e+01   1.227258e-02   6.374823e-03   7002232
  1.396483e+01   1.683805e+01   1.226616e-02   6.344204e-03   7043114
  1.400736e+01   1.684255e+01   1.228161e-02   6.324350e-03   7096020
  1.404988e+01   1.683083e+01   1.226958e-02   6.301530e-03   7130640
  1.409239e+01   1.683817e+01   1.227310e-02   6.287658e-03   7175472
  1.413489e+01   1.683467e+01   1.226899e-02   6.264782e-03   7217786
  1.417741e+01   1.682748e+01   1.227600e-02   6.240143e-03   7265564
  1.421992e+01   1.682961e+01   1.226528e-02   6.224726e-03   7301288
  1.426240e+01   1.683344e+01   1.226550e-02   6.206865e-03   7345330
  1.430491e+01   1.681357e+01   1.227621e-02   6.176092e-03   7397048
  1.434743e+01   1.680796e+01   1.226815e-02   6.159298e-03   7435920
  1.438994e+01   1.681272e+01   1.227688e-02   6.143323e-03   7484140
  1.443245e+01   1.680015e+01   1.227057e-02   6.122423e-03   7525578
  1.447497e+01   1.678395e+01   1.227007e-02   6.103303e-03   7571376
  1.451748e+01   1.677825e+01   1.227392e-02   6.080713e-03   7617064
  1.456001e+01   1.676843e+01   1.227782e-02   6.063831e-03   7662092
  1.460251e+01   1.675725e+01   1.226530e-02   6.044152e-03   7699658
  1.464502e+01   1.676477e+01   1.227578e-02   6.021153e-03   7752416
  1.468755e+01   1.675359e+01   1.227763e-02   6.002269e-03   7797776
  1.473004e+01   1.674794e+01   1.226070e-02   5.986383e-03   7831720
  1.477255e+01   1.672913e+01   1.227889e-02   5.956242e-03   7889926
  1.481507e+01   1.672431e+01   1.227192e-02   5.934793e-03   7931480
  1.485759e+01   1.670068e+01   1.227300e-02   5.917401e-03   7976688
  1.490006e+01   1.670506e+01   1.225048e-02   5.905283e-03   8007786
  1.494256e+01   1.669303e+01   1.228133e-02   5.874516e-03   8074564
  1.498510e+01   1.669586e+01   1.228034e-02   5.859449e-03   8118904
  1.502762e+01   1.668217e+01   1.226783e-02   5.844456e-03   8155824
  1.507013e+01   1.667098e+01   1.228256e-02   5.819418e-03   8212802
  1.511265e+01   1.665741e+01   1.226047e-02   5.797958e-03   8245268
  1.515516e+01   1.664553e+01   1.228702e-02   5.778690e-03   8308816
  1.519769e+01   1.663185e+01   1.226520e-02   5.762846e-03   8340304
  1.524017e+01   1.662399e+01   1.226489e-02   5.743242e-03   8387738
  1.528267e+01   1.658939e+01   1.226883e-02   5.712284e-03   8437624
  1.532518e+01   1.659082e+01   1.227531e-02   5.695803e-03   8487796
  1.536768e+01   1.658565e+01   1.226572e-02   5.680887e-03   8527936
  1.541020e+01   1.657724e+01   1.227764e-02   5.663278e-03   8585122
  1.545272e+01   1.655690e+01   1.227170e-02   5.636289e-03   8628200
  1.549524e+01   1.654545e+01   1.227868e-02   5.615667e-03   8679484
  1.553776e+01   1.652169e+01   1.226928e-02   5.596351e-03   8721466
  1.558025e+01   1.651347e+01   1.226318e-02   5.575119e-03   8765840
  1.562277e+01   1.650547e+01   1.228142e-02   5.553497e-03   8825136
  1.566528e+01   1.648073e+01   1.226701e-02   5.538350e-03   8861768
  1.570779e+01   1.647828e+01   1.227728e-02   5.518868e-03   8919278
  1.575031e+01   1.645278e+01   1.226638e-02   5.497265e-03   8961008
  1.579282e+01   1.644051e+01   1.227512e-02   5.476068e-03   9014456
  1.583534e+01   1.642595e+01   1.227527e-02   5.455115e-03   9062240
  1.587786e+01   1.640209e+01   1.227311e-02   5.435496e-03   9110510
  1.592036e+01   1.638323e+01   1.226582e-02   5.413585e-03   9154048
  1.596285e+01   1.636811e+01   1.226281e-02   5.398333e-03   9198928
  1.600534e+01   1.636390e+01   1.227531e-02   5.378466e-03   9257194
  1.604787e+01   1.634073e+01   1.227745e-02   5.356458e-03   9310168
  1.609038e+01   1.631869e+01   1.226530e-02   5.336599e-03   9350316
  1.613289e+01   1.630181e+01   1.227684e-02   5.314907e-03   9407120
  1.617541e+01   1.629022e+01   1.227300e-02   5.298903e-03   9454642
  1.621793e+01   1.627005e+01   1.227362e-02   5.277182e-03   9506272
  1.626044e+01   1.624166e+01   1.226942e-02   5.254929e-03   9551228
  1.630294e+01   1.622860e+01   1.227038e-02   5.239482e-03   9600264
  1.634544e+01   1.621342e+01   1.227012e-02   5.218399e-03   9651458
  1.638796e+01   1.619205e+01   1.228049e-02   5.198229e-03   9711488
  1.643048e+01   1.618647e+01   1.226476e-02   5.184322e-03   9749144
  1.647299e+01   1.614545e+01   1.227613e-02   5.155512e-03   9807908
  1.651550e+01   1.613081e+01   1.227043e-02   5.143120e-03   9854786
  1.655803e+01   1.611738e+01   1.228107e-02   5.117439e-03   9914304
  1.660053e+01   1.608545e+01   1.225867e-02   5.097959e-03   9945544
  1.664301e+01   1.605329e+01   1.226718e-02   5.079308e-03   10003414
  1.668552e+01   1.605424e+01   1.227468e-02   5.062568e-03   10062032
  1.672804e+01   1.603030e+01   1.227657e-02   5.040696e-03   10114792
  1.677058e+01   1.600820e+01   1.228180e-02   5.019243e-03   10169936
  1.681307e+01   1.599548e+01   1.225060e-02   5.010993e-03   10196602
  1.685558e+01   1.597346e+01   1.228906e-02   4.983261e-03   10281156
  1.689811e+01   1.594622e+01   1.226275e-02   4.964552e-03   10309376
  1.694060e+01   1.593697e+01   1.227427e-02   4.949514e-03   10369856
  1.698310e+01   1.591113e+01   1.226425e-02   4.928274e-03   10415370
  1.702562e+01   1.590013e+01   1.228018e-02   4.914110e-03   10481988
  1.706815e+01   1.586925e+01   1.227822e-02   4.887241e-03   10531200
  1.711066e+01   1.585764e+01   1.226163e-02   4.880626e-03   10569416
  1.715315e+01   1.581839e+01   1.227286e-02   4.850228e-03   10633066
  1.719568e+01   1.580077e+01   1.227546e-02   4.837053e-03   10687548
  1.723821e+01   1.577357e+01   1.228168e-02   4.815164e-03   10743968
  1.728072e+01   1.575629e+01   1.226340e-02   4.798501e-03   10782130
  1.732321e+01   1.572653e+01   1.226438e-02   4.777685e-03   10837792
  1.736571e+01   1.570433e+01   1.227328e-02   4.759004e-03   10897368
  1.740823e+01   1.567446e+01   1.227857e-02   4.735959e-03   10953940
  1.745075e+01   1.566264e+01   1.227188e-02   4.720366e-03   11003274
  1.749325e+01   1.563675e+01   1.226537e-02   4.705090e-03   11052800
  1.753577e+01   1.562092e+01   1.228039e-02   4.682154e-03   11118176
  1.757829e+01   1.558610e+01   1.227174e-02   4.667544e-03   11162268
  1.762078e+01   1.556952e+01   1.226447e-02   4.651444e-03   11211458
  1.766328e+01   1.555314e+01   1.226924e-02   4.631408e-03   11271888
  1.770579e+01   1.552269e+01   1.227456e-02   4.612815e-03   11329304
  1.774829e+01   1.549631e+01   1.226554e-02   4.593140e-03   11375026
  1.779081e+01   1.547974e+01   1.227704e-02   4.576611e-03   11442532
  1.783332e+01   1.544919e+01   1.226620e-02   4.556991e-03   11487264
  1.787583e+01   1.541195e+01   1.227239e-02   4.536213e-03   11545680
  1.791835e+01   1.540133e+01   1.227937e-02   4.516685e-03   11607058
  1.796089e+01   1.537360e+01   1.227970e-02   4.504209e-03   11664300
  1.800340e+01   1.536114e+01   1.226785e-02   4.490029e-03   11707488
  1.804590e+01   1.532937e+01   1.226647e-02   4.473018e-03   11759536
  1.808841e+01   1.530096e+01   1.228470e-02   4.445407e-03   11833690
  1.813095e+01   1.529253e+01   1.227017e-02   4.436680e-03   11877808
  1.817345e+01   1.527035e+01   1.226311e-02   4.423938e-03   11925836
  1.821595e+01   1.522534e+01   1.227560e-02   4.395537e-03   11992168
  1.825846e+01   1.521123e+01   1.227114e-02   4.387638e-03   12044554
  1.830097e+01   1.517970e+01   1.226867e-02   4.365836e-03   12098976
  1.834346e+01   1.516196e+01   1.226469e-02   4.351740e-03   12149996
  1.838595e+01   1.513607e+01   1.226815e-02   4.334910e-03   12209594
  1.842847e+01   1.511432e+01   1.227993e-02   4.313749e-03   12279272
  1.847101e+01   1.508534e+01   1.228002e-02   4.295669e-03   12336072
  1.851353e+01   1.505246e+01   1.226966e-02   4.279212e-03   12381744
  1.855604e+01   1.503194e+01   1.227227e-02   4.264014e-03   12441590
  1.859855e+01   1.500733e+01   1.227023e-02   4.246931e-03   12497256
  1.864105e+01   1.497585e+01   1.226730e-02   4.225729e-03   12550032
  1.868353e+01   1.495627e+01   1.226474e-02   4.212945e-03   12603936
  1.872603e+01   1.492521e+01   1.227245e-02   4.194249e-03   12671230
  1.876857e+01   1.490984e+01   1.228331e-02   4.179612e-03   12740920
  1.881110e+01   1.487495e+01   1.227107e-02   4.159694e-03   12784560
  1.885359e+01   1.486506e+01   1.226358e-02   4.152264e-03   12834176
  1.889610e+01   1.483062e+01   1.227865e-02   4.127269e-03   12909006
  1.893863e+01   1.480686e+01   1.227235e-02   4.116059e-03   12959680
  1.898113e+01   1.478560e+01   1.227020e-02   4.099371e-03   13014232
  1.902364e+01   1.474871e+01   1.227262e-02   4.079045e-03   13076514
  1.906614e+01   1.472770e+01   1.226274e-02   4.065897e-03   13127112
  1.910866e+01   1.470344e+01   1.228266e-02   4.049041e-03   13205852
  1.915119e+01   1.467299e+01   1.227282e-02   4.032524e-03   13252032
  1.919369e+01   1.465517e+01   1.226787e-02   4.017659e-03   13307450
  1.923620e+01   1.462556e+01   1.227402e-02   4.000248e-03   13374160
  1.927872e+01   1.459897e+01   1.227027e-02   3.986943e-03   13426348
  1.932123e+01   1.457156e+01   1.227853e-02   3.967179e-03   13492760
  1.936373e+01   1.454287e+01   1.226457e-02   3.954401e-03   13539546
  1.940624e+01   1.451548e+01   1.227335e-02   3.936138e-03   13610704
  1.944875e+01   1.450355e+01   1.226734e-02   3.924467e-03   13662024
  1.949125e+01   1.446871e+01   1.227299e-02   3.904967e-03   13727492
  1.953377e+01   1.443258e+01   1.227644e-02   3.889587e-03   13793394
  1.957629e+01   1.441811e+01   1.226862e-02   3.878195e-03   13844456
  1.961880e+01   1.439809e+01   1.227171e-02   3.863127e-03   13905184
  1.966130e+01   1.437803e+01   1.227189e-02   3.848583e-03   13965958
  1.970381e+01   1.434599e+01   1.226859e-02   3.834487e-03   14025192
  1.974632e+01   1.432386e+01   1.227581e-02   3.820081e-03   14093768
  1.978884e+01   1.428919e+01   1.227382e-02   3.803219e-03   14150440
  1.983136e+01   1.426124e+01   1.227452e-02   3.785703e-03   14213450
  1.987387e+01   1.424330e+01   1.226691e-02   3.773586e-03   14267036
  1.991638e+01   1.422173e+01   1.227427e-02   3.759557e-03   14335032
  1.995889e+01   1.418514e+01   1.226837e-02   3.741836e-03   14387664
  2.000139e+01   1.415572e+01   1.227308e-02   3.727621e-03   14455698
  2.004391e+01   1.413653e+01   1.227471e-02   3.713201e-03   14520452
  2.008643e+01   1.410401e+01   1.227399e-02   3.696902e-03   14580272
  2.012893e+01   1.408827e+01   1.226246e-02   3.685568e-03   14628050
  2.017144e+01   1.406468e+01   1.228393e-02   3.671492e-03   14716744
  2.021396e+01   1.403625e+01   1.226163e-02   3.658533e-03   14751712
  2.025646e+01   1.401598e+01   1.227782e-02   3.643616e-03   14831620
  2.029896e+01   1.398789e+01   1.226188e-02   3.628977e-03   14875522
  2.034146e+01   1.396829e+01   1.227585e-02   3.613061e-03   14956720
  2.038398e+01   1.393359e+01   1.226799e-02   3.598276e-03   15008272
  2.042648e+01   1.391287e+01   1.227113e-02   3.587698e-03   15073780
  2.046899e+01   1.388285e+01   1.227601e-02   3.575185e-03   15144866
  2.051153e+01   1.386638e+01   1.228021e-02   3.558735e-03   15213872
  2.055406e+01   1.385373e+01   1.227172e-02   3.549370e-03   15263976
  2.059656e+01   1.381989e+01   1.226689e-02   3.535159e-03   15320236
  2.063907e+01   1.379420e+01   1.227747e-02   3.518281e-03   15398322
  2.068159e+01   1.376737e+01   1.226849e-02   3.508470e-03   15450864
  2.072409e+01   1.375417e+01   1.226949e-02   3.495768e-03   15513888
  2.076658e+01   1.371609e+01   1.226638e-02   3.481944e-03   15574626
  2.080910e+01   1.369190e+01   1.227957e-02   3.465828e-03   15657956
  2.085162e+01   1.367150e+01   1.226694e-02   3.455650e-03   15704248
  2.089412e+01   1.363996e+01   1.227405e-02   3.439524e-03   15774824
  2.093664e+01   1.362821e+01   1.227741e-02   3.428227e-03   15844898
  2.097916e+01   1.360373e+01   1.226797e-02   3.419066e-03   15898956
  2.102166e+01   1.358286e+01   1.226837e-02   3.406693e-03   15961768
  2.106416e+01   1.355496e+01   1.227392e-02   3.389519e-03   16032208
  2.110668e+01   1.353581e+01   1.227386e-02   3.381757e-03   16099530
  2.114918e+01   1.350843e+01   1.226342e-02   3.365870e-03   16152712
  2.119169e+01   1.348381e+01   1.227877e-02   3.354640e-03   16235740
  2.123421e+01   1.345126e+01   1.227090e-02   3.340685e-03   16288856
  2.127673e+01   1.343509e+01   1.227763e-02   3.327992e-03   16365074
  2.131925e+01   1.340176e+01   1.226826e-02   3.315018e-03   16418248
  2.136173e+01   1.338503e+01   1.226229e-02   3.306097e-03   16473180
  2.140423e+01   1.337093e+01   1.227796e-02   3.292760e-03   16560234
  2.144675e+01   1.334552e+01   1.226818e-02   3.282486e-03   16616088
  2.148927e+01   1.331904e+01   1.227653e-02   3.269500e-03   16693264
  2.153179e+01   1.330061e+01   1.227410e-02   3.259862e-03   16753864
  2.157431e+01   1.327968e+01   1.227428e-02   3.244088e-03   16820702
  2.161682e+01   1.325579e+01   1.226755e-02   3.237528e-03   16879288
  2.165933e+01   1.322915e+01   1.227311e-02   3.222840e-03   16951712
  2.170183e+01   1.320760e+01   1.226675e-02   3.211659e-03   17007560
  2.174434e+01   1.318975e+01   1.227813e-02   3.202060e-03   17092086
  2.178685e+01   1.317153e+01   1.226906e-02   3.191318e-03   17148392
  2.182937e+01   1.315167e+01   1.227478e-02   3.179607e-03   17222288
  2.187188e+01   1.312816e+01   1.227236e-02   3.170117e-03   17285096
  2.191439e+01   1.310962e+01   1.226620e-02   3.159800e-03   17344826
  2.195689e+01   1.309063e+01   1.227320e-02   3.148499e-03   17421236
  2.199941e+01   1.306901e+01   1.227792e-02   3.136058e-03   17494160
  2.204191e+01   1.304886e+01   1.226044e-02   3.128924e-03   17538122
  2.208440e+01   1.302650e+01   1.226939e-02   3.115324e-03   17620136
  2.212692e+01   1.302383e+01   1.227875e-02   3.111097e-03   17700428
  2.216945e+01   1.299875e+01   1.227393e-02   3.100207e-03   17760320
  2.221196e+01   1.297650e+01   1.227224e-02   3.088684e-03   17827562
  2.225448e+01   1.296057e+01   1.227165e-02   3.078870e-03   17895488
  2.229699e+01   1.294841e+01   1.227292e-02   3.069247e-03   17963576
  2.233950e+01   1.292032e+01   1.227046e-02   3.058990e-03   18027500
  2.238201e+01   1.291525e+01   1.227533e-02   3.050461e-03   18105650
  2.242451e+01   1.288605e+01   1.226508e-02   3.043435e-03   18160880
  2.246701e+01   1.286753e+01   1.226834e-02   3.032644e-03   18233144
  2.250951e+01   1.284933e+01   1.227149e-02   3.021620e-03   18307310
  2.255203e+01   1.283824e+01   1.227368e-02   3.013375e-03   18381680
  2.259456e+01   1.281552e+01   1.227489e-02   3.003209e-03   18450536
  2.263708e+01   1.280202e+01   1.227820e-02   2.994505e-03   18522128
  2.267959e+01   1.278901e+01   1.226827e-02   2.988506e-03   18578414
  2.272209e+01   1.277955e+01   1.227113e-02   2.980714e-03   18654304
  2.276460e+01   1.276057e+01   1.227056e-02   2.972423e-03   18722304
  2.280712e+01   1.274200e+01   1.227777e-02   2.962327e-03   18802472
  2.284964e+01   1.272630e+01   1.227092e-02   2.953981e-03   18864266
  2.289215e+01   1.271654e+01   1.226939e-02   2.946987e-03   18933260
  2.293465e+01   1.269738e+01   1.226719e-02   2.937938e-03   18997448
  2.297715e+01   1.269127e+01   1.227581e-02   2.931482e-03   19079816
  2.301967e+01   1.267791e+01   1.227098e-02   2.924157e-03   19145330
  2.306218e+01   1.266165e+01   1.227177e-02   2.917594e-03   19218276
  2.310469e+01   1.265116e+01   1.227113e-02   2.909898e-03   19286200
  2.314719e+01   1.263835e+01   1.226583e-02   2.904506e-03   19349738
  2.318971e+01   1.262348e+01   1.228286e-02   2.893654e-03   19450040
  2.323223e+01   1.260677e+01   1.226363e-02   2.887479e-03   19489688
  2.327473e+01   1.259605e+01   1.227521e-02   2.881314e-03   19576868
  2.331724e+01   1.258354e+01   1.226932e-02   2.874238e-03   19640282
  2.335976e+01   1.257556e+01   1.227873e-02   2.868120e-03   19728800
  2.340226e+01   1.256855e+01   1.226095e-02   2.863212e-03   19770152
  2.344476e+01   1.254040e+01   1.227487e-02   2.852996e-03   19863516
  2.348729e+01   1.255092e+01   1.227855e-02   2.849756e-03   19943594
  2.352981e+01   1.253561e+01   1.227039e-02   2.844569e-03   20003440
  2.357232e+01   1.253057e+01   1.227533e-02   2.837838e-03   20081768
  2.361483e+01   1.252150e+01   1.226475e-02   2.833264e-03   20136200
  2.365734e+01   1.250767e+01   1.228180e-02   2.825342e-03   20238094
  2.369985e+01   1.250448e+01   1.226458e-02   2.824516e-03   20282544
  2.374234e+01   1.250199e+01   1.226291e-02   2.818467e-03   20351720
  2.378483e+01   1.248794e+01   1.227389e-02   2.811222e-03   20444714
  2.382735e+01   1.248444e+01   1.227112e-02   2.807624e-03   20515116
  2.386988e+01   1.248070e+01   1.228059e-02   2.801865e-03   20602384
  2.391241e+01   1.247765e+01   1.227266e-02   2.800231e-03   20659872
  2.395491e+01   1.246518e+01   1.226837e-02   2.795247e-03   20727682
  2.399742e+01   1.246375e+01   1.227493e-02   2.789743e-03   20814416
  2.403994e+01   1.245387e+01   1.227261e-02   2.784222e-03   20881100
  2.408245e+01   1.244888e+01   1.227247e-02   2.781504e-03   20953688
  2.412495e+01   1.244861e+01   1.226662e-02   2.779773e-03   21021050
  2.416746e+01   1.245711e+01   1.227556e-02   2.778168e-03   21111632
  2.420998e+01   1.244452e+01   1.227336e-02   2.773107e-03   21179972
  2.425248e+01   1.245342e+01   1.226547e-02   2.772112e-03   21240488
  2.429499e+01   1.245103e+01   1.227368e-02   2.768461e-03   21331418
  2.433750e+01   1.245196e+01   1.226935e-02   2.767629e-03   21397304
  2.438000e+01   1.245125e+01   1.226962e-02   2.768373e-03   21469764
  2.442251e+01   1.245087e+01   1.227528e-02   2.762068e-03   21556122
  2.446502e+01   1.245774e+01   1.226591e-02   2.763550e-03   21618312
  2.450754e+01   1.244903e+01   1.227924e-02   2.756787e-03   21716096
  2.455007e+01   1.246178e+01   1.227488e-02   2.758013e-03   21781352
  2.459258e+01   1.246009e+01   1.226971e-02   2.756001e-03   21848870
  2.463508e+01   1.246220e+01   1.227061e-02   2.756749e-03   21927536
  2.467760e+01   1.246619e+01   1.227518e-02   2.754068e-03   22008944
  2.472011e+01   1.247065e+01   1.227146e-02   2.754586e-03   22076136
  2.476261e+01   1.249293e+01   1.226619e-02   2.759304e-03   22145270
  2.480513e+01   1.248662e+01   1.228149e-02   2.754184e-03   22250960
  2.484765e+01   1.249434e+01   1.226766e-02   2.757601e-03   22300864
  2.489015e+01   1.249947e+01   1.226874e-02   2.757027e-03   22378586
  2.493266e+01   1.251663e+01   1.227304e-02   2.759346e-03   22464104
  2.497518e+01   1.251869e+01   1.227483e-02   2.758709e-03   22542892
  2.501769e+01   1.253215e+01   1.226849e-02   2.759417e-03   22606008
  2.506019e+01   1.253040e+01   1.227168e-02   2.761228e-03   22690002
  2.510269e+01   1.255162e+01   1.226774e-02   2.764525e-03   22762216
  2.514519e+01   1.253942e+01   1.227552e-02   2.761876e-03   22815779
  2.518771e+01   1.251207e+01   1.227093e-02   2.758307e-03   22772312
  2.523022e+01   1.247646e+01   1.227169e-02   2.750715e-03   22733708
  2.527273e+01   1.243343e+01   1.227376e-02   2.740392e-03   22697672
  2.531524e+01   1.240588e+01   1.227003e-02   2.739530e-03   22651460
  2.535775e+01   1.237236e+01   1.227280e-02   2.730805e-03   22616024
  2.540027e+01   1.234548e+01   1.227723e-02   2.726210e-03   22583496
  2.544278e+01   1.229641e+01   1.226384e-02   2.716731e-03   22519252
  2.548527e+01   1.226942e+01   1.226879e-02   2.711990e-03   22488992
  2.552778e+01   1.222755e+01   1.227112e-02   2.703545e-03   22453172
  2.557030e+01   1.220643e+01   1.227642e-02   2.702749e-03   22420584
  2.561282e+01   1.216238e+01   1.227318e-02   2.693772e-03   22371700
  2.565533e+01   1.212975e+01   1.227319e-02   2.689130e-03   22329896
  2.569784e+01   1.210290e+01   1.227005e-02   2.684989e-03   22282876
  2.574035e+01   1.206670e+01   1.227559e-02   2.676538e-03   22250692
  2.578286e+01   1.203715e+01   1.226749e-02   2.672493e-03   22194436
  2.582536e+01   1.200331e+01   1.226799e-02   2.668413e-03   22153540
  2.586787e+01   1.197173e+01   1.227489e-02   2.662332e-03   22122584
  2.591039e+01   1.194175e+01   1.227183e-02   2.658112e-03   22073004
  2.595291e+01   1.190761e+01   1.227763e-02   2.650590e-03   22039640
  2.599542e+01   1.187926e+01   1.226443e-02   2.648606e-03   21971624
  2.603793e+01   1.184047e+01   1.228039e-02   2.641651e-03   21955708
  2.608042e+01   1.180816e+01   1.225538e-02   2.636084e-03   21867720
  2.612293e+01   1.178022e+01   1.228640e-02   2.629740e-03   21878900
  2.616545e+01   1.175468e+01   1.226374e-02   2.628533e-03   21794260
  2.620796e+01   1.172711e+01   1.227552e-02   2.623178e-03   21770256
  2.625048e+01   1.169203e+01   1.227204e-02   2.617173e-03   21718124
  2.629299e+01   1.166457e+01   1.227162e-02   2.616008e-03   21671096
  2.633550e+01   1.163353e+01   1.227173e-02   2.606898e-03   21625412
  2.637801e+01   1.160563e+01   1.227628e-02   2.604090e-03   21587284
  2.642052e+01   1.157142e+01   1.226404e-02   2.600541e-03   21519648
  2.646302e+01   1.153873e+01   1.227517e-02   2.593914e-03   21493344
  2.650554e+01   1.151961e+01   1.227125e-02   2.591046e-03   21439360
  2.654805e+01   1.148972e+01   1.227471e-02   2.585569e-03   21398900
  2.659058e+01   1.146374e+01   1.227467e-02   2.583696e-03   21351488
  2.663308e+01   1.143418e+01   1.226610e-02   2.579056e-03   21288012
  2.667559e+01   1.140409e+01   1.227518e-02   2.574001e-03   21255052
  2.671810e+01   1.137409e+01   1.226960e-02   2.570077e-03   21196928
  2.676060e+01   1.134415e+01   1.226973e-02   2.566927e-03   21149036
  2.680311e+01   1.131511e+01   1.227206e-02   2.560201e-03   21105304
  2.684563e+01   1.128547e+01   1.227410e-02   2.558726e-03   21059992
  2.688815e+01   1.124739e+01   1.227705e-02   2.551692e-03   21014904
  2.693067e+01   1.123281e+01   1.227014e-02   2.550582e-03   20953620
  2.697317e+01   1.120989e+01   1.226991e-02   2.548633e-03   20902948
  2.701568e+01   1.117924e+01   1.227225e-02   2.544458e-03   20856528
  2.705819e+01   1.114551e+01   1.227379e-02   2.537879e-03   20808868
  2.710070e+01   1.112319e+01   1.226639e-02   2.537649e-03   20746700
  2.714319e+01   1.109404e+01   1.226770e-02   2.533456e-03   20699040
  2.718571e+01   1.107240e+01   1.227944e-02   2.530845e-03   20667584
  2.722822e+01   1.104070e+01   1.225995e-02   2.527311e-03   20583320
  2.727072e+01   1.100744e+01   1.227843e-02   2.519434e-03   20562728
  2.731324e+01   1.099284e+01   1.227166e-02   2.521800e-03   20499120
  2.735575e+01   1.096240e+01   1.227335e-02   2.515656e-03   20448668
  2.739827e+01   1.094376e+01   1.227231e-02   2.511818e-03   20394408
  2.744078e+01   1.091210e+01   1.227328e-02   2.507735e-03   20344236
  2.748329e+01   1.089473e+01   1.227052e-02   2.508385e-03   20287988
  2.752580e+01   1.087079e+01   1.227218e-02   2.503864e-03   20237280
  2.756831e+01   1.083855e+01   1.226928e-02   2.499841e-03   20178328
  2.761083e+01   1.081638e+01   1.227861e-02   2.497868e-03   20139844
  2.765335e+01   1.079242e+01   1.226869e-02   2.495624e-03   20069748
  2.769585e+01   1.076256e+01   1.227006e-02   2.491339e-03   20016800
  2.773835e+01   1.074114e+01   1.227057e-02   2.490378e-03   19962224
  2.778087e+01   1.071534e+01   1.227954e-02   2.485656e-03   19923568
  2.782339e+01   1.069488e+01   1.226996e-02   2.485970e-03   19854300
  2.786590e+01   1.067247e+01   1.226862e-02   2.483397e-03   19797056
  2.790840e+01   1.064507e+01   1.227082e-02   2.481645e-03   19744940
  2.795091e+01   1.062133e+01   1.227270e-02   2.475430e-03   19691768
  2.799342e+01   1.059749e+01   1.226928e-02   2.475234e-03   19629548
  2.803593e+01   1.057252e+01   1.227096e-02   2.472127e-03   19575480
  2.807844e+01   1.053934e+01   1.227365e-02   2.466867e-03   19523296
  2.812096e+01   1.053079e+01   1.227813e-02   2.467178e-03   19474344
  2.816347e+01   1.050787e+01   1.226244e-02   2.464692e-03   19392868
  2.820597e+01   1.047965e+01   1.227629e-02   2.461468e-03   19356176
  2.824849e+01   1.046247e+01   1.227437e-02   2.461506e-03   19294916
  2.829102e+01   1.043990e+01   1.227644e-02   2.459266e-03   19240856
  2.833353e+01   1.041295e+01   1.226827e-02   2.456031e-03   19170884
  2.837603e+01   1.038657e+01   1.226787e-02   2.454633e-03   19111352
  2.841853e+01   1.036857e+01   1.227311e-02   2.451823e-03   19060016
  2.846104e+01   1.034796e+01   1.227199e-02   2.452149e-03   18999752
  2.850354e+01   1.032215e+01   1.226484e-02   2.448947e-03   18930272
  2.854604e+01   1.029828e+01   1.227204e-02   2.445896e-03   18882340
  2.858856e+01   1.028019e+01   1.227653e-02   2.445552e-03   18829056
  2.863108e+01   1.025774e+01   1.226917e-02   2.445259e-03   18757640
  2.867359e+01   1.023275e+01   1.227679e-02   2.439991e-03   18709036
  2.871611e+01   1.022028e+01   1.226951e-02   2.442458e-03   18637668
  2.875862e+01   1.020157e+01   1.227659e-02   2.443310e-03   18587048
  2.880113e+01   1.018580e+01   1.226650e-02   2.440898e-03   18510972
  2.884363e+01   1.015883e+01   1.227092e-02   2.438920e-03   18456692
  2.888614e+01   1.013411e+01   1.227027e-02   2.435649e-03   18394084
  2.892866e+01   1.011813e+01   1.227644e-02   2.435102e-03   18341352
  2.897118e+01   1.010192e+01   1.227294e-02   2.435588e-03   18273884
  2.901369e+01   1.007850e+01   1.227214e-02   2.434608e-03   18211148
  2.905619e+01   1.006240e+01   1.226468e-02   2.435224e-03   18137692
  2.909870e+01   1.004131e+01   1.227635e-02   2.431970e-03   18091580
  2.914122e+01   1.002495e+01   1.227406e-02   2.431038e-03   18024560
  2.918373e+01   1.000995e+01   1.226945e-02   2.431682e-03   17955116
  2.922624e+01   9.979396e+00   1.227055e-02   2.428245e-03   17893232
  2.926875e+01   9.967574e+00   1.227337e-02   2.429123e-03   17832620
  2.931126e+01   9.944882e+00   1.227331e-02   2.428609e-03   17767864
  2.935378e+01   9.931911e+00   1.227523e-02   2.429898e-03   17706956
  2.939629e+01   9.912978e+00   1.226779e-02   2.430278e-03   17632632
  2.943880e+01   9.900508e+00   1.227224e-02   2.429220e-03   17573524
  2.948131e+01   9.875467e+00   1.227160e-02   2.425394e-03   17506380
  2.952382e+01   9.857192e+00   1.227283e-02   2.427544e-03   17442548
  2.956632e+01   9.840976e+00   1.226611e-02   2.429311e-03   17368556
  2.960883e+01   9.818527e+00   1.227726e-02   2.424978e-03   17318260
  2.965135e+01   9.811409e+00   1.227176e-02   2.429016e-03   17243792
  2.969385e+01   9.789305e+00   1.226620e-02   2.429067e-03   17169716
  2.973635e+01   9.777983e+00   1.227104e-02   2.430302e-03   17109768
  2.977886e+01   9.748130e+00   1.227205e-02   2.427090e-03   17044064
  2.982138e+01   9.732335e+00   1.227557e-02   2.426457e-03   16981560
  2.986389e+01   9.720833e+00   1.226672e-02   2.431172e-03   16902264
  2.990640e+01   9.704289e+00   1.227800e-02   2.428600e-03   16849940
  2.994892e+01   9.693190e+00   1.226984e-02   2.432125e-03   16770600
  2.999143e+01   9.677342e+00   1.227399e-02   2.430840e-03   16707512
  3.003394e+01   9.662758e+00   1.227053e-02   2.432448e-03   16634480
  3.007645e+01   9.645851e+00   1.227297e-02   2.434687e-03   16569424
  3.011897e+01   9.627973e+00   1.227100e-02   2.434482e-03   16497216
  3.016149e+01   9.609494e+00   1.227800e-02   2.432711e-03   16436416
  3.020400e+01   9.600049e+00   1.226813e-02   2.438546e-03   16353532
  3.024650e+01   9.584689e+00   1.226850e-02   2.439489e-03   16284908
  3.028900e+01   9.569747e+00   1.227370e-02   2.437375e-03   16221948
  3.033152e+01   9.561689e+00   1.227445e-02   2.442546e-03   16152552
  3.037404e+01   9.544915e+00   1.227249e-02   2.442732e-03   16078864
  3.041655e+01   9.528741e+00   1.227014e-02   2.442916e-03   16005296
  3.045906e+01   9.519145e+00   1.227320e-02   2.446931e-03   15938220
  3.050157e+01   9.500505e+00   1.226736e-02   2.448720e-03   15858440
  3.054407e+01   9.484642e+00   1.226949e-02   2.449998e-03   15789252
  3.058657e+01   9.472041e+00   1.227019e-02   2.449450e-03   15718944
  3.062908e+01   9.461649e+00   1.227179e-02   2.451583e-03   15648652
  3.067160e+01   9.450202e+00   1.227680e-02   2.456472e-03   15581944
  3.071412e+01   9.434887e+00   1.227604e-02   2.458314e-03   15508744
  3.075663e+01   9.421571e+00   1.226574e-02   2.460418e-03   15422472
  3.079914e+01   9.410685e+00   1.227551e-02   2.465436e-03   15361536
  3.084165e+01   9.403830e+00   1.226998e-02   2.465685e-03   15281048
  3.088415e+01   9.397534e+00   1.227023e-02   2.471459e-03   15207752
  3.092666e+01   9.376688e+00   1.227075e-02   2.471018e-03   15134800
  3.096917e+01   9.369700e+00   1.227038e-02   2.477260e-03   15059664
  3.101168e+01   9.359543e+00   1.227242e-02   2.477835e-03   14987020
  3.105420e+01   9.349109e+00   1.227903e-02   2.480488e-03   14919936
  3.109672e+01   9.345439e+00   1.226792e-02   2.487856e-03   14831776
  3.113923e+01   9.327528e+00   1.227679e-02   2.489495e-03   14767552
  3.118174e+01   9.312005e+00   1.226524e-02   2.490618e-03   14678336
  3.122425e+01   9.310813e+00   1.227632e-02   2.497036e-03   14615044
  3.126676e+01   9.299913e+00   1.226910e-02   2.500356e-03   14530200
  3.130927e+01   9.292059e+00   1.227171e-02   2.505418e-03   14457000
  3.135178e+01   9.284994e+00   1.227423e-02   2.512012e-03   14383440
  3.139429e+01   9.272535e+00   1.226801e-02   2.513704e-03   14299516
  3.143679e+01   9.268177e+00   1.227160e-02   2.520415e-03   14226024
  3.147930e+01   9.254483e+00   1.226889e-02   2.522049e-03   14145048
  3.152182e+01   9.245976e+00   1.228178e-02   2.527499e-03   14082144
  3.156433e+01   9.244761e+00   1.226157e-02   2.534249e-03   13981640
  3.160683e+01   9.234932e+00   1.227475e-02   2.536862e-03   13918460
  3.164935e+01   9.221427e+00   1.227481e-02   2.544450e-03   13839752
  3.169188e+01   9.218287e+00   1.227673e-02   2.549650e-03   13762736
  3.173439e+01   9.215080e+00   1.227147e-02   2.557287e-03   13677980
  3.177690e+01   9.198539e+00   1.226900e-02   2.560472e-03   13596196
  3.181940e+01   9.193722e+00   1.226988e-02   2.564997e-03   13517736
  3.186190e+01   9.188081e+00   1.226579e-02   2.570823e-03   13433184
  3.190440e+01   9.186485e+00   1.227449e-02   2.579893e-03   13362296
  3.194692e+01   9.183934e+00   1.227398e-02   2.587446e-03   13281376
  3.198944e+01   9.170286e+00   1.227645e-02   2.587869e-03   13203336
  3.203195e+01   9.161552e+00   1.226687e-02   2.596126e-03   13113016
  3.207445e+01   9.157983e+00   1.227094e-02   2.604826e-03   13036400
  3.211696e+01   9.157235e+00   1.226987e-02   2.612035e-03   12953648
  3.215948e+01   9.154851e+00   1.227674e-02   2.619704e-03   12879016
  3.220199e+01   9.138843e+00   1.227015e-02   2.623608e-03   12790124
  3.224451e+01   9.141519e+00   1.227599e-02   2.634658e-03   12714152
  3.228701e+01   9.133992e+00   1.226430e-02   2.641761e-03   12619608
  3.232951e+01   9.129683e+00   1.227473e-02   2.648588e-03   12547232
  3.237204e+01   9.130561e+00   1.228098e-02   2.656312e-03   12470568
  3.241455e+01   9.120939e+00   1.226086e-02   2.664522e-03   12368136
  3.245705e+01   9.124247e+00   1.227647e-02   2.674524e-03   12300504
  3.249958e+01   9.109156e+00   1.227251e-02   2.680545e-03   12212172
  3.254209e+01   9.108375e+00   1.227112e-02   2.690849e-03   12126228
  3.258459e+01   9.104338e+00   1.227235e-02   2.699597e-03   12043352
  3.262711e+01   9.107758e+00   1.227321e-02   2.710202e-03   11959896
  3.266960e+01   9.101991e+00   1.226107e-02   2.719893e-03   11863804
  3.271211e+01   9.094730e+00   1.227575e-02   2.726615e-03   11792812
  3.275463e+01   9.105663e+00   1.227439e-02   2.741754e-03   11705392
  3.279713e+01   9.100829e+00   1.226794e-02   2.749619e-03   11613836
  3.283965e+01   9.103486e+00   1.228215e-02   2.761034e-03   11541532
  3.288217e+01   9.091251e+00   1.226539e-02   2.770558e-03   11440232
  3.292468e+01   9.094339e+00   1.227538e-02   2.783166e-03   11363008
  3.296718e+01   9.088674e+00   1.226652e-02   2.793955e-03   11267848
  3.300970e+01   9.091531e+00   1.227722e-02   2.805611e-03   11190640
  3.305222e+01   9.090134e+00   1.227423e-02   2.816514e-03   11101084
  3.309472e+01   9.081231e+00   1.226241e-02   2.828287e-03   11003284
  3.313721e+01   9.083180e+00   1.227344e-02   2.840984e-03   10925424
  3.317973e+01   9.082820e+00   1.227067e-02   2.851792e-03   10834724
  3.322224e+01   9.085557e+00   1.227484e-02   2.864643e-03   10750156
  3.326475e+01   9.080755e+00   1.226635e-02   2.876512e-03   10655280
  3.330725e+01   9.083584e+00   1.226924e-02   2.892092e-03   10569120
  3.334975e+01   9.079507e+00   1.226867e-02   2.902478e-03   10479672
  3.339228e+01   9.089986e+00   1.228611e-02   2.920939e-03   10404504
  3.343481e+01   9.084423e+00   1.227382e-02   2.933135e-03   10304108
  3.347732e+01   9.081901e+00   1.226797e-02   2.947613e-03   10209940
  3.351983e+01   9.085790e+00   1.227575e-02   2.961273e-03   10126584
  3.356234e+01   9.090045e+00   1.226442e-02   2.979161e-03   10027064
  3.360484e+01   9.093718e+00   1.227492e-02   2.994758e-03   9945072
  3.364734e+01   9.075115e+00   1.226340e-02   3.005816e-03   9844764
  3.368986e+01   9.091260e+00   1.228362e-02   3.023268e-03   9769940
  3.373238e+01   9.090254e+00   1.226688e-02   3.042229e-03   9666072
  3.377488e+01   9.085658e+00   1.227051e-02   3.056138e-03   9577112
  3.381739e+01   9.078415e+00   1.227148e-02   3.068964e-03   9485848
  3.385991e+01   9.089105e+00   1.227527e-02   3.090274e-03   9396136
  3.390243e+01   9.086879e+00   1.227579e-02   3.109478e-03   9304408
  3.394493e+01   9.086309e+00   1.225842e-02   3.129171e-03   9199028
  3.398742e+01   9.091338e+00   1.227468e-02   3.143884e-03   9118288
  3.402993e+01   9.092674e+00   1.226747e-02   3.166726e-03   9019624
  3.407245e+01   9.086808e+00   1.228368e-02   3.177190e-03   8937420
  3.411497e+01   9.080797e+00   1.227061e-02   3.198905e-03   8835200
  3.415748e+01   9.091760e+00   1.226739e-02   3.224088e-03   8739332
  3.419998e+01   9.081109e+00   1.227099e-02   3.235414e-03   8648112
  3.424250e+01   9.087112e+00   1.227159e-02   3.259700e-03   8553372
  3.428501e+01   9.083088e+00   1.227728e-02   3.278242e-03   8461944
  3.432753e+01   9.077856e+00   1.227227e-02   3.294416e-03   8363348
  3.437004e+01   9.082049e+00   1.227148e-02   3.318902e-03   8267792
  3.441254e+01   9.083112e+00   1.226640e-02   3.341237e-03   8169380
  3.445505e+01   9.075600e+00   1.227807e-02   3.359401e-03   8081008
  3.449756e+01   9.079240e+00   1.226310e-02   3.382014e-03   7975632
  3.454006e+01   9.070562e+00   1.227841e-02   3.403765e-03   7889116
  3.458257e+01   9.071764e+00   1.226405e-02   3.432111e-03   7784008
  3.462508e+01   9.067191e+00   1.227484e-02   3.447091e-03   7693848
  3.466759e+01   9.057555e+00   1.226805e-02   3.473531e-03   7592468
  3.471010e+01   9.060203e+00   1.227572e-02   3.501520e-03   7499076
  3.475262e+01   9.047939e+00   1.227790e-02   3.515762e-03   7402880
  3.479514e+01   9.033651e+00   1.227043e-02   3.535121e-03   7300768
  3.483765e+01   9.035238e+00   1.227061e-02   3.563449e-03   7203316
  3.488013e+01   9.015536e+00   1.225476e-02   3.583240e-03   7095724
  3.492265e+01   9.014426e+00   1.229466e-02   3.609290e-03   7019608
  3.496518e+01   8.996396e+00   1.226138e-02   3.629071e-03   6901916
  3.500769e+01   8.990501e+00   1.227882e-02   3.653308e-03   6812952
  3.505019e+01   8.965807e+00   1.226209e-02   3.671001e-03   6704548
  3.509270e+01   8.959521e+00   1.227587e-02   3.701347e-03   6612168
  3.513521e+01   8.932410e+00   1.227039e-02   3.712163e-03   6508628
  3.517773e+01   8.931674e+00   1.227711e-02   3.738507e-03   6412072
  3.522024e+01   8.904174e+00   1.226747e-02   3.759971e-03   6306660
  3.526274e+01   8.881573e+00   1.226997e-02   3.782731e-03   6207592
  3.530523e+01   8.849456e+00   1.226489e-02   3.803847e-03   6103860
  3.534774e+01   8.823445e+00   1.227430e-02   3.819549e-03   6007184
  3.539025e+01   8.800814e+00   1.227513e-02   3.836962e-03   5905660
  3.543278e+01   8.750982e+00   1.227664e-02   3.837364e-03   5805132
  3.547529e+01   8.721528e+00   1.226925e-02   3.862121e-03   5700008
  3.551778e+01   8.678830e+00   1.226294e-02   3.867813e-03   5594856
  3.556030e+01   8.643456e+00   1.228122e-02   3.877606e-03   5502341
  3.560283e+01   8.612386e+00   1.227277e-02   3.890147e-03   5404852
  3.564533e+01   8.568082e+00   1.226768e-02   3.899901e-03   5313930
  3.568784e+01   8.563928e+00   1.227261e-02   3.926758e-03   5230396
  3.573035e+01   8.526869e+00   1.226815e-02   3.936438e-03   5145158
  3.577285e+01   8.507494e+00   1.227058e-02   3.955713e-03   5064506
  3.581538e+01   8.488018e+00   1.228142e-02   3.971781e-03   4989464
  3.585790e+01   8.462687e+00   1.226989e-02   3.992186e-03   4907486
  3.590041e+01   8.447029e+00   1.226982e-02   4.011040e-03   4831952
  3.594292e+01   8.429367e+00   1.226933e-02   4.032854e-03   4757392
  3.598543e+01   8.410076e+00   1.227425e-02   4.045442e-03   4685902
  3.602794e+01   8.388009e+00   1.227136e-02   4.069287e-03   4612826
  3.607044e+01   8.376500e+00   1.227059e-02   4.090953e-03   4542436
  3.611296e+01   8.359782e+00   1.227508e-02   4.110917e-03   4475408
  3.615546e+01   8.335731e+00   1.226173e-02   4.134157e-03   4402686
  3.619797e+01   8.325942e+00   1.227689e-02   4.151493e-03   4340854
  3.624049e+01   8.310827e+00   1.227466e-02   4.167508e-03   4273862
  3.628301e+01   8.308658e+00   1.227237e-02   4.202895e-03   4208538
  3.632551e+01   8.289797e+00   1.226532e-02   4.223920e-03   4142584
  3.636801e+01   8.273548e+00   1.226978e-02   4.243272e-03   4081232
  3.641052e+01   8.276206e+00   1.227225e-02   4.273958e-03   4019668
  3.645304e+01   8.262804e+00   1.228203e-02   4.297126e-03   3961416
  3.649557e+01   8.255959e+00   1.227387e-02   4.325488e-03   3898848
  3.653807e+01   8.233399e+00   1.226366e-02   4.345674e-03   3836718
  3.658056e+01   8.220883e+00   1.226607e-02   4.368745e-03   3779272
  3.662306e+01   8.214549e+00   1.226675e-02   4.395562e-03   3721434
  3.666558e+01   8.207122e+00   1.228126e-02   4.432929e-03   3668198
  3.670811e+01   8.184973e+00   1.227910e-02   4.445911e-03   3611346
  3.675062e+01   8.169178e+00   1.226582e-02   4.470127e-03   3552442
  3.679312e+01   8.177106e+00   1.226935e-02   4.501785e-03   3498908
  3.683563e+01   8.161366e+00   1.227192e-02   4.530123e-03   3445382
  3.687814e+01   8.166155e+00   1.227356e-02   4.563343e-03   3392244
  3.692066e+01   8.160882e+00   1.227344e-02   4.600863e-03   3339634
  3.696317e+01   8.156433e+00   1.226899e-02   4.625954e-03   3286752
  3.700566e+01   8.152782e+00   1.226327e-02   4.661031e-03   3234180
  3.704816e+01   8.129099e+00   1.226838e-02   4.679401e-03   3184556
  3.709068e+01   8.127815e+00   1.228145e-02   4.707855e-03   3137238
  3.713322e+01   8.123576e+00   1.228151e-02   4.744449e-03   3087670
  3.717574e+01   8.134121e+00   1.227426e-02   4.782720e-03   3037460
  3.721824e+01   8.133947e+00   1.225819e-02   4.827343e-03   2985736
  3.726072e+01   8.133159e+00   1.226565e-02   4.865483e-03   2939708
  3.730324e+01   8.130511e+00   1.228621e-02   4.902271e-03   2897012
  3.734577e+01   8.112378e+00   1.227048e-02   4.919749e-03   2846890
  3.738827e+01   8.111253e+00   1.226277e-02   4.967845e-03   2799588
  3.743076e+01   8.100892e+00   1.226558e-02   4.985495e-03   2754954
  3.747326e+01   8.097051e+00   1.227308e-02   5.018545e-03   2711500
  3.751579e+01   8.107474e+00   1.228240e-02   5.076013e-03   2669006
  3.755830e+01   8.114829e+00   1.226335e-02   5.121336e-03   2621264
  3.760081e+01   8.108645e+00   1.227565e-02   5.149613e-03   2580726
  3.764332e+01   8.099175e+00   1.226856e-02   5.192291e-03   2536470
  3.768582e+01   8.113658e+00   1.226978e-02   5.247598e-03   2494370
  3.772834e+01   8.105450e+00   1.227534e-02   5.275568e-03   2453556
  3.777086e+01   8.089265e+00   1.228047e-02   5.307535e-03   2413246
  3.781339e+01   8.096553e+00   1.227197e-02   5.358974e-03   2370914
  3.785589e+01   8.101598e+00   1.226887e-02   5.404008e-03   2330126
  3.789840e+01   8.103364e+00   1.227428e-02   5.453581e-03   2291406
  3.794091e+01   8.105689e+00   1.226463e-02   5.508300e-03   2250410
  3.798340e+01   8.115131e+00   1.226403e-02   5.551914e-03   2211486
  3.802590e+01   8.097109e+00   1.227094e-02   5.579380e-03   2174194
  3.806841e+01   8.121263e+00   1.227271e-02   5.648633e-03   2136416
  3.811093e+01   8.129715e+00   1.227972e-02   5.703155e-03   2100070
  3.815344e+01   8.120449e+00   1.226224e-02   5.755394e-03   2060026
  3.819594e+01   8.112449e+00   1.227745e-02   5.796211e-03   2025910
  3.823846e+01   8.144617e+00   1.227012e-02   5.857003e-03   1988576
  3.828096e+01   8.125548e+00   1.226824e-02   5.893134e-03   1952610
  3.832347e+01   8.147454e+00   1.226944e-02   5.978081e-03   1917470
  3.836597e+01   8.138662e+00   1.226960e-02   6.008511e-03   1882484
  3.840848e+01   8.156061e+00   1.227230e-02   6.081922e-03   1848262
  3.845101e+01   8.165989e+00   1.228531e-02   6.143023e-03   1816024
  3.849355e+01   8.170353e+00   1.227230e-02   6.215621e-03   1780418
  3.853605e+01   8.171935e+00   1.226815e-02   6.254859e-03   1746576
  3.857856e+01   8.167704e+00   1.227451e-02   6.315579e-03   1714622
  3.862107e+01   8.184100e+00   1.227068e-02   6.382974e-03   1681692
  3.866358e+01   8.203487e+00   1.226987e-02   6.456513e-03   1649574
  3.870606e+01   8.204053e+00   1.225405e-02   6.520583e-03   1615788
  3.874855e+01   8.227964e+00   1.227462e-02   6.608787e-03   1587064
  3.879108e+01   8.233695e+00   1.227930e-02   6.671368e-03   1556598
  3.883360e+01   8.254136e+00   1.227389e-02   6.733095e-03   1525380
  3.887612e+01   8.237078e+00   1.227468e-02   6.798321e-03   1495360
  3.891863e+01   8.263474e+00   1.226450e-02   6.891440e-03   1464370
  3.896112e+01   8.258035e+00   1.227040e-02   6.948505e-03   1435656
  3.900363e+01   8.263689e+00   1.226801e-02   7.041842e-03   1406304
  3.904613e+01   8.278591e+00   1.226859e-02   7.128299e-03   1377628
  3.908864e+01   8.302386e+00   1.227348e-02   7.203649e-03   1349744
  3.913115e+01   8.315152e+00   1.227337e-02   7.301260e-03   1321682
  3.917367e+01   8.317135e+00   1.227639e-02   7.368135e-03   1294376
  3.921619e+01   8.345965e+00   1.227256e-02   7.460575e-03   1266768
  3.925869e+01   8.362188e+00   1.226510e-02   7.580752e-03   1239172
  3.930118e+01   8.381957e+00   1.226095e-02   7.674231e-03   1212224
  3.934367e+01   8.394008e+00   1.226955e-02   7.757884e-03   1186796
  3.938619e+01   8.423536e+00   1.227613e-02   7.877603e-03   1161432
  3.942870e+01   8.405375e+00   1.227171e-02   7.943693e-03   1135408
  3.947122e+01   8.435468e+00   1.227296e-02   8.049165e-03   1110324
  3.951374e+01   8.458179e+00   1.227570e-02   8.188583e-03   1085680
  3.955625e+01   8.464804e+00   1.226737e-02   8.264245e-03   1060364
  3.959875e+01   8.491335e+00   1.227507e-02   8.383501e-03   1036736
  3.964128e+01   8.502869e+00   1.228225e-02   8.501006e-03   1013388
  3.968380e+01   8.517010e+00   1.226708e-02   8.620000e-03   988656
  3.972630e+01   8.535411e+00   1.226695e-02   8.720805e-03   965530
  3.976879e+01   8.560844e+00   1.225942e-02   8.875251e-03   942100
  3.981127e+01   8.588179e+00   1.226457e-02   9.002580e-03   919888
  3.985377e+01   8.624705e+00   1.226597e-02   9.143032e-03   897628
  3.989627e+01   8.648311e+00   1.227002e-02   9.285822e-03   875856
  3.993878e+01   8.684602e+00   1.227840e-02   9.453577e-03   854736
  3.998132e+01   8.701763e+00   1.228018e-02   9.606004e-03   833510
  4.002385e+01   8.702968e+00   1.227248e-02   9.702302e-03   811976
  4.006635e+01   8.733932e+00   1.226626e-02   9.856409e-03   790844
  4.010884e+01   8.739862e+00   1.226521e-02   9.988765e-03   770320
  4.015135e+01   8.785059e+00   1.227665e-02   1.021252e-02   750838
  4.019387e+01   8.831365e+00   1.227491e-02   1.037865e-02   730864
  4.023638e+01   8.863535e+00   1.226816e-02   1.055833e-02   710984
  4.027888e+01   8.896637e+00   1.226909e-02   1.073433e-02   691894
  4.032138e+01   8.934513e+00   1.226442e-02   1.095551e-02   672776
  4.036388e+01   8.914394e+00   1.226826e-02   1.107414e-02   654372
  4.040638e+01   8.961425e+00   1.226215e-02   1.126165e-02   635682
  4.044886e+01   8.964880e+00   1.225955e-02   1.143004e-02   617460
  4.049134e+01   9.001403e+00   1.226707e-02   1.162165e-02   600024
  4.053385e+01   9.042331e+00   1.227362e-02   1.184884e-02   582830
  4.057638e+01   9.082842e+00   1.228135e-02   1.213646e-02   566000
  4.061890e+01   9.109368e+00   1.226617e-02   1.231563e-02   548458
  4.066141e+01   9.167832e+00   1.227047e-02   1.258581e-02   532084
  4.070391e+01   9.215794e+00   1.226296e-02   1.288211e-02   515440
  4.074640e+01   9.242294e+00   1.225813e-02   1.306136e-02   499174
  4.078887e+01   9.258458e+00   1.225821e-02   1.334564e-02   483368
  4.083136e+01   9.315908e+00   1.227023e-02   1.366511e-02   468270
  4.087389e+01   9.312540e+00   1.228696e-02   1.381472e-02   453568
  4.091643e+01   9.360313e+00   1.227409e-02   1.414593e-02   438106
  4.095894e+01   9.395425e+00   1.227469e-02   1.447544e-02   423508
  4.100145e+01   9.430117e+00   1.226141e-02   1.475241e-02   408754
  4.104393e+01   9.482040e+00   1.225820e-02   1.506221e-02   394612
  4.108642e+01   9.543183e+00   1.225930e-02   1.547524e-02   380826
  4.112890e+01   9.592284e+00   1.225454e-02   1.583599e-02   367086
  4.117139e+01   9.622585e+00   1.226090e-02   1.624172e-02   353904
  4.121389e+01   9.674575e+00   1.227137e-02   1.659891e-02   341046
  4.125641e+01   9.742720e+00   1.227131e-02   1.703512e-02   328144
  4.129892e+01   9.737872e+00   1.227396e-02   1.737834e-02   315598
  4.134144e+01   9.819564e+00   1.228177e-02   1.791333e-02   303466
  4.138397e+01   9.915509e+00   1.228223e-02   1.840326e-02   291456
  4.142650e+01   9.901019e+00   1.227604e-02   1.870533e-02   279614
  4.146899e+01   9.997025e+00   1.225106e-02   1.941696e-02   267680
  4.151144e+01   1.003040e+01   1.224457e-02   1.988667e-02   256438
  4.155391e+01   1.013824e+01   1.224802e-02   2.049762e-02   245618
  4.159638e+01   1.011584e+01   1.223546e-02   2.103332e-02   234708
  4.163882e+01   1.015835e+01   1.223171e-02   2.146675e-02   224210
  4.168126e+01   1.024089e+01   1.223403e-02   2.218416e-02   214046
  4.172371e+01   1.025413e+01   1.223949e-02   2.270920e-02   204152
  4.176619e+01   1.038676e+01   1.225107e-02   2.366372e-02   194558
  4.180866e+01   1.043239e+01   1.225135e-02   2.428622e-02   185018
  4.185115e+01   1.045159e+01   1.226437e-02   2.478052e-02   175918
  4.189365e+01   1.053770e+01   1.227339e-02   2.584748e-02   166992
  4.193617e+01   1.060894e+01   1.228038e-02   2.668706e-02   158294
  4.197870e+01   1.060967e+01   1.228439e-02   2.744577e-02   149842
  4.202124e+01   1.071322e+01   1.227461e-02   2.844641e-02   141530
  4.206372e+01   1.087597e+01   1.224204e-02   2.982344e-02   133284
  4.210617e+01   1.085992e+01   1.222942e-02   3.068502e-02   125546
  4.214861e+01   1.092303e+01   1.220458e-02   3.180621e-02   117950
  4.219103e+01   1.097693e+01   1.219441e-02   3.279878e-02   110746
  4.223344e+01   1.102699e+01   1.215920e-02   3.452259e-02   103572
  4.227581e+01   1.115001e+01   1.214429e-02   3.584262e-02   96818
  4.231818e+01   1.122670e+01   1.212533e-02   3.712553e-02   90262
  4.236054e+01   1.125758e+01   1.210927e-02   3.903453e-02   83970
  4.240287e+01   1.137606e+01   1.207941e-02   4.086253e-02   77846
  4.244517e+01   1.146918e+01   1.204821e-02   4.263509e-02   71984
  4.248745e+01   1.160842e+01   1.202292e-02   4.529969e-02   66398
  4.252973e+01   1.155215e+01   1.200147e-02   4.673721e-02   61058
  4.257200e+01   1.183642e+01   1.198286e-02   4.991277e-02   55958
  4.261428e+01   1.176580e+01   1.196279e-02   5.206484e-02   51082
  4.265654e+01   1.170711e+01   1.192707e-02   5.432859e-02   46398
  4.269877e+01   1.200922e+01   1.188372e-02   5.824138e-02   41954
  4.274096e+01   1.209610e+01   1.182018e-02   6.179610e-02   37718
  4.278311e+01   1.198521e+01   1.175253e-02   6.581816e-02   33736
  4.282524e+01   1.222803e+01   1.169132e-02   7.020053e-02   30006
  4.286737e+01   1.249139e+01   1.164907e-02   7.622521e-02   26522
  4.290955e+01   1.224481e+01   1.162191e-02   7.969129e-02   23254
  4.295172e+01   1.238142e+01   1.158330e-02   8.712712e-02   20178
  4.299391e+01   1.265651e+01   1.156315e-02   9.829323e-02   17342
  4.303612e+01   1.272772e+01   1.154632e-02   1.047935e-01   14714
  4.307837e+01   1.301716e+01   1.155162e-02   1.140228e-01   12310
  4.312059e+01   1.272864e+01   1.152174e-02   1.294969e-01   10098
  4.316283e+01   1.290108e+01   1.151731e-02   1.414158e-01   8126
  4.320507e+01   1.330725e+01   1.151119e-02   1.691795e-01   6362
  4.324736e+01   1.306309e+01   1.155455e-02   1.893952e-01   4822
  4.328956e+01   1.340506e+01   1.148980e-02   2.248582e-01   3474
  4.333169e+01   1.278385e+01   1.147690e-02   2.588905e-01   2366
  4.337376e+01   1.400605e+01   1.144014e-02   3.816013e-01   1466
  4.341590e+01   1.394490e+01   1.170054e-02   4.603286e-01   790
  4.345704e+01   1.252805e+01   1.106884e-02   5.900513e-01   306
  4.349554e+01   1.505933e+01   9.430857e-03   1.468311e+00   62
