# cross spectrum of phi(z1) and phi(z2)
# redshift z=4.996894
# k              Pk             sigma(k)       sigma(Pk)      count
  3.132125e-02   7.249989e-11   4.792454e-03   1.992748e-11   18
  6.745391e-02   3.392431e-11   1.159167e-02   3.384566e-12   152
  1.090113e-01   1.184680e-11   1.224347e-02   5.787645e-13   416
  1.497134e-01   5.175211e-12   1.165022e-02   2.007829e-13   770
  1.923472e-01   2.667939e-12   1.247860e-02   8.021216e-14   1364
  2.350444e-01   1.391874e-12   1.221820e-02   3.249248e-14   1976
  2.775930e-01   8.862314e-13   1.245022e-02   1.732670e-14   2792
  3.193857e-01   5.763070e-13   1.188722e-02   1.005398e-14   3578
  3.615292e-01   3.931371e-13   1.219808e-02   5.968751e-15   4724
  4.045273e-01   2.801213e-13   1.253838e-02   3.860258e-15   6032
  4.469941e-01   2.007999e-13   1.206640e-02   2.597873e-15   7072
  4.890810e-01   1.509839e-13   1.222555e-02   1.766302e-15   8634
  5.318886e-01   1.163997e-13   1.238102e-02   1.249658e-15   10336
  5.746708e-01   8.929191e-14   1.232804e-02   8.730756e-16   11940
  6.167490e-01   7.015653e-14   1.208586e-02   6.750194e-16   13490
  6.588740e-01   5.640837e-14   1.221778e-02   4.962656e-16   15656
  7.016595e-01   4.460799e-14   1.241043e-02   3.759280e-16   18008
  7.443680e-01   3.617309e-14   1.227786e-02   2.959335e-16   19964
  7.867827e-01   2.961943e-14   1.226437e-02   2.333571e-16   22354
  8.291404e-01   2.401744e-14   1.212327e-02   1.841786e-16   24648
  8.716536e-01   1.984977e-14   1.233244e-02   1.453063e-16   27592
  9.142068e-01   1.667765e-14   1.230127e-02   1.200665e-16   30152
  9.566749e-01   1.401689e-14   1.227622e-02   9.792726e-17   33046
  9.991233e-01   1.191066e-14   1.221538e-02   8.261350e-17   35992
  1.041693e+00   9.991173e-15   1.229906e-02   6.822702e-17   39304
  1.084289e+00   8.629576e-15   1.232858e-02   5.726789e-17   42608
  1.126820e+00   7.252166e-15   1.223307e-02   4.877247e-17   45758
  1.169340e+00   6.148046e-15   1.228914e-02   4.105402e-17   49536
  1.211695e+00   5.291499e-15   1.215683e-02   3.518217e-17   52488
  1.254054e+00   4.549282e-15   1.233851e-02   3.042573e-17   57034
  1.296605e+00   3.812060e-15   1.224458e-02   2.542943e-17   60648
  1.339187e+00   3.338877e-15   1.230532e-02   2.227976e-17   65044
  1.381689e+00   2.937705e-15   1.223104e-02   1.946354e-17   68720
  1.424202e+00   2.488238e-15   1.231312e-02   1.707433e-17   73538
  1.466870e+00   2.175104e-15   1.230776e-02   1.492624e-17   78080
  1.509304e+00   1.901594e-15   1.215944e-02   1.335695e-17   81572
  1.551677e+00   1.633607e-15   1.232495e-02   1.168836e-17   87248
  1.594353e+00   1.418791e-15   1.233837e-02   1.037597e-17   92266
  1.636929e+00   1.245103e-15   1.225268e-02   9.305318e-18   96696
  1.679216e+00   1.078008e-15   1.215041e-02   8.282066e-18   100904
  1.721516e+00   9.457333e-16   1.226207e-02   7.475646e-18   107036
  1.764192e+00   8.160081e-16   1.235795e-02   6.669195e-18   113362
  1.806923e+00   7.117708e-16   1.228837e-02   6.015639e-18   118176
  1.849351e+00   6.238314e-16   1.221864e-02   5.494554e-18   122944
  1.891857e+00   5.478989e-16   1.233203e-02   4.957259e-18   129902
  1.934420e+00   4.633323e-16   1.224691e-02   4.473083e-18   134944
  1.976863e+00   4.110514e-16   1.225992e-02   4.127766e-18   140952
  2.019285e+00   3.539857e-16   1.225865e-02   3.756869e-18   147072
  2.061737e+00   3.134975e-16   1.224320e-02   3.418411e-18   153382
  2.104357e+00   2.734948e-16   1.233049e-02   3.119293e-18   160952
  2.147003e+00   2.404235e-16   1.228118e-02   2.868331e-18   166640
  2.189431e+00   2.090902e-16   1.222861e-02   2.643729e-18   172448
  2.231915e+00   1.807648e-16   1.231031e-02   2.444773e-18   180594
  2.274471e+00   1.551772e-16   1.224284e-02   2.268535e-18   186556
  2.316888e+00   1.414777e-16   1.225358e-02   2.080660e-18   193528
  2.359297e+00   1.202922e-16   1.224273e-02   1.937221e-18   200626
  2.401844e+00   1.056604e-16   1.230642e-02   1.792584e-18   209256
  2.444460e+00   9.161348e-17   1.227865e-02   1.671093e-18   216020
  2.487004e+00   7.878313e-17   1.230299e-02   1.555330e-18   223768
  2.529444e+00   6.567229e-17   1.222313e-02   1.451421e-18   230234
  2.571955e+00   5.876628e-17   1.229969e-02   1.347828e-18   239800
  2.614499e+00   5.326319e-17   1.225221e-02   1.249231e-18   246568
  2.656957e+00   4.856636e-17   1.227331e-02   1.174600e-18   254828
  2.699414e+00   4.168539e-17   1.225769e-02   1.100689e-18   263074
  2.741981e+00   3.622428e-17   1.228604e-02   1.026077e-18   272312
  2.784554e+00   3.113437e-17   1.228079e-02   9.651396e-19   280376
  2.827093e+00   2.669909e-17   1.228600e-02   9.045411e-19   288884
  2.869605e+00   2.023723e-17   1.227401e-02   8.500259e-19   297602
  2.912071e+00   2.026319e-17   1.223046e-02   8.033075e-19   305520
  2.954561e+00   1.777614e-17   1.230079e-02   7.530482e-19   315976
  2.996984e+00   1.591800e-17   1.221089e-02   7.074911e-19   322778
  3.039488e+00   1.419381e-17   1.232008e-02   6.718926e-19   335372
  3.082114e+00   1.186182e-17   1.227327e-02   6.333120e-19   343464
  3.124654e+00   1.188645e-17   1.228282e-02   5.961841e-19   352912
  3.167174e+00   7.794914e-18   1.228199e-02   5.644149e-19   362666
  3.209689e+00   8.892234e-18   1.225476e-02   5.349986e-19   371884
  3.252186e+00   6.880700e-18   1.227971e-02   5.071634e-19   382280
  3.294633e+00   6.276585e-18   1.224302e-02   4.803053e-19   390888
  3.337059e+00   5.652284e-18   1.226867e-02   4.541025e-19   402234
  3.379565e+00   5.250646e-18   1.225933e-02   4.311851e-19   412576
  3.422105e+00   4.580300e-18   1.228715e-02   4.087617e-19   423732
  3.464636e+00   3.619742e-18   1.227257e-02   3.892650e-19   433624
  3.507180e+00   3.457960e-18   1.228881e-02   3.678872e-19   445154
  3.549739e+00   2.307894e-18   1.227656e-02   3.519160e-19   455584
  3.592238e+00   2.029967e-18   1.225887e-02   3.344741e-19   465588
  3.634685e+00   2.248424e-18   1.226065e-02   3.176968e-19   476762
  3.677219e+00   1.933838e-18   1.229242e-02   3.030751e-19   489552
  3.719789e+00   1.888020e-18   1.227853e-02   2.893633e-19   500328
  3.762251e+00   1.555166e-18   1.223705e-02   2.780890e-19   509852
  3.804741e+00   1.030122e-18   1.229735e-02   2.632626e-19   524234
  3.847275e+00   1.478886e-18   1.224781e-02   2.524352e-19   534104
  3.889779e+00   1.368823e-18   1.228211e-02   2.404650e-19   547048
  3.932320e+00   1.047510e-18   1.229545e-02   2.296891e-19   559328
  3.974872e+00   1.619522e-18   1.228346e-02   2.197306e-19   571326
  4.017355e+00   6.838264e-19   1.224147e-02   2.099170e-19   581920
  4.059804e+00   6.427847e-19   1.225835e-02   2.011867e-19   594832
  4.102282e+00   7.652610e-19   1.227222e-02   1.931889e-19   608048
  4.144825e+00   5.865581e-19   1.228101e-02   1.842477e-19   621526
  4.187356e+00   7.086187e-19   1.226445e-02   1.771723e-19   633240
  4.229822e+00   7.435127e-19   1.225981e-02   1.702886e-19   645472
  4.272346e+00   5.633900e-19   1.230137e-02   1.627332e-19   660906
  4.314903e+00   5.738768e-19   1.227030e-02   1.552535e-19   672856
  4.357425e+00   2.369725e-19   1.226838e-02   1.497642e-19   685980
  4.399921e+00   5.510823e-19   1.227191e-02   1.437238e-19   699256
  4.442476e+00   5.956246e-19   1.229990e-02   1.378852e-19   714730
  4.484986e+00   3.652775e-19   1.223739e-02   1.330781e-19   725152
  4.527452e+00   3.648805e-19   1.227054e-02   1.277848e-19   740420
  4.569941e+00   1.521378e-19   1.227636e-02   1.229457e-19   754312
  4.612456e+00   6.284603e-19   1.227959e-02   1.179755e-19   769114
  4.654996e+00   1.558829e-19   1.227684e-02   1.135330e-19   783488
  4.697459e+00   3.213224e-19   1.223560e-02   1.097954e-19   794968
  4.739925e+00   2.539212e-19   1.228043e-02   1.057273e-19   812366
  4.782438e+00   9.711440e-20   1.226054e-02   1.017670e-19   825976
  4.825000e+00   3.399094e-19   1.230088e-02   9.819579e-20   843352
  4.867591e+00   4.301143e-19   1.229290e-02   9.460276e-20   857280
  4.910094e+00   3.310285e-19   1.225276e-02   9.118067e-20   869542
  4.952587e+00   2.039624e-19   1.228301e-02   8.776528e-20   887128
  4.995087e+00   1.550804e-19   1.225266e-02   8.504110e-20   900032
  5.037553e+00   -1.004083e-19   1.226951e-02   8.184564e-20   916560
  5.080018e+00   2.955559e-19   1.224713e-02   7.922284e-20   930922
  5.122540e+00   8.998618e-20   1.228718e-02   7.646444e-20   949844
  5.165149e+00   2.594912e-19   1.230776e-02   7.372512e-20   966736
  5.207698e+00   1.288179e-19   1.226328e-02   7.145481e-20   978776
  5.250149e+00   -6.850888e-20   1.225655e-02   6.908299e-20   994522
  5.292642e+00   1.114019e-19   1.227563e-02   6.671992e-20   1012420
  5.335176e+00   1.287479e-19   1.228639e-02   6.433730e-20   1029408
  5.377640e+00   8.427734e-20   1.223362e-02   6.243816e-20   1041658
  5.420127e+00   2.346308e-19   1.228953e-02   6.037085e-20   1063520
  5.462635e+00   7.818582e-20   1.224276e-02   5.869106e-20   1075808
  5.505175e+00   1.914579e-19   1.232008e-02   5.661336e-20   1098956
  5.547712e+00   1.508551e-19   1.224668e-02   5.484948e-20   1109810
  5.590179e+00   2.742091e-20   1.226115e-02   5.298274e-20   1128608
  5.632713e+00   1.231254e-19   1.229436e-02   5.141584e-20   1148264
  5.675250e+00   9.200836e-20   1.227167e-02   4.988898e-20   1163252
  5.717744e+00   1.214413e-19   1.226828e-02   4.833272e-20   1181042
  5.760239e+00   9.320290e-20   1.225730e-02   4.671589e-20   1197848
  5.802769e+00   4.757858e-20   1.229495e-02   4.537745e-20   1218848
  5.845291e+00   4.160220e-20   1.225944e-02   4.402975e-20   1232916
  5.887780e+00   4.034166e-20   1.227538e-02   4.273329e-20   1253002
  5.930266e+00   1.444307e-20   1.224914e-02   4.157380e-20   1268576
  5.972763e+00   1.182858e-19   1.228621e-02   4.029882e-20   1290128
  6.015287e+00   -8.316210e-20   1.227337e-02   3.904691e-20   1307402
  6.057820e+00   -2.087251e-20   1.227649e-02   3.799082e-20   1327028
  6.100333e+00   -6.302411e-20   1.225988e-02   3.694143e-20   1343648
  6.142842e+00   -1.288356e-20   1.228087e-02   3.575593e-20   1364096
  6.185363e+00   -3.596135e-20   1.227580e-02   3.474712e-20   1382730
  6.227896e+00   -7.413147e-20   1.227503e-02   3.386892e-20   1402164
  6.270416e+00   -6.749634e-20   1.227264e-02   3.280472e-20   1420464
  6.312883e+00   -3.157109e-20   1.225519e-02   3.197984e-20   1437368
  6.355387e+00   5.909902e-20   1.228857e-02   3.096040e-20   1461530
  6.397919e+00   -1.861099e-20   1.226028e-02   3.021032e-20   1478264
  6.440432e+00   2.720621e-20   1.227561e-02   2.934002e-20   1499356
  6.482926e+00   -1.987524e-20   1.226095e-02   2.853283e-20   1517016
  6.525439e+00   3.772471e-20   1.228340e-02   2.780202e-20   1540090
  6.567953e+00   -3.347789e-20   1.226146e-02   2.707011e-20   1557360
  6.610434e+00   6.118573e-21   1.226770e-02   2.631949e-20   1577780
  6.652969e+00   4.939307e-21   1.230043e-02   2.559888e-20   1602578
  6.695499e+00   6.905721e-21   1.225417e-02   2.502169e-20   1617672
  6.737992e+00   -4.323049e-20   1.227613e-02   2.426305e-20   1641016
  6.780486e+00   4.425923e-22   1.226032e-02   2.368337e-20   1659416
  6.822983e+00   -1.156369e-19   1.227372e-02   2.305366e-20   1682670
  6.865529e+00   -1.299037e-20   1.228276e-02   2.242821e-20   1705256
  6.908096e+00   4.149732e-20   1.228756e-02   2.184118e-20   1726312
  6.950582e+00   -4.305016e-20   1.225056e-02   2.127375e-20   1741880
  6.993044e+00   -1.997421e-20   1.226862e-02   2.079539e-20   1766454
  7.035588e+00   -1.546613e-20   1.229242e-02   2.025289e-20   1791784
  7.078111e+00   -1.355355e-20   1.225558e-02   1.971891e-20   1807712
  7.120554e+00   -4.863414e-20   1.225110e-02   1.924915e-20   1829002
  7.163037e+00   -7.873809e-20   1.226905e-02   1.878074e-20   1854216
  7.205602e+00   -3.651169e-20   1.229852e-02   1.829924e-20   1880156
  7.248150e+00   -4.914684e-20   1.227340e-02   1.785284e-20   1897568
  7.290651e+00   -2.792283e-20   1.227390e-02   1.738910e-20   1920458
  7.333153e+00   -1.706403e-20   1.226399e-02   1.692288e-20   1942208
  7.375659e+00   -1.961568e-20   1.227125e-02   1.657875e-20   1965612
  7.418175e+00   -6.432315e-21   1.227855e-02   1.620754e-20   1989000
  7.460671e+00   -8.813637e-22   1.225786e-02   1.580613e-20   2009114
  7.503166e+00   -1.191014e-20   1.226960e-02   1.541637e-20   2034464
  7.545695e+00   -4.138835e-20   1.228070e-02   1.506919e-20   2058476
  7.588207e+00   -3.190844e-20   1.227216e-02   1.467725e-20   2079648
  7.630693e+00   -2.032806e-20   1.226356e-02   1.434477e-20   2102578
  7.673222e+00   -1.668840e-20   1.228297e-02   1.399201e-20   2129928
  7.715766e+00   -5.761187e-20   1.227893e-02   1.368564e-20   2152096
  7.758252e+00   -2.124506e-20   1.225143e-02   1.336312e-20   2171142
  7.800741e+00   1.474307e-21   1.227660e-02   1.303873e-20   2200248
  7.843296e+00   -4.405428e-20   1.228407e-02   1.273772e-20   2225216
  7.885842e+00   -2.505882e-20   1.228377e-02   1.247538e-20   2248448
  7.928336e+00   -3.402202e-20   1.225709e-02   1.220877e-20   2267942
  7.970840e+00   -1.711936e-20   1.228420e-02   1.187812e-20   2298072
  8.013348e+00   -3.233240e-21   1.225627e-02   1.164889e-20   2317272
  8.055842e+00   -3.670469e-20   1.227899e-02   1.139191e-20   2345808
  8.098322e+00   -9.564673e-21   1.224988e-02   1.113673e-20   2365650
  8.140823e+00   -2.143554e-20   1.227972e-02   1.089758e-20   2396940
  8.183368e+00   -1.447229e-20   1.227975e-02   1.065851e-20   2421272
  8.225892e+00   2.870498e-20   1.227360e-02   1.041333e-20   2444576
  8.268407e+00   9.086258e-21   1.227899e-02   1.015963e-20   2471490
  8.310912e+00   2.840229e-20   1.225942e-02   9.956700e-21   2493180
  8.353397e+00   -1.384009e-20   1.227208e-02   9.756327e-21   2520952
  8.395888e+00   3.476356e-21   1.226128e-02   9.527329e-21   2544946
  8.438392e+00   -1.577058e-20   1.227324e-02   9.338877e-21   2573856
  8.480922e+00   -1.044311e-20   1.227611e-02   9.123867e-21   2600016
  8.523447e+00   -3.492563e-20   1.227641e-02   8.925750e-21   2625484
  8.565959e+00   9.693490e-21   1.227232e-02   8.750276e-21   2651122
  8.608519e+00   -2.078260e-20   1.229739e-02   8.554681e-21   2683488
  8.651014e+00   4.381162e-21   1.223786e-02   8.396784e-21   2696352
  8.693483e+00   -9.040116e-21   1.228468e-02   8.217981e-21   2733020
  8.736008e+00   -6.015001e-21   1.227012e-02   8.039801e-21   2757378
  8.778525e+00   1.180587e-20   1.227177e-02   7.865801e-21   2784864
  8.821036e+00   9.690779e-22   1.227124e-02   7.705816e-21   2811168
  8.863496e+00   6.636299e-21   1.224424e-02   7.555788e-21   2832274
  8.906020e+00   3.033543e-21   1.230244e-02   7.382162e-21   2873636
  8.948567e+00   8.923546e-21   1.225951e-02   7.231055e-21   2890496
  8.991066e+00   1.171468e-20   1.227940e-02   7.094337e-21   2921800
  9.033598e+00   1.870027e-20   1.228441e-02   6.956968e-21   2951298
  9.076126e+00   1.130597e-20   1.226510e-02   6.810712e-21   2975476
  9.118654e+00   1.491213e-20   1.228550e-02   6.667655e-21   3007728
  9.161142e+00   -8.193636e-21   1.224754e-02   6.555357e-21   3025776
  9.203640e+00   5.009637e-21   1.229182e-02   6.403329e-21   3065762
  9.246160e+00   2.212705e-22   1.225283e-02   6.304134e-21   3084856
  9.288649e+00   -2.860858e-21   1.227594e-02   6.169714e-21   3118044
  9.331129e+00   -7.470304e-21   1.225728e-02   6.040891e-21   3141352
  9.373640e+00   9.631954e-21   1.228814e-02   5.916064e-21   3179274
  9.416185e+00   -1.341630e-20   1.227073e-02   5.806109e-21   3204120
  9.458671e+00   8.805167e-21   1.225444e-02   5.696722e-21   3227900
  9.501151e+00   -2.052277e-22   1.227489e-02   5.583560e-21   3262394
  9.543701e+00   -1.212442e-20   1.228726e-02   5.467451e-21   3295680
  9.586236e+00   7.887266e-22   1.226866e-02   5.376368e-21   3319560
  9.628737e+00   -9.589791e-21   1.227228e-02   5.280805e-21   3348972
  9.671240e+00   -4.051248e-21   1.227416e-02   5.168714e-21   3379722
  9.713763e+00   4.467520e-21   1.227339e-02   5.063718e-21   3410720
  9.756299e+00   -3.956183e-21   1.227807e-02   4.969028e-21   3441504
  9.798787e+00   -4.424233e-21   1.225320e-02   4.877611e-21   3463624
  9.841266e+00   -7.119442e-21   1.227217e-02   4.791660e-21   3499790
  9.883803e+00   -1.835931e-20   1.228281e-02   4.696614e-21   3533560
  9.926350e+00   -5.398838e-22   1.227932e-02   4.610264e-21   3561920
  9.968836e+00   -1.121968e-20   1.225683e-02   4.528116e-21   3585208
  1.001132e+01   -1.531340e-20   1.227674e-02   4.446130e-21   3622518
  1.005387e+01   -6.304596e-21   1.228938e-02   4.352792e-21   3657584
  1.009637e+01   -1.688323e-21   1.225003e-02   4.281120e-21   3676440
  1.013883e+01   5.646214e-21   1.226093e-02   4.202222e-21   3711282
  1.018134e+01   -1.091797e-20   1.227505e-02   4.121571e-21   3747696
  1.022386e+01   -1.070928e-20   1.226890e-02   4.047956e-21   3776188
  1.026640e+01   -2.872798e-20   1.229793e-02   3.971564e-21   3815304
  1.030893e+01   -1.807061e-20   1.225864e-02   3.907099e-21   3835370
  1.035143e+01   -2.369002e-20   1.227570e-02   3.839643e-21   3873424
  1.039395e+01   -1.454990e-20   1.227191e-02   3.768461e-21   3903420
  1.043647e+01   -1.447445e-20   1.228014e-02   3.693623e-21   3937624
  1.047898e+01   -1.982893e-20   1.226404e-02   3.629126e-21   3965658
  1.052150e+01   -2.541233e-20   1.227921e-02   3.561149e-21   4002984
  1.056400e+01   -2.334600e-20   1.226054e-02   3.506576e-21   4027928
  1.060647e+01   -2.439564e-20   1.225976e-02   3.438174e-21   4059844
  1.064896e+01   -2.766823e-20   1.227978e-02   3.377984e-21   4100338
  1.069151e+01   -2.876963e-20   1.227651e-02   3.324948e-21   4132264
  1.073403e+01   -3.022641e-20   1.227390e-02   3.260031e-21   4163216
  1.077652e+01   -1.914006e-20   1.226459e-02   3.206276e-21   4193350
  1.081904e+01   -2.643850e-20   1.228427e-02   3.152630e-21   4234456
  1.086156e+01   -2.689166e-20   1.225632e-02   3.100151e-21   4257264
  1.090405e+01   -2.276769e-20   1.227910e-02   3.042413e-21   4297352
  1.094656e+01   -3.316978e-20   1.226998e-02   2.991842e-21   4328642
  1.098909e+01   -3.190727e-20   1.228265e-02   2.935857e-21   4367948
  1.103158e+01   -3.234851e-20   1.224720e-02   2.894985e-21   4388384
  1.107408e+01   -3.299986e-20   1.228899e-02   2.843685e-21   4436648
  1.111661e+01   -3.568676e-20   1.227199e-02   2.793870e-21   4465658
  1.115915e+01   -3.534603e-20   1.227871e-02   2.745338e-21   4502948
  1.120165e+01   -3.603222e-20   1.225915e-02   2.700991e-21   4528880
  1.124413e+01   -3.556000e-20   1.226872e-02   2.649774e-21   4566290
  1.128665e+01   -3.744154e-20   1.228262e-02   2.607574e-21   4606856
  1.132917e+01   -3.620604e-20   1.226621e-02   2.567881e-21   4635380
  1.137166e+01   -3.266937e-20   1.226853e-02   2.526303e-21   4670384
  1.141417e+01   -3.085724e-20   1.227665e-02   2.483321e-21   4709258
  1.145672e+01   -4.348965e-20   1.228130e-02   2.438314e-21   4747352
  1.149922e+01   -4.149345e-20   1.225462e-02   2.403904e-21   4771664
  1.154171e+01   -4.641273e-20   1.227440e-02   2.359352e-21   4813532
  1.158423e+01   -4.024105e-20   1.228175e-02   2.317975e-21   4852322
  1.162677e+01   -3.302597e-20   1.227605e-02   2.283383e-21   4886480
  1.166928e+01   -4.053611e-20   1.226516e-02   2.250611e-21   4917248
  1.171175e+01   -3.802046e-20   1.226039e-02   2.215207e-21   4950828
  1.175428e+01   -4.665114e-20   1.229115e-02   2.172726e-21   5000170
  1.179682e+01   -4.313378e-20   1.226743e-02   2.141299e-21   5026952
  1.183930e+01   -3.377123e-20   1.225870e-02   2.102874e-21   5058752
  1.188178e+01   -4.281921e-20   1.227096e-02   2.069747e-21   5100722
  1.192431e+01   -4.186271e-20   1.227592e-02   2.038742e-21   5140124
  1.196682e+01   -3.978680e-20   1.227175e-02   2.005938e-21   5174072
  1.200934e+01   -4.186830e-20   1.227571e-02   1.973240e-21   5211608
  1.205185e+01   -3.494083e-20   1.227167e-02   1.944631e-21   5247794
  1.209436e+01   -3.594794e-20   1.226763e-02   1.911408e-21   5284196
  1.213689e+01   -3.722423e-20   1.228663e-02   1.877960e-21   5328800
  1.217939e+01   -3.714201e-20   1.225244e-02   1.852504e-21   5350872
  1.222188e+01   -3.629561e-20   1.227843e-02   1.822033e-21   5400634
  1.226439e+01   -3.325898e-20   1.226116e-02   1.794602e-21   5430968
  1.230690e+01   -3.376459e-20   1.228074e-02   1.765959e-21   5475908
  1.234942e+01   -3.224427e-20   1.227341e-02   1.739149e-21   5510016
  1.239194e+01   -3.216168e-20   1.227878e-02   1.712188e-21   5552114
  1.243448e+01   -3.364571e-20   1.227536e-02   1.684809e-21   5588944
  1.247700e+01   -2.826011e-20   1.227081e-02   1.658854e-21   5623828
  1.251949e+01   -3.073856e-20   1.226652e-02   1.634896e-21   5660722
  1.256199e+01   -2.944282e-20   1.226569e-02   1.609694e-21   5699896
  1.260450e+01   -2.611225e-20   1.227587e-02   1.584243e-21   5741936
  1.264701e+01   -2.717803e-20   1.227604e-02   1.559630e-21   5779568
  1.268952e+01   -2.762401e-20   1.227056e-02   1.536482e-21   5817222
  1.273202e+01   -2.740331e-20   1.226405e-02   1.511489e-21   5854600
  1.277454e+01   -2.709092e-20   1.227916e-02   1.489983e-21   5900040
  1.281705e+01   -2.496926e-20   1.226601e-02   1.465283e-21   5931976
  1.285956e+01   -2.639601e-20   1.228040e-02   1.444611e-21   5979390
  1.290207e+01   -2.448149e-20   1.226129e-02   1.423099e-21   6010200
  1.294458e+01   -2.256226e-20   1.227731e-02   1.401887e-21   6056496
  1.298708e+01   -2.338388e-20   1.226484e-02   1.379963e-21   6089504
  1.302958e+01   -2.383664e-20   1.227756e-02   1.360291e-21   6137114
  1.307210e+01   -2.114595e-20   1.226880e-02   1.338513e-21   6173332
  1.311461e+01   -2.189462e-20   1.227153e-02   1.319582e-21   6214128
  1.315711e+01   -2.205998e-20   1.226922e-02   1.298958e-21   6253874
  1.319964e+01   -1.674131e-20   1.227851e-02   1.281829e-21   6300104
  1.324216e+01   -2.062488e-20   1.226546e-02   1.263203e-21   6332612
  1.328467e+01   -1.619428e-20   1.228096e-02   1.242935e-21   6379768
  1.332719e+01   -1.705382e-20   1.227439e-02   1.225927e-21   6418218
  1.336971e+01   -1.683025e-20   1.227344e-02   1.208616e-21   6459880
  1.341221e+01   -1.416812e-20   1.226446e-02   1.191691e-21   6495652
  1.345472e+01   -1.556067e-20   1.228092e-02   1.171310e-21   6545296
  1.349724e+01   -1.695547e-20   1.226891e-02   1.157208e-21   6581570
  1.353974e+01   -1.441735e-20   1.226098e-02   1.138810e-21   6618960
  1.358222e+01   -1.599899e-20   1.226863e-02   1.122564e-21   6663352
  1.362471e+01   -1.193981e-20   1.226151e-02   1.107778e-21   6701334
  1.366724e+01   -1.137953e-20   1.229005e-02   1.088846e-21   6759920
  1.370978e+01   -1.183234e-20   1.226871e-02   1.074237e-21   6789696
  1.375229e+01   -1.210650e-20   1.227982e-02   1.059946e-21   6837208
  1.379481e+01   -7.072534e-21   1.226997e-02   1.043909e-21   6874966
  1.383733e+01   -7.621619e-21   1.227445e-02   1.028938e-21   6920864
  1.387984e+01   -7.486357e-21   1.226703e-02   1.014862e-21   6957816
  1.392234e+01   -7.944637e-21   1.227258e-02   9.990698e-22   7002232
  1.396483e+01   -1.044838e-20   1.226616e-02   9.853667e-22   7043114
  1.400736e+01   -6.966435e-21   1.228161e-02   9.723380e-22   7096020
  1.404988e+01   -9.194976e-21   1.226958e-02   9.582610e-22   7130640
  1.409239e+01   -6.019526e-21   1.227310e-02   9.452211e-22   7175472
  1.413489e+01   -6.048309e-21   1.226899e-02   9.323824e-22   7217786
  1.417741e+01   -6.678240e-21   1.227600e-02   9.184477e-22   7265564
  1.421992e+01   -6.370708e-21   1.226528e-02   9.062299e-22   7301288
  1.426240e+01   -5.705423e-21   1.226550e-02   8.939337e-22   7345330
  1.430491e+01   -7.178757e-21   1.227621e-02   8.814933e-22   7397048
  1.434743e+01   -4.801607e-21   1.226815e-02   8.688379e-22   7435920
  1.438994e+01   -5.659205e-21   1.227688e-02   8.575150e-22   7484140
  1.443245e+01   -4.338582e-21   1.227057e-02   8.460326e-22   7525578
  1.447497e+01   -5.763504e-21   1.227007e-02   8.339215e-22   7571376
  1.451748e+01   -4.915664e-21   1.227392e-02   8.224916e-22   7617064
  1.456001e+01   -2.768958e-21   1.227782e-02   8.111219e-22   7662092
  1.460251e+01   -5.591804e-21   1.226530e-02   8.007668e-22   7699658
  1.464502e+01   -4.353014e-21   1.227578e-02   7.908474e-22   7752416
  1.468755e+01   -2.127492e-21   1.227763e-02   7.793179e-22   7797776
  1.473004e+01   -6.224704e-21   1.226070e-02   7.688194e-22   7831720
  1.477255e+01   -3.765753e-21   1.227889e-02   7.581263e-22   7889926
  1.481507e+01   -2.046386e-21   1.227192e-02   7.481210e-22   7931480
  1.485759e+01   -2.281938e-21   1.227300e-02   7.388311e-22   7976688
  1.490006e+01   -1.789522e-21   1.225048e-02   7.290022e-22   8007786
  1.494256e+01   -2.767691e-21   1.228133e-02   7.186272e-22   8074564
  1.498510e+01   -2.474691e-21   1.228034e-02   7.090549e-22   8118904
  1.502762e+01   -2.337835e-21   1.226783e-02   6.995217e-22   8155824
  1.507013e+01   -2.478978e-21   1.228256e-02   6.903471e-22   8212802
  1.511265e+01   -2.369378e-21   1.226047e-02   6.819697e-22   8245268
  1.515516e+01   -1.871472e-21   1.228702e-02   6.717039e-22   8308816
  1.519769e+01   -3.569334e-21   1.226520e-02   6.638782e-22   8340304
  1.524017e+01   -2.782554e-21   1.226489e-02   6.551047e-22   8387738
  1.528267e+01   -3.258867e-21   1.226883e-02   6.463837e-22   8437624
  1.532518e+01   -8.385786e-22   1.227531e-02   6.382577e-22   8487796
  1.536768e+01   -2.426525e-21   1.226572e-02   6.299793e-22   8527936
  1.541020e+01   -2.669381e-21   1.227764e-02   6.217586e-22   8585122
  1.545272e+01   -4.056904e-21   1.227170e-02   6.126396e-22   8628200
  1.549524e+01   -1.840591e-21   1.227868e-02   6.048605e-22   8679484
  1.553776e+01   -4.426973e-22   1.226928e-02   5.971808e-22   8721466
  1.558025e+01   -1.563046e-21   1.226318e-02   5.906356e-22   8765840
  1.562277e+01   -9.647902e-22   1.228142e-02   5.817504e-22   8825136
  1.566528e+01   -1.823839e-21   1.226701e-02   5.757608e-22   8861768
  1.570779e+01   -1.211869e-21   1.227728e-02   5.679712e-22   8919278
  1.575031e+01   -1.432572e-21   1.226638e-02   5.597197e-22   8961008
  1.579282e+01   -8.261785e-22   1.227512e-02   5.533636e-22   9014456
  1.583534e+01   -2.270255e-21   1.227527e-02   5.461022e-22   9062240
  1.587786e+01   -1.358325e-21   1.227311e-02   5.397654e-22   9110510
  1.592036e+01   -1.647935e-21   1.226582e-02   5.328952e-22   9154048
  1.596285e+01   -6.794778e-22   1.226281e-02   5.260827e-22   9198928
  1.600534e+01   -7.417556e-22   1.227531e-02   5.195613e-22   9257194
  1.604787e+01   -6.322541e-22   1.227745e-02   5.128150e-22   9310168
  1.609038e+01   -1.477509e-21   1.226530e-02   5.063452e-22   9350316
  1.613289e+01   -2.588757e-21   1.227684e-02   4.999212e-22   9407120
  1.617541e+01   -1.844587e-21   1.227300e-02   4.946806e-22   9454642
  1.621793e+01   -6.686353e-22   1.227362e-02   4.877524e-22   9506272
  1.626044e+01   -2.562692e-21   1.226942e-02   4.814499e-22   9551228
  1.630294e+01   -1.169429e-21   1.227038e-02   4.763460e-22   9600264
  1.634544e+01   -1.024653e-21   1.227012e-02   4.701240e-22   9651458
  1.638796e+01   -5.325139e-22   1.228049e-02   4.642510e-22   9711488
  1.643048e+01   -6.582899e-22   1.226476e-02   4.592573e-22   9749144
  1.647299e+01   -1.240808e-22   1.227613e-02   4.529566e-22   9807908
  1.651550e+01   -1.352900e-21   1.227043e-02   4.479243e-22   9854786
  1.655803e+01   -1.468088e-21   1.228107e-02   4.421590e-22   9914304
  1.660053e+01   -1.478625e-21   1.225867e-02   4.376224e-22   9945544
  1.664301e+01   2.907891e-22   1.226718e-02   4.319669e-22   10003414
  1.668552e+01   3.315751e-22   1.227468e-02   4.268799e-22   10062032
  1.672804e+01   -9.880759e-22   1.227657e-02   4.209817e-22   10114792
  1.677058e+01   -1.164745e-22   1.228180e-02   4.163636e-22   10169936
  1.681307e+01   -1.171951e-21   1.225060e-02   4.114848e-22   10196602
  1.685558e+01   -1.425713e-22   1.228906e-02   4.062126e-22   10281156
  1.689811e+01   6.592158e-23   1.226275e-02   4.018011e-22   10309376
  1.694060e+01   -2.178420e-22   1.227427e-02   3.970833e-22   10369856
  1.698310e+01   -2.532036e-22   1.226425e-02   3.922430e-22   10415370
  1.702562e+01   5.127873e-22   1.228018e-02   3.871651e-22   10481988
  1.706815e+01   1.460876e-22   1.227822e-02   3.830795e-22   10531200
  1.711066e+01   3.466493e-23   1.226163e-02   3.786743e-22   10569416
  1.715315e+01   -8.654547e-22   1.227286e-02   3.739229e-22   10633066
  1.719568e+01   -6.725190e-22   1.227546e-02   3.697570e-22   10687548
  1.723821e+01   -3.818149e-22   1.228168e-02   3.655570e-22   10743968
  1.728072e+01   3.338652e-23   1.226340e-02   3.610162e-22   10782130
  1.732321e+01   -5.235313e-22   1.226438e-02   3.570087e-22   10837792
  1.736571e+01   -1.211661e-21   1.227328e-02   3.526574e-22   10897368
  1.740823e+01   -5.806394e-22   1.227857e-02   3.485607e-22   10953940
  1.745075e+01   3.121478e-22   1.227188e-02   3.448438e-22   11003274
  1.749325e+01   -2.748887e-22   1.226537e-02   3.405894e-22   11052800
  1.753577e+01   -9.442035e-22   1.228039e-02   3.368262e-22   11118176
  1.757829e+01   4.034625e-24   1.227174e-02   3.329303e-22   11162268
  1.762078e+01   -2.229006e-22   1.226447e-02   3.292553e-22   11211458
  1.766328e+01   -5.579698e-22   1.226924e-02   3.254484e-22   11271888
  1.770579e+01   -1.606853e-22   1.227456e-02   3.221086e-22   11329304
  1.774829e+01   1.024182e-21   1.226554e-02   3.180328e-22   11375026
  1.779081e+01   -4.191885e-22   1.227704e-02   3.147979e-22   11442532
  1.783332e+01   3.574172e-22   1.226620e-02   3.111285e-22   11487264
  1.787583e+01   6.361144e-22   1.227239e-02   3.075277e-22   11545680
  1.791835e+01   -3.551358e-22   1.227937e-02   3.040216e-22   11607058
  1.796089e+01   -2.135694e-22   1.227970e-02   3.008101e-22   11664300
  1.800340e+01   -2.914600e-22   1.226785e-02   2.973404e-22   11707488
  1.804590e+01   -1.222562e-22   1.226647e-02   2.941074e-22   11759536
  1.808841e+01   -6.553328e-22   1.228470e-02   2.909413e-22   11833690
  1.813095e+01   -1.980284e-22   1.227017e-02   2.877551e-22   11877808
  1.817345e+01   -1.722456e-23   1.226311e-02   2.846746e-22   11925836
  1.821595e+01   -1.004065e-22   1.227560e-02   2.812825e-22   11992168
  1.825846e+01   -9.777720e-23   1.227114e-02   2.782301e-22   12044554
  1.830097e+01   -2.728602e-23   1.226867e-02   2.754920e-22   12098976
  1.834346e+01   -3.935674e-23   1.226469e-02   2.724822e-22   12149996
  1.838595e+01   1.152328e-22   1.226815e-02   2.691605e-22   12209594
  1.842847e+01   3.303560e-22   1.227993e-02   2.665391e-22   12279272
  1.847101e+01   -2.985955e-22   1.228002e-02   2.635868e-22   12336072
  1.851353e+01   1.917001e-22   1.226966e-02   2.608608e-22   12381744
  1.855604e+01   2.791556e-22   1.227227e-02   2.581022e-22   12441590
  1.859855e+01   -3.167239e-23   1.227023e-02   2.551639e-22   12497256
  1.864105e+01   3.943283e-22   1.226730e-02   2.525451e-22   12550032
  1.868353e+01   5.394675e-22   1.226474e-02   2.498128e-22   12603936
  1.872603e+01   4.754733e-22   1.227245e-02   2.472297e-22   12671230
  1.876857e+01   3.408300e-22   1.228331e-02   2.445712e-22   12740920
  1.881110e+01   4.635577e-22   1.227107e-02   2.415192e-22   12784560
  1.885359e+01   4.570835e-22   1.226358e-02   2.394178e-22   12834176
  1.889610e+01   2.739022e-22   1.227865e-02   2.372012e-22   12909006
  1.893863e+01   1.191532e-21   1.227235e-02   2.343961e-22   12959680
  1.898113e+01   2.984824e-22   1.227020e-02   2.319514e-22   13014232
  1.902364e+01   1.499396e-22   1.227262e-02   2.293774e-22   13076514
  1.906614e+01   2.176365e-22   1.226274e-02   2.275269e-22   13127112
  1.910866e+01   5.541768e-22   1.228266e-02   2.247534e-22   13205852
  1.915119e+01   1.495281e-22   1.227282e-02   2.227740e-22   13252032
  1.919369e+01   5.949904e-22   1.226787e-02   2.204578e-22   13307450
  1.923620e+01   7.402773e-22   1.227402e-02   2.180525e-22   13374160
  1.927872e+01   -2.171442e-22   1.227027e-02   2.160972e-22   13426348
  1.932123e+01   5.316928e-23   1.227853e-02   2.136012e-22   13492760
  1.936373e+01   3.114748e-22   1.226457e-02   2.117006e-22   13539546
  1.940624e+01   4.329970e-22   1.227335e-02   2.092035e-22   13610704
  1.944875e+01   -3.937304e-22   1.226734e-02   2.073364e-22   13662024
  1.949125e+01   2.193024e-22   1.227299e-02   2.053052e-22   13727492
  1.953377e+01   3.419154e-23   1.227644e-02   2.032570e-22   13793394
  1.957629e+01   2.057950e-22   1.226862e-02   2.012125e-22   13844456
  1.961880e+01   2.636231e-23   1.227171e-02   1.991460e-22   13905184
  1.966130e+01   2.643207e-22   1.227189e-02   1.970406e-22   13965958
  1.970381e+01   1.249456e-22   1.226859e-02   1.954187e-22   14025192
  1.974632e+01   1.076363e-22   1.227581e-02   1.933330e-22   14093768
  1.978884e+01   -3.288805e-22   1.227382e-02   1.915781e-22   14150440
  1.983136e+01   -4.153280e-22   1.227452e-02   1.896266e-22   14213450
  1.987387e+01   3.179949e-22   1.226691e-02   1.880844e-22   14267036
  1.991638e+01   1.252225e-22   1.227427e-02   1.860436e-22   14335032
  1.995889e+01   -1.869886e-23   1.226837e-02   1.842886e-22   14387664
  2.000139e+01   3.080362e-22   1.227308e-02   1.824397e-22   14455698
  2.004391e+01   1.542758e-22   1.227471e-02   1.807790e-22   14520452
  2.008643e+01   -8.777776e-23   1.227399e-02   1.791087e-22   14580272
  2.012893e+01   -5.944106e-23   1.226246e-02   1.773809e-22   14628050
  2.017144e+01   2.900975e-23   1.228393e-02   1.756465e-22   14716744
  2.021396e+01   1.344487e-22   1.226163e-02   1.743071e-22   14751712
  2.025646e+01   3.923195e-22   1.227782e-02   1.722376e-22   14831620
  2.029896e+01   3.603279e-22   1.226188e-02   1.710744e-22   14875522
  2.034146e+01   2.287705e-22   1.227585e-02   1.692614e-22   14956720
  2.038398e+01   -1.987849e-23   1.226799e-02   1.674480e-22   15008272
  2.042648e+01   1.031772e-22   1.227113e-02   1.662132e-22   15073780
  2.046899e+01   -7.221417e-23   1.227601e-02   1.645477e-22   15144866
  2.051153e+01   5.920741e-22   1.228021e-02   1.630190e-22   15213872
  2.055406e+01   -2.520782e-22   1.227172e-02   1.615164e-22   15263976
  2.059656e+01   3.331860e-22   1.226689e-02   1.602202e-22   15320236
  2.063907e+01   -2.659679e-23   1.227747e-02   1.587901e-22   15398322
  2.068159e+01   1.900825e-22   1.226849e-02   1.573732e-22   15450864
  2.072409e+01   -5.208258e-23   1.226949e-02   1.557737e-22   15513888
  2.076658e+01   6.016751e-23   1.226638e-02   1.544290e-22   15574626
  2.080910e+01   7.314445e-23   1.227957e-02   1.530956e-22   15657956
  2.085162e+01   8.894090e-23   1.226694e-02   1.517390e-22   15704248
  2.089412e+01   4.199997e-22   1.227405e-02   1.503381e-22   15774824
  2.093664e+01   4.630129e-22   1.227741e-02   1.492557e-22   15844898
  2.097916e+01   4.346426e-23   1.226797e-02   1.478384e-22   15898956
  2.102166e+01   7.197326e-23   1.226837e-02   1.467046e-22   15961768
  2.106416e+01   -1.261521e-23   1.227392e-02   1.453531e-22   16032208
  2.110668e+01   7.867161e-23   1.227386e-02   1.441388e-22   16099530
  2.114918e+01   3.328227e-23   1.226342e-02   1.428535e-22   16152712
  2.119169e+01   1.302563e-23   1.227877e-02   1.414413e-22   16235740
  2.123421e+01   3.021687e-22   1.227090e-02   1.403488e-22   16288856
  2.127673e+01   -1.213741e-22   1.227763e-02   1.392933e-22   16365074
  2.131925e+01   -9.845776e-23   1.226826e-02   1.381857e-22   16418248
  2.136173e+01   1.064191e-22   1.226229e-02   1.371168e-22   16473180
  2.140423e+01   1.423170e-22   1.227796e-02   1.356218e-22   16560234
  2.144675e+01   -1.164369e-22   1.226818e-02   1.347046e-22   16616088
  2.148927e+01   4.004501e-22   1.227653e-02   1.336971e-22   16693264
  2.153179e+01   4.830561e-22   1.227410e-02   1.324275e-22   16753864
  2.157431e+01   9.121952e-23   1.227428e-02   1.313898e-22   16820702
  2.161682e+01   4.648866e-22   1.226755e-02   1.304673e-22   16879288
  2.165933e+01   3.279960e-23   1.227311e-02   1.293596e-22   16951712
  2.170183e+01   -7.165480e-24   1.226675e-02   1.281927e-22   17007560
  2.174434e+01   6.048713e-23   1.227813e-02   1.273580e-22   17092086
  2.178685e+01   -3.571592e-23   1.226906e-02   1.263223e-22   17148392
  2.182937e+01   4.468932e-22   1.227478e-02   1.253270e-22   17222288
  2.187188e+01   1.321043e-22   1.227236e-02   1.241361e-22   17285096
  2.191439e+01   -2.772481e-22   1.226620e-02   1.233521e-22   17344826
  2.195689e+01   9.504188e-23   1.227320e-02   1.224058e-22   17421236
  2.199941e+01   1.623957e-22   1.227792e-02   1.214392e-22   17494160
  2.204191e+01   1.476622e-22   1.226044e-02   1.206098e-22   17538122
  2.208440e+01   1.325649e-22   1.226939e-02   1.197899e-22   17620136
  2.212692e+01   3.145961e-22   1.227875e-02   1.186556e-22   17700428
  2.216945e+01   3.417175e-22   1.227393e-02   1.178599e-22   17760320
  2.221196e+01   6.082564e-23   1.227224e-02   1.170426e-22   17827562
  2.225448e+01   8.955775e-23   1.227165e-02   1.161127e-22   17895488
  2.229699e+01   3.285539e-22   1.227292e-02   1.152905e-22   17963576
  2.233950e+01   3.402293e-22   1.227046e-02   1.144686e-22   18027500
  2.238201e+01   2.671205e-22   1.227533e-02   1.135938e-22   18105650
  2.242451e+01   2.749119e-22   1.226508e-02   1.127590e-22   18160880
  2.246701e+01   2.683569e-22   1.226834e-02   1.119576e-22   18233144
  2.250951e+01   2.256630e-22   1.227149e-02   1.112239e-22   18307310
  2.255203e+01   6.069005e-22   1.227368e-02   1.105091e-22   18381680
  2.259456e+01   5.550675e-22   1.227489e-02   1.096825e-22   18450536
  2.263708e+01   2.984104e-22   1.227820e-02   1.088517e-22   18522128
  2.267959e+01   4.728706e-22   1.226827e-02   1.082366e-22   18578414
  2.272209e+01   4.563296e-22   1.227113e-02   1.076203e-22   18654304
  2.276460e+01   3.643269e-22   1.227056e-02   1.067813e-22   18722304
  2.280712e+01   5.603168e-22   1.227777e-02   1.058996e-22   18802472
  2.284964e+01   6.013404e-22   1.227092e-02   1.053797e-22   18864266
  2.289215e+01   5.729141e-22   1.226939e-02   1.046394e-22   18933260
  2.293465e+01   3.752471e-22   1.226719e-02   1.039118e-22   18997448
  2.297715e+01   6.999042e-22   1.227581e-02   1.031374e-22   19079816
  2.301967e+01   3.715270e-22   1.227098e-02   1.026661e-22   19145330
  2.306218e+01   7.901578e-22   1.227177e-02   1.020184e-22   19218276
  2.310469e+01   6.130226e-22   1.227113e-02   1.012057e-22   19286200
  2.314719e+01   6.515685e-22   1.226583e-02   1.006245e-22   19349738
  2.318971e+01   9.808882e-22   1.228286e-02   9.995577e-23   19450040
  2.323223e+01   6.618908e-22   1.226363e-02   9.935254e-23   19489688
  2.327473e+01   8.013521e-22   1.227521e-02   9.876602e-23   19576868
  2.331724e+01   8.864852e-22   1.226932e-02   9.813179e-23   19640282
  2.335976e+01   8.413644e-22   1.227873e-02   9.760173e-23   19728800
  2.340226e+01   8.898975e-22   1.226095e-02   9.719375e-23   19770152
  2.344476e+01   7.363241e-22   1.227487e-02   9.634949e-23   19863516
  2.348729e+01   7.076027e-22   1.227855e-02   9.584334e-23   19943594
  2.352981e+01   9.347876e-22   1.227039e-02   9.534141e-23   20003440
  2.357232e+01   7.751681e-22   1.227533e-02   9.462805e-23   20081768
  2.361483e+01   1.233993e-21   1.226475e-02   9.417824e-23   20136200
  2.365734e+01   9.252665e-22   1.228180e-02   9.362318e-23   20238094
  2.369985e+01   1.141218e-21   1.226458e-02   9.327780e-23   20282544
  2.374234e+01   1.223249e-21   1.226291e-02   9.256158e-23   20351720
  2.378483e+01   1.049810e-21   1.227389e-02   9.196171e-23   20444714
  2.382735e+01   1.107742e-21   1.227112e-02   9.170670e-23   20515116
  2.386988e+01   1.375649e-21   1.228059e-02   9.118615e-23   20602384
  2.391241e+01   1.133652e-21   1.227266e-02   9.066837e-23   20659872
  2.395491e+01   1.051541e-21   1.226837e-02   9.015820e-23   20727682
  2.399742e+01   1.227145e-21   1.227493e-02   8.967475e-23   20814416
  2.403994e+01   1.266527e-21   1.227261e-02   8.922422e-23   20881100
  2.408245e+01   1.256497e-21   1.227247e-02   8.874909e-23   20953688
  2.412495e+01   1.314998e-21   1.226662e-02   8.829739e-23   21021050
  2.416746e+01   1.203929e-21   1.227556e-02   8.776088e-23   21111632
  2.420998e+01   1.485903e-21   1.227336e-02   8.725834e-23   21179972
  2.425248e+01   1.404993e-21   1.226547e-02   8.686356e-23   21240488
  2.429499e+01   1.303357e-21   1.227368e-02   8.650673e-23   21331418
  2.433750e+01   1.321867e-21   1.226935e-02   8.611284e-23   21397304
  2.438000e+01   1.348256e-21   1.226962e-02   8.561518e-23   21469764
  2.442251e+01   1.177879e-21   1.227528e-02   8.503327e-23   21556122
  2.446502e+01   1.690991e-21   1.226591e-02   8.487192e-23   21618312
  2.450754e+01   1.435385e-21   1.227924e-02   8.446843e-23   21716096
  2.455007e+01   1.491375e-21   1.227488e-02   8.399051e-23   21781352
  2.459258e+01   1.475602e-21   1.226971e-02   8.371862e-23   21848870
  2.463508e+01   1.637392e-21   1.227061e-02   8.334098e-23   21927536
  2.467760e+01   1.491976e-21   1.227518e-02   8.277905e-23   22008944
  2.472011e+01   1.519729e-21   1.227146e-02   8.243288e-23   22076136
  2.476261e+01   1.433904e-21   1.226619e-02   8.225994e-23   22145270
  2.480513e+01   1.561190e-21   1.228149e-02   8.176121e-23   22250960
  2.484765e+01   1.479351e-21   1.226766e-02   8.141282e-23   22300864
  2.489015e+01   1.680621e-21   1.226874e-02   8.113401e-23   22378586
  2.493266e+01   1.551354e-21   1.227304e-02   8.088025e-23   22464104
  2.497518e+01   1.888213e-21   1.227483e-02   8.057456e-23   22542892
  2.501769e+01   1.669496e-21   1.226849e-02   8.020560e-23   22606008
  2.506019e+01   1.422361e-21   1.227168e-02   7.983081e-23   22690002
  2.510269e+01   1.810684e-21   1.226774e-02   7.960341e-23   22762216
  2.514519e+01   1.278015e-21   1.227552e-02   7.827698e-23   22815779
  2.518771e+01   2.980558e-22   1.227093e-02   7.597062e-23   22772312
  2.523022e+01   2.926103e-22   1.227169e-02   7.374247e-23   22733708
  2.527273e+01   1.371323e-22   1.227376e-02   7.149071e-23   22697672
  2.531524e+01   -4.401920e-23   1.227003e-02   6.937333e-23   22651460
  2.535775e+01   9.626882e-23   1.227280e-02   6.734681e-23   22616024
  2.540027e+01   -9.214073e-23   1.227723e-02   6.535392e-23   22583496
  2.544278e+01   6.750967e-23   1.226384e-02   6.366316e-23   22519252
  2.548527e+01   -3.160434e-23   1.226879e-02   6.172868e-23   22488992
  2.552778e+01   1.711775e-22   1.227112e-02   6.004865e-23   22453172
  2.557030e+01   3.582166e-23   1.227642e-02   5.845681e-23   22420584
  2.561282e+01   5.165382e-23   1.227318e-02   5.690015e-23   22371700
  2.565533e+01   -1.982051e-23   1.227319e-02   5.537155e-23   22329896
  2.569784e+01   -1.183082e-22   1.227005e-02   5.393434e-23   22282876
  2.574035e+01   -7.518954e-23   1.227559e-02   5.248257e-23   22250692
  2.578286e+01   -7.852121e-23   1.226749e-02   5.108447e-23   22194436
  2.582536e+01   -1.909352e-23   1.226799e-02   4.978322e-23   22153540
  2.586787e+01   4.284994e-23   1.227489e-02   4.854198e-23   22122584
  2.591039e+01   1.845042e-22   1.227183e-02   4.735314e-23   22073004
  2.595291e+01   -2.131921e-23   1.227763e-02   4.615779e-23   22039640
  2.599542e+01   1.229971e-23   1.226443e-02   4.507555e-23   21971624
  2.603793e+01   -3.293019e-24   1.228039e-02   4.393634e-23   21955708
  2.608042e+01   -9.362485e-23   1.225538e-02   4.291113e-23   21867720
  2.612293e+01   -2.081528e-23   1.228640e-02   4.185408e-23   21878900
  2.616545e+01   -3.258190e-23   1.226374e-02   4.093445e-23   21794260
  2.620796e+01   1.926031e-23   1.227552e-02   3.999214e-23   21770256
  2.625048e+01   2.215155e-23   1.227204e-02   3.913097e-23   21718124
  2.629299e+01   -1.786542e-23   1.227162e-02   3.814752e-23   21671096
  2.633550e+01   -4.109630e-23   1.227173e-02   3.734425e-23   21625412
  2.637801e+01   -3.631219e-23   1.227628e-02   3.650035e-23   21587284
  2.642052e+01   3.825057e-24   1.226404e-02   3.569986e-23   21519648
  2.646302e+01   -2.358360e-23   1.227517e-02   3.494044e-23   21493344
  2.650554e+01   8.430606e-24   1.227125e-02   3.416109e-23   21439360
  2.654805e+01   -9.888106e-23   1.227471e-02   3.346181e-23   21398900
  2.659058e+01   3.263567e-23   1.227467e-02   3.274781e-23   21351488
  2.663308e+01   -7.010716e-23   1.226610e-02   3.211195e-23   21288012
  2.667559e+01   5.684924e-24   1.227518e-02   3.145215e-23   21255052
  2.671810e+01   -1.313558e-22   1.226960e-02   3.080167e-23   21196928
  2.676060e+01   4.535867e-24   1.226973e-02   3.021021e-23   21149036
  2.680311e+01   -1.077633e-22   1.227206e-02   2.954276e-23   21105304
  2.684563e+01   -3.261844e-23   1.227410e-02   2.900967e-23   21059992
  2.688815e+01   5.529005e-24   1.227705e-02   2.844935e-23   21014904
  2.693067e+01   -3.470801e-23   1.227014e-02   2.789315e-23   20953620
  2.697317e+01   2.590845e-23   1.226991e-02   2.738607e-23   20902948
  2.701568e+01   -9.366692e-23   1.227225e-02   2.684898e-23   20856528
  2.705819e+01   -9.579202e-23   1.227379e-02   2.635004e-23   20808868
  2.710070e+01   -8.120622e-24   1.226639e-02   2.586678e-23   20746700
  2.714319e+01   3.571860e-23   1.226770e-02   2.538633e-23   20699040
  2.718571e+01   6.937636e-24   1.227944e-02   2.496488e-23   20667584
  2.722822e+01   -3.523033e-23   1.225995e-02   2.448513e-23   20583320
  2.727072e+01   -2.395357e-23   1.227843e-02   2.405547e-23   20562728
  2.731324e+01   -7.383000e-23   1.227166e-02   2.366130e-23   20499120
  2.735575e+01   1.847784e-23   1.227335e-02   2.322548e-23   20448668
  2.739827e+01   1.748705e-23   1.227231e-02   2.282894e-23   20394408
  2.744078e+01   4.100078e-24   1.227328e-02   2.249422e-23   20344236
  2.748329e+01   -8.377751e-23   1.227052e-02   2.208441e-23   20287988
  2.752580e+01   -3.801200e-23   1.227218e-02   2.172001e-23   20237280
  2.756831e+01   -5.015814e-23   1.226928e-02   2.138818e-23   20178328
  2.761083e+01   -5.646904e-23   1.227861e-02   2.104482e-23   20139844
  2.765335e+01   -9.094049e-24   1.226869e-02   2.070252e-23   20069748
  2.769585e+01   2.315461e-24   1.227006e-02   2.035255e-23   20016800
  2.773835e+01   1.852548e-24   1.227057e-02   2.004049e-23   19962224
  2.778087e+01   -5.736633e-23   1.227954e-02   1.970874e-23   19923568
  2.782339e+01   -5.752661e-23   1.226996e-02   1.943917e-23   19854300
  2.786590e+01   -5.232090e-23   1.226862e-02   1.915327e-23   19797056
  2.790840e+01   -2.569003e-23   1.227082e-02   1.885029e-23   19744940
  2.795091e+01   -3.786554e-23   1.227270e-02   1.857667e-23   19691768
  2.799342e+01   -3.134048e-23   1.226928e-02   1.830311e-23   19629548
  2.803593e+01   -3.573631e-23   1.227096e-02   1.802441e-23   19575480
  2.807844e+01   -4.924152e-23   1.227365e-02   1.776651e-23   19523296
  2.812096e+01   -1.798916e-23   1.227813e-02   1.752225e-23   19474344
  2.816347e+01   -6.957636e-24   1.226244e-02   1.730345e-23   19392868
  2.820597e+01   -3.119047e-23   1.227629e-02   1.703798e-23   19356176
  2.824849e+01   7.609082e-24   1.227437e-02   1.680843e-23   19294916
  2.829102e+01   -6.270021e-23   1.227644e-02   1.657330e-23   19240856
  2.833353e+01   -2.829012e-23   1.226827e-02   1.634852e-23   19170884
  2.837603e+01   -1.953028e-23   1.226787e-02   1.614230e-23   19111352
  2.841853e+01   -2.885617e-23   1.227311e-02   1.590072e-23   19060016
  2.846104e+01   2.482472e-23   1.227199e-02   1.572278e-23   18999752
  2.850354e+01   -9.435894e-24   1.226484e-02   1.551898e-23   18930272
  2.854604e+01   -2.451711e-24   1.227204e-02   1.531911e-23   18882340
  2.858856e+01   -1.556633e-23   1.227653e-02   1.510855e-23   18829056
  2.863108e+01   4.957768e-24   1.226917e-02   1.492587e-23   18757640
  2.867359e+01   2.049292e-24   1.227679e-02   1.473209e-23   18709036
  2.871611e+01   7.624168e-25   1.226951e-02   1.456626e-23   18637668
  2.875862e+01   2.155046e-23   1.227659e-02   1.437984e-23   18587048
  2.880113e+01   2.134354e-24   1.226650e-02   1.421503e-23   18510972
  2.884363e+01   -1.976856e-23   1.227092e-02   1.404798e-23   18456692
  2.888614e+01   -1.427559e-23   1.227027e-02   1.388022e-23   18394084
  2.892866e+01   8.965997e-24   1.227644e-02   1.372092e-23   18341352
  2.897118e+01   -7.869773e-24   1.227294e-02   1.356133e-23   18273884
  2.901369e+01   1.722794e-23   1.227214e-02   1.341823e-23   18211148
  2.905619e+01   -7.349192e-24   1.226468e-02   1.327541e-23   18137692
  2.909870e+01   5.531695e-24   1.227635e-02   1.311804e-23   18091580
  2.914122e+01   1.854724e-23   1.227406e-02   1.296866e-23   18024560
  2.918373e+01   -1.752166e-23   1.226945e-02   1.283446e-23   17955116
  2.922624e+01   -1.281783e-23   1.227055e-02   1.269185e-23   17893232
  2.926875e+01   -1.960579e-23   1.227337e-02   1.254843e-23   17832620
  2.931126e+01   -7.638872e-24   1.227331e-02   1.242867e-23   17767864
  2.935378e+01   -2.029065e-23   1.227523e-02   1.229171e-23   17706956
  2.939629e+01   1.793085e-23   1.226779e-02   1.218420e-23   17632632
  2.943880e+01   -1.392496e-25   1.227224e-02   1.205420e-23   17573524
  2.948131e+01   -3.394427e-23   1.227160e-02   1.193867e-23   17506380
  2.952382e+01   3.070565e-23   1.227283e-02   1.182293e-23   17442548
  2.956632e+01   2.242300e-23   1.226611e-02   1.170497e-23   17368556
  2.960883e+01   2.486876e-23   1.227726e-02   1.157743e-23   17318260
  2.965135e+01   2.029771e-23   1.227176e-02   1.148260e-23   17243792
  2.969385e+01   -6.661951e-24   1.226620e-02   1.137375e-23   17169716
  2.973635e+01   3.331206e-24   1.227104e-02   1.127507e-23   17109768
  2.977886e+01   -1.947802e-23   1.227205e-02   1.115926e-23   17044064
  2.982138e+01   1.026074e-23   1.227557e-02   1.106027e-23   16981560
  2.986389e+01   2.715668e-24   1.226672e-02   1.096685e-23   16902264
  2.990640e+01   -1.118617e-23   1.227800e-02   1.085844e-23   16849940
  2.994892e+01   6.985464e-24   1.226984e-02   1.077331e-23   16770600
  2.999143e+01   9.484066e-24   1.227399e-02   1.067792e-23   16707512
  3.003394e+01   -1.412525e-23   1.227053e-02   1.059789e-23   16634480
  3.007645e+01   1.344176e-23   1.227297e-02   1.049915e-23   16569424
  3.011897e+01   -2.816302e-23   1.227100e-02   1.042299e-23   16497216
  3.016149e+01   1.884349e-23   1.227800e-02   1.034225e-23   16436416
  3.020400e+01   1.378219e-23   1.226813e-02   1.026125e-23   16353532
  3.024650e+01   4.011110e-23   1.226850e-02   1.017511e-23   16284908
  3.028900e+01   -6.234022e-24   1.227370e-02   1.009792e-23   16221948
  3.033152e+01   1.038926e-23   1.227445e-02   1.001367e-23   16152552
  3.037404e+01   -9.696097e-25   1.227249e-02   9.938873e-24   16078864
  3.041655e+01   -3.787881e-24   1.227014e-02   9.864768e-24   16005296
  3.045906e+01   -1.435653e-23   1.227320e-02   9.796399e-24   15938220
  3.050157e+01   -1.406408e-24   1.226736e-02   9.725882e-24   15858440
  3.054407e+01   2.407898e-24   1.226949e-02   9.653275e-24   15789252
  3.058657e+01   -2.389006e-23   1.227019e-02   9.585411e-24   15718944
  3.062908e+01   -1.401711e-23   1.227179e-02   9.524808e-24   15648652
  3.067160e+01   -9.500958e-24   1.227680e-02   9.457841e-24   15581944
  3.071412e+01   1.529805e-23   1.227604e-02   9.394373e-24   15508744
  3.075663e+01   1.840319e-23   1.226574e-02   9.331093e-24   15422472
  3.079914e+01   1.145373e-23   1.227551e-02   9.269706e-24   15361536
  3.084165e+01   2.587037e-23   1.226998e-02   9.212470e-24   15281048
  3.088415e+01   1.231903e-23   1.227023e-02   9.149169e-24   15207752
  3.092666e+01   -1.158856e-23   1.227075e-02   9.104331e-24   15134800
  3.096917e+01   8.508847e-25   1.227038e-02   9.047548e-24   15059664
  3.101168e+01   -6.521424e-24   1.227242e-02   8.986813e-24   14987020
  3.105420e+01   1.868396e-23   1.227903e-02   8.938333e-24   14919936
  3.109672e+01   7.282698e-24   1.226792e-02   8.884481e-24   14831776
  3.113923e+01   -1.284526e-23   1.227679e-02   8.833886e-24   14767552
  3.118174e+01   -8.152445e-24   1.226524e-02   8.788674e-24   14678336
  3.122425e+01   1.471666e-24   1.227632e-02   8.740355e-24   14615044
  3.126676e+01   -9.479253e-24   1.226910e-02   8.693421e-24   14530200
  3.130927e+01   -7.491059e-24   1.227171e-02   8.639907e-24   14457000
  3.135178e+01   -4.557909e-24   1.227423e-02   8.597866e-24   14383440
  3.139429e+01   2.857833e-23   1.226801e-02   8.561036e-24   14299516
  3.143679e+01   -7.896884e-24   1.227160e-02   8.528460e-24   14226024
  3.147930e+01   -4.073699e-23   1.226889e-02   8.471575e-24   14145048
  3.152182e+01   4.743134e-24   1.228178e-02   8.442319e-24   14082144
  3.156433e+01   -2.392928e-23   1.226157e-02   8.400968e-24   13981640
  3.160683e+01   8.110993e-24   1.227475e-02   8.365180e-24   13918460
  3.164935e+01   1.449714e-23   1.227481e-02   8.327884e-24   13839752
  3.169188e+01   3.999264e-24   1.227673e-02   8.288234e-24   13762736
  3.173439e+01   1.581513e-23   1.227147e-02   8.253169e-24   13677980
  3.177690e+01   -1.262753e-23   1.226900e-02   8.220148e-24   13596196
  3.181940e+01   2.051064e-24   1.226988e-02   8.187173e-24   13517736
  3.186190e+01   2.445247e-23   1.226579e-02   8.160736e-24   13433184
  3.190440e+01   6.181678e-24   1.227449e-02   8.122188e-24   13362296
  3.194692e+01   4.369247e-24   1.227398e-02   8.082354e-24   13281376
  3.198944e+01   9.352297e-24   1.227645e-02   8.063897e-24   13203336
  3.203195e+01   -1.660944e-23   1.226687e-02   8.031584e-24   13113016
  3.207445e+01   6.233240e-25   1.227094e-02   8.003672e-24   13036400
  3.211696e+01   7.806948e-24   1.226987e-02   7.967818e-24   12953648
  3.215948e+01   1.232411e-23   1.227674e-02   7.947144e-24   12879016
  3.220199e+01   2.069029e-24   1.227015e-02   7.928202e-24   12790124
  3.224451e+01   1.010134e-23   1.227599e-02   7.898258e-24   12714152
  3.228701e+01   -9.031799e-24   1.226430e-02   7.878519e-24   12619608
  3.232951e+01   -5.176945e-24   1.227473e-02   7.857533e-24   12547232
  3.237204e+01   1.467299e-23   1.228098e-02   7.827807e-24   12470568
  3.241455e+01   3.418941e-23   1.226086e-02   7.798627e-24   12368136
  3.245705e+01   -6.228450e-25   1.227647e-02   7.789913e-24   12300504
  3.249958e+01   4.423602e-24   1.227251e-02   7.758883e-24   12212172
  3.254209e+01   6.525321e-24   1.227112e-02   7.748836e-24   12126228
  3.258459e+01   8.821928e-25   1.227235e-02   7.722691e-24   12043352
  3.262711e+01   -3.557315e-24   1.227321e-02   7.705050e-24   11959896
  3.266960e+01   1.501191e-24   1.226107e-02   7.708334e-24   11863804
  3.271211e+01   -7.382939e-26   1.227575e-02   7.684277e-24   11792812
  3.275463e+01   5.757099e-24   1.227439e-02   7.664570e-24   11705392
  3.279713e+01   9.871180e-24   1.226794e-02   7.647628e-24   11613836
  3.283965e+01   -3.066541e-24   1.228215e-02   7.629934e-24   11541532
  3.288217e+01   -5.134502e-25   1.226539e-02   7.619419e-24   11440232
  3.292468e+01   1.779771e-23   1.227538e-02   7.609416e-24   11363008
  3.296718e+01   1.541361e-23   1.226652e-02   7.596108e-24   11267848
  3.300970e+01   7.273594e-24   1.227722e-02   7.585987e-24   11190640
  3.305222e+01   7.599866e-24   1.227423e-02   7.573512e-24   11101084
  3.309472e+01   2.771418e-23   1.226241e-02   7.558663e-24   11003284
  3.313721e+01   6.085604e-24   1.227344e-02   7.551946e-24   10925424
  3.317973e+01   1.044927e-23   1.227067e-02   7.525578e-24   10834724
  3.322224e+01   1.044612e-23   1.227484e-02   7.529691e-24   10750156
  3.326475e+01   8.112846e-24   1.226635e-02   7.519015e-24   10655280
  3.330725e+01   -1.486763e-24   1.226924e-02   7.512164e-24   10569120
  3.334975e+01   -4.386323e-24   1.226867e-02   7.499836e-24   10479672
  3.339228e+01   -6.979474e-24   1.228611e-02   7.484023e-24   10404504
  3.343481e+01   1.193016e-24   1.227382e-02   7.477940e-24   10304108
  3.347732e+01   2.316528e-23   1.226797e-02   7.476822e-24   10209940
  3.351983e+01   3.628901e-24   1.227575e-02   7.469099e-24   10126584
  3.356234e+01   8.521694e-24   1.226442e-02   7.462532e-24   10027064
  3.360484e+01   -9.197285e-24   1.227492e-02   7.455360e-24   9945072
  3.364734e+01   2.117111e-23   1.226340e-02   7.448608e-24   9844764
  3.368986e+01   1.288800e-23   1.228362e-02   7.447552e-24   9769940
  3.373238e+01   -2.767478e-25   1.226688e-02   7.430518e-24   9666072
  3.377488e+01   -3.914662e-24   1.227051e-02   7.435733e-24   9577112
  3.381739e+01   3.181040e-23   1.227148e-02   7.423334e-24   9485848
  3.385991e+01   -1.788333e-23   1.227527e-02   7.424649e-24   9396136
  3.390243e+01   2.201949e-23   1.227579e-02   7.418578e-24   9304408
  3.394493e+01   9.172126e-24   1.225842e-02   7.415473e-24   9199028
  3.398742e+01   -3.800832e-24   1.227468e-02   7.417829e-24   9118288
  3.402993e+01   -8.316583e-24   1.226747e-02   7.401008e-24   9019624
  3.407245e+01   8.902050e-24   1.228368e-02   7.404604e-24   8937420
  3.411497e+01   1.663654e-23   1.227061e-02   7.397360e-24   8835200
  3.415748e+01   1.148755e-23   1.226739e-02   7.408319e-24   8739332
  3.419998e+01   -2.231854e-25   1.227099e-02   7.383985e-24   8648112
  3.424250e+01   2.526171e-23   1.227159e-02   7.378842e-24   8553372
  3.428501e+01   4.219182e-23   1.227728e-02   7.378728e-24   8461944
  3.432753e+01   -7.295301e-25   1.227227e-02   7.366784e-24   8363348
  3.437004e+01   1.810346e-23   1.227148e-02   7.376767e-24   8267792
  3.441254e+01   2.262549e-23   1.226640e-02   7.362179e-24   8169380
  3.445505e+01   -4.864001e-24   1.227807e-02   7.348218e-24   8081008
  3.449756e+01   -4.815646e-24   1.226310e-02   7.342661e-24   7975632
  3.454006e+01   1.153952e-23   1.227841e-02   7.344204e-24   7889116
  3.458257e+01   1.870631e-23   1.226405e-02   7.322870e-24   7784008
  3.462508e+01   1.770922e-23   1.227484e-02   7.316208e-24   7693848
  3.466759e+01   7.024908e-24   1.226805e-02   7.313647e-24   7592468
  3.471010e+01   1.961458e-23   1.227572e-02   7.290126e-24   7499076
  3.475262e+01   1.091563e-23   1.227790e-02   7.278980e-24   7402880
  3.479514e+01   1.105101e-23   1.227043e-02   7.258019e-24   7300768
  3.483765e+01   -5.277768e-24   1.227061e-02   7.258937e-24   7203316
  3.488013e+01   1.436171e-23   1.225476e-02   7.216975e-24   7095724
  3.492265e+01   1.256659e-23   1.229466e-02   7.211620e-24   7019608
  3.496518e+01   2.684225e-23   1.226138e-02   7.158792e-24   6901916
  3.500769e+01   2.603203e-23   1.227882e-02   7.150325e-24   6812952
  3.505019e+01   9.826035e-24   1.226209e-02   7.104180e-24   6704548
  3.509270e+01   -4.480249e-24   1.227587e-02   7.081890e-24   6612168
  3.513521e+01   1.624571e-23   1.227039e-02   7.034656e-24   6508628
  3.517773e+01   1.068890e-24   1.227711e-02   6.996278e-24   6412072
  3.522024e+01   -1.369988e-23   1.226747e-02   6.936224e-24   6306660
  3.526274e+01   2.758775e-24   1.226997e-02   6.876797e-24   6207592
  3.530523e+01   1.678398e-23   1.226489e-02   6.815778e-24   6103860
  3.534774e+01   6.703313e-24   1.227430e-02   6.725689e-24   6007184
  3.539025e+01   -1.296054e-23   1.227513e-02   6.674383e-24   5905660
  3.543278e+01   3.047687e-24   1.227664e-02   6.571164e-24   5805132
  3.547529e+01   -1.166941e-24   1.226925e-02   6.487427e-24   5700008
  3.551778e+01   3.823105e-25   1.226294e-02   6.366385e-24   5594856
  3.556030e+01   1.015627e-23   1.228122e-02   6.244499e-24   5502341
  3.560283e+01   -8.999447e-24   1.227277e-02   6.149500e-24   5404852
  3.564533e+01   -1.104675e-23   1.226768e-02   6.069906e-24   5313930
  3.568784e+01   -5.539966e-24   1.227261e-02   6.002024e-24   5230396
  3.573035e+01   -4.833104e-24   1.226815e-02   5.952617e-24   5145158
  3.577285e+01   4.003855e-24   1.227058e-02   5.863914e-24   5064506
  3.581538e+01   6.651733e-24   1.228142e-02   5.831128e-24   4989464
  3.585790e+01   1.057751e-23   1.226989e-02   5.764420e-24   4907486
  3.590041e+01   -4.741460e-24   1.226982e-02   5.725250e-24   4831952
  3.594292e+01   -1.425497e-24   1.226933e-02   5.669691e-24   4757392
  3.598543e+01   3.802335e-24   1.227425e-02   5.629452e-24   4685902
  3.602794e+01   8.142137e-25   1.227136e-02   5.576891e-24   4612826
  3.607044e+01   1.712963e-24   1.227059e-02   5.543666e-24   4542436
  3.611296e+01   -9.789971e-24   1.227508e-02   5.506177e-24   4475408
  3.615546e+01   -7.139588e-24   1.226173e-02   5.455146e-24   4402686
  3.619797e+01   -1.317931e-24   1.227689e-02   5.445129e-24   4340854
  3.624049e+01   3.312990e-24   1.227466e-02   5.413383e-24   4273862
  3.628301e+01   -1.078818e-23   1.227237e-02   5.381585e-24   4208538
  3.632551e+01   -4.258081e-24   1.226532e-02   5.352274e-24   4142584
  3.636801e+01   -5.851092e-25   1.226978e-02   5.320193e-24   4081232
  3.641052e+01   -1.164464e-23   1.227225e-02   5.309746e-24   4019668
  3.645304e+01   -1.239434e-24   1.228203e-02   5.268221e-24   3961416
  3.649557e+01   -1.247911e-24   1.227387e-02   5.250265e-24   3898848
  3.653807e+01   -5.688579e-24   1.226366e-02   5.232458e-24   3836718
  3.658056e+01   -3.927077e-24   1.226607e-02   5.207380e-24   3779272
  3.662306e+01   1.103309e-25   1.226675e-02   5.194885e-24   3721434
  3.666558e+01   -4.783711e-24   1.228126e-02   5.174126e-24   3668198
  3.670811e+01   -1.301066e-24   1.227910e-02   5.153125e-24   3611346
  3.675062e+01   1.030462e-24   1.226582e-02   5.130356e-24   3552442
  3.679312e+01   -4.902622e-24   1.226935e-02   5.130247e-24   3498908
  3.683563e+01   -4.684537e-25   1.227192e-02   5.112294e-24   3445382
  3.687814e+01   -1.684917e-24   1.227356e-02   5.098161e-24   3392244
  3.692066e+01   -8.457491e-24   1.227344e-02   5.092353e-24   3339634
  3.696317e+01   3.621208e-24   1.226899e-02   5.081013e-24   3286752
  3.700566e+01   2.517456e-25   1.226327e-02   5.075049e-24   3234180
  3.704816e+01   -9.391845e-24   1.226838e-02   5.062746e-24   3184556
  3.709068e+01   -1.317137e-24   1.228145e-02   5.057657e-24   3137238
  3.713322e+01   -9.710136e-24   1.228151e-02   5.043354e-24   3087670
  3.717574e+01   -1.812534e-23   1.227426e-02   5.036309e-24   3037460
  3.721824e+01   4.256412e-24   1.225819e-02   5.035883e-24   2985736
  3.726072e+01   -7.127217e-24   1.226565e-02   5.035599e-24   2939708
  3.730324e+01   -3.334459e-25   1.228621e-02   5.033354e-24   2897012
  3.734577e+01   -2.268469e-24   1.227048e-02   5.031689e-24   2846890
  3.738827e+01   -6.097408e-25   1.226277e-02   5.035209e-24   2799588
  3.743076e+01   -1.142681e-23   1.226558e-02   5.027872e-24   2754954
  3.747326e+01   1.338998e-23   1.227308e-02   5.026677e-24   2711500
  3.751579e+01   -5.436411e-24   1.228240e-02   5.029199e-24   2669006
  3.755830e+01   1.652014e-24   1.226335e-02   5.040853e-24   2621264
  3.760081e+01   -9.931195e-24   1.227565e-02   5.035888e-24   2580726
  3.764332e+01   -1.421335e-23   1.226856e-02   5.043315e-24   2536470
  3.768582e+01   1.261902e-24   1.226978e-02   5.052120e-24   2494370
  3.772834e+01   2.364291e-24   1.227534e-02   5.066591e-24   2453556
  3.777086e+01   -1.967545e-24   1.228047e-02   5.060272e-24   2413246
  3.781339e+01   -6.125350e-26   1.227197e-02   5.067985e-24   2370914
  3.785589e+01   -5.556388e-24   1.226887e-02   5.084780e-24   2330126
  3.789840e+01   -7.080555e-24   1.227428e-02   5.091518e-24   2291406
  3.794091e+01   -1.534320e-23   1.226463e-02   5.107339e-24   2250410
  3.798340e+01   -1.330308e-23   1.226403e-02   5.116219e-24   2211486
  3.802590e+01   8.711421e-24   1.227094e-02   5.129919e-24   2174194
  3.806841e+01   3.070849e-24   1.227271e-02   5.132925e-24   2136416
  3.811093e+01   -8.587773e-24   1.227972e-02   5.149818e-24   2100070
  3.815344e+01   -4.560024e-24   1.226224e-02   5.157902e-24   2060026
  3.819594e+01   1.309993e-23   1.227745e-02   5.185343e-24   2025910
  3.823846e+01   -5.138203e-24   1.227012e-02   5.197631e-24   1988576
  3.828096e+01   -1.032100e-23   1.226824e-02   5.219838e-24   1952610
  3.832347e+01   -5.095677e-24   1.226944e-02   5.231654e-24   1917470
  3.836597e+01   -3.384841e-24   1.226960e-02   5.260458e-24   1882484
  3.840848e+01   2.239583e-24   1.227230e-02   5.264863e-24   1848262
  3.845101e+01   1.525890e-23   1.228531e-02   5.292773e-24   1816024
  3.849355e+01   3.222505e-24   1.227230e-02   5.314449e-24   1780418
  3.853605e+01   -1.086226e-23   1.226815e-02   5.341235e-24   1746576
  3.857856e+01   3.178725e-24   1.227451e-02   5.361762e-24   1714622
  3.862107e+01   -3.966701e-24   1.227068e-02   5.387225e-24   1681692
  3.866358e+01   5.748971e-24   1.226987e-02   5.420844e-24   1649574
  3.870606e+01   5.000552e-24   1.225405e-02   5.445777e-24   1615788
  3.874855e+01   7.513135e-24   1.227462e-02   5.467080e-24   1587064
  3.879108e+01   -8.269553e-24   1.227930e-02   5.488251e-24   1556598
  3.883360e+01   -5.730048e-24   1.227389e-02   5.519760e-24   1525380
  3.887612e+01   5.470623e-24   1.227468e-02   5.557733e-24   1495360
  3.891863e+01   4.149012e-24   1.226450e-02   5.599365e-24   1464370
  3.896112e+01   9.858399e-25   1.227040e-02   5.620275e-24   1435656
  3.900363e+01   3.961842e-24   1.226801e-02   5.650175e-24   1406304
  3.904613e+01   7.712038e-24   1.226859e-02   5.688392e-24   1377628
  3.908864e+01   8.665816e-25   1.227348e-02   5.733828e-24   1349744
  3.913115e+01   -6.838575e-24   1.227337e-02   5.771523e-24   1321682
  3.917367e+01   -4.490133e-24   1.227639e-02   5.812138e-24   1294376
  3.921619e+01   1.412880e-23   1.227256e-02   5.854013e-24   1266768
  3.925869e+01   1.620160e-24   1.226510e-02   5.889427e-24   1239172
  3.930118e+01   -1.711468e-23   1.226095e-02   5.929401e-24   1212224
  3.934367e+01   -5.867190e-26   1.226955e-02   5.969940e-24   1186796
  3.938619e+01   6.111875e-24   1.227613e-02   6.012280e-24   1161432
  3.942870e+01   -6.680860e-24   1.227171e-02   6.093163e-24   1135408
  3.947122e+01   -1.936183e-23   1.227296e-02   6.115991e-24   1110324
  3.951374e+01   5.367902e-24   1.227570e-02   6.176348e-24   1085680
  3.955625e+01   -8.777623e-24   1.226737e-02   6.231045e-24   1060364
  3.959875e+01   -1.394692e-23   1.227507e-02   6.288130e-24   1036736
  3.964128e+01   -3.820312e-24   1.228225e-02   6.337263e-24   1013388
  3.968380e+01   -2.133843e-23   1.226708e-02   6.407261e-24   988656
  3.972630e+01   -7.457804e-25   1.226695e-02   6.456631e-24   965530
  3.976879e+01   -1.239757e-23   1.225942e-02   6.522938e-24   942100
  3.981127e+01   -4.211105e-24   1.226457e-02   6.566423e-24   919888
  3.985377e+01   6.358737e-24   1.226597e-02   6.657071e-24   897628
  3.989627e+01   -3.549110e-24   1.227002e-02   6.715835e-24   875856
  3.993878e+01   -4.578162e-25   1.227840e-02   6.791636e-24   854736
  3.998132e+01   -4.437862e-24   1.228018e-02   6.837714e-24   833510
  4.002385e+01   -1.118371e-23   1.227248e-02   6.941656e-24   811976
  4.006635e+01   1.095540e-23   1.226626e-02   7.023674e-24   790844
  4.010884e+01   6.359742e-25   1.226521e-02   7.088264e-24   770320
  4.015135e+01   3.256892e-24   1.227665e-02   7.149723e-24   750838
  4.019387e+01   -1.754967e-23   1.227491e-02   7.246041e-24   730864
  4.023638e+01   -7.734739e-25   1.226816e-02   7.351697e-24   710984
  4.027888e+01   -7.788782e-24   1.226909e-02   7.402887e-24   691894
  4.032138e+01   8.059197e-24   1.226442e-02   7.519675e-24   672776
  4.036388e+01   1.017605e-23   1.226826e-02   7.630580e-24   654372
  4.040638e+01   9.217032e-24   1.226215e-02   7.707475e-24   635682
  4.044886e+01   3.410956e-23   1.225955e-02   7.830788e-24   617460
  4.049134e+01   2.261436e-23   1.226707e-02   7.911691e-24   600024
  4.053385e+01   -2.959625e-24   1.227362e-02   8.056631e-24   582830
  4.057638e+01   2.418521e-23   1.228135e-02   8.138364e-24   566000
  4.061890e+01   1.757516e-24   1.226617e-02   8.253543e-24   548458
  4.066141e+01   -3.598237e-24   1.227047e-02   8.358508e-24   532084
  4.070391e+01   -1.070336e-23   1.226296e-02   8.494979e-24   515440
  4.074640e+01   -2.890565e-24   1.225813e-02   8.630690e-24   499174
  4.078887e+01   1.658708e-24   1.225821e-02   8.728313e-24   483368
  4.083136e+01   -1.096887e-23   1.227023e-02   8.920381e-24   468270
  4.087389e+01   -1.478856e-23   1.228696e-02   9.020699e-24   453568
  4.091643e+01   -9.265897e-24   1.227409e-02   9.153953e-24   438106
  4.095894e+01   -5.145622e-24   1.227469e-02   9.336095e-24   423508
  4.100145e+01   -3.685900e-24   1.226141e-02   9.472647e-24   408754
  4.104393e+01   -2.964962e-23   1.225820e-02   9.640054e-24   394612
  4.108642e+01   1.113563e-23   1.225930e-02   9.836197e-24   380826
  4.112890e+01   -2.793622e-24   1.225454e-02   1.000687e-23   367086
  4.117139e+01   1.442150e-23   1.226090e-02   1.016143e-23   353904
  4.121389e+01   -8.508792e-24   1.227137e-02   1.041001e-23   341046
  4.125641e+01   5.614795e-25   1.227131e-02   1.058534e-23   328144
  4.129892e+01   6.546616e-24   1.227396e-02   1.074268e-23   315598
  4.134144e+01   -3.154956e-23   1.228177e-02   1.099757e-23   303466
  4.138397e+01   -3.402394e-25   1.228223e-02   1.126562e-23   291456
  4.142650e+01   -1.757742e-23   1.227604e-02   1.144431e-23   279614
  4.146899e+01   2.780260e-23   1.225106e-02   1.171893e-23   267680
  4.151144e+01   9.360564e-24   1.224457e-02   1.194740e-23   256438
  4.155391e+01   2.007907e-23   1.224802e-02   1.216768e-23   245618
  4.159638e+01   -1.520338e-23   1.223546e-02   1.253565e-23   234708
  4.163882e+01   2.107012e-23   1.223171e-02   1.275841e-23   224210
  4.168126e+01   -1.117942e-23   1.223403e-02   1.310170e-23   214046
  4.172371e+01   -5.818701e-24   1.223949e-02   1.336060e-23   204152
  4.176619e+01   2.481091e-23   1.225107e-02   1.377993e-23   194558
  4.180866e+01   2.327026e-23   1.225135e-02   1.420283e-23   185018
  4.185115e+01   1.093387e-23   1.226437e-02   1.447162e-23   175918
  4.189365e+01   -2.859582e-23   1.227339e-02   1.492807e-23   166992
  4.193617e+01   1.420181e-24   1.228038e-02   1.521782e-23   158294
  4.197870e+01   2.559397e-24   1.228439e-02   1.583434e-23   149842
  4.202124e+01   2.587248e-23   1.227461e-02   1.626283e-23   141530
  4.206372e+01   1.415970e-23   1.224204e-02   1.669191e-23   133284
  4.210617e+01   1.247342e-23   1.222942e-02   1.736393e-23   125546
  4.214861e+01   -7.789541e-25   1.220458e-02   1.789472e-23   117950
  4.219103e+01   1.923462e-24   1.219441e-02   1.837736e-23   110746
  4.223344e+01   3.181573e-24   1.215920e-02   1.907596e-23   103572
  4.227581e+01   -6.790119e-24   1.214429e-02   1.972662e-23   96818
  4.231818e+01   3.083758e-23   1.212533e-02   2.052298e-23   90262
  4.236054e+01   -1.535044e-23   1.210927e-02   2.105167e-23   83970
  4.240287e+01   7.364525e-23   1.207941e-02   2.200390e-23   77846
  4.244517e+01   6.679669e-24   1.204821e-02   2.295996e-23   71984
  4.248745e+01   -1.119483e-23   1.202292e-02   2.404421e-23   66398
  4.252973e+01   9.686219e-24   1.200147e-02   2.520318e-23   61058
  4.257200e+01   8.525234e-23   1.198286e-02   2.643087e-23   55958
  4.261428e+01   1.352114e-23   1.196279e-02   2.717071e-23   51082
  4.265654e+01   -2.200352e-23   1.192707e-02   2.877956e-23   46398
  4.269877e+01   5.090510e-23   1.188372e-02   2.998739e-23   41954
  4.274096e+01   -1.509858e-23   1.182018e-02   3.227289e-23   37718
  4.278311e+01   5.017182e-23   1.175253e-02   3.375877e-23   33736
  4.282524e+01   1.911521e-23   1.169132e-02   3.647917e-23   30006
  4.286737e+01   7.271453e-24   1.164907e-02   3.898715e-23   26522
  4.290955e+01   -3.188554e-23   1.162191e-02   4.097566e-23   23254
  4.295172e+01   3.123063e-23   1.158330e-02   4.485367e-23   20178
  4.299391e+01   -1.966492e-23   1.156315e-02   4.828286e-23   17342
  4.303612e+01   -1.126298e-23   1.154632e-02   5.253654e-23   14714
  4.307837e+01   6.783118e-23   1.155162e-02   5.762413e-23   12310
  4.312059e+01   -3.941541e-24   1.152174e-02   6.399352e-23   10098
  4.316283e+01   3.292181e-23   1.151731e-02   7.143350e-23   8126
  4.320507e+01   -1.759515e-22   1.151119e-02   8.083903e-23   6362
  4.324736e+01   -2.233236e-23   1.155455e-02   9.220516e-23   4822
  4.328956e+01   -1.141037e-22   1.148980e-02   1.110297e-22   3474
  4.333169e+01   -1.851263e-22   1.147690e-02   1.394425e-22   2366
  4.337376e+01   -7.734982e-23   1.144014e-02   1.642934e-22   1466
  4.341590e+01   -3.655490e-22   1.170054e-02   2.171398e-22   790
  4.345704e+01   5.985416e-22   1.106884e-02   3.731334e-22   306
  4.349554e+01   -2.720967e-21   9.430857e-03   8.796760e-22   62
