# cross spectrum of phi(z1) and phi(z2)
# redshift z=1.394777
# k              Pk             sigma(k)       sigma(Pk)      count
  3.132125e-02   6.880660e-11   4.792454e-03   1.892972e-11   18
  6.745391e-02   3.189701e-11   1.159167e-02   3.185655e-12   152
  1.090113e-01   1.122611e-11   1.224347e-02   5.524658e-13   416
  1.497134e-01   5.040545e-12   1.165022e-02   1.980332e-13   770
  1.923472e-01   2.651943e-12   1.247860e-02   7.771638e-14   1364
  2.350444e-01   1.514063e-12   1.221820e-02   3.490196e-14   1976
  2.775930e-01   9.779420e-13   1.245022e-02   1.928889e-14   2792
  3.193857e-01   6.816876e-13   1.188722e-02   1.130348e-14   3578
  3.615292e-01   4.760844e-13   1.219808e-02   7.005659e-15   4724
  4.045273e-01   3.559354e-13   1.253838e-02   4.585448e-15   6032
  4.469941e-01   2.647574e-13   1.206640e-02   3.287497e-15   7072
  4.890810e-01   2.156193e-13   1.222555e-02   2.394566e-15   8634
  5.318886e-01   1.772977e-13   1.238102e-02   1.779492e-15   10336
  5.746708e-01   1.438676e-13   1.232804e-02   1.312938e-15   11940
  6.167490e-01   1.192312e-13   1.208586e-02   1.038687e-15   13490
  6.588740e-01   1.037616e-13   1.221778e-02   8.425697e-16   15656
  7.016595e-01   8.853796e-14   1.241043e-02   6.522776e-16   18008
  7.443680e-01   7.569979e-14   1.227786e-02   5.506274e-16   19964
  7.867827e-01   6.550000e-14   1.226437e-02   4.440119e-16   22354
  8.291404e-01   5.761410e-14   1.212327e-02   3.736407e-16   24648
  8.716536e-01   5.125240e-14   1.233244e-02   3.123398e-16   27592
  9.142068e-01   4.590089e-14   1.230127e-02   2.649869e-16   30152
  9.566749e-01   4.089193e-14   1.227622e-02   2.307716e-16   33046
  9.991233e-01   3.675696e-14   1.221538e-02   1.977219e-16   35992
  1.041693e+00   3.392150e-14   1.229906e-02   1.746048e-16   39304
  1.084289e+00   3.048855e-14   1.232858e-02   1.517414e-16   42608
  1.126820e+00   2.795927e-14   1.223307e-02   1.341312e-16   45758
  1.169340e+00   2.527805e-14   1.228914e-02   1.185747e-16   49536
  1.211695e+00   2.359324e-14   1.215683e-02   1.065842e-16   52488
  1.254054e+00   2.157542e-14   1.233851e-02   9.309007e-17   57034
  1.296605e+00   1.983046e-14   1.224458e-02   8.391721e-17   60648
  1.339187e+00   1.832762e-14   1.230532e-02   7.428154e-17   65044
  1.381689e+00   1.700333e-14   1.223104e-02   6.714725e-17   68720
  1.424202e+00   1.588757e-14   1.231312e-02   6.112928e-17   73538
  1.466870e+00   1.497281e-14   1.230776e-02   5.597735e-17   78080
  1.509304e+00   1.372923e-14   1.215944e-02   5.011697e-17   81572
  1.551677e+00   1.300792e-14   1.232495e-02   4.638571e-17   87248
  1.594353e+00   1.220870e-14   1.233837e-02   4.229589e-17   92266
  1.636929e+00   1.134575e-14   1.225268e-02   3.851225e-17   96696
  1.679216e+00   1.067137e-14   1.215041e-02   3.575325e-17   100904
  1.721516e+00   1.012463e-14   1.226207e-02   3.306828e-17   107036
  1.764192e+00   9.460556e-15   1.235795e-02   2.991970e-17   113362
  1.806923e+00   8.944209e-15   1.228837e-02   2.787962e-17   118176
  1.849351e+00   8.392251e-15   1.221864e-02   2.574174e-17   122944
  1.891857e+00   7.971990e-15   1.233203e-02   2.397639e-17   129902
  1.934420e+00   7.588000e-15   1.224691e-02   2.255589e-17   134944
  1.976863e+00   7.100419e-15   1.225992e-02   2.063577e-17   140952
  2.019285e+00   6.760927e-15   1.225865e-02   1.935903e-17   147072
  2.061737e+00   6.419162e-15   1.224320e-02   1.806399e-17   153382
  2.104357e+00   6.116031e-15   1.233049e-02   1.686526e-17   160952
  2.147003e+00   5.791843e-15   1.228118e-02   1.570712e-17   166640
  2.189431e+00   5.482078e-15   1.222861e-02   1.473345e-17   172448
  2.231915e+00   5.242420e-15   1.231031e-02   1.377043e-17   180594
  2.274471e+00   4.968894e-15   1.224284e-02   1.292024e-17   186556
  2.316888e+00   4.719628e-15   1.225358e-02   1.215541e-17   193528
  2.359297e+00   4.492561e-15   1.224273e-02   1.140666e-17   200626
  2.401844e+00   4.263738e-15   1.230642e-02   1.067156e-17   209256
  2.444460e+00   4.071688e-15   1.227865e-02   1.003976e-17   216020
  2.487004e+00   3.895315e-15   1.230299e-02   9.519759e-18   223768
  2.529444e+00   3.689683e-15   1.222313e-02   8.928697e-18   230234
  2.571955e+00   3.531877e-15   1.229969e-02   8.436237e-18   239800
  2.614499e+00   3.360595e-15   1.225221e-02   7.950000e-18   246568
  2.656957e+00   3.229790e-15   1.227331e-02   7.571623e-18   254828
  2.699414e+00   3.067009e-15   1.225769e-02   7.154996e-18   263074
  2.741981e+00   2.933912e-15   1.228604e-02   6.754078e-18   272312
  2.784554e+00   2.813179e-15   1.228079e-02   6.366463e-18   280376
  2.827093e+00   2.689983e-15   1.228600e-02   6.034590e-18   288884
  2.869605e+00   2.567141e-15   1.227401e-02   5.732224e-18   297602
  2.912071e+00   2.449517e-15   1.223046e-02   5.428541e-18   305520
  2.954561e+00   2.360921e-15   1.230079e-02   5.172349e-18   315976
  2.996984e+00   2.245637e-15   1.221089e-02   4.926311e-18   322778
  3.039488e+00   2.145740e-15   1.232008e-02   4.663380e-18   335372
  3.082114e+00   2.049334e-15   1.227327e-02   4.408190e-18   343464
  3.124654e+00   1.966128e-15   1.228282e-02   4.216662e-18   352912
  3.167174e+00   1.882921e-15   1.228199e-02   4.008010e-18   362666
  3.209689e+00   1.801000e-15   1.225476e-02   3.842126e-18   371884
  3.252186e+00   1.725784e-15   1.227971e-02   3.636216e-18   382280
  3.294633e+00   1.651213e-15   1.224302e-02   3.462788e-18   390888
  3.337059e+00   1.583436e-15   1.226867e-02   3.312148e-18   402234
  3.379565e+00   1.516798e-15   1.225933e-02   3.157285e-18   412576
  3.422105e+00   1.437222e-15   1.228715e-02   2.991837e-18   423732
  3.464636e+00   1.392477e-15   1.227257e-02   2.880127e-18   433624
  3.507180e+00   1.335910e-15   1.228881e-02   2.757613e-18   445154
  3.549739e+00   1.278449e-15   1.227656e-02   2.619192e-18   455584
  3.592238e+00   1.224159e-15   1.225887e-02   2.513833e-18   465588
  3.634685e+00   1.173294e-15   1.226065e-02   2.394345e-18   476762
  3.677219e+00   1.124744e-15   1.229242e-02   2.292110e-18   489552
  3.719789e+00   1.078099e-15   1.227853e-02   2.193559e-18   500328
  3.762251e+00   1.028751e-15   1.223705e-02   2.090152e-18   509852
  3.804741e+00   9.941367e-16   1.229735e-02   2.010969e-18   524234
  3.847275e+00   9.512095e-16   1.224781e-02   1.922439e-18   534104
  3.889779e+00   9.125474e-16   1.228211e-02   1.838310e-18   547048
  3.932320e+00   8.796462e-16   1.229545e-02   1.772631e-18   559328
  3.974872e+00   8.382426e-16   1.228346e-02   1.697524e-18   571326
  4.017355e+00   8.052558e-16   1.224147e-02   1.628632e-18   581920
  4.059804e+00   7.706888e-16   1.225835e-02   1.562478e-18   594832
  4.102282e+00   7.383008e-16   1.227222e-02   1.495795e-18   608048
  4.144825e+00   7.111200e-16   1.228101e-02   1.440815e-18   621526
  4.187356e+00   6.862436e-16   1.226445e-02   1.385634e-18   633240
  4.229822e+00   6.522083e-16   1.225981e-02   1.329986e-18   645472
  4.272346e+00   6.292295e-16   1.230137e-02   1.274889e-18   660906
  4.314903e+00   6.016440e-16   1.227030e-02   1.232529e-18   672856
  4.357425e+00   5.811150e-16   1.226838e-02   1.184482e-18   685980
  4.399921e+00   5.509511e-16   1.227191e-02   1.135731e-18   699256
  4.442476e+00   5.309537e-16   1.229990e-02   1.092435e-18   714730
  4.484986e+00   5.116111e-16   1.223739e-02   1.052337e-18   725152
  4.527452e+00   4.884135e-16   1.227054e-02   1.014743e-18   740420
  4.569941e+00   4.721477e-16   1.227636e-02   9.801200e-19   754312
  4.612456e+00   4.523516e-16   1.227959e-02   9.404002e-19   769114
  4.654996e+00   4.323738e-16   1.227684e-02   9.038358e-19   783488
  4.697459e+00   4.172158e-16   1.223560e-02   8.763679e-19   794968
  4.739925e+00   3.987036e-16   1.228043e-02   8.420677e-19   812366
  4.782438e+00   3.831355e-16   1.226054e-02   8.117397e-19   825976
  4.825000e+00   3.680621e-16   1.230088e-02   7.842750e-19   843352
  4.867591e+00   3.533400e-16   1.229290e-02   7.570296e-19   857280
  4.910094e+00   3.398950e-16   1.225276e-02   7.312040e-19   869542
  4.952587e+00   3.266054e-16   1.228301e-02   7.058621e-19   887128
  4.995087e+00   3.127883e-16   1.225266e-02   6.807309e-19   900032
  5.037553e+00   3.009904e-16   1.226951e-02   6.568113e-19   916560
  5.080018e+00   2.872099e-16   1.224713e-02   6.337828e-19   930922
  5.122540e+00   2.778805e-16   1.228718e-02   6.146249e-19   949844
  5.165149e+00   2.666160e-16   1.230776e-02   5.944487e-19   966736
  5.207698e+00   2.547024e-16   1.226328e-02   5.734495e-19   978776
  5.250149e+00   2.461587e-16   1.225655e-02   5.547000e-19   994522
  5.292642e+00   2.349129e-16   1.227563e-02   5.362855e-19   1012420
  5.335176e+00   2.250607e-16   1.228639e-02   5.181539e-19   1029408
  5.377640e+00   2.180582e-16   1.223362e-02   5.038917e-19   1041658
  5.420127e+00   2.085730e-16   1.228953e-02   4.861605e-19   1063520
  5.462635e+00   2.005994e-16   1.224276e-02   4.707376e-19   1075808
  5.505175e+00   1.926640e-16   1.232008e-02   4.545210e-19   1098956
  5.547712e+00   1.844400e-16   1.224668e-02   4.415266e-19   1109810
  5.590179e+00   1.768237e-16   1.226115e-02   4.271150e-19   1128608
  5.632713e+00   1.704727e-16   1.229436e-02   4.135641e-19   1148264
  5.675250e+00   1.637971e-16   1.227167e-02   4.021814e-19   1163252
  5.717744e+00   1.556827e-16   1.226828e-02   3.874577e-19   1181042
  5.760239e+00   1.501066e-16   1.225730e-02   3.773252e-19   1197848
  5.802769e+00   1.445950e-16   1.229495e-02   3.651059e-19   1218848
  5.845291e+00   1.392094e-16   1.225944e-02   3.527800e-19   1232916
  5.887780e+00   1.339151e-16   1.227538e-02   3.429575e-19   1253002
  5.930266e+00   1.281495e-16   1.224914e-02   3.329083e-19   1268576
  5.972763e+00   1.221243e-16   1.228621e-02   3.224369e-19   1290128
  6.015287e+00   1.184010e-16   1.227337e-02   3.137419e-19   1307402
  6.057820e+00   1.138944e-16   1.227649e-02   3.042924e-19   1327028
  6.100333e+00   1.087985e-16   1.225988e-02   2.956340e-19   1343648
  6.142842e+00   1.047616e-16   1.228087e-02   2.861221e-19   1364096
  6.185363e+00   1.000945e-16   1.227580e-02   2.780692e-19   1382730
  6.227896e+00   9.649918e-17   1.227503e-02   2.702092e-19   1402164
  6.270416e+00   9.279351e-17   1.227264e-02   2.629784e-19   1420464
  6.312883e+00   8.878076e-17   1.225519e-02   2.552042e-19   1437368
  6.355387e+00   8.473342e-17   1.228857e-02   2.471627e-19   1461530
  6.397919e+00   8.235140e-17   1.226028e-02   2.406552e-19   1478264
  6.440432e+00   7.807881e-17   1.227561e-02   2.331428e-19   1499356
  6.482926e+00   7.537866e-17   1.226095e-02   2.270671e-19   1517016
  6.525439e+00   7.254335e-17   1.228340e-02   2.214569e-19   1540090
  6.567953e+00   6.926611e-17   1.226146e-02   2.146797e-19   1557360
  6.610434e+00   6.717481e-17   1.226770e-02   2.092642e-19   1577780
  6.652969e+00   6.385774e-17   1.230043e-02   2.032170e-19   1602578
  6.695499e+00   6.155536e-17   1.225417e-02   1.977943e-19   1617672
  6.737992e+00   5.931699e-17   1.227613e-02   1.929610e-19   1641016
  6.780486e+00   5.663231e-17   1.226032e-02   1.873329e-19   1659416
  6.822983e+00   5.414576e-17   1.227372e-02   1.820536e-19   1682670
  6.865529e+00   5.223578e-17   1.228276e-02   1.772801e-19   1705256
  6.908096e+00   4.992932e-17   1.228756e-02   1.721079e-19   1726312
  6.950582e+00   4.843732e-17   1.225056e-02   1.679374e-19   1741880
  6.993044e+00   4.633104e-17   1.226862e-02   1.638396e-19   1766454
  7.035588e+00   4.459226e-17   1.229242e-02   1.590079e-19   1791784
  7.078111e+00   4.289397e-17   1.225558e-02   1.553588e-19   1807712
  7.120554e+00   4.121675e-17   1.225110e-02   1.510915e-19   1829002
  7.163037e+00   3.934103e-17   1.226905e-02   1.472470e-19   1854216
  7.205602e+00   3.783083e-17   1.229852e-02   1.429912e-19   1880156
  7.248150e+00   3.603617e-17   1.227340e-02   1.396348e-19   1897568
  7.290651e+00   3.497165e-17   1.227390e-02   1.363200e-19   1920458
  7.333153e+00   3.309443e-17   1.226399e-02   1.326997e-19   1942208
  7.375659e+00   3.172067e-17   1.227125e-02   1.293654e-19   1965612
  7.418175e+00   3.080941e-17   1.227855e-02   1.261639e-19   1989000
  7.460671e+00   2.937667e-17   1.225786e-02   1.230253e-19   2009114
  7.503166e+00   2.787235e-17   1.226960e-02   1.198398e-19   2034464
  7.545695e+00   2.706147e-17   1.228070e-02   1.168886e-19   2058476
  7.588207e+00   2.610360e-17   1.227216e-02   1.142477e-19   2079648
  7.630693e+00   2.476759e-17   1.226356e-02   1.114122e-19   2102578
  7.673222e+00   2.397297e-17   1.228297e-02   1.087125e-19   2129928
  7.715766e+00   2.279256e-17   1.227893e-02   1.058490e-19   2152096
  7.758252e+00   2.192713e-17   1.225143e-02   1.034734e-19   2171142
  7.800741e+00   2.124076e-17   1.227660e-02   1.009728e-19   2200248
  7.843296e+00   2.030355e-17   1.228407e-02   9.840668e-20   2225216
  7.885842e+00   1.940885e-17   1.228377e-02   9.603134e-20   2248448
  7.928336e+00   1.873662e-17   1.225709e-02   9.380222e-20   2267942
  7.970840e+00   1.786784e-17   1.228420e-02   9.159480e-20   2298072
  8.013348e+00   1.697648e-17   1.225627e-02   8.937092e-20   2317272
  8.055842e+00   1.655766e-17   1.227899e-02   8.731871e-20   2345808
  8.098322e+00   1.591940e-17   1.224988e-02   8.528222e-20   2365650
  8.140823e+00   1.548227e-17   1.227972e-02   8.315400e-20   2396940
  8.183368e+00   1.474936e-17   1.227975e-02   8.135604e-20   2421272
  8.225892e+00   1.393671e-17   1.227360e-02   7.937258e-20   2444576
  8.268407e+00   1.353140e-17   1.227899e-02   7.757898e-20   2471490
  8.310912e+00   1.316103e-17   1.225942e-02   7.581143e-20   2493180
  8.353397e+00   1.253004e-17   1.227208e-02   7.409283e-20   2520952
  8.395888e+00   1.204191e-17   1.226128e-02   7.245289e-20   2544946
  8.438392e+00   1.142551e-17   1.227324e-02   7.078407e-20   2573856
  8.480922e+00   1.098954e-17   1.227611e-02   6.908667e-20   2600016
  8.523447e+00   1.064148e-17   1.227641e-02   6.754376e-20   2625484
  8.565959e+00   1.010049e-17   1.227232e-02   6.611479e-20   2651122
  8.608519e+00   9.978185e-18   1.229739e-02   6.462126e-20   2683488
  8.651014e+00   9.258214e-18   1.223786e-02   6.306767e-20   2696352
  8.693483e+00   8.988011e-18   1.228468e-02   6.165000e-20   2733020
  8.736008e+00   8.767431e-18   1.227012e-02   6.037182e-20   2757378
  8.778525e+00   8.329825e-18   1.227177e-02   5.903476e-20   2784864
  8.821036e+00   7.901478e-18   1.227124e-02   5.763273e-20   2811168
  8.863496e+00   7.445241e-18   1.224424e-02   5.652850e-20   2832274
  8.906020e+00   7.364948e-18   1.230244e-02   5.516915e-20   2873636
  8.948567e+00   7.149419e-18   1.225951e-02   5.400216e-20   2890496
  8.991066e+00   6.781041e-18   1.227940e-02   5.283960e-20   2921800
  9.033598e+00   6.467433e-18   1.228441e-02   5.163369e-20   2951298
  9.076126e+00   6.216091e-18   1.226510e-02   5.056527e-20   2975476
  9.118654e+00   6.001836e-18   1.228550e-02   4.942774e-20   3007728
  9.161142e+00   5.717272e-18   1.224754e-02   4.854075e-20   3025776
  9.203640e+00   5.410077e-18   1.229182e-02   4.735792e-20   3065762
  9.246160e+00   5.208061e-18   1.225283e-02   4.644305e-20   3084856
  9.288649e+00   5.020162e-18   1.227594e-02   4.538407e-20   3118044
  9.331129e+00   4.840875e-18   1.225728e-02   4.442070e-20   3141352
  9.373640e+00   4.713651e-18   1.228814e-02   4.348002e-20   3179274
  9.416185e+00   4.543252e-18   1.227073e-02   4.255389e-20   3204120
  9.458671e+00   4.280345e-18   1.225444e-02   4.175038e-20   3227900
  9.501151e+00   4.097487e-18   1.227489e-02   4.084386e-20   3262394
  9.543701e+00   4.062207e-18   1.228726e-02   3.991655e-20   3295680
  9.586236e+00   3.846059e-18   1.226866e-02   3.917945e-20   3319560
  9.628737e+00   3.645248e-18   1.227228e-02   3.833519e-20   3348972
  9.671240e+00   3.589222e-18   1.227416e-02   3.749119e-20   3379722
  9.713763e+00   3.369419e-18   1.227339e-02   3.679043e-20   3410720
  9.756299e+00   3.330839e-18   1.227807e-02   3.599762e-20   3441504
  9.798787e+00   3.112728e-18   1.225320e-02   3.529439e-20   3463624
  9.841266e+00   3.012169e-18   1.227217e-02   3.456556e-20   3499790
  9.883803e+00   2.894920e-18   1.228281e-02   3.381068e-20   3533560
  9.926350e+00   2.755529e-18   1.227932e-02   3.321295e-20   3561920
  9.968836e+00   2.798277e-18   1.225683e-02   3.250052e-20   3585208
  1.001132e+01   2.595667e-18   1.227674e-02   3.183032e-20   3622518
  1.005387e+01   2.570126e-18   1.228938e-02   3.120334e-20   3657584
  1.009637e+01   2.428009e-18   1.225003e-02   3.055546e-20   3676440
  1.013883e+01   2.354983e-18   1.226093e-02   2.997766e-20   3711282
  1.018134e+01   2.281660e-18   1.227505e-02   2.939239e-20   3747696
  1.022386e+01   2.171546e-18   1.226890e-02   2.879997e-20   3776188
  1.026640e+01   2.057973e-18   1.229793e-02   2.820648e-20   3815304
  1.030893e+01   2.030119e-18   1.225864e-02   2.765418e-20   3835370
  1.035143e+01   1.977887e-18   1.227570e-02   2.709070e-20   3873424
  1.039395e+01   1.846620e-18   1.227191e-02   2.660501e-20   3903420
  1.043647e+01   1.762924e-18   1.228014e-02   2.605213e-20   3937624
  1.047898e+01   1.751609e-18   1.226404e-02   2.555632e-20   3965658
  1.052150e+01   1.651739e-18   1.227921e-02   2.505966e-20   4002984
  1.056400e+01   1.642983e-18   1.226054e-02   2.460943e-20   4027928
  1.060647e+01   1.538773e-18   1.225976e-02   2.411131e-20   4059844
  1.064896e+01   1.432676e-18   1.227978e-02   2.363928e-20   4100338
  1.069151e+01   1.445598e-18   1.227651e-02   2.315559e-20   4132264
  1.073403e+01   1.369483e-18   1.227390e-02   2.269775e-20   4163216
  1.077652e+01   1.343816e-18   1.226459e-02   2.229795e-20   4193350
  1.081904e+01   1.301548e-18   1.228427e-02   2.182605e-20   4234456
  1.086156e+01   1.253418e-18   1.225632e-02   2.146441e-20   4257264
  1.090405e+01   1.231867e-18   1.227910e-02   2.102222e-20   4297352
  1.094656e+01   1.148022e-18   1.226998e-02   2.062357e-20   4328642
  1.098909e+01   1.091410e-18   1.228265e-02   2.024304e-20   4367948
  1.103158e+01   1.108942e-18   1.224720e-02   1.992962e-20   4388384
  1.107408e+01   1.030109e-18   1.228899e-02   1.946980e-20   4436648
  1.111661e+01   1.015486e-18   1.227199e-02   1.912747e-20   4465658
  1.115915e+01   9.590360e-19   1.227871e-02   1.875109e-20   4502948
  1.120165e+01   9.492393e-19   1.225915e-02   1.841451e-20   4528880
  1.124413e+01   9.433794e-19   1.226872e-02   1.810414e-20   4566290
  1.128665e+01   8.977847e-19   1.228262e-02   1.773748e-20   4606856
  1.132917e+01   8.956689e-19   1.226621e-02   1.742290e-20   4635380
  1.137166e+01   8.612292e-19   1.226853e-02   1.710298e-20   4670384
  1.141417e+01   8.338473e-19   1.227665e-02   1.677090e-20   4709258
  1.145672e+01   7.713172e-19   1.228130e-02   1.647330e-20   4747352
  1.149922e+01   7.793736e-19   1.225462e-02   1.618805e-20   4771664
  1.154171e+01   7.334706e-19   1.227440e-02   1.587133e-20   4813532
  1.158423e+01   7.217723e-19   1.228175e-02   1.557526e-20   4852322
  1.162677e+01   7.122153e-19   1.227605e-02   1.532360e-20   4886480
  1.166928e+01   6.582204e-19   1.226516e-02   1.503186e-20   4917248
  1.171175e+01   6.592723e-19   1.226039e-02   1.476397e-20   4950828
  1.175428e+01   6.220899e-19   1.229115e-02   1.448564e-20   5000170
  1.179682e+01   6.332192e-19   1.226743e-02   1.422689e-20   5026952
  1.183930e+01   6.143368e-19   1.225870e-02   1.398145e-20   5058752
  1.188178e+01   5.701015e-19   1.227096e-02   1.372079e-20   5100722
  1.192431e+01   5.584755e-19   1.227592e-02   1.347871e-20   5140124
  1.196682e+01   5.700521e-19   1.227175e-02   1.322874e-20   5174072
  1.200934e+01   5.369103e-19   1.227571e-02   1.299730e-20   5211608
  1.205185e+01   5.552256e-19   1.227167e-02   1.275305e-20   5247794
  1.209436e+01   5.055989e-19   1.226763e-02   1.252480e-20   5284196
  1.213689e+01   5.077727e-19   1.228663e-02   1.230566e-20   5328800
  1.217939e+01   4.729066e-19   1.225244e-02   1.211900e-20   5350872
  1.222188e+01   4.778895e-19   1.227843e-02   1.187041e-20   5400634
  1.226439e+01   4.484522e-19   1.226116e-02   1.170106e-20   5430968
  1.230690e+01   4.597680e-19   1.228074e-02   1.147687e-20   5475908
  1.234942e+01   4.363503e-19   1.227341e-02   1.126815e-20   5510016
  1.239194e+01   4.284554e-19   1.227878e-02   1.107446e-20   5552114
  1.243448e+01   4.003772e-19   1.227536e-02   1.088516e-20   5588944
  1.247700e+01   4.038222e-19   1.227081e-02   1.068432e-20   5623828
  1.251949e+01   3.776748e-19   1.226652e-02   1.051988e-20   5660722
  1.256199e+01   3.767708e-19   1.226569e-02   1.032852e-20   5699896
  1.260450e+01   3.349415e-19   1.227587e-02   1.013952e-20   5741936
  1.264701e+01   3.760990e-19   1.227604e-02   9.979797e-21   5779568
  1.268952e+01   3.456582e-19   1.227056e-02   9.811970e-21   5817222
  1.273202e+01   3.608023e-19   1.226405e-02   9.638724e-21   5854600
  1.277454e+01   2.927705e-19   1.227916e-02   9.459520e-21   5900040
  1.281705e+01   3.259976e-19   1.226601e-02   9.315897e-21   5931976
  1.285956e+01   3.126179e-19   1.228040e-02   9.157888e-21   5979390
  1.290207e+01   3.092561e-19   1.226129e-02   8.997894e-21   6010200
  1.294458e+01   2.799632e-19   1.227731e-02   8.847714e-21   6056496
  1.298708e+01   2.740269e-19   1.226484e-02   8.694198e-21   6089504
  1.302958e+01   2.935312e-19   1.227756e-02   8.542944e-21   6137114
  1.307210e+01   2.841882e-19   1.226880e-02   8.400910e-21   6173332
  1.311461e+01   2.663770e-19   1.227153e-02   8.267045e-21   6214128
  1.315711e+01   2.550676e-19   1.226922e-02   8.124620e-21   6253874
  1.319964e+01   2.764333e-19   1.227851e-02   7.991492e-21   6300104
  1.324216e+01   2.488777e-19   1.226546e-02   7.860912e-21   6332612
  1.328467e+01   2.716462e-19   1.228096e-02   7.723149e-21   6379768
  1.332719e+01   2.467649e-19   1.227439e-02   7.596456e-21   6418218
  1.336971e+01   2.483249e-19   1.227344e-02   7.462837e-21   6459880
  1.341221e+01   2.683677e-19   1.226446e-02   7.346535e-21   6495652
  1.345472e+01   2.294289e-19   1.228092e-02   7.227039e-21   6545296
  1.349724e+01   2.349275e-19   1.226891e-02   7.106686e-21   6581570
  1.353974e+01   2.332179e-19   1.226098e-02   6.989526e-21   6618960
  1.358222e+01   2.204838e-19   1.226863e-02   6.868721e-21   6663352
  1.362471e+01   2.335674e-19   1.226151e-02   6.767429e-21   6701334
  1.366724e+01   2.195515e-19   1.229005e-02   6.646018e-21   6759920
  1.370978e+01   2.065350e-19   1.226871e-02   6.549290e-21   6789696
  1.375229e+01   1.954231e-19   1.227982e-02   6.436243e-21   6837208
  1.379481e+01   1.966453e-19   1.226997e-02   6.335821e-21   6874966
  1.383733e+01   2.040236e-19   1.227445e-02   6.232220e-21   6920864
  1.387984e+01   2.078811e-19   1.226703e-02   6.134884e-21   6957816
  1.392234e+01   2.006010e-19   1.227258e-02   6.027048e-21   7002232
  1.396483e+01   2.069939e-19   1.226616e-02   5.928647e-21   7043114
  1.400736e+01   1.933228e-19   1.228161e-02   5.832385e-21   7096020
  1.404988e+01   1.941431e-19   1.226958e-02   5.744719e-21   7130640
  1.409239e+01   1.902359e-19   1.227310e-02   5.649304e-21   7175472
  1.413489e+01   1.911861e-19   1.226899e-02   5.561251e-21   7217786
  1.417741e+01   1.770515e-19   1.227600e-02   5.469669e-21   7265564
  1.421992e+01   1.821907e-19   1.226528e-02   5.387484e-21   7301288
  1.426240e+01   1.779357e-19   1.226550e-02   5.302417e-21   7345330
  1.430491e+01   1.963275e-19   1.227621e-02   5.212302e-21   7397048
  1.434743e+01   1.715426e-19   1.226815e-02   5.128944e-21   7435920
  1.438994e+01   1.590864e-19   1.227688e-02   5.047297e-21   7484140
  1.443245e+01   1.670570e-19   1.227057e-02   4.973850e-21   7525578
  1.447497e+01   1.675685e-19   1.227007e-02   4.893049e-21   7571376
  1.451748e+01   1.670934e-19   1.227392e-02   4.813707e-21   7617064
  1.456001e+01   1.595860e-19   1.227782e-02   4.739316e-21   7662092
  1.460251e+01   1.539224e-19   1.226530e-02   4.664196e-21   7699658
  1.464502e+01   1.535661e-19   1.227578e-02   4.593887e-21   7752416
  1.468755e+01   1.492667e-19   1.227763e-02   4.523259e-21   7797776
  1.473004e+01   1.483735e-19   1.226070e-02   4.449648e-21   7831720
  1.477255e+01   1.508383e-19   1.227889e-02   4.374818e-21   7889926
  1.481507e+01   1.480841e-19   1.227192e-02   4.310623e-21   7931480
  1.485759e+01   1.480269e-19   1.227300e-02   4.243585e-21   7976688
  1.490006e+01   1.330788e-19   1.225048e-02   4.180589e-21   8007786
  1.494256e+01   1.594129e-19   1.228133e-02   4.108470e-21   8074564
  1.498510e+01   1.399547e-19   1.228034e-02   4.052421e-21   8118904
  1.502762e+01   1.363521e-19   1.226783e-02   3.989867e-21   8155824
  1.507013e+01   1.269754e-19   1.228256e-02   3.923922e-21   8212802
  1.511265e+01   1.356625e-19   1.226047e-02   3.870314e-21   8245268
  1.515516e+01   1.289939e-19   1.228702e-02   3.804746e-21   8308816
  1.519769e+01   1.260270e-19   1.226520e-02   3.747269e-21   8340304
  1.524017e+01   1.348138e-19   1.226489e-02   3.690163e-21   8387738
  1.528267e+01   1.227042e-19   1.226883e-02   3.637883e-21   8437624
  1.532518e+01   1.246899e-19   1.227531e-02   3.580443e-21   8487796
  1.536768e+01   1.278169e-19   1.226572e-02   3.529080e-21   8527936
  1.541020e+01   1.301846e-19   1.227764e-02   3.472664e-21   8585122
  1.545272e+01   1.130424e-19   1.227170e-02   3.418071e-21   8628200
  1.549524e+01   1.180587e-19   1.227868e-02   3.364804e-21   8679484
  1.553776e+01   1.187495e-19   1.226928e-02   3.318422e-21   8721466
  1.558025e+01   1.187398e-19   1.226318e-02   3.269090e-21   8765840
  1.562277e+01   1.054787e-19   1.228142e-02   3.217043e-21   8825136
  1.566528e+01   1.138386e-19   1.226701e-02   3.172333e-21   8861768
  1.570779e+01   1.045644e-19   1.227728e-02   3.123067e-21   8919278
  1.575031e+01   1.079163e-19   1.226638e-02   3.077201e-21   8961008
  1.579282e+01   1.055549e-19   1.227512e-02   3.029027e-21   9014456
  1.583534e+01   1.070840e-19   1.227527e-02   2.984372e-21   9062240
  1.587786e+01   1.119348e-19   1.227311e-02   2.942514e-21   9110510
  1.592036e+01   1.076640e-19   1.226582e-02   2.901062e-21   9154048
  1.596285e+01   1.067423e-19   1.226281e-02   2.859208e-21   9198928
  1.600534e+01   1.000077e-19   1.227531e-02   2.813765e-21   9257194
  1.604787e+01   1.080398e-19   1.227745e-02   2.772322e-21   9310168
  1.609038e+01   1.026418e-19   1.226530e-02   2.733924e-21   9350316
  1.613289e+01   1.032007e-19   1.227684e-02   2.688313e-21   9407120
  1.617541e+01   1.015248e-19   1.227300e-02   2.651031e-21   9454642
  1.621793e+01   9.906455e-20   1.227362e-02   2.611921e-21   9506272
  1.626044e+01   9.142070e-20   1.226942e-02   2.575725e-21   9551228
  1.630294e+01   9.271549e-20   1.227038e-02   2.537072e-21   9600264
  1.634544e+01   9.153145e-20   1.227012e-02   2.501060e-21   9651458
  1.638796e+01   9.210823e-20   1.228049e-02   2.464866e-21   9711488
  1.643048e+01   9.269842e-20   1.226476e-02   2.429698e-21   9749144
  1.647299e+01   8.758529e-20   1.227613e-02   2.392387e-21   9807908
  1.651550e+01   8.928785e-20   1.227043e-02   2.358527e-21   9854786
  1.655803e+01   9.043088e-20   1.228107e-02   2.323468e-21   9914304
  1.660053e+01   9.047468e-20   1.225867e-02   2.292407e-21   9945544
  1.664301e+01   8.812411e-20   1.226718e-02   2.258774e-21   10003414
  1.668552e+01   8.741800e-20   1.227468e-02   2.226485e-21   10062032
  1.672804e+01   8.585854e-20   1.227657e-02   2.191429e-21   10114792
  1.677058e+01   8.910027e-20   1.228180e-02   2.161249e-21   10169936
  1.681307e+01   8.453849e-20   1.225060e-02   2.132446e-21   10196602
  1.685558e+01   8.411883e-20   1.228906e-02   2.099394e-21   10281156
  1.689811e+01   7.723484e-20   1.226275e-02   2.070097e-21   10309376
  1.694060e+01   8.560986e-20   1.227427e-02   2.041311e-21   10369856
  1.698310e+01   7.646115e-20   1.226425e-02   2.012913e-21   10415370
  1.702562e+01   7.429768e-20   1.228018e-02   1.983108e-21   10481988
  1.706815e+01   7.677897e-20   1.227822e-02   1.954067e-21   10531200
  1.711066e+01   8.266637e-20   1.226163e-02   1.928414e-21   10569416
  1.715315e+01   7.655238e-20   1.227286e-02   1.900494e-21   10633066
  1.719568e+01   7.338570e-20   1.227546e-02   1.872276e-21   10687548
  1.723821e+01   7.667890e-20   1.228168e-02   1.846757e-21   10743968
  1.728072e+01   7.561224e-20   1.226340e-02   1.819446e-21   10782130
  1.732321e+01   7.792508e-20   1.226438e-02   1.797726e-21   10837792
  1.736571e+01   7.571077e-20   1.227328e-02   1.770226e-21   10897368
  1.740823e+01   7.357059e-20   1.227857e-02   1.746476e-21   10953940
  1.745075e+01   6.935442e-20   1.227188e-02   1.721115e-21   11003274
  1.749325e+01   7.464662e-20   1.226537e-02   1.699364e-21   11052800
  1.753577e+01   7.510710e-20   1.228039e-02   1.672627e-21   11118176
  1.757829e+01   7.241914e-20   1.227174e-02   1.649572e-21   11162268
  1.762078e+01   7.233340e-20   1.226447e-02   1.628262e-21   11211458
  1.766328e+01   7.199078e-20   1.226924e-02   1.606452e-21   11271888
  1.770579e+01   6.845008e-20   1.227456e-02   1.582828e-21   11329304
  1.774829e+01   6.857602e-20   1.226554e-02   1.559730e-21   11375026
  1.779081e+01   6.542068e-20   1.227704e-02   1.538877e-21   11442532
  1.783332e+01   6.463376e-20   1.226620e-02   1.518888e-21   11487264
  1.787583e+01   6.518342e-20   1.227239e-02   1.498675e-21   11545680
  1.791835e+01   6.807633e-20   1.227937e-02   1.477887e-21   11607058
  1.796089e+01   6.335114e-20   1.227970e-02   1.456189e-21   11664300
  1.800340e+01   6.598977e-20   1.226785e-02   1.437551e-21   11707488
  1.804590e+01   6.312052e-20   1.226647e-02   1.417210e-21   11759536
  1.808841e+01   6.479149e-20   1.228470e-02   1.398252e-21   11833690
  1.813095e+01   6.073685e-20   1.227017e-02   1.379356e-21   11877808
  1.817345e+01   6.245644e-20   1.226311e-02   1.361099e-21   11925836
  1.821595e+01   6.662819e-20   1.227560e-02   1.340995e-21   11992168
  1.825846e+01   6.259436e-20   1.227114e-02   1.323057e-21   12044554
  1.830097e+01   6.079245e-20   1.226867e-02   1.305969e-21   12098976
  1.834346e+01   6.078011e-20   1.226469e-02   1.289332e-21   12149996
  1.838595e+01   6.332512e-20   1.226815e-02   1.271701e-21   12209594
  1.842847e+01   6.025625e-20   1.227993e-02   1.253851e-21   12279272
  1.847101e+01   5.837816e-20   1.228002e-02   1.236795e-21   12336072
  1.851353e+01   5.935171e-20   1.226966e-02   1.220965e-21   12381744
  1.855604e+01   5.948141e-20   1.227227e-02   1.205690e-21   12441590
  1.859855e+01   5.752087e-20   1.227023e-02   1.188907e-21   12497256
  1.864105e+01   5.673076e-20   1.226730e-02   1.172931e-21   12550032
  1.868353e+01   5.545535e-20   1.226474e-02   1.157014e-21   12603936
  1.872603e+01   5.661218e-20   1.227245e-02   1.142228e-21   12671230
  1.876857e+01   5.909315e-20   1.228331e-02   1.126785e-21   12740920
  1.881110e+01   5.254859e-20   1.227107e-02   1.112830e-21   12784560
  1.885359e+01   5.655308e-20   1.226358e-02   1.097534e-21   12834176
  1.889610e+01   5.512109e-20   1.227865e-02   1.082710e-21   12909006
  1.893863e+01   5.101875e-20   1.227235e-02   1.069454e-21   12959680
  1.898113e+01   5.233752e-20   1.227020e-02   1.055123e-21   13014232
  1.902364e+01   5.333985e-20   1.227262e-02   1.040604e-21   13076514
  1.906614e+01   5.104079e-20   1.226274e-02   1.028101e-21   13127112
  1.910866e+01   4.972756e-20   1.228266e-02   1.013343e-21   13205852
  1.915119e+01   4.980913e-20   1.227282e-02   1.001283e-21   13252032
  1.919369e+01   5.287117e-20   1.226787e-02   9.883600e-22   13307450
  1.923620e+01   5.003179e-20   1.227402e-02   9.751986e-22   13374160
  1.927872e+01   4.605123e-20   1.227027e-02   9.638919e-22   13426348
  1.932123e+01   4.801920e-20   1.227853e-02   9.499616e-22   13492760
  1.936373e+01   4.839250e-20   1.226457e-02   9.390740e-22   13539546
  1.940624e+01   4.836675e-20   1.227335e-02   9.265731e-22   13610704
  1.944875e+01   4.696708e-20   1.226734e-02   9.141813e-22   13662024
  1.949125e+01   4.713152e-20   1.227299e-02   9.030438e-22   13727492
  1.953377e+01   4.971595e-20   1.227644e-02   8.912676e-22   13793394
  1.957629e+01   4.515899e-20   1.226862e-02   8.803237e-22   13844456
  1.961880e+01   4.568846e-20   1.227171e-02   8.693195e-22   13905184
  1.966130e+01   4.364187e-20   1.227189e-02   8.580720e-22   13965958
  1.970381e+01   4.555284e-20   1.226859e-02   8.472355e-22   14025192
  1.974632e+01   4.387313e-20   1.227581e-02   8.361721e-22   14093768
  1.978884e+01   4.255917e-20   1.227382e-02   8.265253e-22   14150440
  1.983136e+01   4.343407e-20   1.227452e-02   8.159117e-22   14213450
  1.987387e+01   4.302608e-20   1.226691e-02   8.063815e-22   14267036
  1.991638e+01   4.663904e-20   1.227427e-02   7.952380e-22   14335032
  1.995889e+01   4.481969e-20   1.226837e-02   7.859469e-22   14387664
  2.000139e+01   4.131168e-20   1.227308e-02   7.760265e-22   14455698
  2.004391e+01   4.409065e-20   1.227471e-02   7.662780e-22   14520452
  2.008643e+01   4.235640e-20   1.227399e-02   7.563991e-22   14580272
  2.012893e+01   4.215522e-20   1.226246e-02   7.477126e-22   14628050
  2.017144e+01   4.153808e-20   1.228393e-02   7.376722e-22   14716744
  2.021396e+01   4.082756e-20   1.226163e-02   7.292757e-22   14751712
  2.025646e+01   4.136577e-20   1.227782e-02   7.197672e-22   14831620
  2.029896e+01   4.032326e-20   1.226188e-02   7.117134e-22   14875522
  2.034146e+01   4.014230e-20   1.227585e-02   7.025480e-22   14956720
  2.038398e+01   3.854837e-20   1.226799e-02   6.945832e-22   15008272
  2.042648e+01   3.873685e-20   1.227113e-02   6.855784e-22   15073780
  2.046899e+01   3.981990e-20   1.227601e-02   6.767728e-22   15144866
  2.051153e+01   3.848198e-20   1.228021e-02   6.692730e-22   15213872
  2.055406e+01   3.706583e-20   1.227172e-02   6.612991e-22   15263976
  2.059656e+01   3.732103e-20   1.226689e-02   6.540883e-22   15320236
  2.063907e+01   3.607908e-20   1.227747e-02   6.453381e-22   15398322
  2.068159e+01   3.527242e-20   1.226849e-02   6.383302e-22   15450864
  2.072409e+01   3.830003e-20   1.226949e-02   6.306180e-22   15513888
  2.076658e+01   3.835142e-20   1.226638e-02   6.234745e-22   15574626
  2.080910e+01   3.567928e-20   1.227957e-02   6.154425e-22   15657956
  2.085162e+01   3.681020e-20   1.226694e-02   6.085213e-22   15704248
  2.089412e+01   3.641075e-20   1.227405e-02   6.007286e-22   15774824
  2.093664e+01   3.600251e-20   1.227741e-02   5.943606e-22   15844898
  2.097916e+01   3.516161e-20   1.226797e-02   5.873044e-22   15898956
  2.102166e+01   3.472916e-20   1.226837e-02   5.806020e-22   15961768
  2.106416e+01   3.566461e-20   1.227392e-02   5.733379e-22   16032208
  2.110668e+01   3.462165e-20   1.227386e-02   5.668149e-22   16099530
  2.114918e+01   3.388932e-20   1.226342e-02   5.607381e-22   16152712
  2.119169e+01   3.418106e-20   1.227877e-02   5.538247e-22   16235740
  2.123421e+01   3.268215e-20   1.227090e-02   5.476107e-22   16288856
  2.127673e+01   3.438938e-20   1.227763e-02   5.419282e-22   16365074
  2.131925e+01   3.316477e-20   1.226826e-02   5.357591e-22   16418248
  2.136173e+01   3.336640e-20   1.226229e-02   5.300023e-22   16473180
  2.140423e+01   3.250419e-20   1.227796e-02   5.232913e-22   16560234
  2.144675e+01   3.194970e-20   1.226818e-02   5.178108e-22   16616088
  2.148927e+01   3.224393e-20   1.227653e-02   5.117456e-22   16693264
  2.153179e+01   3.224729e-20   1.227410e-02   5.060915e-22   16753864
  2.157431e+01   3.108911e-20   1.227428e-02   5.000926e-22   16820702
  2.161682e+01   3.022119e-20   1.226755e-02   4.948040e-22   16879288
  2.165933e+01   3.055749e-20   1.227311e-02   4.895351e-22   16951712
  2.170183e+01   3.053748e-20   1.226675e-02   4.842055e-22   17007560
  2.174434e+01   2.979550e-20   1.227813e-02   4.787256e-22   17092086
  2.178685e+01   2.961991e-20   1.226906e-02   4.735851e-22   17148392
  2.182937e+01   2.957442e-20   1.227478e-02   4.684812e-22   17222288
  2.187188e+01   2.916814e-20   1.227236e-02   4.636737e-22   17285096
  2.191439e+01   3.019968e-20   1.226620e-02   4.589556e-22   17344826
  2.195689e+01   2.878962e-20   1.227320e-02   4.541238e-22   17421236
  2.199941e+01   2.939704e-20   1.227792e-02   4.491920e-22   17494160
  2.204191e+01   2.875546e-20   1.226044e-02   4.447372e-22   17538122
  2.208440e+01   2.926801e-20   1.226939e-02   4.397658e-22   17620136
  2.212692e+01   2.904699e-20   1.227875e-02   4.352874e-22   17700428
  2.216945e+01   2.761088e-20   1.227393e-02   4.307625e-22   17760320
  2.221196e+01   2.984506e-20   1.227224e-02   4.261401e-22   17827562
  2.225448e+01   2.887764e-20   1.227165e-02   4.213334e-22   17895488
  2.229699e+01   2.834449e-20   1.227292e-02   4.174988e-22   17963576
  2.233950e+01   2.767632e-20   1.227046e-02   4.128560e-22   18027500
  2.238201e+01   2.721329e-20   1.227533e-02   4.094869e-22   18105650
  2.242451e+01   2.916069e-20   1.226508e-02   4.048932e-22   18160880
  2.246701e+01   2.724741e-20   1.226834e-02   4.012900e-22   18233144
  2.250951e+01   2.708234e-20   1.227149e-02   3.970708e-22   18307310
  2.255203e+01   2.697661e-20   1.227368e-02   3.930356e-22   18381680
  2.259456e+01   2.656045e-20   1.227489e-02   3.891424e-22   18450536
  2.263708e+01   2.790135e-20   1.227820e-02   3.857668e-22   18522128
  2.267959e+01   2.771976e-20   1.226827e-02   3.817676e-22   18578414
  2.272209e+01   2.585831e-20   1.227113e-02   3.784334e-22   18654304
  2.276460e+01   2.593952e-20   1.227056e-02   3.745483e-22   18722304
  2.280712e+01   2.671483e-20   1.227777e-02   3.708969e-22   18802472
  2.284964e+01   2.632053e-20   1.227092e-02   3.676401e-22   18864266
  2.289215e+01   2.663463e-20   1.226939e-02   3.644254e-22   18933260
  2.293465e+01   2.626354e-20   1.226719e-02   3.612593e-22   18997448
  2.297715e+01   2.434751e-20   1.227581e-02   3.574171e-22   19079816
  2.301967e+01   2.511176e-20   1.227098e-02   3.543224e-22   19145330
  2.306218e+01   2.583474e-20   1.227177e-02   3.509862e-22   19218276
  2.310469e+01   2.556785e-20   1.227113e-02   3.480539e-22   19286200
  2.314719e+01   2.563108e-20   1.226583e-02   3.450315e-22   19349738
  2.318971e+01   2.393089e-20   1.228286e-02   3.420237e-22   19450040
  2.323223e+01   2.508557e-20   1.226363e-02   3.391289e-22   19489688
  2.327473e+01   2.540875e-20   1.227521e-02   3.361946e-22   19576868
  2.331724e+01   2.502755e-20   1.226932e-02   3.331832e-22   19640282
  2.335976e+01   2.526121e-20   1.227873e-02   3.304350e-22   19728800
  2.340226e+01   2.427097e-20   1.226095e-02   3.277243e-22   19770152
  2.344476e+01   2.500626e-20   1.227487e-02   3.248872e-22   19863516
  2.348729e+01   2.466722e-20   1.227855e-02   3.221051e-22   19943594
  2.352981e+01   2.437699e-20   1.227039e-02   3.199674e-22   20003440
  2.357232e+01   2.491344e-20   1.227533e-02   3.173104e-22   20081768
  2.361483e+01   2.411827e-20   1.226475e-02   3.147377e-22   20136200
  2.365734e+01   2.381728e-20   1.228180e-02   3.124756e-22   20238094
  2.369985e+01   2.431311e-20   1.226458e-02   3.104587e-22   20282544
  2.374234e+01   2.359273e-20   1.226291e-02   3.077238e-22   20351720
  2.378483e+01   2.387451e-20   1.227389e-02   3.055885e-22   20444714
  2.382735e+01   2.456613e-20   1.227112e-02   3.033169e-22   20515116
  2.386988e+01   2.467272e-20   1.228059e-02   3.009520e-22   20602384
  2.391241e+01   2.393264e-20   1.227266e-02   2.988653e-22   20659872
  2.395491e+01   2.402620e-20   1.226837e-02   2.967533e-22   20727682
  2.399742e+01   2.383940e-20   1.227493e-02   2.946894e-22   20814416
  2.403994e+01   2.336564e-20   1.227261e-02   2.929370e-22   20881100
  2.408245e+01   2.396119e-20   1.227247e-02   2.908895e-22   20953688
  2.412495e+01   2.364267e-20   1.226662e-02   2.889826e-22   21021050
  2.416746e+01   2.335966e-20   1.227556e-02   2.871968e-22   21111632
  2.420998e+01   2.345603e-20   1.227336e-02   2.856306e-22   21179972
  2.425248e+01   2.293054e-20   1.226547e-02   2.834855e-22   21240488
  2.429499e+01   2.352169e-20   1.227368e-02   2.822762e-22   21331418
  2.433750e+01   2.361653e-20   1.226935e-02   2.806055e-22   21397304
  2.438000e+01   2.359075e-20   1.226962e-02   2.786189e-22   21469764
  2.442251e+01   2.363990e-20   1.227528e-02   2.769063e-22   21556122
  2.446502e+01   2.363157e-20   1.226591e-02   2.757388e-22   21618312
  2.450754e+01   2.373808e-20   1.227924e-02   2.740171e-22   21716096
  2.455007e+01   2.404138e-20   1.227488e-02   2.728231e-22   21781352
  2.459258e+01   2.346653e-20   1.226971e-02   2.713849e-22   21848870
  2.463508e+01   2.379805e-20   1.227061e-02   2.702082e-22   21927536
  2.467760e+01   2.295373e-20   1.227518e-02   2.684314e-22   22008944
  2.472011e+01   2.343705e-20   1.227146e-02   2.672331e-22   22076136
  2.476261e+01   2.273452e-20   1.226619e-02   2.660554e-22   22145270
  2.480513e+01   2.411491e-20   1.228149e-02   2.648994e-22   22250960
  2.484765e+01   2.358858e-20   1.226766e-02   2.638549e-22   22300864
  2.489015e+01   2.421813e-20   1.226874e-02   2.625163e-22   22378586
  2.493266e+01   2.373172e-20   1.227304e-02   2.621113e-22   22464104
  2.497518e+01   2.372488e-20   1.227483e-02   2.610220e-22   22542892
  2.501769e+01   2.344960e-20   1.226849e-02   2.600342e-22   22606008
  2.506019e+01   2.346580e-20   1.227168e-02   2.590869e-22   22690002
  2.510269e+01   2.405682e-20   1.226774e-02   2.583470e-22   22762216
  2.514519e+01   2.267242e-20   1.227552e-02   2.560462e-22   22815779
  2.518771e+01   2.029229e-20   1.227093e-02   2.517834e-22   22772312
  2.523022e+01   1.813125e-20   1.227169e-02   2.474521e-22   22733708
  2.527273e+01   1.648005e-20   1.227376e-02   2.432603e-22   22697672
  2.531524e+01   1.512682e-20   1.227003e-02   2.390258e-22   22651460
  2.535775e+01   1.355079e-20   1.227280e-02   2.351060e-22   22616024
  2.540027e+01   1.265583e-20   1.227723e-02   2.311043e-22   22583496
  2.544278e+01   1.095287e-20   1.226384e-02   2.274586e-22   22519252
  2.548527e+01   1.019466e-20   1.226879e-02   2.235012e-22   22488992
  2.552778e+01   9.498526e-21   1.227112e-02   2.201052e-22   22453172
  2.557030e+01   8.546035e-21   1.227642e-02   2.166870e-22   22420584
  2.561282e+01   8.311038e-21   1.227318e-02   2.132234e-22   22371700
  2.565533e+01   7.152700e-21   1.227319e-02   2.098596e-22   22329896
  2.569784e+01   6.187138e-21   1.227005e-02   2.065682e-22   22282876
  2.574035e+01   5.967948e-21   1.227559e-02   2.034301e-22   22250692
  2.578286e+01   6.237331e-21   1.226749e-02   2.001664e-22   22194436
  2.582536e+01   5.498924e-21   1.226799e-02   1.971534e-22   22153540
  2.586787e+01   4.056137e-21   1.227489e-02   1.943253e-22   22122584
  2.591039e+01   4.673463e-21   1.227183e-02   1.914298e-22   22073004
  2.595291e+01   4.115612e-21   1.227763e-02   1.884364e-22   22039640
  2.599542e+01   4.047921e-21   1.226443e-02   1.857164e-22   21971624
  2.603793e+01   3.555614e-21   1.228039e-02   1.828535e-22   21955708
  2.608042e+01   3.644946e-21   1.225538e-02   1.802913e-22   21867720
  2.612293e+01   3.511318e-21   1.228640e-02   1.775414e-22   21878900
  2.616545e+01   3.482478e-21   1.226374e-02   1.753252e-22   21794260
  2.620796e+01   3.144777e-21   1.227552e-02   1.725086e-22   21770256
  2.625048e+01   2.524211e-21   1.227204e-02   1.699760e-22   21718124
  2.629299e+01   2.621829e-21   1.227162e-02   1.678154e-22   21671096
  2.633550e+01   2.717610e-21   1.227173e-02   1.654568e-22   21625412
  2.637801e+01   2.499640e-21   1.227628e-02   1.631626e-22   21587284
  2.642052e+01   2.532206e-21   1.226404e-02   1.607737e-22   21519648
  2.646302e+01   2.497032e-21   1.227517e-02   1.587776e-22   21493344
  2.650554e+01   2.374422e-21   1.227125e-02   1.563376e-22   21439360
  2.654805e+01   2.138588e-21   1.227471e-02   1.541667e-22   21398900
  2.659058e+01   2.254751e-21   1.227467e-02   1.523858e-22   21351488
  2.663308e+01   1.942397e-21   1.226610e-02   1.503647e-22   21288012
  2.667559e+01   1.786240e-21   1.227518e-02   1.482084e-22   21255052
  2.671810e+01   1.886891e-21   1.226960e-02   1.462845e-22   21196928
  2.676060e+01   1.755612e-21   1.226973e-02   1.442501e-22   21149036
  2.680311e+01   1.809813e-21   1.227206e-02   1.423033e-22   21105304
  2.684563e+01   2.337100e-21   1.227410e-02   1.406496e-22   21059992
  2.688815e+01   1.878753e-21   1.227705e-02   1.388028e-22   21014904
  2.693067e+01   1.726319e-21   1.227014e-02   1.369589e-22   20953620
  2.697317e+01   1.404606e-21   1.226991e-02   1.351416e-22   20902948
  2.701568e+01   1.412167e-21   1.227225e-02   1.334943e-22   20856528
  2.705819e+01   1.653293e-21   1.227379e-02   1.317904e-22   20808868
  2.710070e+01   1.787403e-21   1.226639e-02   1.300912e-22   20746700
  2.714319e+01   1.488135e-21   1.226770e-02   1.285196e-22   20699040
  2.718571e+01   1.688941e-21   1.227944e-02   1.270078e-22   20667584
  2.722822e+01   1.227398e-21   1.225995e-02   1.254630e-22   20583320
  2.727072e+01   1.476596e-21   1.227843e-02   1.239233e-22   20562728
  2.731324e+01   1.418778e-21   1.227166e-02   1.224843e-22   20499120
  2.735575e+01   1.273100e-21   1.227335e-02   1.207940e-22   20448668
  2.739827e+01   1.557115e-21   1.227231e-02   1.193964e-22   20394408
  2.744078e+01   1.395442e-21   1.227328e-02   1.179646e-22   20344236
  2.748329e+01   1.455338e-21   1.227052e-02   1.166229e-22   20287988
  2.752580e+01   1.143111e-21   1.227218e-02   1.151374e-22   20237280
  2.756831e+01   1.115349e-21   1.226928e-02   1.138393e-22   20178328
  2.761083e+01   1.140001e-21   1.227861e-02   1.125145e-22   20139844
  2.765335e+01   1.278700e-21   1.226869e-02   1.111774e-22   20069748
  2.769585e+01   1.286832e-21   1.227006e-02   1.099420e-22   20016800
  2.773835e+01   1.385760e-21   1.227057e-02   1.086139e-22   19962224
  2.778087e+01   1.282328e-21   1.227954e-02   1.074286e-22   19923568
  2.782339e+01   1.426437e-21   1.226996e-02   1.061743e-22   19854300
  2.786590e+01   1.193088e-21   1.226862e-02   1.049445e-22   19797056
  2.790840e+01   1.415060e-21   1.227082e-02   1.037621e-22   19744940
  2.795091e+01   1.106145e-21   1.227270e-02   1.026175e-22   19691768
  2.799342e+01   1.266514e-21   1.226928e-02   1.014691e-22   19629548
  2.803593e+01   1.027999e-21   1.227096e-02   1.003492e-22   19575480
  2.807844e+01   1.302103e-21   1.227365e-02   9.922935e-23   19523296
  2.812096e+01   1.158955e-21   1.227813e-02   9.813316e-23   19474344
  2.816347e+01   1.149372e-21   1.226244e-02   9.712508e-23   19392868
  2.820597e+01   1.141505e-21   1.227629e-02   9.606186e-23   19356176
  2.824849e+01   1.206156e-21   1.227437e-02   9.504169e-23   19294916
  2.829102e+01   1.147762e-21   1.227644e-02   9.391985e-23   19240856
  2.833353e+01   1.441394e-21   1.226827e-02   9.303269e-23   19170884
  2.837603e+01   9.045591e-22   1.226787e-02   9.206682e-23   19111352
  2.841853e+01   1.375676e-21   1.227311e-02   9.102550e-23   19060016
  2.846104e+01   1.160290e-21   1.227199e-02   9.011584e-23   18999752
  2.850354e+01   1.330958e-21   1.226484e-02   8.923452e-23   18930272
  2.854604e+01   1.193599e-21   1.227204e-02   8.823375e-23   18882340
  2.858856e+01   1.340965e-21   1.227653e-02   8.731864e-23   18829056
  2.863108e+01   1.391414e-21   1.226917e-02   8.648632e-23   18757640
  2.867359e+01   1.227894e-21   1.227679e-02   8.557246e-23   18709036
  2.871611e+01   1.172407e-21   1.226951e-02   8.469018e-23   18637668
  2.875862e+01   1.091041e-21   1.227659e-02   8.384398e-23   18587048
  2.880113e+01   9.800633e-22   1.226650e-02   8.302931e-23   18510972
  2.884363e+01   1.013629e-21   1.227092e-02   8.214125e-23   18456692
  2.888614e+01   8.773290e-22   1.227027e-02   8.136324e-23   18394084
  2.892866e+01   1.354472e-21   1.227644e-02   8.057201e-23   18341352
  2.897118e+01   9.911890e-22   1.227294e-02   7.979547e-23   18273884
  2.901369e+01   1.110903e-21   1.227214e-02   7.897131e-23   18211148
  2.905619e+01   1.030355e-21   1.226468e-02   7.819177e-23   18137692
  2.909870e+01   1.029204e-21   1.227635e-02   7.745986e-23   18091580
  2.914122e+01   1.051181e-21   1.227406e-02   7.674522e-23   18024560
  2.918373e+01   1.130235e-21   1.226945e-02   7.599216e-23   17955116
  2.922624e+01   1.116816e-21   1.227055e-02   7.525726e-23   17893232
  2.926875e+01   9.211489e-22   1.227337e-02   7.459767e-23   17832620
  2.931126e+01   9.991401e-22   1.227331e-02   7.388602e-23   17767864
  2.935378e+01   9.441133e-22   1.227523e-02   7.317678e-23   17706956
  2.939629e+01   9.789708e-22   1.226779e-02   7.255125e-23   17632632
  2.943880e+01   8.796221e-22   1.227224e-02   7.181687e-23   17573524
  2.948131e+01   9.641962e-22   1.227160e-02   7.115947e-23   17506380
  2.952382e+01   9.277073e-22   1.227283e-02   7.057091e-23   17442548
  2.956632e+01   8.937778e-22   1.226611e-02   6.995347e-23   17368556
  2.960883e+01   9.163354e-22   1.227726e-02   6.928214e-23   17318260
  2.965135e+01   7.796670e-22   1.227176e-02   6.871112e-23   17243792
  2.969385e+01   9.289143e-22   1.226620e-02   6.809582e-23   17169716
  2.973635e+01   7.830108e-22   1.227104e-02   6.750345e-23   17109768
  2.977886e+01   7.188130e-22   1.227205e-02   6.687394e-23   17044064
  2.982138e+01   7.311508e-22   1.227557e-02   6.633060e-23   16981560
  2.986389e+01   7.298563e-22   1.226672e-02   6.572375e-23   16902264
  2.990640e+01   7.922212e-22   1.227800e-02   6.515511e-23   16849940
  2.994892e+01   8.168629e-22   1.226984e-02   6.460414e-23   16770600
  2.999143e+01   8.412025e-22   1.227399e-02   6.408591e-23   16707512
  3.003394e+01   6.267164e-22   1.227053e-02   6.359818e-23   16634480
  3.007645e+01   6.875961e-22   1.227297e-02   6.302370e-23   16569424
  3.011897e+01   8.483689e-22   1.227100e-02   6.255004e-23   16497216
  3.016149e+01   7.408908e-22   1.227800e-02   6.201964e-23   16436416
  3.020400e+01   7.893015e-22   1.226813e-02   6.154555e-23   16353532
  3.024650e+01   7.893773e-22   1.226850e-02   6.105733e-23   16284908
  3.028900e+01   7.126716e-22   1.227370e-02   6.059699e-23   16221948
  3.033152e+01   6.537404e-22   1.227445e-02   6.006906e-23   16152552
  3.037404e+01   6.019871e-22   1.227249e-02   5.962162e-23   16078864
  3.041655e+01   7.988845e-22   1.227014e-02   5.909595e-23   16005296
  3.045906e+01   5.831917e-22   1.227320e-02   5.866271e-23   15938220
  3.050157e+01   7.083330e-22   1.226736e-02   5.826296e-23   15858440
  3.054407e+01   6.365447e-22   1.226949e-02   5.770499e-23   15789252
  3.058657e+01   7.397500e-22   1.227019e-02   5.736239e-23   15718944
  3.062908e+01   6.423174e-22   1.227179e-02   5.689152e-23   15648652
  3.067160e+01   5.762587e-22   1.227680e-02   5.645425e-23   15581944
  3.071412e+01   6.397424e-22   1.227604e-02   5.607805e-23   15508744
  3.075663e+01   7.331216e-22   1.226574e-02   5.571303e-23   15422472
  3.079914e+01   7.353576e-22   1.227551e-02   5.525892e-23   15361536
  3.084165e+01   4.335198e-22   1.226998e-02   5.485282e-23   15281048
  3.088415e+01   6.697436e-22   1.227023e-02   5.449248e-23   15207752
  3.092666e+01   6.016869e-22   1.227075e-02   5.412278e-23   15134800
  3.096917e+01   5.927547e-22   1.227038e-02   5.372486e-23   15059664
  3.101168e+01   5.677946e-22   1.227242e-02   5.327178e-23   14987020
  3.105420e+01   6.747024e-22   1.227903e-02   5.300560e-23   14919936
  3.109672e+01   7.549323e-22   1.226792e-02   5.261860e-23   14831776
  3.113923e+01   5.490451e-22   1.227679e-02   5.220406e-23   14767552
  3.118174e+01   5.759953e-22   1.226524e-02   5.190351e-23   14678336
  3.122425e+01   6.065947e-22   1.227632e-02   5.157047e-23   14615044
  3.126676e+01   7.694983e-22   1.226910e-02   5.119462e-23   14530200
  3.130927e+01   5.766616e-22   1.227171e-02   5.089659e-23   14457000
  3.135178e+01   6.168694e-22   1.227423e-02   5.053872e-23   14383440
  3.139429e+01   6.986515e-22   1.226801e-02   5.026229e-23   14299516
  3.143679e+01   5.905693e-22   1.227160e-02   4.986989e-23   14226024
  3.147930e+01   5.064601e-22   1.226889e-02   4.964975e-23   14145048
  3.152182e+01   5.833363e-22   1.228178e-02   4.929288e-23   14082144
  3.156433e+01   5.757633e-22   1.226157e-02   4.908650e-23   13981640
  3.160683e+01   5.689382e-22   1.227475e-02   4.875326e-23   13918460
  3.164935e+01   6.309873e-22   1.227481e-02   4.844948e-23   13839752
  3.169188e+01   5.802948e-22   1.227673e-02   4.816960e-23   13762736
  3.173439e+01   5.379905e-22   1.227147e-02   4.789764e-23   13677980
  3.177690e+01   6.884552e-22   1.226900e-02   4.756799e-23   13596196
  3.181940e+01   4.553967e-22   1.226988e-02   4.735426e-23   13517736
  3.186190e+01   5.864500e-22   1.226579e-02   4.711584e-23   13433184
  3.190440e+01   4.973208e-22   1.227449e-02   4.680496e-23   13362296
  3.194692e+01   5.883099e-22   1.227398e-02   4.659090e-23   13281376
  3.198944e+01   4.887528e-22   1.227645e-02   4.631381e-23   13203336
  3.203195e+01   5.191673e-22   1.226687e-02   4.608728e-23   13113016
  3.207445e+01   5.134403e-22   1.227094e-02   4.585835e-23   13036400
  3.211696e+01   4.539691e-22   1.226987e-02   4.564194e-23   12953648
  3.215948e+01   4.660529e-22   1.227674e-02   4.540030e-23   12879016
  3.220199e+01   5.082129e-22   1.227015e-02   4.513533e-23   12790124
  3.224451e+01   5.079870e-22   1.227599e-02   4.492107e-23   12714152
  3.228701e+01   5.288523e-22   1.226430e-02   4.475755e-23   12619608
  3.232951e+01   4.449277e-22   1.227473e-02   4.444987e-23   12547232
  3.237204e+01   4.626455e-22   1.228098e-02   4.431833e-23   12470568
  3.241455e+01   6.461318e-22   1.226086e-02   4.414034e-23   12368136
  3.245705e+01   5.047254e-22   1.227647e-02   4.390141e-23   12300504
  3.249958e+01   4.688547e-22   1.227251e-02   4.375660e-23   12212172
  3.254209e+01   4.890838e-22   1.227112e-02   4.351421e-23   12126228
  3.258459e+01   5.234138e-22   1.227235e-02   4.332847e-23   12043352
  3.262711e+01   4.650527e-22   1.227321e-02   4.315341e-23   11959896
  3.266960e+01   4.890076e-22   1.226107e-02   4.300647e-23   11863804
  3.271211e+01   4.983851e-22   1.227575e-02   4.281613e-23   11792812
  3.275463e+01   4.337168e-22   1.227439e-02   4.267742e-23   11705392
  3.279713e+01   3.883280e-22   1.226794e-02   4.246083e-23   11613836
  3.283965e+01   3.891884e-22   1.228215e-02   4.234552e-23   11541532
  3.288217e+01   4.068776e-22   1.226539e-02   4.216956e-23   11440232
  3.292468e+01   4.541764e-22   1.227538e-02   4.201164e-23   11363008
  3.296718e+01   3.838732e-22   1.226652e-02   4.185710e-23   11267848
  3.300970e+01   4.395197e-22   1.227722e-02   4.173607e-23   11190640
  3.305222e+01   5.268654e-22   1.227423e-02   4.157688e-23   11101084
  3.309472e+01   4.296417e-22   1.226241e-02   4.143644e-23   11003284
  3.313721e+01   3.637849e-22   1.227344e-02   4.133747e-23   10925424
  3.317973e+01   5.376906e-22   1.227067e-02   4.116326e-23   10834724
  3.322224e+01   5.218156e-22   1.227484e-02   4.104032e-23   10750156
  3.326475e+01   5.781645e-22   1.226635e-02   4.088399e-23   10655280
  3.330725e+01   4.743503e-22   1.226924e-02   4.084198e-23   10569120
  3.334975e+01   4.998444e-22   1.226867e-02   4.073067e-23   10479672
  3.339228e+01   3.472887e-22   1.228611e-02   4.051078e-23   10404504
  3.343481e+01   4.466881e-22   1.227382e-02   4.046631e-23   10304108
  3.347732e+01   4.829169e-22   1.226797e-02   4.038711e-23   10209940
  3.351983e+01   5.297324e-22   1.227575e-02   4.024863e-23   10126584
  3.356234e+01   4.869348e-22   1.226442e-02   4.017825e-23   10027064
  3.360484e+01   4.396389e-22   1.227492e-02   4.006571e-23   9945072
  3.364734e+01   4.294804e-22   1.226340e-02   4.002723e-23   9844764
  3.368986e+01   4.178733e-22   1.228362e-02   3.988350e-23   9769940
  3.373238e+01   4.435482e-22   1.226688e-02   3.977032e-23   9666072
  3.377488e+01   4.659142e-22   1.227051e-02   3.972108e-23   9577112
  3.381739e+01   5.034488e-22   1.227148e-02   3.960395e-23   9485848
  3.385991e+01   4.586799e-22   1.227527e-02   3.951711e-23   9396136
  3.390243e+01   4.828376e-22   1.227579e-02   3.942689e-23   9304408
  3.394493e+01   4.762490e-22   1.225842e-02   3.936988e-23   9199028
  3.398742e+01   4.575299e-22   1.227468e-02   3.927988e-23   9118288
  3.402993e+01   3.376867e-22   1.226747e-02   3.920473e-23   9019624
  3.407245e+01   3.559845e-22   1.228368e-02   3.918140e-23   8937420
  3.411497e+01   3.482707e-22   1.227061e-02   3.913407e-23   8835200
  3.415748e+01   4.055308e-22   1.226739e-02   3.910134e-23   8739332
  3.419998e+01   3.607609e-22   1.227099e-02   3.895634e-23   8648112
  3.424250e+01   3.754462e-22   1.227159e-02   3.894219e-23   8553372
  3.428501e+01   3.591270e-22   1.227728e-02   3.883807e-23   8461944
  3.432753e+01   3.156810e-22   1.227227e-02   3.883217e-23   8363348
  3.437004e+01   1.967836e-22   1.227148e-02   3.875237e-23   8267792
  3.441254e+01   4.145387e-22   1.226640e-02   3.864200e-23   8169380
  3.445505e+01   3.559175e-22   1.227807e-02   3.863304e-23   8081008
  3.449756e+01   3.031164e-22   1.226310e-02   3.848105e-23   7975632
  3.454006e+01   3.176853e-22   1.227841e-02   3.851762e-23   7889116
  3.458257e+01   2.232304e-22   1.226405e-02   3.841637e-23   7784008
  3.462508e+01   3.306944e-22   1.227484e-02   3.835795e-23   7693848
  3.466759e+01   3.210587e-22   1.226805e-02   3.821742e-23   7592468
  3.471010e+01   2.554345e-22   1.227572e-02   3.822039e-23   7499076
  3.475262e+01   3.670610e-22   1.227790e-02   3.809703e-23   7402880
  3.479514e+01   2.330702e-22   1.227043e-02   3.804837e-23   7300768
  3.483765e+01   3.146486e-22   1.227061e-02   3.797607e-23   7203316
  3.488013e+01   2.011502e-22   1.225476e-02   3.783355e-23   7095724
  3.492265e+01   2.099238e-22   1.229466e-02   3.777554e-23   7019608
  3.496518e+01   3.400137e-22   1.226138e-02   3.758130e-23   6901916
  3.500769e+01   2.911211e-22   1.227882e-02   3.761701e-23   6812952
  3.505019e+01   2.849617e-22   1.226209e-02   3.740364e-23   6704548
  3.509270e+01   2.434245e-22   1.227587e-02   3.735301e-23   6612168
  3.513521e+01   2.505472e-22   1.227039e-02   3.709151e-23   6508628
  3.517773e+01   1.319812e-22   1.227711e-02   3.703609e-23   6412072
  3.522024e+01   2.327637e-22   1.226747e-02   3.688029e-23   6306660
  3.526274e+01   1.963802e-22   1.226997e-02   3.667892e-23   6207592
  3.530523e+01   1.953895e-22   1.226489e-02   3.644347e-23   6103860
  3.534774e+01   2.143657e-22   1.227430e-02   3.619710e-23   6007184
  3.539025e+01   2.479058e-22   1.227513e-02   3.595732e-23   5905660
  3.543278e+01   1.912863e-22   1.227664e-02   3.558168e-23   5805132
  3.547529e+01   1.138919e-22   1.226925e-02   3.532939e-23   5700008
  3.551778e+01   1.718324e-22   1.226294e-02   3.487475e-23   5594856
  3.556030e+01   2.229906e-22   1.228122e-02   3.446497e-23   5502341
  3.560283e+01   1.453730e-22   1.227277e-02   3.418722e-23   5404852
  3.564533e+01   2.502804e-22   1.226768e-02   3.388691e-23   5313930
  3.568784e+01   1.831104e-22   1.227261e-02   3.368636e-23   5230396
  3.573035e+01   1.453495e-22   1.226815e-02   3.339194e-23   5145158
  3.577285e+01   1.822456e-22   1.227058e-02   3.315151e-23   5064506
  3.581538e+01   2.377883e-22   1.228142e-02   3.297774e-23   4989464
  3.585790e+01   1.604664e-22   1.226989e-02   3.273349e-23   4907486
  3.590041e+01   2.707864e-23   1.226982e-02   3.250450e-23   4831952
  3.594292e+01   1.539601e-22   1.226933e-02   3.235767e-23   4757392
  3.598543e+01   1.267236e-22   1.227425e-02   3.215895e-23   4685902
  3.602794e+01   1.616043e-22   1.227136e-02   3.197494e-23   4612826
  3.607044e+01   6.950882e-23   1.227059e-02   3.179035e-23   4542436
  3.611296e+01   1.706202e-22   1.227508e-02   3.174504e-23   4475408
  3.615546e+01   2.060376e-22   1.226173e-02   3.160134e-23   4402686
  3.619797e+01   1.577699e-22   1.227689e-02   3.135505e-23   4340854
  3.624049e+01   5.967766e-23   1.227466e-02   3.128356e-23   4273862
  3.628301e+01   1.206553e-22   1.227237e-02   3.114840e-23   4208538
  3.632551e+01   8.805715e-23   1.226532e-02   3.099653e-23   4142584
  3.636801e+01   1.316750e-22   1.226978e-02   3.084743e-23   4081232
  3.641052e+01   8.941372e-23   1.227225e-02   3.076006e-23   4019668
  3.645304e+01   1.138794e-22   1.228203e-02   3.061502e-23   3961416
  3.649557e+01   1.793078e-22   1.227387e-02   3.048297e-23   3898848
  3.653807e+01   1.003686e-22   1.226366e-02   3.042894e-23   3836718
  3.658056e+01   1.748123e-22   1.226607e-02   3.030897e-23   3779272
  3.662306e+01   1.221069e-22   1.226675e-02   3.020952e-23   3721434
  3.666558e+01   1.053017e-22   1.228126e-02   3.010035e-23   3668198
  3.670811e+01   1.812004e-22   1.227910e-02   3.002908e-23   3611346
  3.675062e+01   1.929703e-22   1.226582e-02   2.992281e-23   3552442
  3.679312e+01   1.424427e-22   1.226935e-02   2.985120e-23   3498908
  3.683563e+01   9.059980e-23   1.227192e-02   2.979384e-23   3445382
  3.687814e+01   1.799379e-22   1.227356e-02   2.970038e-23   3392244
  3.692066e+01   1.918796e-22   1.227344e-02   2.961412e-23   3339634
  3.696317e+01   1.812370e-22   1.226899e-02   2.954501e-23   3286752
  3.700566e+01   1.206702e-22   1.226327e-02   2.947169e-23   3234180
  3.704816e+01   1.924230e-22   1.226838e-02   2.939770e-23   3184556
  3.709068e+01   1.721490e-22   1.228145e-02   2.939742e-23   3137238
  3.713322e+01   1.495219e-22   1.228151e-02   2.930112e-23   3087670
  3.717574e+01   1.861671e-22   1.227426e-02   2.926388e-23   3037460
  3.721824e+01   6.950812e-23   1.225819e-02   2.926367e-23   2985736
  3.726072e+01   1.679273e-22   1.226565e-02   2.919467e-23   2939708
  3.730324e+01   5.353550e-23   1.228621e-02   2.909684e-23   2897012
  3.734577e+01   1.844525e-22   1.227048e-02   2.906230e-23   2846890
  3.738827e+01   7.819712e-23   1.226277e-02   2.901877e-23   2799588
  3.743076e+01   1.445595e-22   1.226558e-02   2.901125e-23   2754954
  3.747326e+01   1.788505e-22   1.227308e-02   2.901122e-23   2711500
  3.751579e+01   1.530932e-22   1.228240e-02   2.900383e-23   2669006
  3.755830e+01   1.147121e-22   1.226335e-02   2.891625e-23   2621264
  3.760081e+01   8.245235e-23   1.227565e-02   2.886441e-23   2580726
  3.764332e+01   1.490870e-22   1.226856e-02   2.894421e-23   2536470
  3.768582e+01   1.485103e-22   1.226978e-02   2.890822e-23   2494370
  3.772834e+01   8.947886e-23   1.227534e-02   2.892697e-23   2453556
  3.777086e+01   1.384930e-22   1.228047e-02   2.890022e-23   2413246
  3.781339e+01   5.455567e-23   1.227197e-02   2.890807e-23   2370914
  3.785589e+01   9.564850e-23   1.226887e-02   2.893961e-23   2330126
  3.789840e+01   9.113588e-23   1.227428e-02   2.895687e-23   2291406
  3.794091e+01   6.350017e-23   1.226463e-02   2.889794e-23   2250410
  3.798340e+01   1.840243e-22   1.226403e-02   2.892882e-23   2211486
  3.802590e+01   1.000533e-22   1.227094e-02   2.902475e-23   2174194
  3.806841e+01   9.743451e-23   1.227271e-02   2.901749e-23   2136416
  3.811093e+01   1.255116e-22   1.227972e-02   2.906242e-23   2100070
  3.815344e+01   1.837858e-22   1.226224e-02   2.906673e-23   2060026
  3.819594e+01   1.277262e-22   1.227745e-02   2.905671e-23   2025910
  3.823846e+01   1.643211e-22   1.227012e-02   2.916973e-23   1988576
  3.828096e+01   1.676241e-22   1.226824e-02   2.911286e-23   1952610
  3.832347e+01   8.121252e-23   1.226944e-02   2.925238e-23   1917470
  3.836597e+01   9.197146e-23   1.226960e-02   2.923516e-23   1882484
  3.840848e+01   8.827527e-23   1.227230e-02   2.927630e-23   1848262
  3.845101e+01   1.011880e-22   1.228531e-02   2.927605e-23   1816024
  3.849355e+01   6.752491e-23   1.227230e-02   2.933453e-23   1780418
  3.853605e+01   6.626352e-23   1.226815e-02   2.943277e-23   1746576
  3.857856e+01   1.818721e-22   1.227451e-02   2.952463e-23   1714622
  3.862107e+01   2.093590e-22   1.227068e-02   2.952262e-23   1681692
  3.866358e+01   1.111080e-22   1.226987e-02   2.963107e-23   1649574
  3.870606e+01   1.268110e-22   1.225405e-02   2.973795e-23   1615788
  3.874855e+01   1.107999e-22   1.227462e-02   2.985057e-23   1587064
  3.879108e+01   8.364017e-23   1.227930e-02   2.985618e-23   1556598
  3.883360e+01   1.873473e-22   1.227389e-02   2.989547e-23   1525380
  3.887612e+01   9.003201e-23   1.227468e-02   3.008527e-23   1495360
  3.891863e+01   1.299737e-22   1.226450e-02   3.026930e-23   1464370
  3.896112e+01   1.251014e-22   1.227040e-02   3.024972e-23   1435656
  3.900363e+01   -5.681886e-24   1.226801e-02   3.041026e-23   1406304
  3.904613e+01   -1.514233e-23   1.226859e-02   3.049007e-23   1377628
  3.908864e+01   6.995543e-23   1.227348e-02   3.072996e-23   1349744
  3.913115e+01   7.196482e-23   1.227337e-02   3.079870e-23   1321682
  3.917367e+01   1.225306e-22   1.227639e-02   3.088683e-23   1294376
  3.921619e+01   8.396058e-23   1.227256e-02   3.107844e-23   1266768
  3.925869e+01   1.359781e-22   1.226510e-02   3.129529e-23   1239172
  3.930118e+01   8.209979e-23   1.226095e-02   3.132934e-23   1212224
  3.934367e+01   1.506961e-22   1.226955e-02   3.162041e-23   1186796
  3.938619e+01   1.302743e-22   1.227613e-02   3.174118e-23   1161432
  3.942870e+01   1.854995e-22   1.227171e-02   3.182205e-23   1135408
  3.947122e+01   1.826781e-22   1.227296e-02   3.207373e-23   1110324
  3.951374e+01   1.187131e-22   1.227570e-02   3.228514e-23   1085680
  3.955625e+01   1.221302e-22   1.226737e-02   3.237794e-23   1060364
  3.959875e+01   1.659126e-22   1.227507e-02   3.266142e-23   1036736
  3.964128e+01   4.733757e-23   1.228225e-02   3.290551e-23   1013388
  3.968380e+01   1.567589e-22   1.226708e-02   3.314703e-23   988656
  3.972630e+01   2.051524e-22   1.226695e-02   3.341374e-23   965530
  3.976879e+01   9.451887e-23   1.225942e-02   3.355394e-23   942100
  3.981127e+01   1.406272e-22   1.226457e-02   3.381841e-23   919888
  3.985377e+01   1.793420e-22   1.226597e-02   3.404483e-23   897628
  3.989627e+01   1.267760e-22   1.227002e-02   3.429132e-23   875856
  3.993878e+01   1.046950e-22   1.227840e-02   3.455036e-23   854736
  3.998132e+01   6.983302e-23   1.228018e-02   3.471638e-23   833510
  4.002385e+01   1.431191e-22   1.227248e-02   3.510877e-23   811976
  4.006635e+01   1.906577e-22   1.226626e-02   3.540153e-23   790844
  4.010884e+01   1.648020e-22   1.226521e-02   3.563694e-23   770320
  4.015135e+01   1.259396e-22   1.227665e-02   3.602882e-23   750838
  4.019387e+01   1.518634e-22   1.227491e-02   3.627872e-23   730864
  4.023638e+01   2.116128e-22   1.226816e-02   3.668338e-23   710984
  4.027888e+01   1.132433e-22   1.226909e-02   3.698714e-23   691894
  4.032138e+01   1.255937e-22   1.226442e-02   3.759836e-23   672776
  4.036388e+01   9.424002e-23   1.226826e-02   3.795791e-23   654372
  4.040638e+01   1.148438e-22   1.226215e-02   3.823163e-23   635682
  4.044886e+01   1.248266e-22   1.225955e-02   3.874645e-23   617460
  4.049134e+01   1.443089e-22   1.226707e-02   3.900933e-23   600024
  4.053385e+01   1.226242e-22   1.227362e-02   3.947712e-23   582830
  4.057638e+01   1.564523e-22   1.228135e-02   3.998304e-23   566000
  4.061890e+01   7.697427e-23   1.226617e-02   4.050082e-23   548458
  4.066141e+01   2.507390e-23   1.227047e-02   4.087792e-23   532084
  4.070391e+01   1.196077e-22   1.226296e-02   4.157212e-23   515440
  4.074640e+01   1.666413e-22   1.225813e-02   4.204414e-23   499174
  4.078887e+01   1.397446e-22   1.225821e-02   4.264871e-23   483368
  4.083136e+01   5.667893e-23   1.227023e-02   4.308916e-23   468270
  4.087389e+01   2.061901e-22   1.228696e-02   4.358278e-23   453568
  4.091643e+01   8.181457e-23   1.227409e-02   4.411693e-23   438106
  4.095894e+01   2.169829e-23   1.227469e-02   4.495897e-23   423508
  4.100145e+01   1.433439e-22   1.226141e-02   4.554438e-23   408754
  4.104393e+01   1.100954e-22   1.225820e-02   4.622746e-23   394612
  4.108642e+01   1.934390e-22   1.225930e-02   4.693557e-23   380826
  4.112890e+01   1.426287e-22   1.225454e-02   4.782294e-23   367086
  4.117139e+01   7.239198e-23   1.226090e-02   4.870309e-23   353904
  4.121389e+01   6.183742e-23   1.227137e-02   4.941716e-23   341046
  4.125641e+01   1.673350e-22   1.227131e-02   5.015224e-23   328144
  4.129892e+01   2.560514e-22   1.227396e-02   5.119465e-23   315598
  4.134144e+01   1.392627e-22   1.228177e-02   5.204383e-23   303466
  4.138397e+01   1.714030e-22   1.228223e-02   5.301324e-23   291456
  4.142650e+01   1.497463e-22   1.227604e-02   5.425828e-23   279614
  4.146899e+01   1.705362e-22   1.225106e-02   5.531908e-23   267680
  4.151144e+01   7.100203e-23   1.224457e-02   5.602504e-23   256438
  4.155391e+01   2.394133e-22   1.224802e-02   5.749393e-23   245618
  4.159638e+01   1.088931e-22   1.223546e-02   5.852746e-23   234708
  4.163882e+01   1.079675e-22   1.223171e-02   5.936448e-23   224210
  4.168126e+01   4.244867e-23   1.223403e-02   6.101880e-23   214046
  4.172371e+01   2.197370e-22   1.223949e-02   6.262027e-23   204152
  4.176619e+01   1.724517e-22   1.225107e-02   6.412607e-23   194558
  4.180866e+01   2.513325e-22   1.225135e-02   6.561154e-23   185018
  4.185115e+01   4.255024e-23   1.226437e-02   6.731979e-23   175918
  4.189365e+01   2.087703e-22   1.227339e-02   6.888520e-23   166992
  4.193617e+01   -3.054181e-23   1.228038e-02   7.128539e-23   158294
  4.197870e+01   1.588784e-22   1.228439e-02   7.251705e-23   149842
  4.202124e+01   6.227500e-23   1.227461e-02   7.449157e-23   141530
  4.206372e+01   2.183717e-22   1.224204e-02   7.695724e-23   133284
  4.210617e+01   1.683938e-22   1.222942e-02   7.918443e-23   125546
  4.214861e+01   1.667142e-23   1.220458e-02   8.239508e-23   117950
  4.219103e+01   3.701750e-22   1.219441e-02   8.388485e-23   110746
  4.223344e+01   -4.146734e-23   1.215920e-02   8.799075e-23   103572
  4.227581e+01   2.614927e-22   1.214429e-02   9.020216e-23   96818
  4.231818e+01   1.280062e-22   1.212533e-02   9.404597e-23   90262
  4.236054e+01   -1.482805e-22   1.210927e-02   9.755371e-23   83970
  4.240287e+01   4.571003e-23   1.207941e-02   1.021116e-22   77846
  4.244517e+01   1.770733e-22   1.204821e-02   1.051613e-22   71984
  4.248745e+01   9.816973e-23   1.202292e-02   1.099060e-22   66398
  4.252973e+01   -8.795386e-23   1.200147e-02   1.135865e-22   61058
  4.257200e+01   -9.064172e-23   1.198286e-02   1.182635e-22   55958
  4.261428e+01   3.222539e-22   1.196279e-02   1.252003e-22   51082
  4.265654e+01   1.788996e-22   1.192707e-02   1.311139e-22   46398
  4.269877e+01   3.240154e-22   1.188372e-02   1.397459e-22   41954
  4.274096e+01   -9.771873e-23   1.182018e-02   1.466056e-22   37718
  4.278311e+01   2.128071e-22   1.175253e-02   1.551112e-22   33736
  4.282524e+01   2.297555e-22   1.169132e-02   1.645123e-22   30006
  4.286737e+01   7.172277e-23   1.164907e-02   1.716638e-22   26522
  4.290955e+01   -1.534610e-23   1.162191e-02   1.864635e-22   23254
  4.295172e+01   3.014957e-23   1.158330e-02   1.996526e-22   20178
  4.299391e+01   1.120942e-22   1.156315e-02   2.174274e-22   17342
  4.303612e+01   1.150172e-22   1.154632e-02   2.343287e-22   14714
  4.307837e+01   -5.783053e-22   1.155162e-02   2.655496e-22   12310
  4.312059e+01   1.439208e-22   1.152174e-02   2.907365e-22   10098
  4.316283e+01   -4.696421e-22   1.151731e-02   3.239189e-22   8126
  4.320507e+01   8.180972e-22   1.151119e-02   3.543884e-22   6362
  4.324736e+01   3.216299e-22   1.155455e-02   4.086355e-22   4822
  4.328956e+01   2.680882e-22   1.148980e-02   5.155986e-22   3474
  4.333169e+01   -1.495682e-22   1.147690e-02   6.006470e-22   2366
  4.337376e+01   -1.208441e-21   1.144014e-02   7.941727e-22   1466
  4.341590e+01   1.334344e-21   1.170054e-02   1.010438e-21   790
  4.345704e+01   1.579638e-21   1.106884e-02   1.753880e-21   306
  4.349554e+01   -5.126659e-21   9.430857e-03   2.019199e-21   62
