# cross spectrum of phi(z1) and phi(z2)
# redshift z=1.799277
# k              Pk             sigma(k)       sigma(Pk)      count
  3.132125e-02   7.039137e-11   4.792454e-03   1.935924e-11   18
  6.745391e-02   3.273899e-11   1.159167e-02   3.269021e-12   152
  1.090113e-01   1.150661e-11   1.224347e-02   5.649187e-13   416
  1.497134e-01   5.121453e-12   1.165022e-02   2.010712e-13   770
  1.923472e-01   2.670824e-12   1.247860e-02   7.918991e-14   1364
  2.350444e-01   1.484778e-12   1.221820e-02   3.444767e-14   1976
  2.775930e-01   9.519995e-13   1.245022e-02   1.876099e-14   2792
  3.193857e-01   6.503329e-13   1.188722e-02   1.088086e-14   3578
  3.615292e-01   4.476444e-13   1.219808e-02   6.624060e-15   4724
  4.045273e-01   3.315103e-13   1.253838e-02   4.322029e-15   6032
  4.469941e-01   2.419275e-13   1.206640e-02   3.076889e-15   7072
  4.890810e-01   1.938888e-13   1.222555e-02   2.187278e-15   8634
  5.318886e-01   1.558055e-13   1.238102e-02   1.609024e-15   10336
  5.746708e-01   1.254147e-13   1.232804e-02   1.156577e-15   11940
  6.167490e-01   1.019733e-13   1.208586e-02   9.097073e-16   13490
  6.588740e-01   8.722909e-14   1.221778e-02   7.203763e-16   15656
  7.016595e-01   7.238615e-14   1.241043e-02   5.455890e-16   18008
  7.443680e-01   6.064327e-14   1.227786e-02   4.608365e-16   19964
  7.867827e-01   5.249005e-14   1.226437e-02   3.746205e-16   22354
  8.291404e-01   4.462174e-14   1.212327e-02   3.027441e-16   24648
  8.716536e-01   3.878044e-14   1.233244e-02   2.446775e-16   27592
  9.142068e-01   3.440928e-14   1.230127e-02   2.111646e-16   30152
  9.566749e-01   2.993793e-14   1.227622e-02   1.793095e-16   33046
  9.991233e-01   2.672127e-14   1.221538e-02   1.524082e-16   35992
  1.041693e+00   2.387708e-14   1.229906e-02   1.307557e-16   39304
  1.084289e+00   2.111939e-14   1.232858e-02   1.138476e-16   42608
  1.126820e+00   1.894183e-14   1.223307e-02   9.921623e-17   45758
  1.169340e+00   1.672431e-14   1.228914e-02   8.491612e-17   49536
  1.211695e+00   1.531364e-14   1.215683e-02   7.641287e-17   52488
  1.254054e+00   1.382300e-14   1.233851e-02   6.642528e-17   57034
  1.296605e+00   1.252730e-14   1.224458e-02   5.869326e-17   60648
  1.339187e+00   1.129333e-14   1.230532e-02   5.170404e-17   65044
  1.381689e+00   1.033399e-14   1.223104e-02   4.661997e-17   68720
  1.424202e+00   9.520866e-15   1.231312e-02   4.211505e-17   73538
  1.466870e+00   8.684970e-15   1.230776e-02   3.783411e-17   78080
  1.509304e+00   7.906910e-15   1.215944e-02   3.410490e-17   81572
  1.551677e+00   7.297806e-15   1.232495e-02   3.109008e-17   87248
  1.594353e+00   6.690288e-15   1.233837e-02   2.794568e-17   92266
  1.636929e+00   6.080096e-15   1.225268e-02   2.512766e-17   96696
  1.679216e+00   5.671397e-15   1.215041e-02   2.319139e-17   100904
  1.721516e+00   5.216392e-15   1.226207e-02   2.139487e-17   107036
  1.764192e+00   4.834144e-15   1.235795e-02   1.937373e-17   113362
  1.806923e+00   4.467451e-15   1.228837e-02   1.784618e-17   118176
  1.849351e+00   4.152413e-15   1.221864e-02   1.643303e-17   122944
  1.891857e+00   3.820771e-15   1.233203e-02   1.509274e-17   129902
  1.934420e+00   3.540379e-15   1.224691e-02   1.401443e-17   134944
  1.976863e+00   3.264686e-15   1.225992e-02   1.293693e-17   140952
  2.019285e+00   3.036071e-15   1.225865e-02   1.200910e-17   147072
  2.061737e+00   2.828886e-15   1.224320e-02   1.118222e-17   153382
  2.104357e+00   2.621736e-15   1.233049e-02   1.026513e-17   160952
  2.147003e+00   2.422376e-15   1.228118e-02   9.565236e-18   166640
  2.189431e+00   2.231080e-15   1.222861e-02   8.911285e-18   172448
  2.231915e+00   2.105661e-15   1.231031e-02   8.330553e-18   180594
  2.274471e+00   1.933873e-15   1.224284e-02   7.774170e-18   186556
  2.316888e+00   1.827334e-15   1.225358e-02   7.367586e-18   193528
  2.359297e+00   1.683625e-15   1.224273e-02   6.920764e-18   200626
  2.401844e+00   1.577537e-15   1.230642e-02   6.455120e-18   209256
  2.444460e+00   1.465118e-15   1.227865e-02   6.054287e-18   216020
  2.487004e+00   1.368682e-15   1.230299e-02   5.702178e-18   223768
  2.529444e+00   1.293511e-15   1.222313e-02   5.391568e-18   230234
  2.571955e+00   1.182533e-15   1.229969e-02   5.019673e-18   239800
  2.614499e+00   1.106886e-15   1.225221e-02   4.761063e-18   246568
  2.656957e+00   1.053014e-15   1.227331e-02   4.546234e-18   254828
  2.699414e+00   9.547449e-16   1.225769e-02   4.256479e-18   263074
  2.741981e+00   8.967598e-16   1.228604e-02   4.028049e-18   272312
  2.784554e+00   8.420541e-16   1.228079e-02   3.842497e-18   280376
  2.827093e+00   7.815643e-16   1.228600e-02   3.632472e-18   288884
  2.869605e+00   7.262097e-16   1.227401e-02   3.436773e-18   297602
  2.912071e+00   6.813563e-16   1.223046e-02   3.271719e-18   305520
  2.954561e+00   6.370760e-16   1.230079e-02   3.109307e-18   315976
  2.996984e+00   5.911767e-16   1.221089e-02   2.948974e-18   322778
  3.039488e+00   5.532989e-16   1.232008e-02   2.806902e-18   335372
  3.082114e+00   5.123604e-16   1.227327e-02   2.686416e-18   343464
  3.124654e+00   4.762966e-16   1.228282e-02   2.561568e-18   352912
  3.167174e+00   4.433707e-16   1.228199e-02   2.436308e-18   362666
  3.209689e+00   4.137002e-16   1.225476e-02   2.334016e-18   371884
  3.252186e+00   3.860426e-16   1.227971e-02   2.219076e-18   382280
  3.294633e+00   3.563786e-16   1.224302e-02   2.123029e-18   390888
  3.337059e+00   3.366068e-16   1.226867e-02   2.023143e-18   402234
  3.379565e+00   3.118491e-16   1.225933e-02   1.946997e-18   412576
  3.422105e+00   2.909132e-16   1.228715e-02   1.854042e-18   423732
  3.464636e+00   2.704644e-16   1.227257e-02   1.793936e-18   433624
  3.507180e+00   2.510642e-16   1.228881e-02   1.704947e-18   445154
  3.549739e+00   2.360726e-16   1.227656e-02   1.639881e-18   455584
  3.592238e+00   2.222717e-16   1.225887e-02   1.572726e-18   465588
  3.634685e+00   2.022324e-16   1.226065e-02   1.515389e-18   476762
  3.677219e+00   1.939366e-16   1.229242e-02   1.451085e-18   489552
  3.719789e+00   1.778404e-16   1.227853e-02   1.392935e-18   500328
  3.762251e+00   1.670607e-16   1.223705e-02   1.338739e-18   509852
  3.804741e+00   1.570668e-16   1.229735e-02   1.288021e-18   524234
  3.847275e+00   1.460482e-16   1.224781e-02   1.243245e-18   534104
  3.889779e+00   1.326109e-16   1.228211e-02   1.190710e-18   547048
  3.932320e+00   1.267567e-16   1.229545e-02   1.149651e-18   559328
  3.974872e+00   1.181452e-16   1.228346e-02   1.106681e-18   571326
  4.017355e+00   1.092436e-16   1.224147e-02   1.066661e-18   581920
  4.059804e+00   1.045613e-16   1.225835e-02   1.031171e-18   594832
  4.102282e+00   9.448787e-17   1.227222e-02   9.894428e-19   608048
  4.144825e+00   9.041735e-17   1.228101e-02   9.566405e-19   621526
  4.187356e+00   8.474284e-17   1.226445e-02   9.221137e-19   633240
  4.229822e+00   7.743708e-17   1.225981e-02   8.918680e-19   645472
  4.272346e+00   7.450341e-17   1.230137e-02   8.579321e-19   660906
  4.314903e+00   6.834346e-17   1.227030e-02   8.290097e-19   672856
  4.357425e+00   6.251978e-17   1.226838e-02   8.022041e-19   685980
  4.399921e+00   5.741571e-17   1.227191e-02   7.745033e-19   699256
  4.442476e+00   5.247164e-17   1.229990e-02   7.439154e-19   714730
  4.484986e+00   5.246354e-17   1.223739e-02   7.235180e-19   725152
  4.527452e+00   4.521280e-17   1.227054e-02   6.985186e-19   740420
  4.569941e+00   4.386926e-17   1.227636e-02   6.782190e-19   754312
  4.612456e+00   4.052016e-17   1.227959e-02   6.526795e-19   769114
  4.654996e+00   3.898084e-17   1.227684e-02   6.325560e-19   783488
  4.697459e+00   3.440865e-17   1.223560e-02   6.144019e-19   794968
  4.739925e+00   3.277502e-17   1.228043e-02   5.924594e-19   812366
  4.782438e+00   3.036460e-17   1.226054e-02   5.767827e-19   825976
  4.825000e+00   2.704336e-17   1.230088e-02   5.542351e-19   843352
  4.867591e+00   2.690301e-17   1.229290e-02   5.382755e-19   857280
  4.910094e+00   2.534652e-17   1.225276e-02   5.228890e-19   869542
  4.952587e+00   2.289154e-17   1.228301e-02   5.050961e-19   887128
  4.995087e+00   2.076497e-17   1.225266e-02   4.904065e-19   900032
  5.037553e+00   2.039632e-17   1.226951e-02   4.753450e-19   916560
  5.080018e+00   1.924224e-17   1.224713e-02   4.609269e-19   930922
  5.122540e+00   1.773774e-17   1.228718e-02   4.469778e-19   949844
  5.165149e+00   1.597531e-17   1.230776e-02   4.327324e-19   966736
  5.207698e+00   1.544289e-17   1.226328e-02   4.207169e-19   978776
  5.250149e+00   1.392931e-17   1.225655e-02   4.084518e-19   994522
  5.292642e+00   1.358727e-17   1.227563e-02   3.967506e-19   1012420
  5.335176e+00   1.258380e-17   1.228639e-02   3.852916e-19   1029408
  5.377640e+00   1.156109e-17   1.223362e-02   3.745256e-19   1041658
  5.420127e+00   1.127328e-17   1.228953e-02   3.618575e-19   1063520
  5.462635e+00   1.025291e-17   1.224276e-02   3.531834e-19   1075808
  5.505175e+00   9.465681e-18   1.232008e-02   3.411194e-19   1098956
  5.547712e+00   8.380492e-18   1.224668e-02   3.327376e-19   1109810
  5.590179e+00   8.686008e-18   1.226115e-02   3.227950e-19   1128608
  5.632713e+00   8.063026e-18   1.229436e-02   3.143791e-19   1148264
  5.675250e+00   6.853937e-18   1.227167e-02   3.053794e-19   1163252
  5.717744e+00   6.336444e-18   1.226828e-02   2.966064e-19   1181042
  5.760239e+00   6.338498e-18   1.225730e-02   2.890212e-19   1197848
  5.802769e+00   5.935672e-18   1.229495e-02   2.802069e-19   1218848
  5.845291e+00   5.539070e-18   1.225944e-02   2.730258e-19   1232916
  5.887780e+00   5.318794e-18   1.227538e-02   2.650897e-19   1253002
  5.930266e+00   4.170473e-18   1.224914e-02   2.586070e-19   1268576
  5.972763e+00   4.472756e-18   1.228621e-02   2.507652e-19   1290128
  6.015287e+00   4.888436e-18   1.227337e-02   2.443644e-19   1307402
  6.057820e+00   3.788679e-18   1.227649e-02   2.380939e-19   1327028
  6.100333e+00   3.308060e-18   1.225988e-02   2.316065e-19   1343648
  6.142842e+00   3.399267e-18   1.228087e-02   2.252638e-19   1364096
  6.185363e+00   3.106949e-18   1.227580e-02   2.197941e-19   1382730
  6.227896e+00   3.204145e-18   1.227503e-02   2.135285e-19   1402164
  6.270416e+00   3.279516e-18   1.227264e-02   2.085477e-19   1420464
  6.312883e+00   2.957933e-18   1.225519e-02   2.026735e-19   1437368
  6.355387e+00   2.718140e-18   1.228857e-02   1.973043e-19   1461530
  6.397919e+00   2.298877e-18   1.226028e-02   1.925521e-19   1478264
  6.440432e+00   2.702501e-18   1.227561e-02   1.877045e-19   1499356
  6.482926e+00   1.888381e-18   1.226095e-02   1.830119e-19   1517016
  6.525439e+00   1.910767e-18   1.228340e-02   1.785129e-19   1540090
  6.567953e+00   2.077735e-18   1.226146e-02   1.739037e-19   1557360
  6.610434e+00   1.976978e-18   1.226770e-02   1.691706e-19   1577780
  6.652969e+00   1.775615e-18   1.230043e-02   1.651816e-19   1602578
  6.695499e+00   1.593858e-18   1.225417e-02   1.610993e-19   1617672
  6.737992e+00   1.353697e-18   1.227613e-02   1.571552e-19   1641016
  6.780486e+00   1.299007e-18   1.226032e-02   1.529188e-19   1659416
  6.822983e+00   1.142938e-18   1.227372e-02   1.492609e-19   1682670
  6.865529e+00   1.316859e-18   1.228276e-02   1.453595e-19   1705256
  6.908096e+00   1.434619e-18   1.228756e-02   1.416206e-19   1726312
  6.950582e+00   1.116830e-18   1.225056e-02   1.386778e-19   1741880
  6.993044e+00   1.045827e-18   1.226862e-02   1.351558e-19   1766454
  7.035588e+00   1.243167e-18   1.229242e-02   1.320081e-19   1791784
  7.078111e+00   1.237873e-18   1.225558e-02   1.289839e-19   1807712
  7.120554e+00   1.090158e-18   1.225110e-02   1.258139e-19   1829002
  7.163037e+00   9.478754e-19   1.226905e-02   1.228019e-19   1854216
  7.205602e+00   1.018943e-18   1.229852e-02   1.197000e-19   1880156
  7.248150e+00   4.715533e-19   1.227340e-02   1.169354e-19   1897568
  7.290651e+00   6.572473e-19   1.227390e-02   1.142139e-19   1920458
  7.333153e+00   1.049387e-18   1.226399e-02   1.115250e-19   1942208
  7.375659e+00   6.856990e-19   1.227125e-02   1.089019e-19   1965612
  7.418175e+00   5.770076e-19   1.227855e-02   1.065606e-19   1989000
  7.460671e+00   5.199422e-19   1.225786e-02   1.040216e-19   2009114
  7.503166e+00   4.611131e-19   1.226960e-02   1.015792e-19   2034464
  7.545695e+00   6.448742e-19   1.228070e-02   9.885485e-20   2058476
  7.588207e+00   4.526231e-19   1.227216e-02   9.697076e-20   2079648
  7.630693e+00   8.365118e-19   1.226356e-02   9.466589e-20   2102578
  7.673222e+00   5.297086e-19   1.228297e-02   9.247222e-20   2129928
  7.715766e+00   4.288952e-19   1.227893e-02   9.052763e-20   2152096
  7.758252e+00   7.176812e-19   1.225143e-02   8.855780e-20   2171142
  7.800741e+00   5.668105e-19   1.227660e-02   8.640231e-20   2200248
  7.843296e+00   5.888516e-19   1.228407e-02   8.443566e-20   2225216
  7.885842e+00   4.481471e-19   1.228377e-02   8.253782e-20   2248448
  7.928336e+00   5.005824e-19   1.225709e-02   8.076916e-20   2267942
  7.970840e+00   3.970716e-19   1.228420e-02   7.898048e-20   2298072
  8.013348e+00   4.235518e-19   1.225627e-02   7.715477e-20   2317272
  8.055842e+00   6.477511e-19   1.227899e-02   7.537987e-20   2345808
  8.098322e+00   3.939162e-19   1.224988e-02   7.378313e-20   2365650
  8.140823e+00   5.214368e-19   1.227972e-02   7.209432e-20   2396940
  8.183368e+00   5.249056e-19   1.227975e-02   7.056526e-20   2421272
  8.225892e+00   5.302408e-19   1.227360e-02   6.898770e-20   2444576
  8.268407e+00   4.346364e-19   1.227899e-02   6.754787e-20   2471490
  8.310912e+00   2.345390e-19   1.225942e-02   6.602892e-20   2493180
  8.353397e+00   4.505567e-19   1.227208e-02   6.465614e-20   2520952
  8.395888e+00   5.345297e-19   1.226128e-02   6.334704e-20   2544946
  8.438392e+00   3.373975e-19   1.227324e-02   6.188248e-20   2573856
  8.480922e+00   4.183267e-19   1.227611e-02   6.049202e-20   2600016
  8.523447e+00   4.001282e-19   1.227641e-02   5.925961e-20   2625484
  8.565959e+00   5.485848e-19   1.227232e-02   5.805483e-20   2651122
  8.608519e+00   4.819564e-19   1.229739e-02   5.679748e-20   2683488
  8.651014e+00   3.862057e-19   1.223786e-02   5.559832e-20   2696352
  8.693483e+00   4.320652e-19   1.228468e-02   5.438185e-20   2733020
  8.736008e+00   3.468223e-19   1.227012e-02   5.324115e-20   2757378
  8.778525e+00   4.038267e-19   1.227177e-02   5.219558e-20   2784864
  8.821036e+00   4.282290e-19   1.227124e-02   5.097861e-20   2811168
  8.863496e+00   2.990407e-19   1.224424e-02   5.009212e-20   2832274
  8.906020e+00   4.425277e-19   1.230244e-02   4.896633e-20   2873636
  8.948567e+00   3.136948e-19   1.225951e-02   4.800671e-20   2890496
  8.991066e+00   4.306138e-19   1.227940e-02   4.694253e-20   2921800
  9.033598e+00   4.128023e-19   1.228441e-02   4.601738e-20   2951298
  9.076126e+00   2.503955e-19   1.226510e-02   4.512066e-20   2975476
  9.118654e+00   3.440300e-19   1.228550e-02   4.415079e-20   3007728
  9.161142e+00   3.201092e-19   1.224754e-02   4.339731e-20   3025776
  9.203640e+00   3.472788e-19   1.229182e-02   4.240363e-20   3065762
  9.246160e+00   3.133957e-19   1.225283e-02   4.159981e-20   3084856
  9.288649e+00   3.623333e-19   1.227594e-02   4.062632e-20   3118044
  9.331129e+00   2.784933e-19   1.225728e-02   3.986520e-20   3141352
  9.373640e+00   2.691483e-19   1.228814e-02   3.911522e-20   3179274
  9.416185e+00   2.358439e-19   1.227073e-02   3.831029e-20   3204120
  9.458671e+00   2.793226e-19   1.225444e-02   3.760421e-20   3227900
  9.501151e+00   2.717367e-19   1.227489e-02   3.672459e-20   3262394
  9.543701e+00   2.547030e-19   1.228726e-02   3.608295e-20   3295680
  9.586236e+00   3.231843e-19   1.226866e-02   3.536306e-20   3319560
  9.628737e+00   2.953386e-19   1.227228e-02   3.470521e-20   3348972
  9.671240e+00   2.746853e-19   1.227416e-02   3.395381e-20   3379722
  9.713763e+00   2.536515e-19   1.227339e-02   3.325620e-20   3410720
  9.756299e+00   2.565699e-19   1.227807e-02   3.263451e-20   3441504
  9.798787e+00   2.720724e-19   1.225320e-02   3.206284e-20   3463624
  9.841266e+00   2.241402e-19   1.227217e-02   3.144601e-20   3499790
  9.883803e+00   2.003618e-19   1.228281e-02   3.078420e-20   3533560
  9.926350e+00   3.112436e-19   1.227932e-02   3.021861e-20   3561920
  9.968836e+00   1.784927e-19   1.225683e-02   2.965551e-20   3585208
  1.001132e+01   2.297594e-19   1.227674e-02   2.907497e-20   3622518
  1.005387e+01   2.641916e-19   1.228938e-02   2.849941e-20   3657584
  1.009637e+01   2.256483e-19   1.225003e-02   2.798843e-20   3676440
  1.013883e+01   2.093644e-19   1.226093e-02   2.744303e-20   3711282
  1.018134e+01   2.418133e-19   1.227505e-02   2.692177e-20   3747696
  1.022386e+01   1.767468e-19   1.226890e-02   2.638980e-20   3776188
  1.026640e+01   1.748835e-19   1.229793e-02   2.590939e-20   3815304
  1.030893e+01   2.091838e-19   1.225864e-02   2.542085e-20   3835370
  1.035143e+01   1.495225e-19   1.227570e-02   2.490484e-20   3873424
  1.039395e+01   1.830363e-19   1.227191e-02   2.445692e-20   3903420
  1.043647e+01   1.474595e-19   1.228014e-02   2.402551e-20   3937624
  1.047898e+01   1.698545e-19   1.226404e-02   2.354400e-20   3965658
  1.052150e+01   1.349391e-19   1.227921e-02   2.311586e-20   4002984
  1.056400e+01   1.907284e-19   1.226054e-02   2.270167e-20   4027928
  1.060647e+01   1.226034e-19   1.225976e-02   2.228520e-20   4059844
  1.064896e+01   8.600654e-20   1.227978e-02   2.184453e-20   4100338
  1.069151e+01   4.279442e-20   1.227651e-02   2.142193e-20   4132264
  1.073403e+01   1.699879e-19   1.227390e-02   2.104348e-20   4163216
  1.077652e+01   6.007119e-20   1.226459e-02   2.069370e-20   4193350
  1.081904e+01   1.137888e-19   1.228427e-02   2.026134e-20   4234456
  1.086156e+01   1.152382e-19   1.225632e-02   1.993331e-20   4257264
  1.090405e+01   1.160602e-19   1.227910e-02   1.956160e-20   4297352
  1.094656e+01   1.957651e-19   1.226998e-02   1.921625e-20   4328642
  1.098909e+01   9.018110e-20   1.228265e-02   1.884608e-20   4367948
  1.103158e+01   1.436649e-19   1.224720e-02   1.854050e-20   4388384
  1.107408e+01   1.063181e-19   1.228899e-02   1.817964e-20   4436648
  1.111661e+01   1.278819e-19   1.227199e-02   1.784934e-20   4465658
  1.115915e+01   1.390596e-19   1.227871e-02   1.753812e-20   4502948
  1.120165e+01   6.235634e-20   1.225915e-02   1.722465e-20   4528880
  1.124413e+01   6.309753e-20   1.226872e-02   1.693082e-20   4566290
  1.128665e+01   6.051196e-20   1.228262e-02   1.659913e-20   4606856
  1.132917e+01   6.962101e-20   1.226621e-02   1.632256e-20   4635380
  1.137166e+01   4.467666e-20   1.226853e-02   1.603625e-20   4670384
  1.141417e+01   5.920495e-20   1.227665e-02   1.575133e-20   4709258
  1.145672e+01   8.319782e-20   1.228130e-02   1.547131e-20   4747352
  1.149922e+01   9.769809e-20   1.225462e-02   1.523075e-20   4771664
  1.154171e+01   7.278857e-20   1.227440e-02   1.495010e-20   4813532
  1.158423e+01   3.756923e-20   1.228175e-02   1.468658e-20   4852322
  1.162677e+01   7.212962e-20   1.227605e-02   1.441157e-20   4886480
  1.166928e+01   5.931081e-20   1.226516e-02   1.418679e-20   4917248
  1.171175e+01   7.899510e-20   1.226039e-02   1.393229e-20   4950828
  1.175428e+01   7.184546e-20   1.229115e-02   1.366756e-20   5000170
  1.179682e+01   5.340010e-20   1.226743e-02   1.343213e-20   5026952
  1.183930e+01   6.016733e-20   1.225870e-02   1.321783e-20   5058752
  1.188178e+01   7.704938e-20   1.227096e-02   1.298120e-20   5100722
  1.192431e+01   6.426146e-20   1.227592e-02   1.276268e-20   5140124
  1.196682e+01   8.413519e-20   1.227175e-02   1.254319e-20   5174072
  1.200934e+01   9.297247e-20   1.227571e-02   1.233611e-20   5211608
  1.205185e+01   6.798670e-20   1.227167e-02   1.210547e-20   5247794
  1.209436e+01   7.313026e-20   1.226763e-02   1.190503e-20   5284196
  1.213689e+01   8.231712e-20   1.228663e-02   1.168951e-20   5328800
  1.217939e+01   2.584513e-20   1.225244e-02   1.152703e-20   5350872
  1.222188e+01   6.111739e-20   1.227843e-02   1.131367e-20   5400634
  1.226439e+01   6.486036e-20   1.226116e-02   1.112595e-20   5430968
  1.230690e+01   4.386147e-20   1.228074e-02   1.090133e-20   5475908
  1.234942e+01   4.428221e-20   1.227341e-02   1.073996e-20   5510016
  1.239194e+01   5.501123e-20   1.227878e-02   1.057376e-20   5552114
  1.243448e+01   6.149485e-20   1.227536e-02   1.039150e-20   5588944
  1.247700e+01   4.157280e-20   1.227081e-02   1.022237e-20   5623828
  1.251949e+01   2.293001e-20   1.226652e-02   1.006147e-20   5660722
  1.256199e+01   5.615686e-20   1.226569e-02   9.869793e-21   5699896
  1.260450e+01   4.075167e-20   1.227587e-02   9.712759e-21   5741936
  1.264701e+01   3.660118e-20   1.227604e-02   9.552929e-21   5779568
  1.268952e+01   3.813850e-20   1.227056e-02   9.389884e-21   5817222
  1.273202e+01   4.295504e-20   1.226405e-02   9.246562e-21   5854600
  1.277454e+01   2.564843e-20   1.227916e-02   9.089321e-21   5900040
  1.281705e+01   2.254992e-20   1.226601e-02   8.940053e-21   5931976
  1.285956e+01   3.769620e-20   1.228040e-02   8.787082e-21   5979390
  1.290207e+01   4.278350e-20   1.226129e-02   8.643779e-21   6010200
  1.294458e+01   3.484890e-20   1.227731e-02   8.510883e-21   6056496
  1.298708e+01   5.678242e-20   1.226484e-02   8.379074e-21   6089504
  1.302958e+01   6.422353e-20   1.227756e-02   8.229576e-21   6137114
  1.307210e+01   3.756441e-20   1.226880e-02   8.100591e-21   6173332
  1.311461e+01   5.485538e-20   1.227153e-02   7.968524e-21   6214128
  1.315711e+01   5.063340e-20   1.226922e-02   7.836234e-21   6253874
  1.319964e+01   4.322495e-20   1.227851e-02   7.711348e-21   6300104
  1.324216e+01   3.331433e-20   1.226546e-02   7.581818e-21   6332612
  1.328467e+01   3.437289e-20   1.228096e-02   7.463411e-21   6379768
  1.332719e+01   4.778290e-20   1.227439e-02   7.348353e-21   6418218
  1.336971e+01   4.281498e-20   1.227344e-02   7.233319e-21   6459880
  1.341221e+01   4.057272e-20   1.226446e-02   7.121383e-21   6495652
  1.345472e+01   3.586064e-20   1.228092e-02   6.993671e-21   6545296
  1.349724e+01   4.373719e-20   1.226891e-02   6.888455e-21   6581570
  1.353974e+01   4.239216e-20   1.226098e-02   6.777676e-21   6618960
  1.358222e+01   4.268719e-20   1.226863e-02   6.673273e-21   6663352
  1.362471e+01   3.861091e-20   1.226151e-02   6.573648e-21   6701334
  1.366724e+01   1.873309e-20   1.229005e-02   6.455414e-21   6759920
  1.370978e+01   2.518978e-20   1.226871e-02   6.360724e-21   6789696
  1.375229e+01   2.638271e-20   1.227982e-02   6.255512e-21   6837208
  1.379481e+01   2.548883e-20   1.226997e-02   6.154797e-21   6874966
  1.383733e+01   3.972281e-20   1.227445e-02   6.062854e-21   6920864
  1.387984e+01   8.849724e-21   1.226703e-02   5.969099e-21   6957816
  1.392234e+01   2.626941e-20   1.227258e-02   5.871418e-21   7002232
  1.396483e+01   3.419521e-20   1.226616e-02   5.785382e-21   7043114
  1.400736e+01   2.469267e-20   1.228161e-02   5.698309e-21   7096020
  1.404988e+01   2.868028e-20   1.226958e-02   5.613183e-21   7130640
  1.409239e+01   1.773831e-20   1.227310e-02   5.522130e-21   7175472
  1.413489e+01   1.683558e-20   1.226899e-02   5.437818e-21   7217786
  1.417741e+01   2.145978e-20   1.227600e-02   5.350082e-21   7265564
  1.421992e+01   1.295265e-20   1.226528e-02   5.273204e-21   7301288
  1.426240e+01   2.894710e-20   1.226550e-02   5.188010e-21   7345330
  1.430491e+01   1.548488e-20   1.227621e-02   5.105306e-21   7397048
  1.434743e+01   2.961534e-20   1.226815e-02   5.029007e-21   7435920
  1.438994e+01   3.311886e-20   1.227688e-02   4.950956e-21   7484140
  1.443245e+01   2.114387e-20   1.227057e-02   4.872640e-21   7525578
  1.447497e+01   2.385250e-20   1.227007e-02   4.805160e-21   7571376
  1.451748e+01   2.383627e-20   1.227392e-02   4.732283e-21   7617064
  1.456001e+01   2.037263e-20   1.227782e-02   4.653258e-21   7662092
  1.460251e+01   2.413448e-20   1.226530e-02   4.586871e-21   7699658
  1.464502e+01   2.355315e-20   1.227578e-02   4.519336e-21   7752416
  1.468755e+01   7.671408e-21   1.227763e-02   4.446284e-21   7797776
  1.473004e+01   1.388192e-20   1.226070e-02   4.384666e-21   7831720
  1.477255e+01   3.027507e-20   1.227889e-02   4.317375e-21   7889926
  1.481507e+01   1.623423e-20   1.227192e-02   4.251493e-21   7931480
  1.485759e+01   3.347858e-20   1.227300e-02   4.188459e-21   7976688
  1.490006e+01   2.267738e-20   1.225048e-02   4.134495e-21   8007786
  1.494256e+01   2.242568e-20   1.228133e-02   4.065235e-21   8074564
  1.498510e+01   1.811540e-20   1.228034e-02   4.003147e-21   8118904
  1.502762e+01   2.595693e-20   1.226783e-02   3.946192e-21   8155824
  1.507013e+01   2.271733e-20   1.228256e-02   3.885977e-21   8212802
  1.511265e+01   2.477364e-20   1.226047e-02   3.829312e-21   8245268
  1.515516e+01   1.873434e-20   1.228702e-02   3.772902e-21   8308816
  1.519769e+01   2.428957e-20   1.226520e-02   3.715740e-21   8340304
  1.524017e+01   2.151744e-20   1.226489e-02   3.663851e-21   8387738
  1.528267e+01   1.896824e-20   1.226883e-02   3.609753e-21   8437624
  1.532518e+01   2.545332e-20   1.227531e-02   3.553299e-21   8487796
  1.536768e+01   1.803233e-20   1.226572e-02   3.501558e-21   8527936
  1.541020e+01   7.043747e-21   1.227764e-02   3.450198e-21   8585122
  1.545272e+01   3.145459e-20   1.227170e-02   3.403785e-21   8628200
  1.549524e+01   2.677695e-20   1.227868e-02   3.351279e-21   8679484
  1.553776e+01   2.530180e-20   1.226928e-02   3.299320e-21   8721466
  1.558025e+01   1.355073e-20   1.226318e-02   3.256476e-21   8765840
  1.562277e+01   2.405017e-20   1.228142e-02   3.204346e-21   8825136
  1.566528e+01   2.477870e-20   1.226701e-02   3.160787e-21   8861768
  1.570779e+01   1.805826e-20   1.227728e-02   3.120562e-21   8919278
  1.575031e+01   2.273522e-20   1.226638e-02   3.069997e-21   8961008
  1.579282e+01   2.339636e-20   1.227512e-02   3.027100e-21   9014456
  1.583534e+01   2.703395e-20   1.227527e-02   2.982541e-21   9062240
  1.587786e+01   2.530153e-20   1.227311e-02   2.939528e-21   9110510
  1.592036e+01   1.256095e-20   1.226582e-02   2.901410e-21   9154048
  1.596285e+01   2.379979e-20   1.226281e-02   2.854577e-21   9198928
  1.600534e+01   1.865119e-20   1.227531e-02   2.813779e-21   9257194
  1.604787e+01   9.673625e-21   1.227745e-02   2.774693e-21   9310168
  1.609038e+01   1.143289e-20   1.226530e-02   2.735090e-21   9350316
  1.613289e+01   1.735509e-20   1.227684e-02   2.696225e-21   9407120
  1.617541e+01   1.380927e-20   1.227300e-02   2.660971e-21   9454642
  1.621793e+01   1.679659e-20   1.227362e-02   2.620395e-21   9506272
  1.626044e+01   1.874863e-20   1.226942e-02   2.585091e-21   9551228
  1.630294e+01   1.992173e-20   1.227038e-02   2.545825e-21   9600264
  1.634544e+01   1.198805e-20   1.227012e-02   2.513292e-21   9651458
  1.638796e+01   1.711708e-20   1.228049e-02   2.475817e-21   9711488
  1.643048e+01   1.282583e-20   1.226476e-02   2.442086e-21   9749144
  1.647299e+01   1.554170e-20   1.227613e-02   2.406521e-21   9807908
  1.651550e+01   1.992588e-20   1.227043e-02   2.376191e-21   9854786
  1.655803e+01   2.014895e-20   1.228107e-02   2.340666e-21   9914304
  1.660053e+01   1.763133e-20   1.225867e-02   2.309407e-21   9945544
  1.664301e+01   1.416206e-20   1.226718e-02   2.276962e-21   10003414
  1.668552e+01   2.206545e-20   1.227468e-02   2.245215e-21   10062032
  1.672804e+01   1.591392e-20   1.227657e-02   2.211947e-21   10114792
  1.677058e+01   1.740460e-20   1.228180e-02   2.179413e-21   10169936
  1.681307e+01   1.874709e-20   1.225060e-02   2.155030e-21   10196602
  1.685558e+01   1.727288e-20   1.228906e-02   2.122131e-21   10281156
  1.689811e+01   1.892914e-20   1.226275e-02   2.093870e-21   10309376
  1.694060e+01   1.191351e-20   1.227427e-02   2.062769e-21   10369856
  1.698310e+01   2.014903e-20   1.226425e-02   2.037422e-21   10415370
  1.702562e+01   1.389987e-20   1.228018e-02   2.006267e-21   10481988
  1.706815e+01   1.537831e-20   1.227822e-02   1.980528e-21   10531200
  1.711066e+01   1.695798e-20   1.226163e-02   1.955386e-21   10569416
  1.715315e+01   1.905356e-20   1.227286e-02   1.928622e-21   10633066
  1.719568e+01   2.293095e-20   1.227546e-02   1.901211e-21   10687548
  1.723821e+01   1.940977e-20   1.228168e-02   1.874867e-21   10743968
  1.728072e+01   1.554100e-20   1.226340e-02   1.850605e-21   10782130
  1.732321e+01   2.104196e-20   1.226438e-02   1.826394e-21   10837792
  1.736571e+01   1.746058e-20   1.227328e-02   1.800322e-21   10897368
  1.740823e+01   1.696711e-20   1.227857e-02   1.776424e-21   10953940
  1.745075e+01   1.469123e-20   1.227188e-02   1.750264e-21   11003274
  1.749325e+01   1.361235e-20   1.226537e-02   1.728942e-21   11052800
  1.753577e+01   1.842602e-20   1.228039e-02   1.704744e-21   11118176
  1.757829e+01   1.508393e-20   1.227174e-02   1.682822e-21   11162268
  1.762078e+01   1.777925e-20   1.226447e-02   1.661611e-21   11211458
  1.766328e+01   1.514958e-20   1.226924e-02   1.640137e-21   11271888
  1.770579e+01   1.621095e-20   1.227456e-02   1.614230e-21   11329304
  1.774829e+01   1.573006e-20   1.226554e-02   1.596007e-21   11375026
  1.779081e+01   1.611261e-20   1.227704e-02   1.573272e-21   11442532
  1.783332e+01   1.539279e-20   1.226620e-02   1.553334e-21   11487264
  1.787583e+01   1.314336e-20   1.227239e-02   1.532397e-21   11545680
  1.791835e+01   1.393036e-20   1.227937e-02   1.511914e-21   11607058
  1.796089e+01   1.464014e-20   1.227970e-02   1.491014e-21   11664300
  1.800340e+01   1.364605e-20   1.226785e-02   1.473491e-21   11707488
  1.804590e+01   1.437630e-20   1.226647e-02   1.453789e-21   11759536
  1.808841e+01   1.525319e-20   1.228470e-02   1.434003e-21   11833690
  1.813095e+01   1.423333e-20   1.227017e-02   1.415067e-21   11877808
  1.817345e+01   9.762581e-21   1.226311e-02   1.397068e-21   11925836
  1.821595e+01   1.358921e-20   1.227560e-02   1.378673e-21   11992168
  1.825846e+01   1.367217e-20   1.227114e-02   1.361341e-21   12044554
  1.830097e+01   1.461105e-20   1.226867e-02   1.343889e-21   12098976
  1.834346e+01   1.606346e-20   1.226469e-02   1.326691e-21   12149996
  1.838595e+01   1.378502e-20   1.226815e-02   1.308573e-21   12209594
  1.842847e+01   1.202981e-20   1.227993e-02   1.292223e-21   12279272
  1.847101e+01   1.613411e-20   1.228002e-02   1.275210e-21   12336072
  1.851353e+01   1.385242e-20   1.226966e-02   1.259508e-21   12381744
  1.855604e+01   1.292162e-20   1.227227e-02   1.242929e-21   12441590
  1.859855e+01   1.359892e-20   1.227023e-02   1.227148e-21   12497256
  1.864105e+01   1.338349e-20   1.226730e-02   1.211842e-21   12550032
  1.868353e+01   1.258002e-20   1.226474e-02   1.196352e-21   12603936
  1.872603e+01   1.060095e-20   1.227245e-02   1.181642e-21   12671230
  1.876857e+01   1.404550e-20   1.228331e-02   1.165075e-21   12740920
  1.881110e+01   1.229844e-20   1.227107e-02   1.150319e-21   12784560
  1.885359e+01   1.103947e-20   1.226358e-02   1.137276e-21   12834176
  1.889610e+01   1.276999e-20   1.227865e-02   1.121444e-21   12909006
  1.893863e+01   1.044988e-20   1.227235e-02   1.107777e-21   12959680
  1.898113e+01   1.159127e-20   1.227020e-02   1.094280e-21   13014232
  1.902364e+01   1.121790e-20   1.227262e-02   1.079925e-21   13076514
  1.906614e+01   1.196017e-20   1.226274e-02   1.066950e-21   13127112
  1.910866e+01   1.049846e-20   1.228266e-02   1.053527e-21   13205852
  1.915119e+01   1.338973e-20   1.227282e-02   1.041016e-21   13252032
  1.919369e+01   1.361062e-20   1.226787e-02   1.028109e-21   13307450
  1.923620e+01   1.155188e-20   1.227402e-02   1.014937e-21   13374160
  1.927872e+01   1.171390e-20   1.227027e-02   1.003077e-21   13426348
  1.932123e+01   1.023301e-20   1.227853e-02   9.891608e-22   13492760
  1.936373e+01   1.098969e-20   1.226457e-02   9.783084e-22   13539546
  1.940624e+01   1.066838e-20   1.227335e-02   9.655416e-22   13610704
  1.944875e+01   1.230788e-20   1.226734e-02   9.542070e-22   13662024
  1.949125e+01   1.185026e-20   1.227299e-02   9.415839e-22   13727492
  1.953377e+01   1.051610e-20   1.227644e-02   9.304461e-22   13793394
  1.957629e+01   9.687622e-21   1.226862e-02   9.191231e-22   13844456
  1.961880e+01   1.064588e-20   1.227171e-02   9.084471e-22   13905184
  1.966130e+01   1.024994e-20   1.227189e-02   8.975800e-22   13965958
  1.970381e+01   1.006514e-20   1.226859e-02   8.867351e-22   14025192
  1.974632e+01   1.216033e-20   1.227581e-02   8.747957e-22   14093768
  1.978884e+01   1.026152e-20   1.227382e-02   8.644924e-22   14150440
  1.983136e+01   9.362715e-21   1.227452e-02   8.539044e-22   14213450
  1.987387e+01   1.039347e-20   1.226691e-02   8.441693e-22   14267036
  1.991638e+01   9.053167e-21   1.227427e-02   8.338552e-22   14335032
  1.995889e+01   1.124119e-20   1.226837e-02   8.241100e-22   14387664
  2.000139e+01   1.061912e-20   1.227308e-02   8.143442e-22   14455698
  2.004391e+01   1.002139e-20   1.227471e-02   8.043881e-22   14520452
  2.008643e+01   1.076631e-20   1.227399e-02   7.954175e-22   14580272
  2.012893e+01   8.644742e-21   1.226246e-02   7.859367e-22   14628050
  2.017144e+01   9.834932e-21   1.228393e-02   7.762389e-22   14716744
  2.021396e+01   9.326321e-21   1.226163e-02   7.672139e-22   14751712
  2.025646e+01   9.859978e-21   1.227782e-02   7.579837e-22   14831620
  2.029896e+01   9.812970e-21   1.226188e-02   7.496942e-22   14875522
  2.034146e+01   9.752753e-21   1.227585e-02   7.410886e-22   14956720
  2.038398e+01   7.421120e-21   1.226799e-02   7.319366e-22   15008272
  2.042648e+01   9.025609e-21   1.227113e-02   7.235508e-22   15073780
  2.046899e+01   8.724565e-21   1.227601e-02   7.148926e-22   15144866
  2.051153e+01   7.142818e-21   1.228021e-02   7.066146e-22   15213872
  2.055406e+01   8.904763e-21   1.227172e-02   6.996657e-22   15263976
  2.059656e+01   8.485034e-21   1.226689e-02   6.912026e-22   15320236
  2.063907e+01   7.537912e-21   1.227747e-02   6.833296e-22   15398322
  2.068159e+01   7.773817e-21   1.226849e-02   6.754885e-22   15450864
  2.072409e+01   7.037186e-21   1.226949e-02   6.674888e-22   15513888
  2.076658e+01   8.028122e-21   1.226638e-02   6.604573e-22   15574626
  2.080910e+01   7.343752e-21   1.227957e-02   6.526106e-22   15657956
  2.085162e+01   6.052337e-21   1.226694e-02   6.450548e-22   15704248
  2.089412e+01   7.841084e-21   1.227405e-02   6.381159e-22   15774824
  2.093664e+01   7.030743e-21   1.227741e-02   6.310976e-22   15844898
  2.097916e+01   8.118392e-21   1.226797e-02   6.240167e-22   15898956
  2.102166e+01   7.999618e-21   1.226837e-02   6.178751e-22   15961768
  2.106416e+01   6.435813e-21   1.227392e-02   6.101386e-22   16032208
  2.110668e+01   5.797874e-21   1.227386e-02   6.035831e-22   16099530
  2.114918e+01   7.407042e-21   1.226342e-02   5.972895e-22   16152712
  2.119169e+01   6.872106e-21   1.227877e-02   5.907715e-22   16235740
  2.123421e+01   8.398799e-21   1.227090e-02   5.839214e-22   16288856
  2.127673e+01   7.519383e-21   1.227763e-02   5.779348e-22   16365074
  2.131925e+01   7.176132e-21   1.226826e-02   5.713411e-22   16418248
  2.136173e+01   6.748869e-21   1.226229e-02   5.658024e-22   16473180
  2.140423e+01   7.316239e-21   1.227796e-02   5.588849e-22   16560234
  2.144675e+01   7.246646e-21   1.226818e-02   5.536762e-22   16616088
  2.148927e+01   6.726416e-21   1.227653e-02   5.470940e-22   16693264
  2.153179e+01   6.107981e-21   1.227410e-02   5.415769e-22   16753864
  2.157431e+01   5.946499e-21   1.227428e-02   5.355346e-22   16820702
  2.161682e+01   7.057658e-21   1.226755e-02   5.305281e-22   16879288
  2.165933e+01   6.400241e-21   1.227311e-02   5.249747e-22   16951712
  2.170183e+01   6.663026e-21   1.226675e-02   5.191682e-22   17007560
  2.174434e+01   5.922202e-21   1.227813e-02   5.140008e-22   17092086
  2.178685e+01   6.558427e-21   1.226906e-02   5.087934e-22   17148392
  2.182937e+01   6.691887e-21   1.227478e-02   5.035981e-22   17222288
  2.187188e+01   5.910469e-21   1.227236e-02   4.982173e-22   17285096
  2.191439e+01   7.868320e-21   1.226620e-02   4.938163e-22   17344826
  2.195689e+01   7.239768e-21   1.227320e-02   4.887065e-22   17421236
  2.199941e+01   7.186575e-21   1.227792e-02   4.829255e-22   17494160
  2.204191e+01   6.566968e-21   1.226044e-02   4.788190e-22   17538122
  2.208440e+01   6.364590e-21   1.226939e-02   4.739331e-22   17620136
  2.212692e+01   7.543931e-21   1.227875e-02   4.693951e-22   17700428
  2.216945e+01   5.591203e-21   1.227393e-02   4.645579e-22   17760320
  2.221196e+01   7.593465e-21   1.227224e-02   4.599926e-22   17827562
  2.225448e+01   6.698768e-21   1.227165e-02   4.554615e-22   17895488
  2.229699e+01   6.207626e-21   1.227292e-02   4.511343e-22   17963576
  2.233950e+01   4.567137e-21   1.227046e-02   4.469100e-22   18027500
  2.238201e+01   6.025582e-21   1.227533e-02   4.427499e-22   18105650
  2.242451e+01   6.240066e-21   1.226508e-02   4.387090e-22   18160880
  2.246701e+01   7.641431e-21   1.226834e-02   4.340560e-22   18233144
  2.250951e+01   6.019778e-21   1.227149e-02   4.302115e-22   18307310
  2.255203e+01   4.962246e-21   1.227368e-02   4.263861e-22   18381680
  2.259456e+01   6.199018e-21   1.227489e-02   4.223742e-22   18450536
  2.263708e+01   6.055077e-21   1.227820e-02   4.185871e-22   18522128
  2.267959e+01   6.360155e-21   1.226827e-02   4.149778e-22   18578414
  2.272209e+01   7.051508e-21   1.227113e-02   4.110802e-22   18654304
  2.276460e+01   6.987403e-21   1.227056e-02   4.076823e-22   18722304
  2.280712e+01   5.792186e-21   1.227777e-02   4.038452e-22   18802472
  2.284964e+01   6.842811e-21   1.227092e-02   4.001639e-22   18864266
  2.289215e+01   6.492921e-21   1.226939e-02   3.968779e-22   18933260
  2.293465e+01   6.073251e-21   1.226719e-02   3.936236e-22   18997448
  2.297715e+01   5.827739e-21   1.227581e-02   3.897866e-22   19079816
  2.301967e+01   6.589519e-21   1.227098e-02   3.865228e-22   19145330
  2.306218e+01   6.510223e-21   1.227177e-02   3.834198e-22   19218276
  2.310469e+01   6.788126e-21   1.227113e-02   3.800061e-22   19286200
  2.314719e+01   6.158586e-21   1.226583e-02   3.763374e-22   19349738
  2.318971e+01   6.340219e-21   1.228286e-02   3.738769e-22   19450040
  2.323223e+01   6.232256e-21   1.226363e-02   3.707672e-22   19489688
  2.327473e+01   5.863709e-21   1.227521e-02   3.679162e-22   19576868
  2.331724e+01   6.689674e-21   1.226932e-02   3.645250e-22   19640282
  2.335976e+01   7.380586e-21   1.227873e-02   3.622481e-22   19728800
  2.340226e+01   6.316528e-21   1.226095e-02   3.595174e-22   19770152
  2.344476e+01   6.342549e-21   1.227487e-02   3.565625e-22   19863516
  2.348729e+01   6.426885e-21   1.227855e-02   3.535415e-22   19943594
  2.352981e+01   6.077819e-21   1.227039e-02   3.514744e-22   20003440
  2.357232e+01   6.686117e-21   1.227533e-02   3.487332e-22   20081768
  2.361483e+01   5.701431e-21   1.226475e-02   3.459236e-22   20136200
  2.365734e+01   5.628458e-21   1.228180e-02   3.436443e-22   20238094
  2.369985e+01   6.083072e-21   1.226458e-02   3.412522e-22   20282544
  2.374234e+01   5.983048e-21   1.226291e-02   3.387105e-22   20351720
  2.378483e+01   7.421353e-21   1.227389e-02   3.364773e-22   20444714
  2.382735e+01   6.665404e-21   1.227112e-02   3.343370e-22   20515116
  2.386988e+01   4.875645e-21   1.228059e-02   3.318151e-22   20602384
  2.391241e+01   6.217108e-21   1.227266e-02   3.300637e-22   20659872
  2.395491e+01   5.367080e-21   1.226837e-02   3.276958e-22   20727682
  2.399742e+01   6.267642e-21   1.227493e-02   3.255289e-22   20814416
  2.403994e+01   6.741972e-21   1.227261e-02   3.235067e-22   20881100
  2.408245e+01   5.516194e-21   1.227247e-02   3.213390e-22   20953688
  2.412495e+01   5.526342e-21   1.226662e-02   3.199125e-22   21021050
  2.416746e+01   5.512585e-21   1.227556e-02   3.176912e-22   21111632
  2.420998e+01   6.292227e-21   1.227336e-02   3.155109e-22   21179972
  2.425248e+01   6.149381e-21   1.226547e-02   3.140546e-22   21240488
  2.429499e+01   5.816574e-21   1.227368e-02   3.123829e-22   21331418
  2.433750e+01   6.419080e-21   1.226935e-02   3.108079e-22   21397304
  2.438000e+01   6.230656e-21   1.226962e-02   3.092977e-22   21469764
  2.442251e+01   6.034267e-21   1.227528e-02   3.073453e-22   21556122
  2.446502e+01   5.422708e-21   1.226591e-02   3.059301e-22   21618312
  2.450754e+01   6.465107e-21   1.227924e-02   3.045451e-22   21716096
  2.455007e+01   5.756579e-21   1.227488e-02   3.027475e-22   21781352
  2.459258e+01   6.571326e-21   1.226971e-02   3.016237e-22   21848870
  2.463508e+01   5.751232e-21   1.227061e-02   2.999582e-22   21927536
  2.467760e+01   6.016084e-21   1.227518e-02   2.989583e-22   22008944
  2.472011e+01   5.568121e-21   1.227146e-02   2.976372e-22   22076136
  2.476261e+01   6.278520e-21   1.226619e-02   2.962928e-22   22145270
  2.480513e+01   6.147445e-21   1.228149e-02   2.950306e-22   22250960
  2.484765e+01   6.390673e-21   1.226766e-02   2.940577e-22   22300864
  2.489015e+01   5.793896e-21   1.226874e-02   2.929359e-22   22378586
  2.493266e+01   6.591873e-21   1.227304e-02   2.919934e-22   22464104
  2.497518e+01   5.851755e-21   1.227483e-02   2.909422e-22   22542892
  2.501769e+01   5.927206e-21   1.226849e-02   2.897534e-22   22606008
  2.506019e+01   6.066449e-21   1.227168e-02   2.891234e-22   22690002
  2.510269e+01   5.523438e-21   1.226774e-02   2.882534e-22   22762216
  2.514519e+01   5.806607e-21   1.227552e-02   2.859215e-22   22815779
  2.518771e+01   4.493206e-21   1.227093e-02   2.815046e-22   22772312
  2.523022e+01   3.505025e-21   1.227169e-02   2.765420e-22   22733708
  2.527273e+01   2.500230e-21   1.227376e-02   2.720078e-22   22697672
  2.531524e+01   2.654535e-21   1.227003e-02   2.677797e-22   22651460
  2.535775e+01   2.012287e-21   1.227280e-02   2.635283e-22   22616024
  2.540027e+01   1.661792e-21   1.227723e-02   2.589886e-22   22583496
  2.544278e+01   1.214757e-21   1.226384e-02   2.547438e-22   22519252
  2.548527e+01   2.135365e-21   1.226879e-02   2.509746e-22   22488992
  2.552778e+01   1.868330e-21   1.227112e-02   2.470739e-22   22453172
  2.557030e+01   8.849363e-22   1.227642e-02   2.431241e-22   22420584
  2.561282e+01   1.272061e-21   1.227318e-02   2.395588e-22   22371700
  2.565533e+01   1.860075e-21   1.227319e-02   2.357111e-22   22329896
  2.569784e+01   1.307614e-21   1.227005e-02   2.320694e-22   22282876
  2.574035e+01   1.535387e-21   1.227559e-02   2.286356e-22   22250692
  2.578286e+01   1.038974e-21   1.226749e-02   2.253194e-22   22194436
  2.582536e+01   1.395934e-21   1.226799e-02   2.217658e-22   22153540
  2.586787e+01   1.200774e-21   1.227489e-02   2.185292e-22   22122584
  2.591039e+01   1.251098e-21   1.227183e-02   2.154877e-22   22073004
  2.595291e+01   1.552208e-21   1.227763e-02   2.119476e-22   22039640
  2.599542e+01   1.185397e-21   1.226443e-02   2.092181e-22   21971624
  2.603793e+01   9.883583e-22   1.228039e-02   2.061000e-22   21955708
  2.608042e+01   1.404044e-21   1.225538e-02   2.031147e-22   21867720
  2.612293e+01   8.514678e-22   1.228640e-02   2.002589e-22   21878900
  2.616545e+01   1.111728e-21   1.226374e-02   1.976870e-22   21794260
  2.620796e+01   9.612145e-22   1.227552e-02   1.947260e-22   21770256
  2.625048e+01   9.971473e-22   1.227204e-02   1.922559e-22   21718124
  2.629299e+01   6.810759e-22   1.227162e-02   1.895807e-22   21671096
  2.633550e+01   7.017146e-22   1.227173e-02   1.869586e-22   21625412
  2.637801e+01   8.117403e-22   1.227628e-02   1.842641e-22   21587284
  2.642052e+01   6.993559e-22   1.226404e-02   1.820142e-22   21519648
  2.646302e+01   4.882364e-22   1.227517e-02   1.797102e-22   21493344
  2.650554e+01   5.009659e-22   1.227125e-02   1.772600e-22   21439360
  2.654805e+01   5.226449e-22   1.227471e-02   1.748048e-22   21398900
  2.659058e+01   5.998030e-22   1.227467e-02   1.725470e-22   21351488
  2.663308e+01   8.681804e-22   1.226610e-02   1.702135e-22   21288012
  2.667559e+01   4.169909e-22   1.227518e-02   1.680066e-22   21255052
  2.671810e+01   9.673133e-22   1.226960e-02   1.660436e-22   21196928
  2.676060e+01   6.134874e-22   1.226973e-02   1.640552e-22   21149036
  2.680311e+01   8.976833e-22   1.227206e-02   1.617608e-22   21105304
  2.684563e+01   6.640504e-22   1.227410e-02   1.598183e-22   21059992
  2.688815e+01   5.691070e-22   1.227705e-02   1.578311e-22   21014904
  2.693067e+01   4.272404e-22   1.227014e-02   1.558909e-22   20953620
  2.697317e+01   5.444194e-22   1.226991e-02   1.539615e-22   20902948
  2.701568e+01   7.129743e-22   1.227225e-02   1.519474e-22   20856528
  2.705819e+01   4.562030e-22   1.227379e-02   1.501883e-22   20808868
  2.710070e+01   7.145303e-22   1.226639e-02   1.484020e-22   20746700
  2.714319e+01   5.179109e-22   1.226770e-02   1.465740e-22   20699040
  2.718571e+01   4.769435e-22   1.227944e-02   1.447577e-22   20667584
  2.722822e+01   4.063644e-22   1.225995e-02   1.431127e-22   20583320
  2.727072e+01   3.623589e-22   1.227843e-02   1.413481e-22   20562728
  2.731324e+01   2.947182e-22   1.227166e-02   1.396988e-22   20499120
  2.735575e+01   3.876257e-22   1.227335e-02   1.380311e-22   20448668
  2.739827e+01   8.604477e-22   1.227231e-02   1.365135e-22   20394408
  2.744078e+01   6.275371e-22   1.227328e-02   1.348693e-22   20344236
  2.748329e+01   4.545019e-22   1.227052e-02   1.335798e-22   20287988
  2.752580e+01   5.220004e-22   1.227218e-02   1.318003e-22   20237280
  2.756831e+01   7.895015e-22   1.226928e-02   1.303963e-22   20178328
  2.761083e+01   3.579841e-22   1.227861e-02   1.288674e-22   20139844
  2.765335e+01   3.421909e-22   1.226869e-02   1.275504e-22   20069748
  2.769585e+01   7.556713e-22   1.227006e-02   1.260588e-22   20016800
  2.773835e+01   4.429218e-22   1.227057e-02   1.245982e-22   19962224
  2.778087e+01   4.913904e-22   1.227954e-02   1.233220e-22   19923568
  2.782339e+01   3.237564e-22   1.226996e-02   1.218773e-22   19854300
  2.786590e+01   2.533302e-22   1.226862e-02   1.206328e-22   19797056
  2.790840e+01   2.031268e-22   1.227082e-02   1.193261e-22   19744940
  2.795091e+01   4.353049e-22   1.227270e-02   1.179422e-22   19691768
  2.799342e+01   3.426132e-22   1.226928e-02   1.167786e-22   19629548
  2.803593e+01   6.575021e-22   1.227096e-02   1.155535e-22   19575480
  2.807844e+01   4.369261e-22   1.227365e-02   1.142714e-22   19523296
  2.812096e+01   3.255504e-22   1.227813e-02   1.131319e-22   19474344
  2.816347e+01   1.004068e-22   1.226244e-02   1.119812e-22   19392868
  2.820597e+01   2.116569e-22   1.227629e-02   1.107198e-22   19356176
  2.824849e+01   2.615955e-23   1.227437e-02   1.096311e-22   19294916
  2.829102e+01   4.442352e-22   1.227644e-02   1.085142e-22   19240856
  2.833353e+01   3.498456e-22   1.226827e-02   1.073999e-22   19170884
  2.837603e+01   4.290670e-22   1.226787e-02   1.063073e-22   19111352
  2.841853e+01   3.277515e-22   1.227311e-02   1.052093e-22   19060016
  2.846104e+01   3.606297e-22   1.227199e-02   1.041969e-22   18999752
  2.850354e+01   3.396217e-22   1.226484e-02   1.032379e-22   18930272
  2.854604e+01   3.804274e-22   1.227204e-02   1.020548e-22   18882340
  2.858856e+01   2.598668e-22   1.227653e-02   1.011427e-22   18829056
  2.863108e+01   3.822425e-22   1.226917e-02   1.001467e-22   18757640
  2.867359e+01   2.229766e-22   1.227679e-02   9.921017e-23   18709036
  2.871611e+01   1.851544e-22   1.226951e-02   9.816752e-23   18637668
  2.875862e+01   2.122509e-22   1.227659e-02   9.726350e-23   18587048
  2.880113e+01   2.896958e-22   1.226650e-02   9.636545e-23   18510972
  2.884363e+01   2.427133e-22   1.227092e-02   9.544067e-23   18456692
  2.888614e+01   2.749167e-22   1.227027e-02   9.448408e-23   18394084
  2.892866e+01   2.258256e-22   1.227644e-02   9.359369e-23   18341352
  2.897118e+01   3.959972e-22   1.227294e-02   9.279911e-23   18273884
  2.901369e+01   3.643675e-22   1.227214e-02   9.187334e-23   18211148
  2.905619e+01   3.117074e-22   1.226468e-02   9.101600e-23   18137692
  2.909870e+01   4.913510e-22   1.227635e-02   9.023283e-23   18091580
  2.914122e+01   5.037700e-22   1.227406e-02   8.941639e-23   18024560
  2.918373e+01   4.043263e-22   1.226945e-02   8.862659e-23   17955116
  2.922624e+01   3.307451e-22   1.227055e-02   8.783892e-23   17893232
  2.926875e+01   1.982627e-22   1.227337e-02   8.702820e-23   17832620
  2.931126e+01   5.005385e-22   1.227331e-02   8.631383e-23   17767864
  2.935378e+01   1.588529e-22   1.227523e-02   8.549116e-23   17706956
  2.939629e+01   3.013066e-22   1.226779e-02   8.479216e-23   17632632
  2.943880e+01   2.463463e-22   1.227224e-02   8.400185e-23   17573524
  2.948131e+01   3.062234e-22   1.227160e-02   8.337508e-23   17506380
  2.952382e+01   3.334732e-22   1.227283e-02   8.264957e-23   17442548
  2.956632e+01   1.943216e-22   1.226611e-02   8.194710e-23   17368556
  2.960883e+01   2.387378e-22   1.227726e-02   8.121365e-23   17318260
  2.965135e+01   4.795869e-22   1.227176e-02   8.055936e-23   17243792
  2.969385e+01   2.695676e-22   1.226620e-02   7.989413e-23   17169716
  2.973635e+01   3.565106e-22   1.227104e-02   7.925428e-23   17109768
  2.977886e+01   2.005578e-22   1.227205e-02   7.853020e-23   17044064
  2.982138e+01   3.484401e-22   1.227557e-02   7.797221e-23   16981560
  2.986389e+01   3.663160e-22   1.226672e-02   7.732664e-23   16902264
  2.990640e+01   3.612031e-22   1.227800e-02   7.674043e-23   16849940
  2.994892e+01   2.493930e-22   1.226984e-02   7.604137e-23   16770600
  2.999143e+01   3.825686e-22   1.227399e-02   7.548799e-23   16707512
  3.003394e+01   3.723286e-22   1.227053e-02   7.491708e-23   16634480
  3.007645e+01   2.661654e-22   1.227297e-02   7.429569e-23   16569424
  3.011897e+01   1.683893e-22   1.227100e-02   7.379201e-23   16497216
  3.016149e+01   3.449648e-22   1.227800e-02   7.323500e-23   16436416
  3.020400e+01   4.791774e-22   1.226813e-02   7.267072e-23   16353532
  3.024650e+01   3.913990e-22   1.226850e-02   7.206485e-23   16284908
  3.028900e+01   3.796891e-22   1.227370e-02   7.160426e-23   16221948
  3.033152e+01   3.374433e-22   1.227445e-02   7.098432e-23   16152552
  3.037404e+01   3.453791e-22   1.227249e-02   7.044550e-23   16078864
  3.041655e+01   3.908941e-22   1.227014e-02   7.002685e-23   16005296
  3.045906e+01   1.211541e-22   1.227320e-02   6.938469e-23   15938220
  3.050157e+01   3.527406e-22   1.226736e-02   6.895893e-23   15858440
  3.054407e+01   3.595975e-22   1.226949e-02   6.844864e-23   15789252
  3.058657e+01   1.890637e-22   1.227019e-02   6.800501e-23   15718944
  3.062908e+01   2.746233e-22   1.227179e-02   6.752280e-23   15648652
  3.067160e+01   3.950268e-22   1.227680e-02   6.707462e-23   15581944
  3.071412e+01   3.464320e-22   1.227604e-02   6.657238e-23   15508744
  3.075663e+01   3.352407e-22   1.226574e-02   6.613489e-23   15422472
  3.079914e+01   3.373247e-22   1.227551e-02   6.571544e-23   15361536
  3.084165e+01   3.750132e-22   1.226998e-02   6.527571e-23   15281048
  3.088415e+01   1.941355e-22   1.227023e-02   6.489840e-23   15207752
  3.092666e+01   1.999025e-22   1.227075e-02   6.442747e-23   15134800
  3.096917e+01   2.895136e-22   1.227038e-02   6.399070e-23   15059664
  3.101168e+01   1.786443e-22   1.227242e-02   6.358092e-23   14987020
  3.105420e+01   2.838480e-22   1.227903e-02   6.318691e-23   14919936
  3.109672e+01   4.058309e-22   1.226792e-02   6.280954e-23   14831776
  3.113923e+01   2.695972e-22   1.227679e-02   6.239791e-23   14767552
  3.118174e+01   3.219977e-22   1.226524e-02   6.202866e-23   14678336
  3.122425e+01   3.257615e-22   1.227632e-02   6.162997e-23   14615044
  3.126676e+01   2.667638e-22   1.226910e-02   6.128964e-23   14530200
  3.130927e+01   4.288803e-22   1.227171e-02   6.094260e-23   14457000
  3.135178e+01   3.157262e-22   1.227423e-02   6.052476e-23   14383440
  3.139429e+01   2.667016e-22   1.226801e-02   6.022397e-23   14299516
  3.143679e+01   2.626103e-22   1.227160e-02   5.990107e-23   14226024
  3.147930e+01   2.587258e-22   1.226889e-02   5.956796e-23   14145048
  3.152182e+01   2.526087e-22   1.228178e-02   5.912022e-23   14082144
  3.156433e+01   1.850699e-22   1.226157e-02   5.889448e-23   13981640
  3.160683e+01   2.067591e-22   1.227475e-02   5.851334e-23   13918460
  3.164935e+01   2.661728e-22   1.227481e-02   5.823140e-23   13839752
  3.169188e+01   1.534488e-22   1.227673e-02   5.793997e-23   13762736
  3.173439e+01   8.190237e-23   1.227147e-02   5.761735e-23   13677980
  3.177690e+01   1.884184e-22   1.226900e-02   5.733916e-23   13596196
  3.181940e+01   4.332475e-22   1.226988e-02   5.701614e-23   13517736
  3.186190e+01   1.718684e-22   1.226579e-02   5.674834e-23   13433184
  3.190440e+01   1.970554e-22   1.227449e-02   5.643982e-23   13362296
  3.194692e+01   2.888871e-22   1.227398e-02   5.618269e-23   13281376
  3.198944e+01   2.717712e-22   1.227645e-02   5.595818e-23   13203336
  3.203195e+01   3.246852e-22   1.226687e-02   5.565798e-23   13113016
  3.207445e+01   2.569140e-22   1.227094e-02   5.537395e-23   13036400
  3.211696e+01   1.652683e-22   1.226987e-02   5.515093e-23   12953648
  3.215948e+01   1.647538e-22   1.227674e-02   5.486489e-23   12879016
  3.220199e+01   1.287078e-22   1.227015e-02   5.459781e-23   12790124
  3.224451e+01   2.097048e-22   1.227599e-02   5.441768e-23   12714152
  3.228701e+01   2.587478e-22   1.226430e-02   5.420433e-23   12619608
  3.232951e+01   1.308979e-22   1.227473e-02   5.389661e-23   12547232
  3.237204e+01   1.250059e-22   1.228098e-02   5.371107e-23   12470568
  3.241455e+01   1.040140e-22   1.226086e-02   5.351505e-23   12368136
  3.245705e+01   1.392127e-22   1.227647e-02   5.329787e-23   12300504
  3.249958e+01   -9.665063e-25   1.227251e-02   5.307205e-23   12212172
  3.254209e+01   1.727640e-22   1.227112e-02   5.286207e-23   12126228
  3.258459e+01   1.263723e-22   1.227235e-02   5.260112e-23   12043352
  3.262711e+01   7.288535e-23   1.227321e-02   5.246134e-23   11959896
  3.266960e+01   1.800445e-23   1.226107e-02   5.234057e-23   11863804
  3.271211e+01   1.661963e-22   1.227575e-02   5.200575e-23   11792812
  3.275463e+01   1.022230e-22   1.227439e-02   5.196494e-23   11705392
  3.279713e+01   1.908192e-23   1.226794e-02   5.173333e-23   11613836
  3.283965e+01   1.470586e-22   1.228215e-02   5.158198e-23   11541532
  3.288217e+01   2.005974e-22   1.226539e-02   5.140967e-23   11440232
  3.292468e+01   3.601053e-23   1.227538e-02   5.122403e-23   11363008
  3.296718e+01   1.236308e-22   1.226652e-02   5.109478e-23   11267848
  3.300970e+01   2.574919e-22   1.227722e-02   5.092151e-23   11190640
  3.305222e+01   2.061676e-22   1.227423e-02   5.075103e-23   11101084
  3.309472e+01   2.537910e-22   1.226241e-02   5.072364e-23   11003284
  3.313721e+01   9.945343e-23   1.227344e-02   5.050050e-23   10925424
  3.317973e+01   1.136883e-22   1.227067e-02   5.032533e-23   10834724
  3.322224e+01   1.080081e-22   1.227484e-02   5.023407e-23   10750156
  3.326475e+01   3.706226e-23   1.226635e-02   5.009543e-23   10655280
  3.330725e+01   4.003451e-23   1.226924e-02   5.000544e-23   10569120
  3.334975e+01   1.451315e-22   1.226867e-02   4.986014e-23   10479672
  3.339228e+01   2.144080e-22   1.228611e-02   4.972960e-23   10404504
  3.343481e+01   1.267808e-22   1.227382e-02   4.956264e-23   10304108
  3.347732e+01   1.028668e-22   1.226797e-02   4.952882e-23   10209940
  3.351983e+01   7.159418e-23   1.227575e-02   4.943631e-23   10126584
  3.356234e+01   2.652302e-22   1.226442e-02   4.931042e-23   10027064
  3.360484e+01   2.442206e-22   1.227492e-02   4.921345e-23   9945072
  3.364734e+01   1.362782e-22   1.226340e-02   4.909660e-23   9844764
  3.368986e+01   -1.225117e-23   1.228362e-02   4.903259e-23   9769940
  3.373238e+01   1.487574e-22   1.226688e-02   4.898254e-23   9666072
  3.377488e+01   4.552158e-23   1.227051e-02   4.884544e-23   9577112
  3.381739e+01   1.850845e-22   1.227148e-02   4.879867e-23   9485848
  3.385991e+01   8.363116e-23   1.227527e-02   4.868465e-23   9396136
  3.390243e+01   1.485267e-22   1.227579e-02   4.861575e-23   9304408
  3.394493e+01   9.904671e-23   1.225842e-02   4.855416e-23   9199028
  3.398742e+01   4.506150e-23   1.227468e-02   4.854661e-23   9118288
  3.402993e+01   1.316566e-22   1.226747e-02   4.837145e-23   9019624
  3.407245e+01   1.537131e-22   1.228368e-02   4.832591e-23   8937420
  3.411497e+01   3.405261e-22   1.227061e-02   4.822683e-23   8835200
  3.415748e+01   1.367841e-22   1.226739e-02   4.825324e-23   8739332
  3.419998e+01   7.567800e-23   1.227099e-02   4.816744e-23   8648112
  3.424250e+01   2.648345e-22   1.227159e-02   4.811017e-23   8553372
  3.428501e+01   1.963925e-22   1.227728e-02   4.797041e-23   8461944
  3.432753e+01   1.376823e-22   1.227227e-02   4.788564e-23   8363348
  3.437004e+01   2.186395e-22   1.227148e-02   4.788762e-23   8267792
  3.441254e+01   2.098047e-22   1.226640e-02   4.785925e-23   8169380
  3.445505e+01   1.430390e-22   1.227807e-02   4.772620e-23   8081008
  3.449756e+01   1.644107e-22   1.226310e-02   4.770974e-23   7975632
  3.454006e+01   2.152435e-22   1.227841e-02   4.762726e-23   7889116
  3.458257e+01   1.043840e-22   1.226405e-02   4.757571e-23   7784008
  3.462508e+01   1.172150e-22   1.227484e-02   4.746241e-23   7693848
  3.466759e+01   -8.709995e-25   1.226805e-02   4.748968e-23   7592468
  3.471010e+01   2.350117e-22   1.227572e-02   4.731049e-23   7499076
  3.475262e+01   1.689210e-22   1.227790e-02   4.723659e-23   7402880
  3.479514e+01   1.093506e-22   1.227043e-02   4.711027e-23   7300768
  3.483765e+01   1.877222e-22   1.227061e-02   4.716536e-23   7203316
  3.488013e+01   2.305704e-22   1.225476e-02   4.696220e-23   7095724
  3.492265e+01   1.991646e-22   1.229466e-02   4.683173e-23   7019608
  3.496518e+01   1.024256e-22   1.226138e-02   4.672467e-23   6901916
  3.500769e+01   2.176007e-22   1.227882e-02   4.671245e-23   6812952
  3.505019e+01   4.803060e-23   1.226209e-02   4.648492e-23   6704548
  3.509270e+01   1.526366e-22   1.227587e-02   4.633036e-23   6612168
  3.513521e+01   1.726328e-22   1.227039e-02   4.608494e-23   6508628
  3.517773e+01   4.357930e-23   1.227711e-02   4.604012e-23   6412072
  3.522024e+01   3.081723e-23   1.226747e-02   4.572676e-23   6306660
  3.526274e+01   1.368812e-22   1.226997e-02   4.559103e-23   6207592
  3.530523e+01   1.470537e-22   1.226489e-02   4.526364e-23   6103860
  3.534774e+01   6.321562e-23   1.227430e-02   4.484426e-23   6007184
  3.539025e+01   6.665412e-23   1.227513e-02   4.471261e-23   5905660
  3.543278e+01   6.139587e-23   1.227664e-02   4.421252e-23   5805132
  3.547529e+01   6.237531e-23   1.226925e-02   4.392712e-23   5700008
  3.551778e+01   1.117108e-22   1.226294e-02   4.338049e-23   5594856
  3.556030e+01   1.007040e-22   1.228122e-02   4.296655e-23   5502341
  3.560283e+01   9.736167e-23   1.227277e-02   4.256494e-23   5404852
  3.564533e+01   8.880616e-23   1.226768e-02   4.219213e-23   5313930
  3.568784e+01   1.352272e-22   1.227261e-02   4.187978e-23   5230396
  3.573035e+01   1.350667e-22   1.226815e-02   4.158617e-23   5145158
  3.577285e+01   1.226555e-22   1.227058e-02   4.128632e-23   5064506
  3.581538e+01   1.463338e-22   1.228142e-02   4.111183e-23   4989464
  3.585790e+01   1.633418e-22   1.226989e-02   4.084986e-23   4907486
  3.590041e+01   1.042720e-22   1.226982e-02   4.070867e-23   4831952
  3.594292e+01   7.076343e-23   1.226933e-02   4.037871e-23   4757392
  3.598543e+01   8.131595e-23   1.227425e-02   4.019116e-23   4685902
  3.602794e+01   9.086160e-23   1.227136e-02   3.997950e-23   4612826
  3.607044e+01   1.975301e-22   1.227059e-02   3.972037e-23   4542436
  3.611296e+01   1.701741e-22   1.227508e-02   3.962592e-23   4475408
  3.615546e+01   6.876649e-23   1.226173e-02   3.932869e-23   4402686
  3.619797e+01   1.179173e-22   1.227689e-02   3.925065e-23   4340854
  3.624049e+01   1.729418e-22   1.227466e-02   3.910813e-23   4273862
  3.628301e+01   1.826688e-22   1.227237e-02   3.894381e-23   4208538
  3.632551e+01   2.078305e-22   1.226532e-02   3.881393e-23   4142584
  3.636801e+01   1.369981e-23   1.226978e-02   3.863305e-23   4081232
  3.641052e+01   6.667305e-23   1.227225e-02   3.850039e-23   4019668
  3.645304e+01   3.419767e-23   1.228203e-02   3.833329e-23   3961416
  3.649557e+01   1.650341e-22   1.227387e-02   3.825192e-23   3898848
  3.653807e+01   1.143490e-22   1.226366e-02   3.815792e-23   3836718
  3.658056e+01   1.363925e-22   1.226607e-02   3.800558e-23   3779272
  3.662306e+01   1.191602e-22   1.226675e-02   3.789450e-23   3721434
  3.666558e+01   6.099308e-23   1.228126e-02   3.779796e-23   3668198
  3.670811e+01   1.301051e-22   1.227910e-02   3.773214e-23   3611346
  3.675062e+01   5.295771e-23   1.226582e-02   3.757851e-23   3552442
  3.679312e+01   1.368318e-22   1.226935e-02   3.748509e-23   3498908
  3.683563e+01   9.857236e-23   1.227192e-02   3.745389e-23   3445382
  3.687814e+01   1.522016e-22   1.227356e-02   3.735297e-23   3392244
  3.692066e+01   1.513076e-22   1.227344e-02   3.726728e-23   3339634
  3.696317e+01   9.619007e-23   1.226899e-02   3.720064e-23   3286752
  3.700566e+01   1.004380e-22   1.226327e-02   3.708751e-23   3234180
  3.704816e+01   -1.222610e-23   1.226838e-02   3.705351e-23   3184556
  3.709068e+01   8.143106e-23   1.228145e-02   3.698747e-23   3137238
  3.713322e+01   1.115158e-22   1.228151e-02   3.689009e-23   3087670
  3.717574e+01   2.109808e-22   1.227426e-02   3.682780e-23   3037460
  3.721824e+01   1.317058e-22   1.225819e-02   3.683191e-23   2985736
  3.726072e+01   3.858319e-23   1.226565e-02   3.687399e-23   2939708
  3.730324e+01   1.616861e-22   1.228621e-02   3.666280e-23   2897012
  3.734577e+01   2.136233e-23   1.227048e-02   3.673058e-23   2846890
  3.738827e+01   8.556626e-23   1.226277e-02   3.675610e-23   2799588
  3.743076e+01   -1.671106e-23   1.226558e-02   3.666392e-23   2754954
  3.747326e+01   6.743229e-23   1.227308e-02   3.666706e-23   2711500
  3.751579e+01   1.185942e-22   1.228240e-02   3.664634e-23   2669006
  3.755830e+01   1.338609e-23   1.226335e-02   3.662580e-23   2621264
  3.760081e+01   8.096558e-23   1.227565e-02   3.657698e-23   2580726
  3.764332e+01   2.651337e-23   1.226856e-02   3.659611e-23   2536470
  3.768582e+01   5.066780e-23   1.226978e-02   3.658527e-23   2494370
  3.772834e+01   7.531402e-23   1.227534e-02   3.666519e-23   2453556
  3.777086e+01   -2.088970e-23   1.228047e-02   3.660260e-23   2413246
  3.781339e+01   4.487290e-23   1.227197e-02   3.669746e-23   2370914
  3.785589e+01   7.110696e-23   1.226887e-02   3.667212e-23   2330126
  3.789840e+01   3.326261e-23   1.227428e-02   3.667354e-23   2291406
  3.794091e+01   5.533196e-23   1.226463e-02   3.671816e-23   2250410
  3.798340e+01   3.659247e-23   1.226403e-02   3.678926e-23   2211486
  3.802590e+01   7.442415e-23   1.227094e-02   3.682455e-23   2174194
  3.806841e+01   1.197030e-22   1.227271e-02   3.683399e-23   2136416
  3.811093e+01   7.367010e-23   1.227972e-02   3.694667e-23   2100070
  3.815344e+01   4.996968e-24   1.226224e-02   3.698730e-23   2060026
  3.819594e+01   -6.272005e-23   1.227745e-02   3.697083e-23   2025910
  3.823846e+01   1.509371e-22   1.227012e-02   3.704051e-23   1988576
  3.828096e+01   -2.412178e-24   1.226824e-02   3.709467e-23   1952610
  3.832347e+01   6.182769e-23   1.226944e-02   3.723546e-23   1917470
  3.836597e+01   1.362913e-22   1.226960e-02   3.735135e-23   1882484
  3.840848e+01   9.177364e-23   1.227230e-02   3.737443e-23   1848262
  3.845101e+01   -1.193778e-23   1.228531e-02   3.741745e-23   1816024
  3.849355e+01   7.304929e-23   1.227230e-02   3.753295e-23   1780418
  3.853605e+01   7.428934e-23   1.226815e-02   3.767835e-23   1746576
  3.857856e+01   8.938496e-25   1.227451e-02   3.773265e-23   1714622
  3.862107e+01   6.967871e-23   1.227068e-02   3.787154e-23   1681692
  3.866358e+01   9.351130e-23   1.226987e-02   3.799371e-23   1649574
  3.870606e+01   3.435344e-23   1.225405e-02   3.801650e-23   1615788
  3.874855e+01   2.069540e-22   1.227462e-02   3.827010e-23   1587064
  3.879108e+01   6.864202e-23   1.227930e-02   3.834258e-23   1556598
  3.883360e+01   -6.558422e-23   1.227389e-02   3.848183e-23   1525380
  3.887612e+01   7.987203e-23   1.227468e-02   3.860094e-23   1495360
  3.891863e+01   1.439297e-22   1.226450e-02   3.880151e-23   1464370
  3.896112e+01   2.688609e-24   1.227040e-02   3.893522e-23   1435656
  3.900363e+01   5.262504e-23   1.226801e-02   3.916385e-23   1406304
  3.904613e+01   2.388357e-23   1.226859e-02   3.931359e-23   1377628
  3.908864e+01   4.420296e-23   1.227348e-02   3.946846e-23   1349744
  3.913115e+01   -2.543739e-23   1.227337e-02   3.961526e-23   1321682
  3.917367e+01   1.800665e-24   1.227639e-02   3.979360e-23   1294376
  3.921619e+01   2.095912e-23   1.227256e-02   4.004220e-23   1266768
  3.925869e+01   1.935448e-23   1.226510e-02   4.025071e-23   1239172
  3.930118e+01   1.276005e-22   1.226095e-02   4.049638e-23   1212224
  3.934367e+01   4.448321e-23   1.226955e-02   4.068782e-23   1186796
  3.938619e+01   8.515025e-23   1.227613e-02   4.084828e-23   1161432
  3.942870e+01   -4.535053e-23   1.227171e-02   4.123984e-23   1135408
  3.947122e+01   5.781531e-23   1.227296e-02   4.131567e-23   1110324
  3.951374e+01   1.327392e-22   1.227570e-02   4.171240e-23   1085680
  3.955625e+01   -4.004331e-23   1.226737e-02   4.197393e-23   1060364
  3.959875e+01   -5.568739e-23   1.227507e-02   4.217809e-23   1036736
  3.964128e+01   -3.216150e-23   1.228225e-02   4.237031e-23   1013388
  3.968380e+01   4.558915e-26   1.226708e-02   4.278956e-23   988656
  3.972630e+01   6.851049e-24   1.226695e-02   4.310276e-23   965530
  3.976879e+01   -5.481734e-23   1.225942e-02   4.352417e-23   942100
  3.981127e+01   -1.293631e-22   1.226457e-02   4.376577e-23   919888
  3.985377e+01   1.409563e-22   1.226597e-02   4.419803e-23   897628
  3.989627e+01   1.129619e-22   1.227002e-02   4.431263e-23   875856
  3.993878e+01   7.689044e-23   1.227840e-02   4.483922e-23   854736
  3.998132e+01   1.578958e-22   1.228018e-02   4.520080e-23   833510
  4.002385e+01   1.038305e-22   1.227248e-02   4.562666e-23   811976
  4.006635e+01   1.365815e-22   1.226626e-02   4.587247e-23   790844
  4.010884e+01   8.373697e-23   1.226521e-02   4.643749e-23   770320
  4.015135e+01   8.812883e-23   1.227665e-02   4.677664e-23   750838
  4.019387e+01   2.631533e-23   1.227491e-02   4.725390e-23   730864
  4.023638e+01   1.906181e-22   1.226816e-02   4.761874e-23   710984
  4.027888e+01   4.320554e-23   1.226909e-02   4.833818e-23   691894
  4.032138e+01   9.457320e-23   1.226442e-02   4.867185e-23   672776
  4.036388e+01   2.005686e-22   1.226826e-02   4.919646e-23   654372
  4.040638e+01   1.305773e-22   1.226215e-02   4.983787e-23   635682
  4.044886e+01   7.550768e-23   1.225955e-02   5.056026e-23   617460
  4.049134e+01   2.013196e-22   1.226707e-02   5.103494e-23   600024
  4.053385e+01   1.638004e-23   1.227362e-02   5.152186e-23   582830
  4.057638e+01   1.747790e-23   1.228135e-02   5.195447e-23   566000
  4.061890e+01   1.118988e-22   1.226617e-02   5.271623e-23   548458
  4.066141e+01   2.009345e-22   1.227047e-02   5.337205e-23   532084
  4.070391e+01   7.634116e-23   1.226296e-02   5.416393e-23   515440
  4.074640e+01   6.282596e-23   1.225813e-02   5.473697e-23   499174
  4.078887e+01   6.901098e-23   1.225821e-02   5.573480e-23   483368
  4.083136e+01   -2.949016e-23   1.227023e-02   5.618053e-23   468270
  4.087389e+01   6.539098e-23   1.228696e-02   5.722017e-23   453568
  4.091643e+01   -4.854971e-23   1.227409e-02   5.796457e-23   438106
  4.095894e+01   1.547813e-22   1.227469e-02   5.862035e-23   423508
  4.100145e+01   5.381625e-23   1.226141e-02   5.950223e-23   408754
  4.104393e+01   9.258304e-23   1.225820e-02   6.060983e-23   394612
  4.108642e+01   1.161797e-22   1.225930e-02   6.147711e-23   380826
  4.112890e+01   1.499685e-22   1.225454e-02   6.296994e-23   367086
  4.117139e+01   4.327987e-23   1.226090e-02   6.361071e-23   353904
  4.121389e+01   1.737949e-22   1.227137e-02   6.484812e-23   341046
  4.125641e+01   1.496832e-22   1.227131e-02   6.603757e-23   328144
  4.129892e+01   1.651730e-22   1.227396e-02   6.716587e-23   315598
  4.134144e+01   2.551605e-22   1.228177e-02   6.830411e-23   303466
  4.138397e+01   3.031058e-22   1.228223e-02   6.944137e-23   291456
  4.142650e+01   6.199799e-23   1.227604e-02   7.060934e-23   279614
  4.146899e+01   3.493906e-22   1.225106e-02   7.239614e-23   267680
  4.151144e+01   1.253394e-22   1.224457e-02   7.388318e-23   256438
  4.155391e+01   2.249414e-22   1.224802e-02   7.545437e-23   245618
  4.159638e+01   1.370962e-22   1.223546e-02   7.724547e-23   234708
  4.163882e+01   1.942938e-22   1.223171e-02   7.858187e-23   224210
  4.168126e+01   2.632718e-22   1.223403e-02   8.038331e-23   214046
  4.172371e+01   7.418970e-23   1.223949e-02   8.288456e-23   204152
  4.176619e+01   2.112006e-22   1.225107e-02   8.505416e-23   194558
  4.180866e+01   -2.913971e-23   1.225135e-02   8.637171e-23   185018
  4.185115e+01   -4.228099e-23   1.226437e-02   8.849950e-23   175918
  4.189365e+01   5.005085e-23   1.227339e-02   9.125681e-23   166992
  4.193617e+01   -8.436454e-23   1.228038e-02   9.327273e-23   158294
  4.197870e+01   -3.432888e-23   1.228439e-02   9.659326e-23   149842
  4.202124e+01   1.633886e-22   1.227461e-02   9.856358e-23   141530
  4.206372e+01   -4.432149e-23   1.224204e-02   1.002886e-22   133284
  4.210617e+01   8.858456e-23   1.222942e-02   1.044235e-22   125546
  4.214861e+01   8.498779e-23   1.220458e-02   1.072615e-22   117950
  4.219103e+01   -1.406812e-22   1.219441e-02   1.109240e-22   110746
  4.223344e+01   3.460704e-22   1.215920e-02   1.148494e-22   103572
  4.227581e+01   2.471978e-22   1.214429e-02   1.184321e-22   96818
  4.231818e+01   3.011896e-22   1.212533e-02   1.224110e-22   90262
  4.236054e+01   3.143772e-23   1.210927e-02   1.279465e-22   83970
  4.240287e+01   1.644876e-22   1.207941e-02   1.337269e-22   77846
  4.244517e+01   2.976260e-22   1.204821e-02   1.378788e-22   71984
  4.248745e+01   4.085581e-22   1.202292e-02   1.446503e-22   66398
  4.252973e+01   3.793136e-22   1.200147e-02   1.492294e-22   61058
  4.257200e+01   5.978578e-23   1.198286e-02   1.567745e-22   55958
  4.261428e+01   3.007238e-22   1.196279e-02   1.634375e-22   51082
  4.265654e+01   6.016583e-22   1.192707e-02   1.744070e-22   46398
  4.269877e+01   -2.150086e-22   1.188372e-02   1.810417e-22   41954
  4.274096e+01   4.437457e-22   1.182018e-02   1.924757e-22   37718
  4.278311e+01   2.237345e-22   1.175253e-02   2.022492e-22   33736
  4.282524e+01   6.229740e-22   1.169132e-02   2.192290e-22   30006
  4.286737e+01   2.099346e-22   1.164907e-02   2.345095e-22   26522
  4.290955e+01   -5.391803e-22   1.162191e-02   2.462192e-22   23254
  4.295172e+01   -2.384418e-22   1.158330e-02   2.679476e-22   20178
  4.299391e+01   3.233970e-23   1.156315e-02   2.897999e-22   17342
  4.303612e+01   6.831123e-22   1.154632e-02   3.133526e-22   14714
  4.307837e+01   1.191359e-21   1.155162e-02   3.468045e-22   12310
  4.312059e+01   -5.163888e-22   1.152174e-02   3.824089e-22   10098
  4.316283e+01   1.000874e-22   1.151731e-02   4.159515e-22   8126
  4.320507e+01   -2.745091e-22   1.151119e-02   4.874805e-22   6362
  4.324736e+01   -1.115854e-21   1.155455e-02   5.494732e-22   4822
  4.328956e+01   1.332991e-21   1.148980e-02   6.313547e-22   3474
  4.333169e+01   8.973167e-22   1.147690e-02   7.722583e-22   2366
  4.337376e+01   2.085635e-22   1.144014e-02   9.868841e-22   1466
  4.341590e+01   6.710273e-22   1.170054e-02   1.315038e-21   790
  4.345704e+01   -2.265987e-21   1.106884e-02   2.765293e-21   306
  4.349554e+01   3.467156e-21   9.430857e-03   4.615681e-21   62
