# cross spectrum of phi(z1) and phi(z2)
# redshift z=1.990984
# k              Pk             sigma(k)       sigma(Pk)      count
  3.132125e-02   7.151615e-11   4.792454e-03   1.966519e-11   18
  6.745391e-02   3.331854e-11   1.159167e-02   3.330115e-12   152
  1.090113e-01   1.156825e-11   1.224347e-02   5.693889e-13   416
  1.497134e-01   4.996313e-12   1.165022e-02   1.983311e-13   770
  1.923472e-01   2.525586e-12   1.247860e-02   7.800131e-14   1364
  2.350444e-01   1.297201e-12   1.221820e-02   3.179705e-14   1976
  2.775930e-01   7.989909e-13   1.245022e-02   1.679323e-14   2792
  3.193857e-01   5.076878e-13   1.188722e-02   9.651864e-15   3578
  3.615292e-01   3.262944e-13   1.219808e-02   5.619843e-15   4724
  4.045273e-01   2.234647e-13   1.253838e-02   3.633726e-15   6032
  4.469941e-01   1.501730e-13   1.206640e-02   2.447217e-15   7072
  4.890810e-01   1.088104e-13   1.222555e-02   1.658660e-15   8634
  5.318886e-01   7.738456e-14   1.238102e-02   1.177344e-15   10336
  5.746708e-01   5.688024e-14   1.232804e-02   8.198905e-16   11940
  6.167490e-01   4.080598e-14   1.208586e-02   6.262211e-16   13490
  6.588740e-01   3.121414e-14   1.221778e-02   4.752186e-16   15656
  7.016595e-01   2.199829e-14   1.241043e-02   3.566119e-16   18008
  7.443680e-01   1.647752e-14   1.227786e-02   2.872228e-16   19964
  7.867827e-01   1.264226e-14   1.226437e-02   2.306322e-16   22354
  8.291404e-01   8.936259e-15   1.212327e-02   1.843952e-16   24648
  8.716536e-01   6.361783e-15   1.233244e-02   1.497208e-16   27592
  9.142068e-01   4.918631e-15   1.230127e-02   1.267379e-16   30152
  9.566749e-01   3.633176e-15   1.227622e-02   1.037455e-16   33046
  9.991233e-01   2.820333e-15   1.221538e-02   8.885408e-17   35992
  1.041693e+00   2.053693e-15   1.229906e-02   7.540317e-17   39304
  1.084289e+00   1.454401e-15   1.232858e-02   6.415217e-17   42608
  1.126820e+00   1.143799e-15   1.223307e-02   5.509972e-17   45758
  1.169340e+00   6.961824e-16   1.228914e-02   4.705068e-17   49536
  1.211695e+00   6.174859e-16   1.215683e-02   4.166421e-17   52488
  1.254054e+00   4.739328e-16   1.233851e-02   3.594713e-17   57034
  1.296605e+00   2.908617e-16   1.224458e-02   3.161951e-17   60648
  1.339187e+00   1.945003e-16   1.230532e-02   2.777739e-17   65044
  1.381689e+00   1.888090e-16   1.223104e-02   2.492872e-17   68720
  1.424202e+00   1.488611e-16   1.231312e-02   2.218465e-17   73538
  1.466870e+00   1.505574e-16   1.230776e-02   1.976174e-17   78080
  1.509304e+00   1.230312e-16   1.215944e-02   1.787916e-17   81572
  1.551677e+00   3.751895e-17   1.232495e-02   1.598800e-17   87248
  1.594353e+00   3.734655e-17   1.233837e-02   1.439948e-17   92266
  1.636929e+00   6.503124e-18   1.225268e-02   1.295497e-17   96696
  1.679216e+00   2.783004e-17   1.215041e-02   1.177192e-17   100904
  1.721516e+00   4.669303e-17   1.226207e-02   1.066109e-17   107036
  1.764192e+00   -3.534462e-18   1.235795e-02   9.711237e-18   113362
  1.806923e+00   3.503398e-17   1.228837e-02   8.851997e-18   118176
  1.849351e+00   7.252275e-18   1.221864e-02   8.150795e-18   122944
  1.891857e+00   2.625290e-17   1.233203e-02   7.430359e-18   129902
  1.934420e+00   9.093398e-18   1.224691e-02   6.890674e-18   134944
  1.976863e+00   4.088871e-18   1.225992e-02   6.265708e-18   140952
  2.019285e+00   1.882755e-17   1.225865e-02   5.798216e-18   147072
  2.061737e+00   3.339563e-18   1.224320e-02   5.357225e-18   153382
  2.104357e+00   1.344171e-17   1.233049e-02   4.938366e-18   160952
  2.147003e+00   6.023145e-18   1.228118e-02   4.574741e-18   166640
  2.189431e+00   3.734360e-18   1.222861e-02   4.247751e-18   172448
  2.231915e+00   2.398465e-18   1.231031e-02   3.921697e-18   180594
  2.274471e+00   4.915813e-18   1.224284e-02   3.666446e-18   186556
  2.316888e+00   2.629039e-18   1.225358e-02   3.417394e-18   193528
  2.359297e+00   5.214463e-18   1.224273e-02   3.210723e-18   200626
  2.401844e+00   1.340785e-17   1.230642e-02   2.962147e-18   209256
  2.444460e+00   4.005300e-18   1.227865e-02   2.778930e-18   216020
  2.487004e+00   1.297749e-18   1.230299e-02   2.599030e-18   223768
  2.529444e+00   -1.367453e-18   1.222313e-02   2.468213e-18   230234
  2.571955e+00   -2.111231e-18   1.229969e-02   2.275252e-18   239800
  2.614499e+00   1.910078e-18   1.225221e-02   2.148535e-18   246568
  2.656957e+00   2.358897e-18   1.227331e-02   2.035521e-18   254828
  2.699414e+00   -3.666993e-18   1.225769e-02   1.891316e-18   263074
  2.741981e+00   1.748423e-18   1.228604e-02   1.785161e-18   272312
  2.784554e+00   3.558195e-18   1.228079e-02   1.683375e-18   280376
  2.827093e+00   5.559555e-20   1.228600e-02   1.588278e-18   288884
  2.869605e+00   4.744833e-18   1.227401e-02   1.490405e-18   297602
  2.912071e+00   -5.566482e-18   1.223046e-02   1.416075e-18   305520
  2.954561e+00   8.070200e-19   1.230079e-02   1.328814e-18   315976
  2.996984e+00   -2.532991e-18   1.221089e-02   1.260908e-18   322778
  3.039488e+00   9.943792e-19   1.232008e-02   1.194102e-18   335372
  3.082114e+00   1.068023e-18   1.227327e-02   1.131295e-18   343464
  3.124654e+00   3.659772e-19   1.228282e-02   1.077391e-18   352912
  3.167174e+00   -1.660105e-18   1.228199e-02   1.018103e-18   362666
  3.209689e+00   1.930257e-18   1.225476e-02   9.641000e-19   371884
  3.252186e+00   1.529660e-18   1.227971e-02   9.167335e-19   382280
  3.294633e+00   6.724135e-19   1.224302e-02   8.732437e-19   390888
  3.337059e+00   -1.444932e-18   1.226867e-02   8.233772e-19   402234
  3.379565e+00   -2.478767e-19   1.225933e-02   7.926817e-19   412576
  3.422105e+00   -2.970675e-20   1.228715e-02   7.452451e-19   423732
  3.464636e+00   8.027123e-19   1.227257e-02   7.117702e-19   433624
  3.507180e+00   -5.970079e-19   1.228881e-02   6.780395e-19   445154
  3.549739e+00   -4.028995e-21   1.227656e-02   6.478902e-19   455584
  3.592238e+00   2.643383e-19   1.225887e-02   6.161995e-19   465588
  3.634685e+00   -7.456584e-19   1.226065e-02   5.910207e-19   476762
  3.677219e+00   -1.045471e-18   1.229242e-02   5.610132e-19   489552
  3.719789e+00   -1.396552e-18   1.227853e-02   5.362809e-19   500328
  3.762251e+00   -2.480401e-20   1.223705e-02   5.136865e-19   509852
  3.804741e+00   -2.387145e-19   1.229735e-02   4.902676e-19   524234
  3.847275e+00   9.678329e-20   1.224781e-02   4.726440e-19   534104
  3.889779e+00   1.051408e-19   1.228211e-02   4.484069e-19   547048
  3.932320e+00   -2.880024e-19   1.229545e-02   4.311604e-19   559328
  3.974872e+00   -1.630471e-19   1.228346e-02   4.113188e-19   571326
  4.017355e+00   2.351310e-19   1.224147e-02   3.968049e-19   581920
  4.059804e+00   5.960716e-19   1.225835e-02   3.786241e-19   594832
  4.102282e+00   -4.340138e-19   1.227222e-02   3.627576e-19   608048
  4.144825e+00   -8.856430e-19   1.228101e-02   3.475008e-19   621526
  4.187356e+00   3.216024e-19   1.226445e-02   3.335169e-19   633240
  4.229822e+00   7.882801e-19   1.225981e-02   3.200194e-19   645472
  4.272346e+00   4.333986e-19   1.230137e-02   3.077686e-19   660906
  4.314903e+00   -7.338402e-20   1.227030e-02   2.957173e-19   672856
  4.357425e+00   -4.339663e-19   1.226838e-02   2.834434e-19   685980
  4.399921e+00   -6.239590e-19   1.227191e-02   2.734458e-19   699256
  4.442476e+00   2.912656e-19   1.229990e-02   2.614114e-19   714730
  4.484986e+00   -1.055298e-20   1.223739e-02   2.520280e-19   725152
  4.527452e+00   -2.042845e-19   1.227054e-02   2.422399e-19   740420
  4.569941e+00   7.746181e-20   1.227636e-02   2.341466e-19   754312
  4.612456e+00   1.127437e-19   1.227959e-02   2.252849e-19   769114
  4.654996e+00   3.696433e-19   1.227684e-02   2.172158e-19   783488
  4.697459e+00   -1.548512e-19   1.223560e-02   2.085954e-19   794968
  4.739925e+00   -1.598164e-19   1.228043e-02   2.007815e-19   812366
  4.782438e+00   -6.728192e-19   1.226054e-02   1.938945e-19   825976
  4.825000e+00   3.330651e-20   1.230088e-02   1.867860e-19   843352
  4.867591e+00   -3.209726e-19   1.229290e-02   1.803874e-19   857280
  4.910094e+00   -2.037141e-19   1.225276e-02   1.733305e-19   869542
  4.952587e+00   8.918850e-20   1.228301e-02   1.671605e-19   887128
  4.995087e+00   -5.024332e-19   1.225266e-02   1.618484e-19   900032
  5.037553e+00   6.681139e-20   1.226951e-02   1.560371e-19   916560
  5.080018e+00   -4.779543e-19   1.224713e-02   1.507967e-19   930922
  5.122540e+00   2.077204e-21   1.228718e-02   1.454718e-19   949844
  5.165149e+00   -8.161045e-20   1.230776e-02   1.396074e-19   966736
  5.207698e+00   -1.106784e-19   1.226328e-02   1.357949e-19   978776
  5.250149e+00   -3.610577e-19   1.225655e-02   1.314012e-19   994522
  5.292642e+00   -5.380647e-20   1.227563e-02   1.267785e-19   1012420
  5.335176e+00   -2.906433e-19   1.228639e-02   1.222866e-19   1029408
  5.377640e+00   -2.257899e-19   1.223362e-02   1.186496e-19   1041658
  5.420127e+00   -3.373218e-19   1.228953e-02   1.147106e-19   1063520
  5.462635e+00   -3.046483e-20   1.224276e-02   1.112926e-19   1075808
  5.505175e+00   -5.920067e-20   1.232008e-02   1.073756e-19   1098956
  5.547712e+00   -8.093014e-20   1.224668e-02   1.039559e-19   1109810
  5.590179e+00   -1.175886e-19   1.226115e-02   1.005504e-19   1128608
  5.632713e+00   -1.544519e-19   1.229436e-02   9.724332e-20   1148264
  5.675250e+00   -2.516033e-19   1.227167e-02   9.429654e-20   1163252
  5.717744e+00   -2.908291e-19   1.226828e-02   9.124073e-20   1181042
  5.760239e+00   1.002673e-20   1.225730e-02   8.883660e-20   1197848
  5.802769e+00   -7.622269e-20   1.229495e-02   8.584104e-20   1218848
  5.845291e+00   -1.535761e-19   1.225944e-02   8.295367e-20   1232916
  5.887780e+00   -1.228225e-19   1.227538e-02   8.049126e-20   1253002
  5.930266e+00   -6.963616e-20   1.224914e-02   7.827535e-20   1268576
  5.972763e+00   -1.163618e-20   1.228621e-02   7.559156e-20   1290128
  6.015287e+00   5.081007e-20   1.227337e-02   7.338881e-20   1307402
  6.057820e+00   -8.890523e-21   1.227649e-02   7.113275e-20   1327028
  6.100333e+00   -5.363673e-20   1.225988e-02   6.920176e-20   1343648
  6.142842e+00   -2.363835e-21   1.228087e-02   6.705990e-20   1364096
  6.185363e+00   3.975299e-20   1.227580e-02   6.496671e-20   1382730
  6.227896e+00   -1.170460e-19   1.227503e-02   6.333110e-20   1402164
  6.270416e+00   -1.170601e-19   1.227264e-02   6.117594e-20   1420464
  6.312883e+00   -1.399720e-19   1.225519e-02   5.957899e-20   1437368
  6.355387e+00   5.501521e-22   1.228857e-02   5.772985e-20   1461530
  6.397919e+00   -6.781480e-21   1.226028e-02   5.618803e-20   1478264
  6.440432e+00   -1.131501e-19   1.227561e-02   5.463360e-20   1499356
  6.482926e+00   1.211278e-20   1.226095e-02   5.308300e-20   1517016
  6.525439e+00   3.567990e-21   1.228340e-02   5.169462e-20   1540090
  6.567953e+00   -1.652929e-19   1.226146e-02   5.025892e-20   1557360
  6.610434e+00   2.035530e-20   1.226770e-02   4.884334e-20   1577780
  6.652969e+00   -1.245048e-19   1.230043e-02   4.736566e-20   1602578
  6.695499e+00   -1.291782e-19   1.225417e-02   4.618310e-20   1617672
  6.737992e+00   3.070693e-20   1.227613e-02   4.486412e-20   1641016
  6.780486e+00   -2.062329e-20   1.226032e-02   4.363043e-20   1659416
  6.822983e+00   3.612754e-20   1.227372e-02   4.234558e-20   1682670
  6.865529e+00   9.893240e-20   1.228276e-02   4.127333e-20   1705256
  6.908096e+00   -6.941116e-20   1.228756e-02   4.011535e-20   1726312
  6.950582e+00   1.871339e-20   1.225056e-02   3.915641e-20   1741880
  6.993044e+00   -3.567236e-20   1.226862e-02   3.800995e-20   1766454
  7.035588e+00   2.110941e-20   1.229242e-02   3.702933e-20   1791784
  7.078111e+00   2.237281e-21   1.225558e-02   3.608155e-20   1807712
  7.120554e+00   2.541681e-20   1.225110e-02   3.516795e-20   1829002
  7.163037e+00   -8.394488e-20   1.226905e-02   3.415989e-20   1854216
  7.205602e+00   3.527977e-20   1.229852e-02   3.333043e-20   1880156
  7.248150e+00   3.643985e-20   1.227340e-02   3.244207e-20   1897568
  7.290651e+00   2.796868e-20   1.227390e-02   3.161122e-20   1920458
  7.333153e+00   -1.570194e-20   1.226399e-02   3.073377e-20   1942208
  7.375659e+00   1.446701e-20   1.227125e-02   2.994981e-20   1965612
  7.418175e+00   6.937328e-21   1.227855e-02   2.922427e-20   1989000
  7.460671e+00   3.660781e-20   1.225786e-02   2.847002e-20   2009114
  7.503166e+00   6.221111e-20   1.226960e-02   2.776420e-20   2034464
  7.545695e+00   -3.366274e-20   1.228070e-02   2.711558e-20   2058476
  7.588207e+00   -5.713230e-20   1.227216e-02   2.639160e-20   2079648
  7.630693e+00   -4.008549e-20   1.226356e-02   2.573409e-20   2102578
  7.673222e+00   2.187509e-21   1.228297e-02   2.505272e-20   2129928
  7.715766e+00   6.664160e-20   1.227893e-02   2.444116e-20   2152096
  7.758252e+00   -6.966742e-20   1.225143e-02   2.386751e-20   2171142
  7.800741e+00   5.213720e-21   1.227660e-02   2.328119e-20   2200248
  7.843296e+00   -1.764440e-20   1.228407e-02   2.266880e-20   2225216
  7.885842e+00   -3.185333e-20   1.228377e-02   2.214455e-20   2248448
  7.928336e+00   -2.331244e-20   1.225709e-02   2.160968e-20   2267942
  7.970840e+00   6.247999e-20   1.228420e-02   2.107841e-20   2298072
  8.013348e+00   -1.271086e-20   1.225627e-02   2.057611e-20   2317272
  8.055842e+00   -5.947412e-20   1.227899e-02   2.007094e-20   2345808
  8.098322e+00   8.139182e-21   1.224988e-02   1.964911e-20   2365650
  8.140823e+00   1.921891e-20   1.227972e-02   1.914710e-20   2396940
  8.183368e+00   -1.199170e-20   1.227975e-02   1.870964e-20   2421272
  8.225892e+00   -1.766655e-21   1.227360e-02   1.826476e-20   2444576
  8.268407e+00   -7.691277e-21   1.227899e-02   1.785191e-20   2471490
  8.310912e+00   -2.425095e-20   1.225942e-02   1.740281e-20   2493180
  8.353397e+00   -5.665668e-23   1.227208e-02   1.699393e-20   2520952
  8.395888e+00   -8.492129e-21   1.226128e-02   1.662584e-20   2544946
  8.438392e+00   3.497022e-20   1.227324e-02   1.625366e-20   2573856
  8.480922e+00   3.240075e-20   1.227611e-02   1.589136e-20   2600016
  8.523447e+00   -1.018333e-21   1.227641e-02   1.550083e-20   2625484
  8.565959e+00   -3.199468e-20   1.227232e-02   1.514641e-20   2651122
  8.608519e+00   -2.227123e-20   1.229739e-02   1.479392e-20   2683488
  8.651014e+00   -1.317163e-20   1.223786e-02   1.446845e-20   2696352
  8.693483e+00   1.043080e-20   1.228468e-02   1.414347e-20   2733020
  8.736008e+00   -1.698656e-20   1.227012e-02   1.383246e-20   2757378
  8.778525e+00   2.804518e-20   1.227177e-02   1.352017e-20   2784864
  8.821036e+00   1.564341e-20   1.227124e-02   1.322238e-20   2811168
  8.863496e+00   -8.182294e-21   1.224424e-02   1.292729e-20   2832274
  8.906020e+00   1.904010e-20   1.230244e-02   1.263027e-20   2873636
  8.948567e+00   2.760087e-20   1.225951e-02   1.236638e-20   2890496
  8.991066e+00   -6.555728e-21   1.227940e-02   1.209659e-20   2921800
  9.033598e+00   1.547633e-20   1.228441e-02   1.181413e-20   2951298
  9.076126e+00   1.297865e-20   1.226510e-02   1.156092e-20   2975476
  9.118654e+00   -3.447867e-22   1.228550e-02   1.130618e-20   3007728
  9.161142e+00   -8.173209e-21   1.224754e-02   1.107934e-20   3025776
  9.203640e+00   -3.472494e-20   1.229182e-02   1.081346e-20   3065762
  9.246160e+00   1.390927e-20   1.225283e-02   1.061356e-20   3084856
  9.288649e+00   2.929158e-20   1.227594e-02   1.038269e-20   3118044
  9.331129e+00   -7.910670e-22   1.225728e-02   1.015785e-20   3141352
  9.373640e+00   -2.684673e-20   1.228814e-02   9.941454e-21   3179274
  9.416185e+00   -1.687902e-20   1.227073e-02   9.731072e-21   3204120
  9.458671e+00   -2.081295e-20   1.225444e-02   9.537725e-21   3227900
  9.501151e+00   1.327967e-20   1.227489e-02   9.318657e-21   3262394
  9.543701e+00   1.506634e-20   1.228726e-02   9.127026e-21   3295680
  9.586236e+00   5.838675e-21   1.226866e-02   8.937638e-21   3319560
  9.628737e+00   1.727583e-20   1.227228e-02   8.762544e-21   3348972
  9.671240e+00   5.395271e-21   1.227416e-02   8.583782e-21   3379722
  9.713763e+00   -2.409698e-20   1.227339e-02   8.396207e-21   3410720
  9.756299e+00   -1.540717e-20   1.227807e-02   8.216188e-21   3441504
  9.798787e+00   1.122904e-20   1.225320e-02   8.073077e-21   3463624
  9.841266e+00   4.518461e-21   1.227217e-02   7.882753e-21   3499790
  9.883803e+00   -6.172562e-21   1.228281e-02   7.719577e-21   3533560
  9.926350e+00   2.884454e-21   1.227932e-02   7.571965e-21   3561920
  9.968836e+00   -4.683828e-22   1.225683e-02   7.418291e-21   3585208
  1.001132e+01   4.735040e-21   1.227674e-02   7.269317e-21   3622518
  1.005387e+01   -1.293062e-20   1.228938e-02   7.121693e-21   3657584
  1.009637e+01   1.835797e-20   1.225003e-02   6.990698e-21   3676440
  1.013883e+01   -4.122464e-21   1.226093e-02   6.839862e-21   3711282
  1.018134e+01   -1.210390e-20   1.227505e-02   6.697988e-21   3747696
  1.022386e+01   -4.936467e-21   1.226890e-02   6.563875e-21   3776188
  1.026640e+01   -5.790300e-21   1.229793e-02   6.438821e-21   3815304
  1.030893e+01   -3.691555e-21   1.225864e-02   6.318712e-21   3835370
  1.035143e+01   1.086888e-20   1.227570e-02   6.188380e-21   3873424
  1.039395e+01   -3.990989e-22   1.227191e-02   6.069582e-21   3903420
  1.043647e+01   -6.369740e-21   1.228014e-02   5.942678e-21   3937624
  1.047898e+01   1.593914e-21   1.226404e-02   5.830142e-21   3965658
  1.052150e+01   9.668486e-21   1.227921e-02   5.715738e-21   4002984
  1.056400e+01   8.002223e-21   1.226054e-02   5.613308e-21   4027928
  1.060647e+01   5.391512e-21   1.225976e-02   5.502663e-21   4059844
  1.064896e+01   -8.340380e-21   1.227978e-02   5.391447e-21   4100338
  1.069151e+01   -8.307952e-22   1.227651e-02   5.283742e-21   4132264
  1.073403e+01   -7.065061e-21   1.227390e-02   5.187371e-21   4163216
  1.077652e+01   6.833088e-21   1.226459e-02   5.094232e-21   4193350
  1.081904e+01   -1.068606e-20   1.228427e-02   4.992043e-21   4234456
  1.086156e+01   5.492961e-21   1.225632e-02   4.896900e-21   4257264
  1.090405e+01   1.239236e-20   1.227910e-02   4.804049e-21   4297352
  1.094656e+01   -9.459958e-21   1.226998e-02   4.714076e-21   4328642
  1.098909e+01   -2.116114e-21   1.228265e-02   4.624245e-21   4367948
  1.103158e+01   6.961493e-21   1.224720e-02   4.540993e-21   4388384
  1.107408e+01   -4.205064e-21   1.228899e-02   4.452011e-21   4436648
  1.111661e+01   -5.107057e-23   1.227199e-02   4.370897e-21   4465658
  1.115915e+01   5.355403e-22   1.227871e-02   4.287606e-21   4502948
  1.120165e+01   1.145778e-20   1.225915e-02   4.209818e-21   4528880
  1.124413e+01   2.562852e-21   1.226872e-02   4.135067e-21   4566290
  1.128665e+01   1.657458e-21   1.228262e-02   4.059764e-21   4606856
  1.132917e+01   2.315430e-22   1.226621e-02   3.985250e-21   4635380
  1.137166e+01   3.425566e-21   1.226853e-02   3.915235e-21   4670384
  1.141417e+01   -1.226760e-21   1.227665e-02   3.840577e-21   4709258
  1.145672e+01   3.798013e-21   1.228130e-02   3.769281e-21   4747352
  1.149922e+01   3.311233e-21   1.225462e-02   3.707960e-21   4771664
  1.154171e+01   -1.663409e-21   1.227440e-02   3.634732e-21   4813532
  1.158423e+01   -7.155374e-21   1.228175e-02   3.566061e-21   4852322
  1.162677e+01   -6.732801e-23   1.227605e-02   3.510617e-21   4886480
  1.166928e+01   -4.014412e-21   1.226516e-02   3.443431e-21   4917248
  1.171175e+01   8.058125e-21   1.226039e-02   3.384768e-21   4950828
  1.175428e+01   -3.105565e-21   1.229115e-02   3.322532e-21   5000170
  1.179682e+01   3.845109e-21   1.226743e-02   3.259395e-21   5026952
  1.183930e+01   4.618666e-21   1.225870e-02   3.204106e-21   5058752
  1.188178e+01   -4.369857e-21   1.227096e-02   3.148824e-21   5100722
  1.192431e+01   2.782614e-21   1.227592e-02   3.090459e-21   5140124
  1.196682e+01   2.251185e-21   1.227175e-02   3.040595e-21   5174072
  1.200934e+01   5.443741e-21   1.227571e-02   2.985167e-21   5211608
  1.205185e+01   -1.829321e-21   1.227167e-02   2.932476e-21   5247794
  1.209436e+01   4.680321e-21   1.226763e-02   2.880180e-21   5284196
  1.213689e+01   -7.627439e-21   1.228663e-02   2.829338e-21   5328800
  1.217939e+01   -1.646358e-22   1.225244e-02   2.786020e-21   5350872
  1.222188e+01   -1.153597e-21   1.227843e-02   2.731070e-21   5400634
  1.226439e+01   -2.497872e-21   1.226116e-02   2.686746e-21   5430968
  1.230690e+01   1.227289e-21   1.228074e-02   2.642195e-21   5475908
  1.234942e+01   9.975190e-22   1.227341e-02   2.596252e-21   5510016
  1.239194e+01   -4.198243e-21   1.227878e-02   2.551152e-21   5552114
  1.243448e+01   3.236970e-21   1.227536e-02   2.503827e-21   5588944
  1.247700e+01   -9.331771e-21   1.227081e-02   2.466669e-21   5623828
  1.251949e+01   8.469286e-22   1.226652e-02   2.426642e-21   5660722
  1.256199e+01   -1.273608e-22   1.226569e-02   2.384450e-21   5699896
  1.260450e+01   -1.923643e-21   1.227587e-02   2.341861e-21   5741936
  1.264701e+01   3.888521e-22   1.227604e-02   2.303233e-21   5779568
  1.268952e+01   9.248634e-22   1.227056e-02   2.263484e-21   5817222
  1.273202e+01   2.772025e-21   1.226405e-02   2.227577e-21   5854600
  1.277454e+01   1.734245e-21   1.227916e-02   2.190783e-21   5900040
  1.281705e+01   1.320432e-21   1.226601e-02   2.152764e-21   5931976
  1.285956e+01   1.723971e-22   1.228040e-02   2.115967e-21   5979390
  1.290207e+01   -5.034628e-21   1.226129e-02   2.084324e-21   6010200
  1.294458e+01   8.376921e-21   1.227731e-02   2.049273e-21   6056496
  1.298708e+01   6.429183e-21   1.226484e-02   2.014606e-21   6089504
  1.302958e+01   -5.562323e-22   1.227756e-02   1.980409e-21   6137114
  1.307210e+01   -1.329485e-21   1.226880e-02   1.948883e-21   6173332
  1.311461e+01   -6.766193e-22   1.227153e-02   1.918481e-21   6214128
  1.315711e+01   -2.248812e-21   1.226922e-02   1.883955e-21   6253874
  1.319964e+01   2.128482e-21   1.227851e-02   1.854880e-21   6300104
  1.324216e+01   -3.252520e-21   1.226546e-02   1.827081e-21   6332612
  1.328467e+01   -2.517031e-23   1.228096e-02   1.793793e-21   6379768
  1.332719e+01   -2.302827e-21   1.227439e-02   1.765298e-21   6418218
  1.336971e+01   -5.155101e-22   1.227344e-02   1.738545e-21   6459880
  1.341221e+01   1.926190e-21   1.226446e-02   1.711317e-21   6495652
  1.345472e+01   2.042640e-21   1.228092e-02   1.682234e-21   6545296
  1.349724e+01   -1.146370e-21   1.226891e-02   1.655101e-21   6581570
  1.353974e+01   1.475735e-21   1.226098e-02   1.630288e-21   6618960
  1.358222e+01   -9.775530e-22   1.226863e-02   1.604989e-21   6663352
  1.362471e+01   1.823491e-21   1.226151e-02   1.580538e-21   6701334
  1.366724e+01   5.982073e-22   1.229005e-02   1.552705e-21   6759920
  1.370978e+01   1.318935e-21   1.226871e-02   1.529791e-21   6789696
  1.375229e+01   -2.753364e-21   1.227982e-02   1.505858e-21   6837208
  1.379481e+01   2.388862e-22   1.226997e-02   1.482584e-21   6874966
  1.383733e+01   5.041316e-22   1.227445e-02   1.459152e-21   6920864
  1.387984e+01   9.169420e-24   1.226703e-02   1.435334e-21   6957816
  1.392234e+01   -4.541948e-22   1.227258e-02   1.414788e-21   7002232
  1.396483e+01   -1.368461e-21   1.226616e-02   1.391691e-21   7043114
  1.400736e+01   8.468810e-22   1.228161e-02   1.369562e-21   7096020
  1.404988e+01   -2.952493e-21   1.226958e-02   1.349178e-21   7130640
  1.409239e+01   -4.877917e-21   1.227310e-02   1.327122e-21   7175472
  1.413489e+01   6.326743e-22   1.226899e-02   1.306960e-21   7217786
  1.417741e+01   -2.385056e-21   1.227600e-02   1.286897e-21   7265564
  1.421992e+01   2.490647e-21   1.226528e-02   1.267692e-21   7301288
  1.426240e+01   1.758440e-21   1.226550e-02   1.246780e-21   7345330
  1.430491e+01   1.861094e-21   1.227621e-02   1.229245e-21   7397048
  1.434743e+01   1.284800e-21   1.226815e-02   1.209207e-21   7435920
  1.438994e+01   2.061306e-21   1.227688e-02   1.191246e-21   7484140
  1.443245e+01   -1.600875e-21   1.227057e-02   1.173706e-21   7525578
  1.447497e+01   8.922723e-22   1.227007e-02   1.155639e-21   7571376
  1.451748e+01   -9.236964e-23   1.227392e-02   1.138032e-21   7617064
  1.456001e+01   -3.522622e-22   1.227782e-02   1.121644e-21   7662092
  1.460251e+01   -3.073469e-21   1.226530e-02   1.104533e-21   7699658
  1.464502e+01   9.734422e-22   1.227578e-02   1.088839e-21   7752416
  1.468755e+01   -1.317350e-21   1.227763e-02   1.071300e-21   7797776
  1.473004e+01   3.243772e-21   1.226070e-02   1.056268e-21   7831720
  1.477255e+01   2.296023e-21   1.227889e-02   1.039850e-21   7889926
  1.481507e+01   2.610070e-23   1.227192e-02   1.023987e-21   7931480
  1.485759e+01   5.909560e-22   1.227300e-02   1.010301e-21   7976688
  1.490006e+01   -5.754812e-22   1.225048e-02   9.958321e-22   8007786
  1.494256e+01   3.637187e-22   1.228133e-02   9.798709e-22   8074564
  1.498510e+01   6.441709e-22   1.228034e-02   9.644850e-22   8118904
  1.502762e+01   -1.584170e-21   1.226783e-02   9.519888e-22   8155824
  1.507013e+01   -1.195993e-21   1.228256e-02   9.380178e-22   8212802
  1.511265e+01   4.011201e-22   1.226047e-02   9.248991e-22   8245268
  1.515516e+01   9.783253e-22   1.228702e-02   9.100520e-22   8308816
  1.519769e+01   1.013839e-21   1.226520e-02   8.971740e-22   8340304
  1.524017e+01   -1.021668e-21   1.226489e-02   8.848785e-22   8387738
  1.528267e+01   -4.703833e-22   1.226883e-02   8.727258e-22   8437624
  1.532518e+01   8.818921e-22   1.227531e-02   8.599342e-22   8487796
  1.536768e+01   9.497153e-23   1.226572e-02   8.467211e-22   8527936
  1.541020e+01   -1.308189e-21   1.227764e-02   8.351188e-22   8585122
  1.545272e+01   -2.604423e-21   1.227170e-02   8.227287e-22   8628200
  1.549524e+01   7.233904e-22   1.227868e-02   8.100648e-22   8679484
  1.553776e+01   1.098180e-21   1.226928e-02   7.994376e-22   8721466
  1.558025e+01   -1.710194e-21   1.226318e-02   7.886597e-22   8765840
  1.562277e+01   1.439285e-21   1.228142e-02   7.761900e-22   8825136
  1.566528e+01   -3.981450e-22   1.226701e-02   7.661977e-22   8861768
  1.570779e+01   2.676514e-22   1.227728e-02   7.553515e-22   8919278
  1.575031e+01   -4.975243e-22   1.226638e-02   7.441906e-22   8961008
  1.579282e+01   -1.418731e-21   1.227512e-02   7.340706e-22   9014456
  1.583534e+01   -2.295337e-22   1.227527e-02   7.238198e-22   9062240
  1.587786e+01   -1.005241e-21   1.227311e-02   7.131406e-22   9110510
  1.592036e+01   4.439167e-22   1.226582e-02   7.046744e-22   9154048
  1.596285e+01   1.532157e-21   1.226281e-02   6.942034e-22   9198928
  1.600534e+01   5.241060e-22   1.227531e-02   6.844891e-22   9257194
  1.604787e+01   2.558822e-22   1.227745e-02   6.756586e-22   9310168
  1.609038e+01   4.172017e-22   1.226530e-02   6.655582e-22   9350316
  1.613289e+01   -2.061029e-22   1.227684e-02   6.558548e-22   9407120
  1.617541e+01   7.960517e-22   1.227300e-02   6.478953e-22   9454642
  1.621793e+01   -2.678658e-22   1.227362e-02   6.390376e-22   9506272
  1.626044e+01   -3.446173e-22   1.226942e-02   6.301261e-22   9551228
  1.630294e+01   -9.686939e-22   1.227038e-02   6.217440e-22   9600264
  1.634544e+01   -4.517314e-22   1.227012e-02   6.132798e-22   9651458
  1.638796e+01   2.396295e-22   1.228049e-02   6.050625e-22   9711488
  1.643048e+01   -7.535353e-22   1.226476e-02   5.969465e-22   9749144
  1.647299e+01   7.852994e-22   1.227613e-02   5.883177e-22   9807908
  1.651550e+01   1.078678e-21   1.227043e-02   5.802049e-22   9854786
  1.655803e+01   -5.818987e-22   1.228107e-02   5.728389e-22   9914304
  1.660053e+01   1.621392e-22   1.225867e-02   5.658310e-22   9945544
  1.664301e+01   5.052586e-22   1.226718e-02   5.574808e-22   10003414
  1.668552e+01   -2.220820e-22   1.227468e-02   5.503037e-22   10062032
  1.672804e+01   9.261924e-23   1.227657e-02   5.430133e-22   10114792
  1.677058e+01   -1.114142e-21   1.228180e-02   5.355848e-22   10169936
  1.681307e+01   1.329988e-21   1.225060e-02   5.283263e-22   10196602
  1.685558e+01   -6.563857e-22   1.228906e-02   5.212073e-22   10281156
  1.689811e+01   -8.774485e-22   1.226275e-02   5.150424e-22   10309376
  1.694060e+01   -5.950655e-22   1.227427e-02   5.084387e-22   10369856
  1.698310e+01   9.782775e-22   1.226425e-02   5.015045e-22   10415370
  1.702562e+01   -3.329703e-22   1.228018e-02   4.947650e-22   10481988
  1.706815e+01   -9.771671e-23   1.227822e-02   4.873317e-22   10531200
  1.711066e+01   4.897261e-22   1.226163e-02   4.827754e-22   10569416
  1.715315e+01   7.922898e-22   1.227286e-02   4.753233e-22   10633066
  1.719568e+01   9.454967e-22   1.227546e-02   4.697334e-22   10687548
  1.723821e+01   2.676286e-22   1.228168e-02   4.628746e-22   10743968
  1.728072e+01   -9.310355e-23   1.226340e-02   4.577778e-22   10782130
  1.732321e+01   8.814567e-22   1.226438e-02   4.519411e-22   10837792
  1.736571e+01   1.550409e-22   1.227328e-02   4.459080e-22   10897368
  1.740823e+01   8.476129e-22   1.227857e-02   4.402256e-22   10953940
  1.745075e+01   4.453545e-22   1.227188e-02   4.342499e-22   11003274
  1.749325e+01   -1.031016e-22   1.226537e-02   4.287003e-22   11052800
  1.753577e+01   1.419138e-22   1.228039e-02   4.232597e-22   11118176
  1.757829e+01   3.411578e-22   1.227174e-02   4.180251e-22   11162268
  1.762078e+01   6.581779e-23   1.226447e-02   4.128228e-22   11211458
  1.766328e+01   -2.613911e-22   1.226924e-02   4.075960e-22   11271888
  1.770579e+01   5.107041e-22   1.227456e-02   4.025879e-22   11329304
  1.774829e+01   -4.707640e-22   1.226554e-02   3.972049e-22   11375026
  1.779081e+01   1.269171e-23   1.227704e-02   3.925786e-22   11442532
  1.783332e+01   -1.198121e-22   1.226620e-02   3.881010e-22   11487264
  1.787583e+01   -1.194413e-21   1.227239e-02   3.826619e-22   11545680
  1.791835e+01   3.115598e-22   1.227937e-02   3.775002e-22   11607058
  1.796089e+01   -2.317298e-22   1.227970e-02   3.730684e-22   11664300
  1.800340e+01   -1.211353e-21   1.226785e-02   3.687653e-22   11707488
  1.804590e+01   2.492892e-22   1.226647e-02   3.638161e-22   11759536
  1.808841e+01   8.775456e-23   1.228470e-02   3.594311e-22   11833690
  1.813095e+01   1.846482e-22   1.227017e-02   3.554999e-22   11877808
  1.817345e+01   -4.061968e-22   1.226311e-02   3.511616e-22   11925836
  1.821595e+01   7.514489e-22   1.227560e-02   3.463493e-22   11992168
  1.825846e+01   -5.288236e-22   1.227114e-02   3.423642e-22   12044554
  1.830097e+01   -3.853792e-22   1.226867e-02   3.384877e-22   12098976
  1.834346e+01   2.779978e-22   1.226469e-02   3.342562e-22   12149996
  1.838595e+01   -5.117346e-22   1.226815e-02   3.303709e-22   12209594
  1.842847e+01   3.687313e-22   1.227993e-02   3.258913e-22   12279272
  1.847101e+01   2.470228e-22   1.228002e-02   3.217577e-22   12336072
  1.851353e+01   -5.971214e-22   1.226966e-02   3.182611e-22   12381744
  1.855604e+01   1.047974e-21   1.227227e-02   3.145630e-22   12441590
  1.859855e+01   -9.993951e-22   1.227023e-02   3.106901e-22   12497256
  1.864105e+01   3.857799e-22   1.226730e-02   3.072276e-22   12550032
  1.868353e+01   -2.166234e-22   1.226474e-02   3.035480e-22   12603936
  1.872603e+01   4.182196e-22   1.227245e-02   2.996418e-22   12671230
  1.876857e+01   7.008780e-22   1.228331e-02   2.961947e-22   12740920
  1.881110e+01   -5.216239e-22   1.227107e-02   2.928218e-22   12784560
  1.885359e+01   5.384948e-22   1.226358e-02   2.893708e-22   12834176
  1.889610e+01   3.245868e-22   1.227865e-02   2.861893e-22   12909006
  1.893863e+01   4.478872e-22   1.227235e-02   2.828608e-22   12959680
  1.898113e+01   2.594058e-22   1.227020e-02   2.795499e-22   13014232
  1.902364e+01   8.026287e-22   1.227262e-02   2.762575e-22   13076514
  1.906614e+01   -1.113797e-22   1.226274e-02   2.733734e-22   13127112
  1.910866e+01   6.125238e-22   1.228266e-02   2.694769e-22   13205852
  1.915119e+01   -1.703158e-22   1.227282e-02   2.667805e-22   13252032
  1.919369e+01   -1.799888e-22   1.226787e-02   2.638034e-22   13307450
  1.923620e+01   -4.783612e-22   1.227402e-02   2.609311e-22   13374160
  1.927872e+01   -4.563983e-22   1.227027e-02   2.577821e-22   13426348
  1.932123e+01   2.599209e-22   1.227853e-02   2.548305e-22   13492760
  1.936373e+01   8.403958e-23   1.226457e-02   2.520221e-22   13539546
  1.940624e+01   3.770078e-22   1.227335e-02   2.490696e-22   13610704
  1.944875e+01   -2.777670e-23   1.226734e-02   2.465129e-22   13662024
  1.949125e+01   -5.263253e-23   1.227299e-02   2.434523e-22   13727492
  1.953377e+01   -5.352951e-22   1.227644e-02   2.409751e-22   13793394
  1.957629e+01   8.644014e-23   1.226862e-02   2.382455e-22   13844456
  1.961880e+01   -1.078802e-23   1.227171e-02   2.355728e-22   13905184
  1.966130e+01   3.840067e-22   1.227189e-02   2.328376e-22   13965958
  1.970381e+01   -8.771266e-23   1.226859e-02   2.303423e-22   14025192
  1.974632e+01   6.398054e-22   1.227581e-02   2.276430e-22   14093768
  1.978884e+01   5.400341e-23   1.227382e-02   2.253252e-22   14150440
  1.983136e+01   2.165271e-22   1.227452e-02   2.228686e-22   14213450
  1.987387e+01   2.185494e-22   1.226691e-02   2.203060e-22   14267036
  1.991638e+01   -1.632269e-22   1.227427e-02   2.178014e-22   14335032
  1.995889e+01   -2.518599e-22   1.226837e-02   2.156574e-22   14387664
  2.000139e+01   -2.443843e-22   1.227308e-02   2.133641e-22   14455698
  2.004391e+01   -3.488225e-22   1.227471e-02   2.110119e-22   14520452
  2.008643e+01   -3.352791e-22   1.227399e-02   2.089084e-22   14580272
  2.012893e+01   3.747200e-23   1.226246e-02   2.064955e-22   14628050
  2.017144e+01   -6.153086e-23   1.228393e-02   2.043871e-22   14716744
  2.021396e+01   -4.523663e-22   1.226163e-02   2.021746e-22   14751712
  2.025646e+01   2.293013e-22   1.227782e-02   1.999389e-22   14831620
  2.029896e+01   -1.883532e-22   1.226188e-02   1.982381e-22   14875522
  2.034146e+01   5.134297e-22   1.227585e-02   1.959662e-22   14956720
  2.038398e+01   1.120168e-22   1.226799e-02   1.936815e-22   15008272
  2.042648e+01   -3.270702e-22   1.227113e-02   1.918081e-22   15073780
  2.046899e+01   -3.344795e-22   1.227601e-02   1.897846e-22   15144866
  2.051153e+01   -4.028743e-23   1.228021e-02   1.878967e-22   15213872
  2.055406e+01   -9.701489e-23   1.227172e-02   1.858161e-22   15263976
  2.059656e+01   3.171853e-22   1.226689e-02   1.838903e-22   15320236
  2.063907e+01   1.332806e-22   1.227747e-02   1.821625e-22   15398322
  2.068159e+01   -1.250865e-22   1.226849e-02   1.802690e-22   15450864
  2.072409e+01   2.682345e-22   1.226949e-02   1.785061e-22   15513888
  2.076658e+01   -1.348261e-22   1.226638e-02   1.766506e-22   15574626
  2.080910e+01   -1.955706e-23   1.227957e-02   1.748607e-22   15657956
  2.085162e+01   1.544010e-22   1.226694e-02   1.730211e-22   15704248
  2.089412e+01   -8.195368e-23   1.227405e-02   1.712974e-22   15774824
  2.093664e+01   2.839079e-22   1.227741e-02   1.695975e-22   15844898
  2.097916e+01   -3.070948e-22   1.226797e-02   1.680262e-22   15898956
  2.102166e+01   -4.175459e-26   1.226837e-02   1.664441e-22   15961768
  2.106416e+01   -4.146983e-22   1.227392e-02   1.645892e-22   16032208
  2.110668e+01   -6.532673e-22   1.227386e-02   1.629743e-22   16099530
  2.114918e+01   1.033794e-22   1.226342e-02   1.615545e-22   16152712
  2.119169e+01   -1.566667e-22   1.227877e-02   1.596941e-22   16235740
  2.123421e+01   -1.373428e-22   1.227090e-02   1.583275e-22   16288856
  2.127673e+01   2.611938e-22   1.227763e-02   1.567248e-22   16365074
  2.131925e+01   1.899950e-22   1.226826e-02   1.553804e-22   16418248
  2.136173e+01   1.934261e-22   1.226229e-02   1.538165e-22   16473180
  2.140423e+01   -6.630585e-23   1.227796e-02   1.522631e-22   16560234
  2.144675e+01   -1.900857e-22   1.226818e-02   1.508959e-22   16616088
  2.148927e+01   -2.093813e-22   1.227653e-02   1.494972e-22   16693264
  2.153179e+01   -1.175895e-23   1.227410e-02   1.480541e-22   16753864
  2.157431e+01   1.642399e-23   1.227428e-02   1.466218e-22   16820702
  2.161682e+01   -5.871316e-23   1.226755e-02   1.453755e-22   16879288
  2.165933e+01   -8.222845e-23   1.227311e-02   1.440084e-22   16951712
  2.170183e+01   -3.111249e-22   1.226675e-02   1.427256e-22   17007560
  2.174434e+01   -9.783687e-23   1.227813e-02   1.413766e-22   17092086
  2.178685e+01   1.826725e-22   1.226906e-02   1.400516e-22   17148392
  2.182937e+01   4.284032e-23   1.227478e-02   1.388379e-22   17222288
  2.187188e+01   1.880700e-22   1.227236e-02   1.375032e-22   17285096
  2.191439e+01   -3.109399e-22   1.226620e-02   1.364360e-22   17344826
  2.195689e+01   1.920723e-22   1.227320e-02   1.350864e-22   17421236
  2.199941e+01   -8.384069e-23   1.227792e-02   1.339559e-22   17494160
  2.204191e+01   -3.167895e-22   1.226044e-02   1.327385e-22   17538122
  2.208440e+01   -3.878984e-23   1.226939e-02   1.318107e-22   17620136
  2.212692e+01   -3.548022e-22   1.227875e-02   1.304391e-22   17700428
  2.216945e+01   -5.087782e-23   1.227393e-02   1.292785e-22   17760320
  2.221196e+01   2.097657e-22   1.227224e-02   1.282635e-22   17827562
  2.225448e+01   2.024568e-22   1.227165e-02   1.270370e-22   17895488
  2.229699e+01   -2.778623e-22   1.227292e-02   1.260653e-22   17963576
  2.233950e+01   5.797074e-23   1.227046e-02   1.249209e-22   18027500
  2.238201e+01   9.426826e-23   1.227533e-02   1.239390e-22   18105650
  2.242451e+01   -2.255428e-22   1.226508e-02   1.229024e-22   18160880
  2.246701e+01   -2.319961e-22   1.226834e-02   1.218589e-22   18233144
  2.250951e+01   -1.303466e-22   1.227149e-02   1.208137e-22   18307310
  2.255203e+01   -3.257293e-22   1.227368e-02   1.198040e-22   18381680
  2.259456e+01   -7.324204e-23   1.227489e-02   1.187775e-22   18450536
  2.263708e+01   2.045945e-23   1.227820e-02   1.180343e-22   18522128
  2.267959e+01   1.063373e-22   1.226827e-02   1.169024e-22   18578414
  2.272209e+01   -2.090145e-22   1.227113e-02   1.162500e-22   18654304
  2.276460e+01   -2.380995e-22   1.227056e-02   1.152069e-22   18722304
  2.280712e+01   -1.687393e-22   1.227777e-02   1.141921e-22   18802472
  2.284964e+01   -1.182497e-22   1.227092e-02   1.134318e-22   18864266
  2.289215e+01   2.593153e-22   1.226939e-02   1.125072e-22   18933260
  2.293465e+01   -1.624922e-22   1.226719e-02   1.116307e-22   18997448
  2.297715e+01   -2.525100e-22   1.227581e-02   1.106570e-22   19079816
  2.301967e+01   1.498377e-23   1.227098e-02   1.098933e-22   19145330
  2.306218e+01   -4.799423e-23   1.227177e-02   1.091732e-22   19218276
  2.310469e+01   -2.531725e-22   1.227113e-02   1.081896e-22   19286200
  2.314719e+01   2.548531e-23   1.226583e-02   1.073616e-22   19349738
  2.318971e+01   1.018110e-22   1.228286e-02   1.066654e-22   19450040
  2.323223e+01   -1.250407e-22   1.226363e-02   1.059265e-22   19489688
  2.327473e+01   3.774245e-22   1.227521e-02   1.050448e-22   19576868
  2.331724e+01   7.210941e-23   1.226932e-02   1.043995e-22   19640282
  2.335976e+01   2.424766e-22   1.227873e-02   1.035249e-22   19728800
  2.340226e+01   -1.487410e-22   1.226095e-02   1.030195e-22   19770152
  2.344476e+01   2.214102e-22   1.227487e-02   1.020747e-22   19863516
  2.348729e+01   1.598893e-23   1.227855e-02   1.013123e-22   19943594
  2.352981e+01   2.198703e-23   1.227039e-02   1.006671e-22   20003440
  2.357232e+01   -4.388442e-23   1.227533e-02   1.000215e-22   20081768
  2.361483e+01   1.865218e-22   1.226475e-02   9.932690e-23   20136200
  2.365734e+01   8.384335e-23   1.228180e-02   9.861746e-23   20238094
  2.369985e+01   5.257132e-23   1.226458e-02   9.814099e-23   20282544
  2.374234e+01   1.660712e-22   1.226291e-02   9.747706e-23   20351720
  2.378483e+01   4.760188e-23   1.227389e-02   9.661482e-23   20444714
  2.382735e+01   1.647515e-23   1.227112e-02   9.620301e-23   20515116
  2.386988e+01   9.131865e-23   1.228059e-02   9.539582e-23   20602384
  2.391241e+01   -9.438608e-23   1.227266e-02   9.482391e-23   20659872
  2.395491e+01   5.230904e-24   1.226837e-02   9.418329e-23   20727682
  2.399742e+01   -2.017967e-22   1.227493e-02   9.382106e-23   20814416
  2.403994e+01   9.971177e-23   1.227261e-02   9.302833e-23   20881100
  2.408245e+01   4.584019e-23   1.227247e-02   9.249637e-23   20953688
  2.412495e+01   7.207315e-23   1.226662e-02   9.199047e-23   21021050
  2.416746e+01   -1.183626e-22   1.227556e-02   9.128468e-23   21111632
  2.420998e+01   -1.344559e-22   1.227336e-02   9.073983e-23   21179972
  2.425248e+01   1.124408e-22   1.226547e-02   9.023664e-23   21240488
  2.429499e+01   -1.622741e-22   1.227368e-02   8.974778e-23   21331418
  2.433750e+01   1.554574e-22   1.226935e-02   8.926341e-23   21397304
  2.438000e+01   1.260526e-22   1.226962e-02   8.860067e-23   21469764
  2.442251e+01   1.515284e-22   1.227528e-02   8.814563e-23   21556122
  2.446502e+01   -2.872175e-23   1.226591e-02   8.778252e-23   21618312
  2.450754e+01   7.111276e-23   1.227924e-02   8.715423e-23   21716096
  2.455007e+01   7.533368e-23   1.227488e-02   8.664003e-23   21781352
  2.459258e+01   -6.192545e-23   1.226971e-02   8.633226e-23   21848870
  2.463508e+01   9.755204e-24   1.227061e-02   8.591235e-23   21927536
  2.467760e+01   2.734844e-22   1.227518e-02   8.528673e-23   22008944
  2.472011e+01   1.250034e-22   1.227146e-02   8.489167e-23   22076136
  2.476261e+01   3.864535e-23   1.226619e-02   8.457054e-23   22145270
  2.480513e+01   3.866001e-23   1.228149e-02   8.404888e-23   22250960
  2.484765e+01   -1.059536e-22   1.226766e-02   8.366339e-23   22300864
  2.489015e+01   -3.324118e-23   1.226874e-02   8.316974e-23   22378586
  2.493266e+01   -2.683829e-22   1.227304e-02   8.286040e-23   22464104
  2.497518e+01   7.239951e-23   1.227483e-02   8.258756e-23   22542892
  2.501769e+01   1.922755e-22   1.226849e-02   8.221374e-23   22606008
  2.506019e+01   1.433199e-22   1.227168e-02   8.170290e-23   22690002
  2.510269e+01   2.946677e-22   1.226774e-02   8.137484e-23   22762216
  2.514519e+01   1.690556e-22   1.227552e-02   8.008673e-23   22815779
  2.518771e+01   -2.309732e-22   1.227093e-02   7.785766e-23   22772312
  2.523022e+01   2.333836e-23   1.227169e-02   7.561220e-23   22733708
  2.527273e+01   8.191564e-23   1.227376e-02   7.343839e-23   22697672
  2.531524e+01   4.620939e-23   1.227003e-02   7.123540e-23   22651460
  2.535775e+01   1.584877e-23   1.227280e-02   6.936215e-23   22616024
  2.540027e+01   1.124717e-22   1.227723e-02   6.732386e-23   22583496
  2.544278e+01   1.329322e-22   1.226384e-02   6.559873e-23   22519252
  2.548527e+01   4.731607e-23   1.226879e-02   6.376469e-23   22488992
  2.552778e+01   5.821328e-24   1.227112e-02   6.193804e-23   22453172
  2.557030e+01   1.713907e-23   1.227642e-02   6.034838e-23   22420584
  2.561282e+01   -2.994251e-24   1.227318e-02   5.873302e-23   22371700
  2.565533e+01   1.905689e-23   1.227319e-02   5.710681e-23   22329896
  2.569784e+01   -7.543011e-23   1.227005e-02   5.567711e-23   22282876
  2.574035e+01   1.314129e-22   1.227559e-02   5.419296e-23   22250692
  2.578286e+01   1.307707e-22   1.226749e-02   5.286210e-23   22194436
  2.582536e+01   -6.932463e-23   1.226799e-02   5.148439e-23   22153540
  2.586787e+01   -4.666946e-23   1.227489e-02   5.018640e-23   22122584
  2.591039e+01   3.658135e-23   1.227183e-02   4.895010e-23   22073004
  2.595291e+01   -9.922975e-23   1.227763e-02   4.774561e-23   22039640
  2.599542e+01   -1.478917e-22   1.226443e-02   4.653653e-23   21971624
  2.603793e+01   -5.760963e-23   1.228039e-02   4.548141e-23   21955708
  2.608042e+01   -2.928467e-23   1.225538e-02   4.441199e-23   21867720
  2.612293e+01   -1.640184e-23   1.228640e-02   4.329486e-23   21878900
  2.616545e+01   -7.769655e-23   1.226374e-02   4.231159e-23   21794260
  2.620796e+01   -5.754225e-23   1.227552e-02   4.132353e-23   21770256
  2.625048e+01   9.980199e-23   1.227204e-02   4.037326e-23   21718124
  2.629299e+01   -2.954653e-23   1.227162e-02   3.947064e-23   21671096
  2.633550e+01   8.861487e-23   1.227173e-02   3.856985e-23   21625412
  2.637801e+01   -5.036281e-24   1.227628e-02   3.770598e-23   21587284
  2.642052e+01   -3.986960e-23   1.226404e-02   3.689025e-23   21519648
  2.646302e+01   -4.772105e-24   1.227517e-02   3.606997e-23   21493344
  2.650554e+01   7.624971e-24   1.227125e-02   3.529699e-23   21439360
  2.654805e+01   -1.635573e-23   1.227471e-02   3.453194e-23   21398900
  2.659058e+01   -2.165652e-23   1.227467e-02   3.377922e-23   21351488
  2.663308e+01   8.467849e-23   1.226610e-02   3.309568e-23   21288012
  2.667559e+01   -2.789780e-24   1.227518e-02   3.239476e-23   21255052
  2.671810e+01   -1.788211e-23   1.226960e-02   3.175431e-23   21196928
  2.676060e+01   2.826407e-23   1.226973e-02   3.109502e-23   21149036
  2.680311e+01   -5.272768e-23   1.227206e-02   3.043930e-23   21105304
  2.684563e+01   1.514647e-23   1.227410e-02   2.986088e-23   21059992
  2.688815e+01   4.029197e-23   1.227705e-02   2.925717e-23   21014904
  2.693067e+01   -9.174839e-24   1.227014e-02   2.869505e-23   20953620
  2.697317e+01   -2.327705e-23   1.226991e-02   2.812485e-23   20902948
  2.701568e+01   9.816530e-23   1.227225e-02   2.762203e-23   20856528
  2.705819e+01   -1.469646e-23   1.227379e-02   2.707981e-23   20808868
  2.710070e+01   6.331359e-23   1.226639e-02   2.655602e-23   20746700
  2.714319e+01   4.741253e-23   1.226770e-02   2.608008e-23   20699040
  2.718571e+01   4.419176e-24   1.227944e-02   2.558782e-23   20667584
  2.722822e+01   2.326359e-23   1.225995e-02   2.514055e-23   20583320
  2.727072e+01   -1.480576e-23   1.227843e-02   2.467829e-23   20562728
  2.731324e+01   -1.047622e-23   1.227166e-02   2.421894e-23   20499120
  2.735575e+01   -2.466696e-23   1.227335e-02   2.381681e-23   20448668
  2.739827e+01   1.676465e-23   1.227231e-02   2.339374e-23   20394408
  2.744078e+01   -5.128724e-23   1.227328e-02   2.298544e-23   20344236
  2.748329e+01   5.791956e-23   1.227052e-02   2.260653e-23   20287988
  2.752580e+01   -2.581706e-23   1.227218e-02   2.221063e-23   20237280
  2.756831e+01   -3.224048e-23   1.226928e-02   2.184224e-23   20178328
  2.761083e+01   1.586464e-23   1.227861e-02   2.148166e-23   20139844
  2.765335e+01   2.299169e-24   1.226869e-02   2.113075e-23   20069748
  2.769585e+01   2.202959e-23   1.227006e-02   2.079161e-23   20016800
  2.773835e+01   -9.806971e-24   1.227057e-02   2.044718e-23   19962224
  2.778087e+01   6.844323e-24   1.227954e-02   2.009387e-23   19923568
  2.782339e+01   1.461135e-23   1.226996e-02   1.980279e-23   19854300
  2.786590e+01   -2.243099e-23   1.226862e-02   1.950222e-23   19797056
  2.790840e+01   -1.721119e-23   1.227082e-02   1.916924e-23   19744940
  2.795091e+01   -9.332875e-24   1.227270e-02   1.889800e-23   19691768
  2.799342e+01   -8.388988e-23   1.226928e-02   1.859552e-23   19629548
  2.803593e+01   3.220989e-23   1.227096e-02   1.832267e-23   19575480
  2.807844e+01   -3.538141e-23   1.227365e-02   1.803940e-23   19523296
  2.812096e+01   5.137718e-23   1.227813e-02   1.779078e-23   19474344
  2.816347e+01   -1.689558e-23   1.226244e-02   1.755323e-23   19392868
  2.820597e+01   9.495817e-24   1.227629e-02   1.727559e-23   19356176
  2.824849e+01   1.056294e-23   1.227437e-02   1.701516e-23   19294916
  2.829102e+01   -2.148358e-23   1.227644e-02   1.678136e-23   19240856
  2.833353e+01   1.720861e-23   1.226827e-02   1.656881e-23   19170884
  2.837603e+01   4.553848e-24   1.226787e-02   1.631707e-23   19111352
  2.841853e+01   1.428870e-23   1.227311e-02   1.609328e-23   19060016
  2.846104e+01   -1.884837e-23   1.227199e-02   1.589317e-23   18999752
  2.850354e+01   8.003006e-24   1.226484e-02   1.567140e-23   18930272
  2.854604e+01   -2.961899e-23   1.227204e-02   1.545925e-23   18882340
  2.858856e+01   1.828354e-23   1.227653e-02   1.524908e-23   18829056
  2.863108e+01   2.014275e-23   1.226917e-02   1.505012e-23   18757640
  2.867359e+01   7.868257e-24   1.227679e-02   1.483775e-23   18709036
  2.871611e+01   3.542630e-23   1.226951e-02   1.465816e-23   18637668
  2.875862e+01   -8.760240e-24   1.227659e-02   1.446427e-23   18587048
  2.880113e+01   -1.061407e-23   1.226650e-02   1.429695e-23   18510972
  2.884363e+01   -1.435263e-23   1.227092e-02   1.411679e-23   18456692
  2.888614e+01   4.507684e-24   1.227027e-02   1.394598e-23   18394084
  2.892866e+01   9.675955e-24   1.227644e-02   1.377701e-23   18341352
  2.897118e+01   4.171918e-24   1.227294e-02   1.360238e-23   18273884
  2.901369e+01   -5.611738e-24   1.227214e-02   1.345047e-23   18211148
  2.905619e+01   -3.451118e-24   1.226468e-02   1.329201e-23   18137692
  2.909870e+01   1.544130e-23   1.227635e-02   1.313397e-23   18091580
  2.914122e+01   4.682530e-24   1.227406e-02   1.297467e-23   18024560
  2.918373e+01   -1.811985e-23   1.226945e-02   1.283626e-23   17955116
  2.922624e+01   -1.475997e-24   1.227055e-02   1.268903e-23   17893232
  2.926875e+01   -8.746568e-24   1.227337e-02   1.253866e-23   17832620
  2.931126e+01   7.067227e-25   1.227331e-02   1.240717e-23   17767864
  2.935378e+01   7.735994e-24   1.227523e-02   1.225642e-23   17706956
  2.939629e+01   1.128509e-23   1.226779e-02   1.213456e-23   17632632
  2.943880e+01   -3.186790e-23   1.227224e-02   1.200538e-23   17573524
  2.948131e+01   1.046639e-23   1.227160e-02   1.188435e-23   17506380
  2.952382e+01   -2.757682e-23   1.227283e-02   1.174319e-23   17442548
  2.956632e+01   -7.971031e-24   1.226611e-02   1.163188e-23   17368556
  2.960883e+01   -1.492247e-23   1.227726e-02   1.150858e-23   17318260
  2.965135e+01   -1.293959e-23   1.227176e-02   1.138802e-23   17243792
  2.969385e+01   -2.294300e-23   1.226620e-02   1.127988e-23   17169716
  2.973635e+01   1.175165e-23   1.227104e-02   1.117429e-23   17109768
  2.977886e+01   -2.555617e-24   1.227205e-02   1.105054e-23   17044064
  2.982138e+01   6.385908e-25   1.227557e-02   1.094677e-23   16981560
  2.986389e+01   7.196933e-24   1.226672e-02   1.084337e-23   16902264
  2.990640e+01   3.152277e-24   1.227800e-02   1.074476e-23   16849940
  2.994892e+01   3.237239e-23   1.226984e-02   1.063715e-23   16770600
  2.999143e+01   -2.042345e-24   1.227399e-02   1.054593e-23   16707512
  3.003394e+01   7.954662e-24   1.227053e-02   1.045486e-23   16634480
  3.007645e+01   -1.839050e-23   1.227297e-02   1.034974e-23   16569424
  3.011897e+01   9.493438e-24   1.227100e-02   1.026668e-23   16497216
  3.016149e+01   -1.446548e-23   1.227800e-02   1.017776e-23   16436416
  3.020400e+01   -1.848481e-23   1.226813e-02   1.008723e-23   16353532
  3.024650e+01   1.471858e-24   1.226850e-02   1.000472e-23   16284908
  3.028900e+01   -5.865114e-24   1.227370e-02   9.916710e-24   16221948
  3.033152e+01   1.629507e-23   1.227445e-02   9.829770e-24   16152552
  3.037404e+01   -1.796944e-23   1.227249e-02   9.745703e-24   16078864
  3.041655e+01   1.676267e-23   1.227014e-02   9.670882e-24   16005296
  3.045906e+01   -9.141707e-24   1.227320e-02   9.584793e-24   15938220
  3.050157e+01   7.778043e-24   1.226736e-02   9.519126e-24   15858440
  3.054407e+01   1.991073e-23   1.226949e-02   9.452642e-24   15789252
  3.058657e+01   1.943058e-23   1.227019e-02   9.376250e-24   15718944
  3.062908e+01   -1.381213e-23   1.227179e-02   9.291234e-24   15648652
  3.067160e+01   -7.634563e-24   1.227680e-02   9.235566e-24   15581944
  3.071412e+01   -3.497003e-24   1.227604e-02   9.152294e-24   15508744
  3.075663e+01   -9.967522e-24   1.226574e-02   9.104061e-24   15422472
  3.079914e+01   -1.799286e-24   1.227551e-02   9.028116e-24   15361536
  3.084165e+01   -3.080817e-24   1.226998e-02   8.962318e-24   15281048
  3.088415e+01   6.395114e-25   1.227023e-02   8.900781e-24   15207752
  3.092666e+01   -1.456498e-25   1.227075e-02   8.839694e-24   15134800
  3.096917e+01   -4.183430e-24   1.227038e-02   8.786912e-24   15059664
  3.101168e+01   8.865060e-24   1.227242e-02   8.716009e-24   14987020
  3.105420e+01   -3.195925e-24   1.227903e-02   8.663237e-24   14919936
  3.109672e+01   -1.227392e-23   1.226792e-02   8.610095e-24   14831776
  3.113923e+01   9.183139e-24   1.227679e-02   8.554104e-24   14767552
  3.118174e+01   -1.432918e-23   1.226524e-02   8.498504e-24   14678336
  3.122425e+01   -1.834530e-25   1.227632e-02   8.448462e-24   14615044
  3.126676e+01   5.933871e-24   1.226910e-02   8.398073e-24   14530200
  3.130927e+01   -2.484944e-23   1.227171e-02   8.343217e-24   14457000
  3.135178e+01   6.411996e-24   1.227423e-02   8.297096e-24   14383440
  3.139429e+01   -9.198989e-24   1.226801e-02   8.253462e-24   14299516
  3.143679e+01   -8.936526e-25   1.227160e-02   8.201828e-24   14226024
  3.147930e+01   -8.392227e-24   1.226889e-02   8.158888e-24   14145048
  3.152182e+01   -1.824218e-23   1.228178e-02   8.115949e-24   14082144
  3.156433e+01   1.455505e-23   1.226157e-02   8.074370e-24   13981640
  3.160683e+01   -3.026561e-23   1.227475e-02   8.030501e-24   13918460
  3.164935e+01   1.745670e-23   1.227481e-02   7.974723e-24   13839752
  3.169188e+01   7.999483e-24   1.227673e-02   7.945990e-24   13762736
  3.173439e+01   -6.876502e-24   1.227147e-02   7.897827e-24   13677980
  3.177690e+01   1.546363e-24   1.226900e-02   7.865292e-24   13596196
  3.181940e+01   -8.648907e-24   1.226988e-02   7.827751e-24   13517736
  3.186190e+01   3.136651e-24   1.226579e-02   7.793056e-24   13433184
  3.190440e+01   -6.694034e-24   1.227449e-02   7.761237e-24   13362296
  3.194692e+01   -1.339235e-23   1.227398e-02   7.712197e-24   13281376
  3.198944e+01   1.971514e-24   1.227645e-02   7.687297e-24   13203336
  3.203195e+01   5.802490e-24   1.226687e-02   7.654109e-24   13113016
  3.207445e+01   2.222602e-24   1.227094e-02   7.617324e-24   13036400
  3.211696e+01   1.124847e-23   1.226987e-02   7.581269e-24   12953648
  3.215948e+01   -1.912569e-23   1.227674e-02   7.556193e-24   12879016
  3.220199e+01   1.235324e-23   1.227015e-02   7.528262e-24   12790124
  3.224451e+01   -3.384483e-25   1.227599e-02   7.496036e-24   12714152
  3.228701e+01   1.869021e-24   1.226430e-02   7.472305e-24   12619608
  3.232951e+01   -1.337766e-24   1.227473e-02   7.443104e-24   12547232
  3.237204e+01   -1.562880e-23   1.228098e-02   7.409825e-24   12470568
  3.241455e+01   1.383250e-23   1.226086e-02   7.392787e-24   12368136
  3.245705e+01   -2.534681e-24   1.227647e-02   7.363117e-24   12300504
  3.249958e+01   -1.822535e-24   1.227251e-02   7.333638e-24   12212172
  3.254209e+01   -2.570287e-23   1.227112e-02   7.318672e-24   12126228
  3.258459e+01   -1.158114e-23   1.227235e-02   7.285592e-24   12043352
  3.262711e+01   -4.819238e-25   1.227321e-02   7.267591e-24   11959896
  3.266960e+01   7.350125e-24   1.226107e-02   7.254334e-24   11863804
  3.271211e+01   4.438954e-24   1.227575e-02   7.219214e-24   11792812
  3.275463e+01   -1.107588e-23   1.227439e-02   7.204385e-24   11705392
  3.279713e+01   2.105505e-23   1.226794e-02   7.184645e-24   11613836
  3.283965e+01   6.354373e-24   1.228215e-02   7.166463e-24   11541532
  3.288217e+01   1.769962e-24   1.226539e-02   7.148506e-24   11440232
  3.292468e+01   -4.284851e-24   1.227538e-02   7.138768e-24   11363008
  3.296718e+01   8.035035e-24   1.226652e-02   7.113196e-24   11267848
  3.300970e+01   5.381851e-24   1.227722e-02   7.100761e-24   11190640
  3.305222e+01   5.275837e-24   1.227423e-02   7.081261e-24   11101084
  3.309472e+01   -1.015333e-23   1.226241e-02   7.072435e-24   11003284
  3.313721e+01   -1.369383e-23   1.227344e-02   7.057557e-24   10925424
  3.317973e+01   9.991002e-24   1.227067e-02   7.029443e-24   10834724
  3.322224e+01   1.039943e-23   1.227484e-02   7.026537e-24   10750156
  3.326475e+01   1.693417e-23   1.226635e-02   7.006652e-24   10655280
  3.330725e+01   6.398940e-25   1.226924e-02   6.997820e-24   10569120
  3.334975e+01   -8.921667e-25   1.226867e-02   6.988750e-24   10479672
  3.339228e+01   -1.664059e-24   1.228611e-02   6.971554e-24   10404504
  3.343481e+01   -4.867836e-24   1.227382e-02   6.953373e-24   10304108
  3.347732e+01   -8.677140e-24   1.226797e-02   6.950820e-24   10209940
  3.351983e+01   3.537506e-24   1.227575e-02   6.942366e-24   10126584
  3.356234e+01   1.199190e-23   1.226442e-02   6.936934e-24   10027064
  3.360484e+01   -1.832762e-24   1.227492e-02   6.915690e-24   9945072
  3.364734e+01   1.537681e-24   1.226340e-02   6.902764e-24   9844764
  3.368986e+01   -5.482245e-24   1.228362e-02   6.901647e-24   9769940
  3.373238e+01   2.471620e-24   1.226688e-02   6.884416e-24   9666072
  3.377488e+01   1.549493e-23   1.227051e-02   6.887349e-24   9577112
  3.381739e+01   5.387729e-24   1.227148e-02   6.877430e-24   9485848
  3.385991e+01   -1.376800e-23   1.227527e-02   6.874001e-24   9396136
  3.390243e+01   1.948014e-23   1.227579e-02   6.857188e-24   9304408
  3.394493e+01   5.149442e-24   1.225842e-02   6.850326e-24   9199028
  3.398742e+01   1.084260e-23   1.227468e-02   6.850763e-24   9118288
  3.402993e+01   -5.154136e-24   1.226747e-02   6.838832e-24   9019624
  3.407245e+01   -8.686928e-25   1.228368e-02   6.838714e-24   8937420
  3.411497e+01   -1.862132e-23   1.227061e-02   6.817740e-24   8835200
  3.415748e+01   6.009936e-24   1.226739e-02   6.823370e-24   8739332
  3.419998e+01   6.789308e-24   1.227099e-02   6.807974e-24   8648112
  3.424250e+01   -1.992571e-24   1.227159e-02   6.805566e-24   8553372
  3.428501e+01   -1.811995e-24   1.227728e-02   6.787212e-24   8461944
  3.432753e+01   7.642207e-24   1.227227e-02   6.779007e-24   8363348
  3.437004e+01   -1.199563e-23   1.227148e-02   6.774649e-24   8267792
  3.441254e+01   -8.328219e-24   1.226640e-02   6.774595e-24   8169380
  3.445505e+01   -3.478016e-24   1.227807e-02   6.757577e-24   8081008
  3.449756e+01   -4.446719e-24   1.226310e-02   6.741381e-24   7975632
  3.454006e+01   2.987971e-24   1.227841e-02   6.746488e-24   7889116
  3.458257e+01   -1.272960e-23   1.226405e-02   6.728472e-24   7784008
  3.462508e+01   1.602346e-23   1.227484e-02   6.725382e-24   7693848
  3.466759e+01   -1.312792e-23   1.226805e-02   6.706202e-24   7592468
  3.471010e+01   -1.892833e-23   1.227572e-02   6.693239e-24   7499076
  3.475262e+01   5.078523e-24   1.227790e-02   6.681837e-24   7402880
  3.479514e+01   -5.143198e-24   1.227043e-02   6.657377e-24   7300768
  3.483765e+01   1.206861e-23   1.227061e-02   6.655400e-24   7203316
  3.488013e+01   -8.244483e-24   1.225476e-02   6.620056e-24   7095724
  3.492265e+01   -1.165237e-23   1.229466e-02   6.620370e-24   7019608
  3.496518e+01   -2.482618e-23   1.226138e-02   6.569120e-24   6901916
  3.500769e+01   -2.537520e-24   1.227882e-02   6.561585e-24   6812952
  3.505019e+01   1.091946e-23   1.226209e-02   6.508118e-24   6704548
  3.509270e+01   -1.131669e-23   1.227587e-02   6.483339e-24   6612168
  3.513521e+01   4.801227e-25   1.227039e-02   6.463920e-24   6508628
  3.517773e+01   4.413280e-24   1.227711e-02   6.408299e-24   6412072
  3.522024e+01   1.102416e-23   1.226747e-02   6.360169e-24   6306660
  3.526274e+01   9.092584e-24   1.226997e-02   6.319370e-24   6207592
  3.530523e+01   -3.097623e-24   1.226489e-02   6.268208e-24   6103860
  3.534774e+01   -7.102515e-24   1.227430e-02   6.190921e-24   6007184
  3.539025e+01   9.329724e-24   1.227513e-02   6.133619e-24   5905660
  3.543278e+01   -1.213698e-23   1.227664e-02   6.042850e-24   5805132
  3.547529e+01   1.050715e-24   1.226925e-02   5.976468e-24   5700008
  3.551778e+01   9.913778e-24   1.226294e-02   5.866115e-24   5594856
  3.556030e+01   -6.871365e-24   1.228122e-02   5.767225e-24   5502341
  3.560283e+01   6.704841e-24   1.227277e-02   5.684291e-24   5404852
  3.564533e+01   -1.261104e-24   1.226768e-02   5.608607e-24   5313930
  3.568784e+01   9.257613e-24   1.227261e-02   5.556979e-24   5230396
  3.573035e+01   4.169316e-25   1.226815e-02   5.486274e-24   5145158
  3.577285e+01   -1.856337e-23   1.227058e-02   5.437900e-24   5064506
  3.581538e+01   -6.101933e-24   1.228142e-02   5.393704e-24   4989464
  3.585790e+01   7.510035e-24   1.226989e-02   5.347224e-24   4907486
  3.590041e+01   -2.438923e-24   1.226982e-02   5.291728e-24   4831952
  3.594292e+01   -3.185541e-24   1.226933e-02   5.245840e-24   4757392
  3.598543e+01   3.588501e-24   1.227425e-02   5.213391e-24   4685902
  3.602794e+01   -5.992723e-24   1.227136e-02   5.169757e-24   4612826
  3.607044e+01   6.568719e-24   1.227059e-02   5.142130e-24   4542436
  3.611296e+01   1.549579e-23   1.227508e-02   5.104069e-24   4475408
  3.615546e+01   -1.145458e-23   1.226173e-02   5.061288e-24   4402686
  3.619797e+01   -1.565172e-23   1.227689e-02   5.038832e-24   4340854
  3.624049e+01   -2.961646e-24   1.227466e-02   5.001924e-24   4273862
  3.628301e+01   -2.188628e-24   1.227237e-02   4.984157e-24   4208538
  3.632551e+01   -2.127411e-24   1.226532e-02   4.959060e-24   4142584
  3.636801e+01   -9.062630e-24   1.226978e-02   4.932212e-24   4081232
  3.641052e+01   -1.525910e-23   1.227225e-02   4.909869e-24   4019668
  3.645304e+01   8.605247e-24   1.228203e-02   4.873690e-24   3961416
  3.649557e+01   3.455318e-24   1.227387e-02   4.862153e-24   3898848
  3.653807e+01   1.068730e-24   1.226366e-02   4.845775e-24   3836718
  3.658056e+01   -5.297947e-24   1.226607e-02   4.819067e-24   3779272
  3.662306e+01   2.298669e-24   1.226675e-02   4.797035e-24   3721434
  3.666558e+01   -2.199411e-24   1.228126e-02   4.772095e-24   3668198
  3.670811e+01   3.191991e-24   1.227910e-02   4.770939e-24   3611346
  3.675062e+01   2.078764e-24   1.226582e-02   4.755051e-24   3552442
  3.679312e+01   4.324503e-24   1.226935e-02   4.737662e-24   3498908
  3.683563e+01   4.446851e-24   1.227192e-02   4.728293e-24   3445382
  3.687814e+01   9.153358e-24   1.227356e-02   4.714972e-24   3392244
  3.692066e+01   2.253236e-24   1.227344e-02   4.702764e-24   3339634
  3.696317e+01   1.910499e-24   1.226899e-02   4.685743e-24   3286752
  3.700566e+01   -1.625508e-24   1.226327e-02   4.685317e-24   3234180
  3.704816e+01   8.896151e-25   1.226838e-02   4.669644e-24   3184556
  3.709068e+01   -7.189967e-24   1.228145e-02   4.677581e-24   3137238
  3.713322e+01   -8.947536e-24   1.228151e-02   4.655878e-24   3087670
  3.717574e+01   2.710289e-24   1.227426e-02   4.641802e-24   3037460
  3.721824e+01   7.500542e-24   1.225819e-02   4.637486e-24   2985736
  3.726072e+01   -4.731063e-24   1.226565e-02   4.632757e-24   2939708
  3.730324e+01   -1.378825e-23   1.228621e-02   4.624054e-24   2897012
  3.734577e+01   -4.977031e-24   1.227048e-02   4.640560e-24   2846890
  3.738827e+01   2.865712e-24   1.226277e-02   4.626795e-24   2799588
  3.743076e+01   -6.243481e-26   1.226558e-02   4.614215e-24   2754954
  3.747326e+01   6.781039e-25   1.227308e-02   4.619648e-24   2711500
  3.751579e+01   6.614322e-25   1.228240e-02   4.614848e-24   2669006
  3.755830e+01   4.320195e-24   1.226335e-02   4.621407e-24   2621264
  3.760081e+01   -9.109423e-24   1.227565e-02   4.616414e-24   2580726
  3.764332e+01   -4.159924e-24   1.226856e-02   4.612996e-24   2536470
  3.768582e+01   1.116080e-23   1.226978e-02   4.628162e-24   2494370
  3.772834e+01   1.610964e-24   1.227534e-02   4.626011e-24   2453556
  3.777086e+01   1.959684e-24   1.228047e-02   4.636962e-24   2413246
  3.781339e+01   -6.620505e-24   1.227197e-02   4.637949e-24   2370914
  3.785589e+01   1.866869e-23   1.226887e-02   4.646660e-24   2330126
  3.789840e+01   -1.769751e-24   1.227428e-02   4.657900e-24   2291406
  3.794091e+01   3.892412e-24   1.226463e-02   4.659276e-24   2250410
  3.798340e+01   -1.065562e-23   1.226403e-02   4.667314e-24   2211486
  3.802590e+01   1.132994e-23   1.227094e-02   4.680138e-24   2174194
  3.806841e+01   2.410729e-25   1.227271e-02   4.673570e-24   2136416
  3.811093e+01   1.931432e-24   1.227972e-02   4.696831e-24   2100070
  3.815344e+01   -3.014390e-24   1.226224e-02   4.706716e-24   2060026
  3.819594e+01   1.489382e-24   1.227745e-02   4.714885e-24   2025910
  3.823846e+01   3.791039e-25   1.227012e-02   4.730185e-24   1988576
  3.828096e+01   -1.368930e-24   1.226824e-02   4.727585e-24   1952610
  3.832347e+01   4.572628e-24   1.226944e-02   4.753009e-24   1917470
  3.836597e+01   6.217616e-24   1.226960e-02   4.770956e-24   1882484
  3.840848e+01   2.767685e-24   1.227230e-02   4.776807e-24   1848262
  3.845101e+01   3.615528e-25   1.228531e-02   4.803517e-24   1816024
  3.849355e+01   -1.335631e-24   1.227230e-02   4.807841e-24   1780418
  3.853605e+01   -6.974531e-24   1.226815e-02   4.833427e-24   1746576
  3.857856e+01   4.771151e-24   1.227451e-02   4.862972e-24   1714622
  3.862107e+01   6.740150e-24   1.227068e-02   4.870021e-24   1681692
  3.866358e+01   3.851580e-24   1.226987e-02   4.895052e-24   1649574
  3.870606e+01   -1.688105e-23   1.225405e-02   4.916551e-24   1615788
  3.874855e+01   -2.235510e-24   1.227462e-02   4.936000e-24   1587064
  3.879108e+01   -1.149082e-23   1.227930e-02   4.962309e-24   1556598
  3.883360e+01   1.031718e-23   1.227389e-02   4.972444e-24   1525380
  3.887612e+01   1.520231e-24   1.227468e-02   5.005204e-24   1495360
  3.891863e+01   7.292366e-24   1.226450e-02   5.033297e-24   1464370
  3.896112e+01   4.829467e-24   1.227040e-02   5.055358e-24   1435656
  3.900363e+01   6.319707e-25   1.226801e-02   5.079574e-24   1406304
  3.904613e+01   1.195291e-24   1.226859e-02   5.121558e-24   1377628
  3.908864e+01   7.237958e-24   1.227348e-02   5.143388e-24   1349744
  3.913115e+01   2.174486e-24   1.227337e-02   5.185483e-24   1321682
  3.917367e+01   6.717309e-24   1.227639e-02   5.211098e-24   1294376
  3.921619e+01   4.150315e-24   1.227256e-02   5.234874e-24   1266768
  3.925869e+01   6.145445e-24   1.226510e-02   5.272319e-24   1239172
  3.930118e+01   -5.704570e-24   1.226095e-02   5.324860e-24   1212224
  3.934367e+01   2.180892e-24   1.226955e-02   5.342888e-24   1186796
  3.938619e+01   4.538976e-24   1.227613e-02   5.380471e-24   1161432
  3.942870e+01   -7.909945e-24   1.227171e-02   5.426775e-24   1135408
  3.947122e+01   -1.314566e-23   1.227296e-02   5.473457e-24   1110324
  3.951374e+01   1.209656e-24   1.227570e-02   5.499561e-24   1085680
  3.955625e+01   6.156455e-24   1.226737e-02   5.564367e-24   1060364
  3.959875e+01   -5.741536e-24   1.227507e-02   5.613252e-24   1036736
  3.964128e+01   3.865341e-24   1.228225e-02   5.663848e-24   1013388
  3.968380e+01   5.333681e-25   1.226708e-02   5.711475e-24   988656
  3.972630e+01   -5.252579e-24   1.226695e-02   5.743046e-24   965530
  3.976879e+01   -9.204833e-25   1.225942e-02   5.811888e-24   942100
  3.981127e+01   3.973698e-24   1.226457e-02   5.848651e-24   919888
  3.985377e+01   7.220723e-24   1.226597e-02   5.916449e-24   897628
  3.989627e+01   5.674127e-24   1.227002e-02   5.943625e-24   875856
  3.993878e+01   -1.441084e-23   1.227840e-02   6.010899e-24   854736
  3.998132e+01   4.308379e-24   1.228018e-02   6.060621e-24   833510
  4.002385e+01   -1.537584e-24   1.227248e-02   6.142518e-24   811976
  4.006635e+01   -1.114367e-23   1.226626e-02   6.201700e-24   790844
  4.010884e+01   -1.482376e-23   1.226521e-02   6.265349e-24   770320
  4.015135e+01   -5.159732e-24   1.227665e-02   6.338148e-24   750838
  4.019387e+01   2.253262e-23   1.227491e-02   6.398276e-24   730864
  4.023638e+01   8.478052e-24   1.226816e-02   6.464799e-24   710984
  4.027888e+01   -2.166440e-24   1.226909e-02   6.529372e-24   691894
  4.032138e+01   1.912852e-24   1.226442e-02   6.637496e-24   672776
  4.036388e+01   -1.976921e-23   1.226826e-02   6.706044e-24   654372
  4.040638e+01   1.938351e-24   1.226215e-02   6.782495e-24   635682
  4.044886e+01   -1.124348e-23   1.225955e-02   6.883930e-24   617460
  4.049134e+01   -5.776705e-24   1.226707e-02   6.976922e-24   600024
  4.053385e+01   -3.200184e-24   1.227362e-02   7.076799e-24   582830
  4.057638e+01   1.269567e-23   1.228135e-02   7.146911e-24   566000
  4.061890e+01   1.593083e-23   1.226617e-02   7.252509e-24   548458
  4.066141e+01   1.546549e-23   1.227047e-02   7.330663e-24   532084
  4.070391e+01   8.297336e-24   1.226296e-02   7.451283e-24   515440
  4.074640e+01   -2.341046e-24   1.225813e-02   7.567789e-24   499174
  4.078887e+01   -5.356372e-24   1.225821e-02   7.682359e-24   483368
  4.083136e+01   1.775468e-23   1.227023e-02   7.763731e-24   468270
  4.087389e+01   1.694333e-23   1.228696e-02   7.888197e-24   453568
  4.091643e+01   -1.538364e-23   1.227409e-02   8.044372e-24   438106
  4.095894e+01   6.387194e-24   1.227469e-02   8.124385e-24   423508
  4.100145e+01   1.287738e-23   1.226141e-02   8.286884e-24   408754
  4.104393e+01   -7.957401e-24   1.225820e-02   8.416297e-24   394612
  4.108642e+01   3.062674e-25   1.225930e-02   8.588504e-24   380826
  4.112890e+01   1.331109e-23   1.225454e-02   8.694014e-24   367086
  4.117139e+01   -1.037621e-23   1.226090e-02   8.891429e-24   353904
  4.121389e+01   1.252143e-23   1.227137e-02   9.003844e-24   341046
  4.125641e+01   3.153642e-24   1.227131e-02   9.218794e-24   328144
  4.129892e+01   1.370215e-23   1.227396e-02   9.352470e-24   315598
  4.134144e+01   -8.476385e-24   1.228177e-02   9.577225e-24   303466
  4.138397e+01   -2.074304e-24   1.228223e-02   9.835682e-24   291456
  4.142650e+01   4.905909e-24   1.227604e-02   9.875183e-24   279614
  4.146899e+01   9.422209e-24   1.225106e-02   1.017525e-23   267680
  4.151144e+01   1.484637e-23   1.224457e-02   1.036057e-23   256438
  4.155391e+01   1.114994e-23   1.224802e-02   1.059317e-23   245618
  4.159638e+01   -2.556188e-23   1.223546e-02   1.084890e-23   234708
  4.163882e+01   6.585436e-24   1.223171e-02   1.106710e-23   224210
  4.168126e+01   4.749901e-24   1.223403e-02   1.138767e-23   214046
  4.172371e+01   3.111159e-23   1.223949e-02   1.156906e-23   204152
  4.176619e+01   3.607012e-23   1.225107e-02   1.190811e-23   194558
  4.180866e+01   6.029152e-24   1.225135e-02   1.217226e-23   185018
  4.185115e+01   -1.026917e-24   1.226437e-02   1.256730e-23   175918
  4.189365e+01   4.445589e-24   1.227339e-02   1.284713e-23   166992
  4.193617e+01   1.136391e-23   1.228038e-02   1.328251e-23   158294
  4.197870e+01   1.420643e-23   1.228439e-02   1.362518e-23   149842
  4.202124e+01   3.199678e-23   1.227461e-02   1.390522e-23   141530
  4.206372e+01   9.442807e-24   1.224204e-02   1.453137e-23   133284
  4.210617e+01   -1.788990e-23   1.222942e-02   1.486616e-23   125546
  4.214861e+01   -9.246883e-24   1.220458e-02   1.526354e-23   117950
  4.219103e+01   -4.537902e-23   1.219441e-02   1.574803e-23   110746
  4.223344e+01   4.033604e-24   1.215920e-02   1.643806e-23   103572
  4.227581e+01   -6.182665e-26   1.214429e-02   1.706752e-23   96818
  4.231818e+01   -3.485506e-23   1.212533e-02   1.761861e-23   90262
  4.236054e+01   -2.824473e-23   1.210927e-02   1.835700e-23   83970
  4.240287e+01   -2.316118e-23   1.207941e-02   1.923972e-23   77846
  4.244517e+01   3.777088e-24   1.204821e-02   1.999156e-23   71984
  4.248745e+01   -2.475644e-23   1.202292e-02   2.061908e-23   66398
  4.252973e+01   3.780550e-23   1.200147e-02   2.157047e-23   61058
  4.257200e+01   -1.701112e-23   1.198286e-02   2.249222e-23   55958
  4.261428e+01   -1.777222e-23   1.196279e-02   2.361586e-23   51082
  4.265654e+01   6.949696e-23   1.192707e-02   2.498181e-23   46398
  4.269877e+01   2.874840e-23   1.188372e-02   2.610038e-23   41954
  4.274096e+01   -1.128737e-23   1.182018e-02   2.769249e-23   37718
  4.278311e+01   1.235574e-23   1.175253e-02   2.937542e-23   33736
  4.282524e+01   -3.518499e-23   1.169132e-02   3.120736e-23   30006
  4.286737e+01   -1.838174e-23   1.164907e-02   3.329584e-23   26522
  4.290955e+01   -9.910072e-23   1.162191e-02   3.558312e-23   23254
  4.295172e+01   -1.052733e-22   1.158330e-02   3.779745e-23   20178
  4.299391e+01   -7.963359e-23   1.156315e-02   4.078813e-23   17342
  4.303612e+01   -6.403869e-23   1.154632e-02   4.469037e-23   14714
  4.307837e+01   4.092402e-23   1.155162e-02   4.975995e-23   12310
  4.312059e+01   2.271445e-23   1.152174e-02   5.396541e-23   10098
  4.316283e+01   1.546282e-22   1.151731e-02   6.197030e-23   8126
  4.320507e+01   -9.826878e-23   1.151119e-02   7.019878e-23   6362
  4.324736e+01   7.302058e-23   1.155455e-02   7.969401e-23   4822
  4.328956e+01   2.829994e-23   1.148980e-02   9.198099e-23   3474
  4.333169e+01   1.621111e-22   1.147690e-02   1.203420e-22   2366
  4.337376e+01   -2.227192e-24   1.144014e-02   1.425931e-22   1466
  4.341590e+01   -3.661946e-22   1.170054e-02   1.951758e-22   790
  4.345704e+01   3.050615e-22   1.106884e-02   2.887402e-22   306
  4.349554e+01   -9.540253e-22   9.430857e-03   6.599909e-22   62
