# power spectrum of delta
# redshift z=0.996075
# k              Pk             sigma(k)       sigma(Pk)      count
  3.132125e-02   5.027826e-03   4.792454e-03   9.373521e-04   18
  6.745391e-02   5.653122e-02   1.159167e-02   5.598722e-03   152
  1.090113e-01   1.321801e-01   1.224347e-02   6.187740e-03   416
  1.497134e-01   2.190758e-01   1.165022e-02   8.168710e-03   770
  1.923472e-01   3.157398e-01   1.247860e-02   8.797244e-03   1364
  2.350444e-01   4.229001e-01   1.221820e-02   9.388246e-03   1976
  2.775930e-01   5.368315e-01   1.245022e-02   1.040041e-02   2792
  3.193857e-01   6.752036e-01   1.188722e-02   1.116445e-02   3578
  3.615292e-01   7.895037e-01   1.219808e-02   1.158121e-02   4724
  4.045273e-01   9.337703e-01   1.253838e-02   1.200209e-02   6032
  4.469941e-01   1.056134e+00   1.206640e-02   1.278258e-02   7072
  4.890810e-01   1.252424e+00   1.222555e-02   1.371802e-02   8634
  5.318886e-01   1.468163e+00   1.238102e-02   1.443445e-02   10336
  5.746708e-01   1.631903e+00   1.232804e-02   1.499497e-02   11940
  6.167490e-01   1.832978e+00   1.208586e-02   1.569378e-02   13490
  6.588740e-01   2.078059e+00   1.221778e-02   1.688044e-02   15656
  7.016595e-01   2.337022e+00   1.241043e-02   1.736279e-02   18008
  7.443680e-01   2.599046e+00   1.227786e-02   1.851409e-02   19964
  7.867827e-01   2.809817e+00   1.226437e-02   1.877396e-02   22354
  8.291404e-01   3.124755e+00   1.212327e-02   1.984916e-02   24648
  8.716536e-01   3.406801e+00   1.233244e-02   2.059329e-02   27592
  9.142068e-01   3.724749e+00   1.230127e-02   2.132364e-02   30152
  9.566749e-01   4.021939e+00   1.227622e-02   2.209028e-02   33046
  9.991233e-01   4.311527e+00   1.221538e-02   2.273078e-02   35992
  1.041693e+00   4.795221e+00   1.229906e-02   2.428723e-02   39304
  1.084289e+00   5.038274e+00   1.232858e-02   2.435877e-02   42608
  1.126820e+00   5.515805e+00   1.223307e-02   2.583742e-02   45758
  1.169340e+00   5.898246e+00   1.228914e-02   2.649555e-02   49536
  1.211695e+00   6.312999e+00   1.215683e-02   2.756210e-02   52488
  1.254054e+00   6.759251e+00   1.233851e-02   2.834868e-02   57034
  1.296605e+00   7.123926e+00   1.224458e-02   2.904935e-02   60648
  1.339187e+00   7.620650e+00   1.230532e-02   2.984271e-02   65044
  1.381689e+00   7.977733e+00   1.223104e-02   3.043479e-02   68720
  1.424202e+00   8.430195e+00   1.231312e-02   3.119974e-02   73538
  1.466870e+00   9.049094e+00   1.230776e-02   3.242169e-02   78080
  1.509304e+00   9.434444e+00   1.215944e-02   3.303417e-02   81572
  1.551677e+00   9.977066e+00   1.232495e-02   3.396080e-02   87248
  1.594353e+00   1.048102e+01   1.233837e-02   3.421870e-02   92266
  1.636929e+00   1.097516e+01   1.225268e-02   3.522823e-02   96696
  1.679216e+00   1.158075e+01   1.215041e-02   3.659578e-02   100904
  1.721516e+00   1.209622e+01   1.226207e-02   3.712181e-02   107036
  1.764192e+00   1.266427e+01   1.235795e-02   3.776733e-02   113362
  1.806923e+00   1.323979e+01   1.228837e-02   3.857150e-02   118176
  1.849351e+00   1.378409e+01   1.221864e-02   3.935653e-02   122944
  1.891857e+00   1.434116e+01   1.233203e-02   3.953895e-02   129902
  1.934420e+00   1.498586e+01   1.224691e-02   4.108292e-02   134944
  1.976863e+00   1.545280e+01   1.225992e-02   4.105962e-02   140952
  2.019285e+00   1.612035e+01   1.225865e-02   4.207561e-02   147072
  2.061737e+00   1.654393e+01   1.224320e-02   4.238420e-02   153382
  2.104357e+00   1.729605e+01   1.233049e-02   4.297101e-02   160952
  2.147003e+00   1.770403e+01   1.228118e-02   4.334886e-02   166640
  2.189431e+00   1.843702e+01   1.222861e-02   4.457838e-02   172448
  2.231915e+00   1.899022e+01   1.231031e-02   4.481366e-02   180594
  2.274471e+00   1.971461e+01   1.224284e-02   4.576747e-02   186556
  2.316888e+00   2.024024e+01   1.225358e-02   4.594751e-02   193528
  2.359297e+00   2.099293e+01   1.224273e-02   4.670368e-02   200626
  2.401844e+00   2.150161e+01   1.230642e-02   4.716238e-02   209256
  2.444460e+00   2.213346e+01   1.227865e-02   4.808028e-02   216020
  2.487004e+00   2.273273e+01   1.230299e-02   4.830633e-02   223768
  2.529444e+00   2.334428e+01   1.222313e-02   4.847179e-02   230234
  2.571955e+00   2.392735e+01   1.229969e-02   4.879108e-02   239800
  2.614499e+00   2.459427e+01   1.225221e-02   4.957608e-02   246568
  2.656957e+00   2.508048e+01   1.227331e-02   4.977206e-02   254828
  2.699414e+00   2.581122e+01   1.225769e-02   5.056122e-02   263074
  2.741981e+00   2.644905e+01   1.228604e-02   5.069472e-02   272312
  2.784554e+00   2.708520e+01   1.228079e-02   5.114169e-02   280376
  2.827093e+00   2.775007e+01   1.228600e-02   5.162148e-02   288884
  2.869605e+00   2.828372e+01   1.227401e-02   5.202832e-02   297602
  2.912071e+00   2.870631e+01   1.223046e-02   5.208907e-02   305520
  2.954561e+00   2.951862e+01   1.230079e-02   5.235906e-02   315976
  2.996984e+00   3.020393e+01   1.221089e-02   5.325957e-02   322778
  3.039488e+00   3.080619e+01   1.232008e-02   5.321180e-02   335372
  3.082114e+00   3.136917e+01   1.227327e-02   5.342701e-02   343464
  3.124654e+00   3.213632e+01   1.228282e-02   5.416006e-02   352912
  3.167174e+00   3.251624e+01   1.228199e-02   5.400533e-02   362666
  3.209689e+00   3.320012e+01   1.225476e-02   5.428418e-02   371884
  3.252186e+00   3.382352e+01   1.227971e-02   5.466462e-02   382280
  3.294633e+00   3.444574e+01   1.224302e-02   5.511134e-02   390888
  3.337059e+00   3.506387e+01   1.226867e-02   5.526624e-02   402234
  3.379565e+00   3.548805e+01   1.225933e-02   5.539212e-02   412576
  3.422105e+00   3.599167e+01   1.228715e-02   5.510352e-02   423732
  3.464636e+00   3.664991e+01   1.227257e-02   5.558926e-02   433624
  3.507180e+00   3.706335e+01   1.228881e-02   5.550227e-02   445154
  3.549739e+00   3.791809e+01   1.227656e-02   5.628031e-02   455584
  3.592238e+00   3.829330e+01   1.225887e-02   5.614784e-02   465588
  3.634685e+00   3.885962e+01   1.226065e-02   5.638465e-02   476762
  3.677219e+00   3.948099e+01   1.229242e-02   5.620351e-02   489552
  3.719789e+00   3.990163e+01   1.227853e-02   5.631102e-02   500328
  3.762251e+00   4.039047e+01   1.223705e-02   5.650472e-02   509852
  3.804741e+00   4.114333e+01   1.229735e-02   5.650139e-02   524234
  3.847275e+00   4.166429e+01   1.224781e-02   5.713373e-02   534104
  3.889779e+00   4.205758e+01   1.228211e-02   5.714997e-02   547048
  3.932320e+00   4.246295e+01   1.229545e-02   5.668356e-02   559328
  3.974872e+00   4.311779e+01   1.228346e-02   5.686087e-02   571326
  4.017355e+00   4.356021e+01   1.224147e-02   5.698521e-02   581920
  4.059804e+00   4.418378e+01   1.225835e-02   5.741700e-02   594832
  4.102282e+00   4.461862e+01   1.227222e-02   5.717765e-02   608048
  4.144825e+00   4.525460e+01   1.228101e-02   5.739296e-02   621526
  4.187356e+00   4.562776e+01   1.226445e-02   5.743862e-02   633240
  4.229822e+00   4.599986e+01   1.225981e-02   5.717025e-02   645472
  4.272346e+00   4.661540e+01   1.230137e-02   5.752921e-02   660906
  4.314903e+00   4.718151e+01   1.227030e-02   5.763121e-02   672856
  4.357425e+00   4.779736e+01   1.226838e-02   5.762521e-02   685980
  4.399921e+00   4.824419e+01   1.227191e-02   5.760837e-02   699256
  4.442476e+00   4.861139e+01   1.229990e-02   5.733525e-02   714730
  4.484986e+00   4.900962e+01   1.223739e-02   5.761717e-02   725152
  4.527452e+00   4.957276e+01   1.227054e-02   5.767496e-02   740420
  4.569941e+00   5.011937e+01   1.227636e-02   5.768889e-02   754312
  4.612456e+00   5.047984e+01   1.227959e-02   5.745213e-02   769114
  4.654996e+00   5.094362e+01   1.227684e-02   5.774327e-02   783488
  4.697459e+00   5.141283e+01   1.223560e-02   5.766235e-02   794968
  4.739925e+00   5.185916e+01   1.228043e-02   5.755758e-02   812366
  4.782438e+00   5.240798e+01   1.226054e-02   5.788687e-02   825976
  4.825000e+00   5.280740e+01   1.230088e-02   5.752554e-02   843352
  4.867591e+00   5.331472e+01   1.229290e-02   5.751280e-02   857280
  4.910094e+00   5.359117e+01   1.225276e-02   5.743143e-02   869542
  4.952587e+00   5.408128e+01   1.228301e-02   5.748904e-02   887128
  4.995087e+00   5.426766e+01   1.225266e-02   5.721150e-02   900032
  5.037553e+00   5.495348e+01   1.226951e-02   5.728829e-02   916560
  5.080018e+00   5.517616e+01   1.224713e-02   5.720149e-02   930922
  5.122540e+00   5.554907e+01   1.228718e-02   5.689371e-02   949844
  5.165149e+00   5.607511e+01   1.230776e-02   5.715554e-02   966736
  5.207698e+00   5.645306e+01   1.226328e-02   5.718348e-02   978776
  5.250149e+00   5.702527e+01   1.225655e-02   5.710315e-02   994522
  5.292642e+00   5.720805e+01   1.227563e-02   5.693137e-02   1012420
  5.335176e+00   5.759937e+01   1.228639e-02   5.682482e-02   1029408
  5.377640e+00   5.805152e+01   1.223362e-02   5.673928e-02   1041658
  5.420127e+00   5.828183e+01   1.228953e-02   5.652053e-02   1063520
  5.462635e+00   5.864741e+01   1.224276e-02   5.644124e-02   1075808
  5.505175e+00   5.901316e+01   1.232008e-02   5.628171e-02   1098956
  5.547712e+00   5.937070e+01   1.224668e-02   5.642047e-02   1109810
  5.590179e+00   5.981446e+01   1.226115e-02   5.640293e-02   1128608
  5.632713e+00   6.006460e+01   1.229436e-02   5.606340e-02   1148264
  5.675250e+00   6.047161e+01   1.227167e-02   5.599585e-02   1163252
  5.717744e+00   6.094732e+01   1.226828e-02   5.605774e-02   1181042
  5.760239e+00   6.125279e+01   1.225730e-02   5.580592e-02   1197848
  5.802769e+00   6.137372e+01   1.229495e-02   5.567371e-02   1218848
  5.845291e+00   6.173185e+01   1.225944e-02   5.569851e-02   1232916
  5.887780e+00   6.217593e+01   1.227538e-02   5.545742e-02   1253002
  5.930266e+00   6.242167e+01   1.224914e-02   5.551002e-02   1268576
  5.972763e+00   6.272581e+01   1.228621e-02   5.525806e-02   1290128
  6.015287e+00   6.306659e+01   1.227337e-02   5.522834e-02   1307402
  6.057820e+00   6.330186e+01   1.227649e-02   5.497484e-02   1327028
  6.100333e+00   6.360074e+01   1.225988e-02   5.485650e-02   1343648
  6.142842e+00   6.390951e+01   1.228087e-02   5.456796e-02   1364096
  6.185363e+00   6.434602e+01   1.227580e-02   5.477527e-02   1382730
  6.227896e+00   6.451086e+01   1.227503e-02   5.447220e-02   1402164
  6.270416e+00   6.486787e+01   1.227264e-02   5.435131e-02   1420464
  6.312883e+00   6.489517e+01   1.225519e-02   5.415555e-02   1437368
  6.355387e+00   6.535920e+01   1.228857e-02   5.404147e-02   1461530
  6.397919e+00   6.565404e+01   1.226028e-02   5.397132e-02   1478264
  6.440432e+00   6.590932e+01   1.227561e-02   5.380315e-02   1499356
  6.482926e+00   6.631927e+01   1.226095e-02   5.394904e-02   1517016
  6.525439e+00   6.648226e+01   1.228340e-02   5.350736e-02   1540090
  6.567953e+00   6.675156e+01   1.226146e-02   5.349736e-02   1557360
  6.610434e+00   6.698670e+01   1.226770e-02   5.331674e-02   1577780
  6.652969e+00   6.734536e+01   1.230043e-02   5.326385e-02   1602578
  6.695499e+00   6.756007e+01   1.225417e-02   5.313111e-02   1617672
  6.737992e+00   6.787814e+01   1.227613e-02   5.294604e-02   1641016
  6.780486e+00   6.804329e+01   1.226032e-02   5.278761e-02   1659416
  6.822983e+00   6.839202e+01   1.227372e-02   5.281428e-02   1682670
  6.865529e+00   6.850554e+01   1.228276e-02   5.245786e-02   1705256
  6.908096e+00   6.878529e+01   1.228756e-02   5.236243e-02   1726312
  6.950582e+00   6.904663e+01   1.225056e-02   5.236793e-02   1741880
  6.993044e+00   6.920586e+01   1.226862e-02   5.202586e-02   1766454
  7.035588e+00   6.951460e+01   1.229242e-02   5.192330e-02   1791784
  7.078111e+00   6.972018e+01   1.225558e-02   5.182812e-02   1807712
  7.120554e+00   6.983999e+01   1.225110e-02   5.171998e-02   1829002
  7.163037e+00   7.003550e+01   1.226905e-02   5.144676e-02   1854216
  7.205602e+00   7.051182e+01   1.229852e-02   5.151766e-02   1880156
  7.248150e+00   7.048718e+01   1.227340e-02   5.122315e-02   1897568
  7.290651e+00   7.077051e+01   1.227390e-02   5.103402e-02   1920458
  7.333153e+00   7.105824e+01   1.226399e-02   5.094713e-02   1942208
  7.375659e+00   7.124261e+01   1.227125e-02   5.079944e-02   1965612
  7.418175e+00   7.130540e+01   1.227855e-02   5.058556e-02   1989000
  7.460671e+00   7.157667e+01   1.225786e-02   5.057926e-02   2009114
  7.503166e+00   7.184484e+01   1.226960e-02   5.030391e-02   2034464
  7.545695e+00   7.199786e+01   1.228070e-02   5.014463e-02   2058476
  7.588207e+00   7.223696e+01   1.227216e-02   5.003388e-02   2079648
  7.630693e+00   7.222383e+01   1.226356e-02   4.986761e-02   2102578
  7.673222e+00   7.248733e+01   1.228297e-02   4.962262e-02   2129928
  7.715766e+00   7.271154e+01   1.227893e-02   4.946267e-02   2152096
  7.758252e+00   7.292638e+01   1.225143e-02   4.943521e-02   2171142
  7.800741e+00   7.312147e+01   1.227660e-02   4.935109e-02   2200248
  7.843296e+00   7.313340e+01   1.228407e-02   4.902851e-02   2225216
  7.885842e+00   7.332229e+01   1.228377e-02   4.889970e-02   2248448
  7.928336e+00   7.352436e+01   1.225709e-02   4.885758e-02   2267942
  7.970840e+00   7.365769e+01   1.228420e-02   4.853495e-02   2298072
  8.013348e+00   7.382124e+01   1.225627e-02   4.856106e-02   2317272
  8.055842e+00   7.396371e+01   1.227899e-02   4.828439e-02   2345808
  8.098322e+00   7.401363e+01   1.224988e-02   4.817054e-02   2365650
  8.140823e+00   7.421799e+01   1.227972e-02   4.791688e-02   2396940
  8.183368e+00   7.436979e+01   1.227975e-02   4.783106e-02   2421272
  8.225892e+00   7.460338e+01   1.227360e-02   4.774932e-02   2444576
  8.268407e+00   7.466783e+01   1.227899e-02   4.751681e-02   2471490
  8.310912e+00   7.471931e+01   1.225942e-02   4.733761e-02   2493180
  8.353397e+00   7.505773e+01   1.227208e-02   4.722080e-02   2520952
  8.395888e+00   7.495041e+01   1.226128e-02   4.698445e-02   2544946
  8.438392e+00   7.519549e+01   1.227324e-02   4.691265e-02   2573856
  8.480922e+00   7.528192e+01   1.227611e-02   4.668843e-02   2600016
  8.523447e+00   7.542018e+01   1.227641e-02   4.651908e-02   2625484
  8.565959e+00   7.547339e+01   1.227232e-02   4.642273e-02   2651122
  8.608519e+00   7.547361e+01   1.229739e-02   4.606839e-02   2683488
  8.651014e+00   7.569073e+01   1.223786e-02   4.615483e-02   2696352
  8.693483e+00   7.582335e+01   1.228468e-02   4.587672e-02   2733020
  8.736008e+00   7.591430e+01   1.227012e-02   4.573969e-02   2757378
  8.778525e+00   7.598113e+01   1.227177e-02   4.550580e-02   2784864
  8.821036e+00   7.608050e+01   1.227124e-02   4.537410e-02   2811168
  8.863496e+00   7.620247e+01   1.224424e-02   4.523168e-02   2832274
  8.906020e+00   7.634230e+01   1.230244e-02   4.497210e-02   2873636
  8.948567e+00   7.623601e+01   1.225951e-02   4.485175e-02   2890496
  8.991066e+00   7.639069e+01   1.227940e-02   4.466967e-02   2921800
  9.033598e+00   7.639878e+01   1.228441e-02   4.439740e-02   2951298
  9.076126e+00   7.650162e+01   1.226510e-02   4.433207e-02   2975476
  9.118654e+00   7.669907e+01   1.228550e-02   4.421602e-02   3007728
  9.161142e+00   7.670619e+01   1.224754e-02   4.412420e-02   3025776
  9.203640e+00   7.667913e+01   1.229182e-02   4.381088e-02   3065762
  9.246160e+00   7.682807e+01   1.225283e-02   4.379005e-02   3084856
  9.288649e+00   7.689823e+01   1.227594e-02   4.356055e-02   3118044
  9.331129e+00   7.703799e+01   1.225728e-02   4.349544e-02   3141352
  9.373640e+00   7.698299e+01   1.228814e-02   4.317875e-02   3179274
  9.416185e+00   7.711569e+01   1.227073e-02   4.308833e-02   3204120
  9.458671e+00   7.707439e+01   1.225444e-02   4.297230e-02   3227900
  9.501151e+00   7.717851e+01   1.227489e-02   4.276692e-02   3262394
  9.543701e+00   7.723661e+01   1.228726e-02   4.254983e-02   3295680
  9.586236e+00   7.728290e+01   1.226866e-02   4.248093e-02   3319560
  9.628737e+00   7.740054e+01   1.227228e-02   4.229507e-02   3348972
  9.671240e+00   7.742235e+01   1.227416e-02   4.207448e-02   3379722
  9.713763e+00   7.737236e+01   1.227339e-02   4.193109e-02   3410720
  9.756299e+00   7.749601e+01   1.227807e-02   4.182543e-02   3441504
  9.798787e+00   7.743961e+01   1.225320e-02   4.164430e-02   3463624
  9.841266e+00   7.748607e+01   1.227217e-02   4.143417e-02   3499790
  9.883803e+00   7.753484e+01   1.228281e-02   4.126393e-02   3533560
  9.926350e+00   7.762003e+01   1.227932e-02   4.118652e-02   3561920
  9.968836e+00   7.759956e+01   1.225683e-02   4.098929e-02   3585208
  1.001132e+01   7.771131e+01   1.227674e-02   4.079327e-02   3622518
  1.005387e+01   7.757075e+01   1.228938e-02   4.051281e-02   3657584
  1.009637e+01   7.761720e+01   1.225003e-02   4.046630e-02   3676440
  1.013883e+01   7.762160e+01   1.226093e-02   4.032919e-02   3711282
  1.018134e+01   7.765622e+01   1.227505e-02   4.012577e-02   3747696
  1.022386e+01   7.769141e+01   1.226890e-02   3.995930e-02   3776188
  1.026640e+01   7.763559e+01   1.229793e-02   3.972386e-02   3815304
  1.030893e+01   7.758675e+01   1.225864e-02   3.963301e-02   3835370
  1.035143e+01   7.766386e+01   1.227570e-02   3.944513e-02   3873424
  1.039395e+01   7.767472e+01   1.227191e-02   3.934573e-02   3903420
  1.043647e+01   7.761817e+01   1.228014e-02   3.915003e-02   3937624
  1.047898e+01   7.759518e+01   1.226404e-02   3.897069e-02   3965658
  1.052150e+01   7.766490e+01   1.227921e-02   3.881012e-02   4002984
  1.056400e+01   7.753640e+01   1.226054e-02   3.866173e-02   4027928
  1.060647e+01   7.752033e+01   1.225976e-02   3.849770e-02   4059844
  1.064896e+01   7.764681e+01   1.227978e-02   3.834750e-02   4100338
  1.069151e+01   7.764871e+01   1.227651e-02   3.820671e-02   4132264
  1.073403e+01   7.767145e+01   1.227390e-02   3.808785e-02   4163216
  1.077652e+01   7.751421e+01   1.226459e-02   3.787733e-02   4193350
  1.081904e+01   7.758024e+01   1.228427e-02   3.771142e-02   4234456
  1.086156e+01   7.746060e+01   1.225632e-02   3.754024e-02   4257264
  1.090405e+01   7.744766e+01   1.227910e-02   3.738361e-02   4297352
  1.094656e+01   7.741943e+01   1.226998e-02   3.722526e-02   4328642
  1.098909e+01   7.739055e+01   1.228265e-02   3.696723e-02   4367948
  1.103158e+01   7.733471e+01   1.224720e-02   3.686860e-02   4388384
  1.107408e+01   7.731747e+01   1.228899e-02   3.670523e-02   4436648
  1.111661e+01   7.736336e+01   1.227199e-02   3.663738e-02   4465658
  1.115915e+01   7.727801e+01   1.227871e-02   3.638505e-02   4502948
  1.120165e+01   7.721233e+01   1.225915e-02   3.631571e-02   4528880
  1.124413e+01   7.712883e+01   1.226872e-02   3.613352e-02   4566290
  1.128665e+01   7.712142e+01   1.228262e-02   3.600430e-02   4606856
  1.132917e+01   7.711125e+01   1.226621e-02   3.583721e-02   4635380
  1.137166e+01   7.692145e+01   1.226853e-02   3.562631e-02   4670384
  1.141417e+01   7.703035e+01   1.227665e-02   3.551849e-02   4709258
  1.145672e+01   7.691929e+01   1.228130e-02   3.531089e-02   4747352
  1.149922e+01   7.681504e+01   1.225462e-02   3.516322e-02   4771664
  1.154171e+01   7.674072e+01   1.227440e-02   3.496935e-02   4813532
  1.158423e+01   7.671904e+01   1.228175e-02   3.482069e-02   4852322
  1.162677e+01   7.666905e+01   1.227605e-02   3.468231e-02   4886480
  1.166928e+01   7.659581e+01   1.226516e-02   3.455571e-02   4917248
  1.171175e+01   7.659034e+01   1.226039e-02   3.443906e-02   4950828
  1.175428e+01   7.659962e+01   1.229115e-02   3.430301e-02   5000170
  1.179682e+01   7.635934e+01   1.226743e-02   3.405585e-02   5026952
  1.183930e+01   7.636454e+01   1.225870e-02   3.395379e-02   5058752
  1.188178e+01   7.637589e+01   1.227096e-02   3.383091e-02   5100722
  1.192431e+01   7.628826e+01   1.227592e-02   3.363760e-02   5140124
  1.196682e+01   7.615610e+01   1.227175e-02   3.348749e-02   5174072
  1.200934e+01   7.604051e+01   1.227571e-02   3.333040e-02   5211608
  1.205185e+01   7.610751e+01   1.227167e-02   3.323980e-02   5247794
  1.209436e+01   7.587786e+01   1.226763e-02   3.303102e-02   5284196
  1.213689e+01   7.584567e+01   1.228663e-02   3.289920e-02   5328800
  1.217939e+01   7.591355e+01   1.225244e-02   3.283287e-02   5350872
  1.222188e+01   7.572199e+01   1.227843e-02   3.260838e-02   5400634
  1.226439e+01   7.570472e+01   1.226116e-02   3.250039e-02   5430968
  1.230690e+01   7.560631e+01   1.228074e-02   3.231894e-02   5475908
  1.234942e+01   7.547272e+01   1.227341e-02   3.214289e-02   5510016
  1.239194e+01   7.545876e+01   1.227878e-02   3.200293e-02   5552114
  1.243448e+01   7.537588e+01   1.227536e-02   3.187404e-02   5588944
  1.247700e+01   7.524357e+01   1.227081e-02   3.173367e-02   5623828
  1.251949e+01   7.521964e+01   1.226652e-02   3.161682e-02   5660722
  1.256199e+01   7.506192e+01   1.226569e-02   3.143585e-02   5699896
  1.260450e+01   7.494829e+01   1.227587e-02   3.129185e-02   5741936
  1.264701e+01   7.476235e+01   1.227604e-02   3.112476e-02   5779568
  1.268952e+01   7.471322e+01   1.227056e-02   3.098366e-02   5817222
  1.273202e+01   7.455536e+01   1.226405e-02   3.084954e-02   5854600
  1.277454e+01   7.459729e+01   1.227916e-02   3.071044e-02   5900040
  1.281705e+01   7.440400e+01   1.226601e-02   3.055562e-02   5931976
  1.285956e+01   7.430337e+01   1.228040e-02   3.037183e-02   5979390
  1.290207e+01   7.421471e+01   1.226129e-02   3.027520e-02   6010200
  1.294458e+01   7.412365e+01   1.227731e-02   3.018209e-02   6056496
  1.298708e+01   7.398781e+01   1.226484e-02   2.997952e-02   6089504
  1.302958e+01   7.391250e+01   1.227756e-02   2.983655e-02   6137114
  1.307210e+01   7.367566e+01   1.226880e-02   2.966215e-02   6173332
  1.311461e+01   7.369388e+01   1.227153e-02   2.956518e-02   6214128
  1.315711e+01   7.345909e+01   1.226922e-02   2.938268e-02   6253874
  1.319964e+01   7.335965e+01   1.227851e-02   2.923465e-02   6300104
  1.324216e+01   7.339822e+01   1.226546e-02   2.917510e-02   6332612
  1.328467e+01   7.320171e+01   1.228096e-02   2.900556e-02   6379768
  1.332719e+01   7.306949e+01   1.227439e-02   2.887099e-02   6418218
  1.336971e+01   7.296412e+01   1.227344e-02   2.867787e-02   6459880
  1.341221e+01   7.278240e+01   1.226446e-02   2.858167e-02   6495652
  1.345472e+01   7.273713e+01   1.228092e-02   2.843531e-02   6545296
  1.349724e+01   7.257712e+01   1.226891e-02   2.828950e-02   6581570
  1.353974e+01   7.252700e+01   1.226098e-02   2.815926e-02   6618960
  1.358222e+01   7.229518e+01   1.226863e-02   2.801109e-02   6663352
  1.362471e+01   7.219162e+01   1.226151e-02   2.788098e-02   6701334
  1.366724e+01   7.207594e+01   1.229005e-02   2.773116e-02   6759920
  1.370978e+01   7.195232e+01   1.226871e-02   2.763560e-02   6789696
  1.375229e+01   7.184928e+01   1.227982e-02   2.746675e-02   6837208
  1.379481e+01   7.172560e+01   1.226997e-02   2.735879e-02   6874966
  1.383733e+01   7.158822e+01   1.227445e-02   2.721785e-02   6920864
  1.387984e+01   7.152716e+01   1.226703e-02   2.710345e-02   6957816
  1.392234e+01   7.134599e+01   1.227258e-02   2.699308e-02   7002232
  1.396483e+01   7.115714e+01   1.226616e-02   2.681790e-02   7043114
  1.400736e+01   7.109917e+01   1.228161e-02   2.670823e-02   7096020
  1.404988e+01   7.085556e+01   1.226958e-02   2.654802e-02   7130640
  1.409239e+01   7.075919e+01   1.227310e-02   2.644904e-02   7175472
  1.413489e+01   7.070825e+01   1.226899e-02   2.631160e-02   7217786
  1.417741e+01   7.047549e+01   1.227600e-02   2.613263e-02   7265564
  1.421992e+01   7.038568e+01   1.226528e-02   2.604148e-02   7301288
  1.426240e+01   7.031217e+01   1.226550e-02   2.594530e-02   7345330
  1.430491e+01   7.013539e+01   1.227621e-02   2.578691e-02   7397048
  1.434743e+01   6.999644e+01   1.226815e-02   2.569700e-02   7435920
  1.438994e+01   6.987449e+01   1.227688e-02   2.555881e-02   7484140
  1.443245e+01   6.967442e+01   1.227057e-02   2.541330e-02   7525578
  1.447497e+01   6.957036e+01   1.227007e-02   2.528606e-02   7571376
  1.451748e+01   6.938248e+01   1.227392e-02   2.515645e-02   7617064
  1.456001e+01   6.920944e+01   1.227782e-02   2.501108e-02   7662092
  1.460251e+01   6.907170e+01   1.226530e-02   2.490117e-02   7699658
  1.464502e+01   6.894678e+01   1.227578e-02   2.476837e-02   7752416
  1.468755e+01   6.877435e+01   1.227763e-02   2.462481e-02   7797776
  1.473004e+01   6.858337e+01   1.226070e-02   2.451145e-02   7831720
  1.477255e+01   6.853279e+01   1.227889e-02   2.440960e-02   7889926
  1.481507e+01   6.832106e+01   1.227192e-02   2.425810e-02   7931480
  1.485759e+01   6.814491e+01   1.227300e-02   2.412765e-02   7976688
  1.490006e+01   6.805973e+01   1.225048e-02   2.404318e-02   8007786
  1.494256e+01   6.786872e+01   1.228133e-02   2.388631e-02   8074564
  1.498510e+01   6.773318e+01   1.228034e-02   2.381223e-02   8118904
  1.502762e+01   6.757046e+01   1.226783e-02   2.366006e-02   8155824
  1.507013e+01   6.741477e+01   1.228256e-02   2.353783e-02   8212802
  1.511265e+01   6.728833e+01   1.226047e-02   2.345869e-02   8245268
  1.515516e+01   6.715153e+01   1.228702e-02   2.331509e-02   8308816
  1.519769e+01   6.695572e+01   1.226520e-02   2.318984e-02   8340304
  1.524017e+01   6.689023e+01   1.226489e-02   2.309208e-02   8387738
  1.528267e+01   6.668618e+01   1.226883e-02   2.296270e-02   8437624
  1.532518e+01   6.648975e+01   1.227531e-02   2.281943e-02   8487796
  1.536768e+01   6.633001e+01   1.226572e-02   2.272184e-02   8527936
  1.541020e+01   6.621313e+01   1.227764e-02   2.259722e-02   8585122
  1.545272e+01   6.599587e+01   1.227170e-02   2.247448e-02   8628200
  1.549524e+01   6.581657e+01   1.227868e-02   2.233899e-02   8679484
  1.553776e+01   6.569125e+01   1.226928e-02   2.224628e-02   8721466
  1.558025e+01   6.554563e+01   1.226318e-02   2.213603e-02   8765840
  1.562277e+01   6.536195e+01   1.228142e-02   2.200681e-02   8825136
  1.566528e+01   6.528367e+01   1.226701e-02   2.194607e-02   8861768
  1.570779e+01   6.507950e+01   1.227728e-02   2.179634e-02   8919278
  1.575031e+01   6.492271e+01   1.226638e-02   2.168658e-02   8961008
  1.579282e+01   6.470857e+01   1.227512e-02   2.155199e-02   9014456
  1.583534e+01   6.461987e+01   1.227527e-02   2.146264e-02   9062240
  1.587786e+01   6.441079e+01   1.227311e-02   2.133535e-02   9110510
  1.592036e+01   6.422600e+01   1.226582e-02   2.124630e-02   9154048
  1.596285e+01   6.407901e+01   1.226281e-02   2.113706e-02   9198928
  1.600534e+01   6.388961e+01   1.227531e-02   2.099569e-02   9257194
  1.604787e+01   6.375038e+01   1.227745e-02   2.089189e-02   9310168
  1.609038e+01   6.360139e+01   1.226530e-02   2.080272e-02   9350316
  1.613289e+01   6.338702e+01   1.227684e-02   2.066532e-02   9407120
  1.617541e+01   6.322984e+01   1.227300e-02   2.057037e-02   9454642
  1.621793e+01   6.307335e+01   1.227362e-02   2.046705e-02   9506272
  1.626044e+01   6.290381e+01   1.226942e-02   2.034506e-02   9551228
  1.630294e+01   6.272955e+01   1.227038e-02   2.024848e-02   9600264
  1.634544e+01   6.260179e+01   1.227012e-02   2.014604e-02   9651458
  1.638796e+01   6.244482e+01   1.228049e-02   2.002988e-02   9711488
  1.643048e+01   6.217851e+01   1.226476e-02   1.991882e-02   9749144
  1.647299e+01   6.209654e+01   1.227613e-02   1.984283e-02   9807908
  1.651550e+01   6.190102e+01   1.227043e-02   1.971270e-02   9854786
  1.655803e+01   6.175422e+01   1.228107e-02   1.961819e-02   9914304
  1.660053e+01   6.156781e+01   1.225867e-02   1.952120e-02   9945544
  1.664301e+01   6.136007e+01   1.226718e-02   1.940518e-02   10003414
  1.668552e+01   6.119591e+01   1.227468e-02   1.931023e-02   10062032
  1.672804e+01   6.101621e+01   1.227657e-02   1.918357e-02   10114792
  1.677058e+01   6.090651e+01   1.228180e-02   1.909007e-02   10169936
  1.681307e+01   6.072220e+01   1.225060e-02   1.902512e-02   10196602
  1.685558e+01   6.058175e+01   1.228906e-02   1.890722e-02   10281156
  1.689811e+01   6.035030e+01   1.226275e-02   1.879031e-02   10309376
  1.694060e+01   6.027426e+01   1.227427e-02   1.873027e-02   10369856
  1.698310e+01   6.000278e+01   1.226425e-02   1.859941e-02   10415370
  1.702562e+01   5.982579e+01   1.228018e-02   1.847563e-02   10481988
  1.706815e+01   5.969277e+01   1.227822e-02   1.838966e-02   10531200
  1.711066e+01   5.946523e+01   1.226163e-02   1.829223e-02   10569416
  1.715315e+01   5.932751e+01   1.227286e-02   1.819768e-02   10633066
  1.719568e+01   5.915095e+01   1.227546e-02   1.808867e-02   10687548
  1.723821e+01   5.899712e+01   1.228168e-02   1.800646e-02   10743968
  1.728072e+01   5.877709e+01   1.226340e-02   1.791352e-02   10782130
  1.732321e+01   5.866644e+01   1.226438e-02   1.782159e-02   10837792
  1.736571e+01   5.849596e+01   1.227328e-02   1.772144e-02   10897368
  1.740823e+01   5.826555e+01   1.227857e-02   1.759810e-02   10953940
  1.745075e+01   5.814787e+01   1.227188e-02   1.754012e-02   11003274
  1.749325e+01   5.797768e+01   1.226537e-02   1.743869e-02   11052800
  1.753577e+01   5.781974e+01   1.228039e-02   1.734750e-02   11118176
  1.757829e+01   5.760544e+01   1.227174e-02   1.724584e-02   11162268
  1.762078e+01   5.748773e+01   1.226447e-02   1.717953e-02   11211458
  1.766328e+01   5.727661e+01   1.226924e-02   1.706121e-02   11271888
  1.770579e+01   5.713407e+01   1.227456e-02   1.697248e-02   11329304
  1.774829e+01   5.695400e+01   1.226554e-02   1.688693e-02   11375026
  1.779081e+01   5.673740e+01   1.227704e-02   1.677602e-02   11442532
  1.783332e+01   5.661195e+01   1.226620e-02   1.670242e-02   11487264
  1.787583e+01   5.647468e+01   1.227239e-02   1.662373e-02   11545680
  1.791835e+01   5.624844e+01   1.227937e-02   1.651707e-02   11607058
  1.796089e+01   5.610303e+01   1.227970e-02   1.643263e-02   11664300
  1.800340e+01   5.591747e+01   1.226785e-02   1.634959e-02   11707488
  1.804590e+01   5.575648e+01   1.226647e-02   1.626365e-02   11759536
  1.808841e+01   5.555741e+01   1.228470e-02   1.615918e-02   11833690
  1.813095e+01   5.536927e+01   1.227017e-02   1.607570e-02   11877808
  1.817345e+01   5.522220e+01   1.226311e-02   1.599367e-02   11925836
  1.821595e+01   5.504440e+01   1.227560e-02   1.589698e-02   11992168
  1.825846e+01   5.486180e+01   1.227114e-02   1.581091e-02   12044554
  1.830097e+01   5.471803e+01   1.226867e-02   1.573437e-02   12098976
  1.834346e+01   5.451014e+01   1.226469e-02   1.564468e-02   12149996
  1.838595e+01   5.431452e+01   1.226815e-02   1.555970e-02   12209594
  1.842847e+01   5.417351e+01   1.227993e-02   1.546299e-02   12279272
  1.847101e+01   5.401587e+01   1.228002e-02   1.538039e-02   12336072
  1.851353e+01   5.384382e+01   1.226966e-02   1.531589e-02   12381744
  1.855604e+01   5.372379e+01   1.227227e-02   1.523647e-02   12441590
  1.859855e+01   5.351663e+01   1.227023e-02   1.515387e-02   12497256
  1.864105e+01   5.333435e+01   1.226730e-02   1.504980e-02   12550032
  1.868353e+01   5.318342e+01   1.226474e-02   1.499024e-02   12603936
  1.872603e+01   5.298204e+01   1.227245e-02   1.489112e-02   12671230
  1.876857e+01   5.288465e+01   1.228331e-02   1.482835e-02   12740920
  1.881110e+01   5.265083e+01   1.227107e-02   1.472340e-02   12784560
  1.885359e+01   5.249191e+01   1.226358e-02   1.466476e-02   12834176
  1.889610e+01   5.230875e+01   1.227865e-02   1.455293e-02   12909006
  1.893863e+01   5.218463e+01   1.227235e-02   1.449730e-02   12959680
  1.898113e+01   5.196416e+01   1.227020e-02   1.440613e-02   13014232
  1.902364e+01   5.185720e+01   1.227262e-02   1.433970e-02   13076514
  1.906614e+01   5.161561e+01   1.226274e-02   1.424711e-02   13127112
  1.910866e+01   5.147007e+01   1.228266e-02   1.417458e-02   13205852
  1.915119e+01   5.132392e+01   1.227282e-02   1.410125e-02   13252032
  1.919369e+01   5.114021e+01   1.226787e-02   1.403575e-02   13307450
  1.923620e+01   5.100247e+01   1.227402e-02   1.395424e-02   13374160
  1.927872e+01   5.080603e+01   1.227027e-02   1.386956e-02   13426348
  1.932123e+01   5.067727e+01   1.227853e-02   1.381026e-02   13492760
  1.936373e+01   5.048210e+01   1.226457e-02   1.371723e-02   13539546
  1.940624e+01   5.027932e+01   1.227335e-02   1.363773e-02   13610704
  1.944875e+01   5.013150e+01   1.226734e-02   1.356708e-02   13662024
  1.949125e+01   4.999075e+01   1.227299e-02   1.350414e-02   13727492
  1.953377e+01   4.980113e+01   1.227644e-02   1.341666e-02   13793394
  1.957629e+01   4.965466e+01   1.226862e-02   1.334707e-02   13844456
  1.961880e+01   4.947537e+01   1.227171e-02   1.327695e-02   13905184
  1.966130e+01   4.932218e+01   1.227189e-02   1.319466e-02   13965958
  1.970381e+01   4.919176e+01   1.226859e-02   1.313612e-02   14025192
  1.974632e+01   4.901759e+01   1.227581e-02   1.305723e-02   14093768
  1.978884e+01   4.882906e+01   1.227382e-02   1.299492e-02   14150440
  1.983136e+01   4.868238e+01   1.227452e-02   1.292800e-02   14213450
  1.987387e+01   4.850491e+01   1.226691e-02   1.284656e-02   14267036
  1.991638e+01   4.835428e+01   1.227427e-02   1.277568e-02   14335032
  1.995889e+01   4.821045e+01   1.226837e-02   1.272189e-02   14387664
  2.000139e+01   4.804728e+01   1.227308e-02   1.264340e-02   14455698
  2.004391e+01   4.789870e+01   1.227471e-02   1.258407e-02   14520452
  2.008643e+01   4.771068e+01   1.227399e-02   1.250196e-02   14580272
  2.012893e+01   4.758000e+01   1.226246e-02   1.244950e-02   14628050
  2.017144e+01   4.739853e+01   1.228393e-02   1.235587e-02   14716744
  2.021396e+01   4.724882e+01   1.226163e-02   1.230649e-02   14751712
  2.025646e+01   4.708735e+01   1.227782e-02   1.223633e-02   14831620
  2.029896e+01   4.691146e+01   1.226188e-02   1.217304e-02   14875522
  2.034146e+01   4.679089e+01   1.227585e-02   1.211702e-02   14956720
  2.038398e+01   4.659253e+01   1.226799e-02   1.204318e-02   15008272
  2.042648e+01   4.645019e+01   1.227113e-02   1.197825e-02   15073780
  2.046899e+01   4.632447e+01   1.227601e-02   1.190798e-02   15144866
  2.051153e+01   4.615912e+01   1.228021e-02   1.184137e-02   15213872
  2.055406e+01   4.600805e+01   1.227172e-02   1.178862e-02   15263976
  2.059656e+01   4.584768e+01   1.226689e-02   1.171312e-02   15320236
  2.063907e+01   4.570442e+01   1.227747e-02   1.165534e-02   15398322
  2.068159e+01   4.556212e+01   1.226849e-02   1.159744e-02   15450864
  2.072409e+01   4.540246e+01   1.226949e-02   1.153084e-02   15513888
  2.076658e+01   4.527213e+01   1.226638e-02   1.148773e-02   15574626
  2.080910e+01   4.509003e+01   1.227957e-02   1.140896e-02   15657956
  2.085162e+01   4.495228e+01   1.226694e-02   1.134870e-02   15704248
  2.089412e+01   4.479701e+01   1.227405e-02   1.129215e-02   15774824
  2.093664e+01   4.464814e+01   1.227741e-02   1.122482e-02   15844898
  2.097916e+01   4.450114e+01   1.226797e-02   1.116847e-02   15898956
  2.102166e+01   4.437680e+01   1.226837e-02   1.112322e-02   15961768
  2.106416e+01   4.419403e+01   1.227392e-02   1.104595e-02   16032208
  2.110668e+01   4.405474e+01   1.227386e-02   1.098982e-02   16099530
  2.114918e+01   4.394132e+01   1.226342e-02   1.094303e-02   16152712
  2.119169e+01   4.378736e+01   1.227877e-02   1.088330e-02   16235740
  2.123421e+01   4.363962e+01   1.227090e-02   1.082640e-02   16288856
  2.127673e+01   4.349366e+01   1.227763e-02   1.077217e-02   16365074
  2.131925e+01   4.333842e+01   1.226826e-02   1.071064e-02   16418248
  2.136173e+01   4.320448e+01   1.226229e-02   1.067001e-02   16473180
  2.140423e+01   4.306124e+01   1.227796e-02   1.059236e-02   16560234
  2.144675e+01   4.291678e+01   1.226818e-02   1.054727e-02   16616088
  2.148927e+01   4.277064e+01   1.227653e-02   1.048163e-02   16693264
  2.153179e+01   4.265509e+01   1.227410e-02   1.043947e-02   16753864
  2.157431e+01   4.250394e+01   1.227428e-02   1.038185e-02   16820702
  2.161682e+01   4.234895e+01   1.226755e-02   1.032650e-02   16879288
  2.165933e+01   4.223459e+01   1.227311e-02   1.028178e-02   16951712
  2.170183e+01   4.210103e+01   1.226675e-02   1.022538e-02   17007560
  2.174434e+01   4.195731e+01   1.227813e-02   1.016979e-02   17092086
  2.178685e+01   4.181829e+01   1.226906e-02   1.012676e-02   17148392
  2.182937e+01   4.172151e+01   1.227478e-02   1.007826e-02   17222288
  2.187188e+01   4.156520e+01   1.227236e-02   1.002208e-02   17285096
  2.191439e+01   4.142201e+01   1.226620e-02   9.973129e-03   17344826
  2.195689e+01   4.132088e+01   1.227320e-02   9.925494e-03   17421236
  2.199941e+01   4.117479e+01   1.227792e-02   9.868805e-03   17494160
  2.204191e+01   4.105808e+01   1.226044e-02   9.830582e-03   17538122
  2.208440e+01   4.089330e+01   1.226939e-02   9.769906e-03   17620136
  2.212692e+01   4.080137e+01   1.227875e-02   9.721369e-03   17700428
  2.216945e+01   4.067440e+01   1.227393e-02   9.682841e-03   17760320
  2.221196e+01   4.056363e+01   1.227224e-02   9.632591e-03   17827562
  2.225448e+01   4.042796e+01   1.227165e-02   9.585047e-03   17895488
  2.229699e+01   4.032561e+01   1.227292e-02   9.549712e-03   17963576
  2.233950e+01   4.019369e+01   1.227046e-02   9.501121e-03   18027500
  2.238201e+01   4.009104e+01   1.227533e-02   9.451644e-03   18105650
  2.242451e+01   3.997505e+01   1.226508e-02   9.412078e-03   18160880
  2.246701e+01   3.984997e+01   1.226834e-02   9.364764e-03   18233144
  2.250951e+01   3.976035e+01   1.227149e-02   9.325784e-03   18307310
  2.255203e+01   3.960722e+01   1.227368e-02   9.274530e-03   18381680
  2.259456e+01   3.947571e+01   1.227489e-02   9.231629e-03   18450536
  2.263708e+01   3.934301e+01   1.227820e-02   9.178943e-03   18522128
  2.267959e+01   3.927604e+01   1.226827e-02   9.161267e-03   18578414
  2.272209e+01   3.917911e+01   1.227113e-02   9.117772e-03   18654304
  2.276460e+01   3.903928e+01   1.227056e-02   9.073385e-03   18722304
  2.280712e+01   3.895261e+01   1.227777e-02   9.030960e-03   18802472
  2.284964e+01   3.882972e+01   1.227092e-02   8.991649e-03   18864266
  2.289215e+01   3.872475e+01   1.226939e-02   8.952252e-03   18933260
  2.293465e+01   3.861417e+01   1.226719e-02   8.915699e-03   18997448
  2.297715e+01   3.853845e+01   1.227581e-02   8.875556e-03   19079816
  2.301967e+01   3.842254e+01   1.227098e-02   8.836725e-03   19145330
  2.306218e+01   3.830928e+01   1.227177e-02   8.796922e-03   19218276
  2.310469e+01   3.820555e+01   1.227113e-02   8.760988e-03   19286200
  2.314719e+01   3.812935e+01   1.226583e-02   8.733287e-03   19349738
  2.318971e+01   3.802542e+01   1.228286e-02   8.685188e-03   19450040
  2.323223e+01   3.792446e+01   1.226363e-02   8.652684e-03   19489688
  2.327473e+01   3.782070e+01   1.227521e-02   8.615636e-03   19576868
  2.331724e+01   3.777271e+01   1.226932e-02   8.596565e-03   19640282
  2.335976e+01   3.764237e+01   1.227873e-02   8.549254e-03   19728800
  2.340226e+01   3.755699e+01   1.226095e-02   8.525026e-03   19770152
  2.344476e+01   3.748466e+01   1.227487e-02   8.494182e-03   19863516
  2.348729e+01   3.737611e+01   1.227855e-02   8.456396e-03   19943594
  2.352981e+01   3.729349e+01   1.227039e-02   8.422097e-03   20003440
  2.357232e+01   3.721047e+01   1.227533e-02   8.397055e-03   20081768
  2.361483e+01   3.711671e+01   1.226475e-02   8.363281e-03   20136200
  2.365734e+01   3.705321e+01   1.228180e-02   8.331025e-03   20238094
  2.369985e+01   3.695308e+01   1.226458e-02   8.312093e-03   20282544
  2.374234e+01   3.689767e+01   1.226291e-02   8.282893e-03   20351720
  2.378483e+01   3.681744e+01   1.227389e-02   8.248186e-03   20444714
  2.382735e+01   3.672770e+01   1.227112e-02   8.222149e-03   20515116
  2.386988e+01   3.667231e+01   1.228059e-02   8.194865e-03   20602384
  2.391241e+01   3.660835e+01   1.227266e-02   8.177151e-03   20659872
  2.395491e+01   3.651405e+01   1.226837e-02   8.148747e-03   20727682
  2.399742e+01   3.645052e+01   1.227493e-02   8.117464e-03   20814416
  2.403994e+01   3.638643e+01   1.227261e-02   8.101868e-03   20881100
  2.408245e+01   3.631980e+01   1.227247e-02   8.073859e-03   20953688
  2.412495e+01   3.626171e+01   1.226662e-02   8.055436e-03   21021050
  2.416746e+01   3.621568e+01   1.227556e-02   8.035597e-03   21111632
  2.420998e+01   3.614689e+01   1.227336e-02   8.008295e-03   21179972
  2.425248e+01   3.608653e+01   1.226547e-02   7.990932e-03   21240488
  2.429499e+01   3.603975e+01   1.227368e-02   7.970354e-03   21331418
  2.433750e+01   3.596663e+01   1.226935e-02   7.953018e-03   21397304
  2.438000e+01   3.592469e+01   1.226962e-02   7.933884e-03   21469764
  2.442251e+01   3.588598e+01   1.227528e-02   7.915706e-03   21556122
  2.446502e+01   3.581238e+01   1.226591e-02   7.892442e-03   21618312
  2.450754e+01   3.576821e+01   1.227924e-02   7.878683e-03   21716096
  2.455007e+01   3.574730e+01   1.227488e-02   7.870076e-03   21781352
  2.459258e+01   3.568913e+01   1.226971e-02   7.855394e-03   21848870
  2.463508e+01   3.564358e+01   1.227061e-02   7.837703e-03   21927536
  2.467760e+01   3.560627e+01   1.227518e-02   7.824159e-03   22008944
  2.472011e+01   3.557958e+01   1.227146e-02   7.812207e-03   22076136
  2.476261e+01   3.553425e+01   1.226619e-02   7.803524e-03   22145270
  2.480513e+01   3.550607e+01   1.228149e-02   7.788852e-03   22250960
  2.484765e+01   3.548753e+01   1.226766e-02   7.782756e-03   22300864
  2.489015e+01   3.545620e+01   1.226874e-02   7.777620e-03   22378586
  2.493266e+01   3.543347e+01   1.227304e-02   7.764174e-03   22464104
  2.497518e+01   3.539720e+01   1.227483e-02   7.759691e-03   22542892
  2.501769e+01   3.538756e+01   1.226849e-02   7.753612e-03   22606008
  2.506019e+01   3.537701e+01   1.227168e-02   7.750231e-03   22690002
  2.510269e+01   3.537340e+01   1.226774e-02   7.755567e-03   22762216
  2.514519e+01   3.529797e+01   1.227552e-02   7.734298e-03   22815779
  2.518771e+01   3.516939e+01   1.227093e-02   7.712657e-03   22772312
  2.523022e+01   3.504087e+01   1.227169e-02   7.685938e-03   22733708
  2.527273e+01   3.489473e+01   1.227376e-02   7.658116e-03   22697672
  2.531524e+01   3.476578e+01   1.227003e-02   7.638981e-03   22651460
  2.535775e+01   3.462602e+01   1.227280e-02   7.612857e-03   22616024
  2.540027e+01   3.447108e+01   1.227723e-02   7.579693e-03   22583496
  2.544278e+01   3.433831e+01   1.226384e-02   7.561098e-03   22519252
  2.548527e+01   3.419398e+01   1.226879e-02   7.530994e-03   22488992
  2.552778e+01   3.405859e+01   1.227112e-02   7.512123e-03   22453172
  2.557030e+01   3.392729e+01   1.227642e-02   7.487680e-03   22420584
  2.561282e+01   3.379999e+01   1.227318e-02   7.461172e-03   22371700
  2.565533e+01   3.365231e+01   1.227319e-02   7.433384e-03   22329896
  2.569784e+01   3.353791e+01   1.227005e-02   7.418039e-03   22282876
  2.574035e+01   3.339751e+01   1.227559e-02   7.386363e-03   22250692
  2.578286e+01   3.329220e+01   1.226749e-02   7.376984e-03   22194436
  2.582536e+01   3.312529e+01   1.226799e-02   7.342510e-03   22153540
  2.586787e+01   3.299944e+01   1.227489e-02   7.320289e-03   22122584
  2.591039e+01   3.290168e+01   1.227183e-02   7.306029e-03   22073004
  2.595291e+01   3.275755e+01   1.227763e-02   7.277716e-03   22039640
  2.599542e+01   3.263582e+01   1.226443e-02   7.257156e-03   21971624
  2.603793e+01   3.250633e+01   1.228039e-02   7.233419e-03   21955708
  2.608042e+01   3.236671e+01   1.225538e-02   7.217155e-03   21867720
  2.612293e+01   3.224921e+01   1.228640e-02   7.184991e-03   21878900
  2.616545e+01   3.211985e+01   1.226374e-02   7.167667e-03   21794260
  2.620796e+01   3.201194e+01   1.227552e-02   7.146358e-03   21770256
  2.625048e+01   3.188367e+01   1.227204e-02   7.128853e-03   21718124
  2.629299e+01   3.177023e+01   1.227162e-02   7.109796e-03   21671096
  2.633550e+01   3.164370e+01   1.227173e-02   7.086854e-03   21625412
  2.637801e+01   3.151603e+01   1.227628e-02   7.066677e-03   21587284
  2.642052e+01   3.140159e+01   1.226404e-02   7.047383e-03   21519648
  2.646302e+01   3.128000e+01   1.227517e-02   7.019949e-03   21493344
  2.650554e+01   3.116507e+01   1.227125e-02   7.003083e-03   21439360
  2.654805e+01   3.104304e+01   1.227471e-02   6.985005e-03   21398900
  2.659058e+01   3.094668e+01   1.227467e-02   6.969499e-03   21351488
  2.663308e+01   3.080702e+01   1.226610e-02   6.947930e-03   21288012
  2.667559e+01   3.070034e+01   1.227518e-02   6.926320e-03   21255052
  2.671810e+01   3.058829e+01   1.226960e-02   6.909293e-03   21196928
  2.676060e+01   3.047188e+01   1.226973e-02   6.892303e-03   21149036
  2.680311e+01   3.033401e+01   1.227206e-02   6.863384e-03   21105304
  2.684563e+01   3.023606e+01   1.227410e-02   6.849605e-03   21059992
  2.688815e+01   3.011564e+01   1.227705e-02   6.826502e-03   21014904
  2.693067e+01   3.001506e+01   1.227014e-02   6.818283e-03   20953620
  2.697317e+01   2.990146e+01   1.226991e-02   6.799280e-03   20902948
  2.701568e+01   2.978810e+01   1.227225e-02   6.779515e-03   20856528
  2.705819e+01   2.968113e+01   1.227379e-02   6.761807e-03   20808868
  2.710070e+01   2.957764e+01   1.226639e-02   6.744764e-03   20746700
  2.714319e+01   2.946767e+01   1.226770e-02   6.730903e-03   20699040
  2.718571e+01   2.934705e+01   1.227944e-02   6.706894e-03   20667584
  2.722822e+01   2.924577e+01   1.225995e-02   6.695834e-03   20583320
  2.727072e+01   2.914199e+01   1.227843e-02   6.671194e-03   20562728
  2.731324e+01   2.902537e+01   1.227166e-02   6.652765e-03   20499120
  2.735575e+01   2.891332e+01   1.227335e-02   6.640616e-03   20448668
  2.739827e+01   2.880510e+01   1.227231e-02   6.619551e-03   20394408
  2.744078e+01   2.869255e+01   1.227328e-02   6.597877e-03   20344236
  2.748329e+01   2.860744e+01   1.227052e-02   6.587014e-03   20287988
  2.752580e+01   2.849225e+01   1.227218e-02   6.571946e-03   20237280
  2.756831e+01   2.837183e+01   1.226928e-02   6.553443e-03   20178328
  2.761083e+01   2.827563e+01   1.227861e-02   6.534128e-03   20139844
  2.765335e+01   2.818210e+01   1.226869e-02   6.524469e-03   20069748
  2.769585e+01   2.807763e+01   1.227006e-02   6.510472e-03   20016800
  2.773835e+01   2.798253e+01   1.227057e-02   6.493258e-03   19962224
  2.778087e+01   2.788200e+01   1.227954e-02   6.476139e-03   19923568
  2.782339e+01   2.777246e+01   1.226996e-02   6.462067e-03   19854300
  2.786590e+01   2.767827e+01   1.226862e-02   6.445956e-03   19797056
  2.790840e+01   2.758202e+01   1.227082e-02   6.435238e-03   19744940
  2.795091e+01   2.747168e+01   1.227270e-02   6.416169e-03   19691768
  2.799342e+01   2.738973e+01   1.226928e-02   6.402875e-03   19629548
  2.803593e+01   2.728243e+01   1.227096e-02   6.390402e-03   19575480
  2.807844e+01   2.720191e+01   1.227365e-02   6.377465e-03   19523296
  2.812096e+01   2.708711e+01   1.227813e-02   6.357572e-03   19474344
  2.816347e+01   2.700905e+01   1.226244e-02   6.349634e-03   19392868
  2.820597e+01   2.690139e+01   1.227629e-02   6.330148e-03   19356176
  2.824849e+01   2.681745e+01   1.227437e-02   6.320257e-03   19294916
  2.829102e+01   2.670915e+01   1.227644e-02   6.296823e-03   19240856
  2.833353e+01   2.661734e+01   1.226827e-02   6.291293e-03   19170884
  2.837603e+01   2.652459e+01   1.226787e-02   6.275361e-03   19111352
  2.841853e+01   2.642975e+01   1.227311e-02   6.261307e-03   19060016
  2.846104e+01   2.634617e+01   1.227199e-02   6.251683e-03   18999752
  2.850354e+01   2.626005e+01   1.226484e-02   6.241219e-03   18930272
  2.854604e+01   2.616179e+01   1.227204e-02   6.229267e-03   18882340
  2.858856e+01   2.606256e+01   1.227653e-02   6.208115e-03   18829056
  2.863108e+01   2.597807e+01   1.226917e-02   6.200325e-03   18757640
  2.867359e+01   2.590118e+01   1.227679e-02   6.191602e-03   18709036
  2.871611e+01   2.577706e+01   1.226951e-02   6.167962e-03   18637668
  2.875862e+01   2.570497e+01   1.227659e-02   6.156008e-03   18587048
  2.880113e+01   2.560851e+01   1.226650e-02   6.149808e-03   18510972
  2.884363e+01   2.553778e+01   1.227092e-02   6.142667e-03   18456692
  2.888614e+01   2.544744e+01   1.227027e-02   6.128944e-03   18394084
  2.892866e+01   2.536515e+01   1.227644e-02   6.111662e-03   18341352
  2.897118e+01   2.527598e+01   1.227294e-02   6.108010e-03   18273884
  2.901369e+01   2.518111e+01   1.227214e-02   6.088871e-03   18211148
  2.905619e+01   2.509613e+01   1.226468e-02   6.080640e-03   18137692
  2.909870e+01   2.501712e+01   1.227635e-02   6.065401e-03   18091580
  2.914122e+01   2.493307e+01   1.227406e-02   6.061477e-03   18024560
  2.918373e+01   2.485856e+01   1.226945e-02   6.053529e-03   17955116
  2.922624e+01   2.477357e+01   1.227055e-02   6.044756e-03   17893232
  2.926875e+01   2.468981e+01   1.227337e-02   6.032420e-03   17832620
  2.931126e+01   2.462209e+01   1.227331e-02   6.026253e-03   17767864
  2.935378e+01   2.452174e+01   1.227523e-02   6.006036e-03   17706956
  2.939629e+01   2.445869e+01   1.226779e-02   6.003292e-03   17632632
  2.943880e+01   2.437817e+01   1.227224e-02   5.995775e-03   17573524
  2.948131e+01   2.430363e+01   1.227160e-02   5.985974e-03   17506380
  2.952382e+01   2.422684e+01   1.227283e-02   5.979271e-03   17442548
  2.956632e+01   2.414262e+01   1.226611e-02   5.971810e-03   17368556
  2.960883e+01   2.406724e+01   1.227726e-02   5.958333e-03   17318260
  2.965135e+01   2.400586e+01   1.227176e-02   5.952930e-03   17243792
  2.969385e+01   2.392889e+01   1.226620e-02   5.951854e-03   17169716
  2.973635e+01   2.384833e+01   1.227104e-02   5.932454e-03   17109768
  2.977886e+01   2.377382e+01   1.227205e-02   5.928838e-03   17044064
  2.982138e+01   2.371225e+01   1.227557e-02   5.918261e-03   16981560
  2.986389e+01   2.362743e+01   1.226672e-02   5.913801e-03   16902264
  2.990640e+01   2.356333e+01   1.227800e-02   5.908629e-03   16849940
  2.994892e+01   2.350047e+01   1.226984e-02   5.903352e-03   16770600
  2.999143e+01   2.343047e+01   1.227399e-02   5.899076e-03   16707512
  3.003394e+01   2.333141e+01   1.227053e-02   5.889723e-03   16634480
  3.007645e+01   2.327813e+01   1.227297e-02   5.882355e-03   16569424
  3.011897e+01   2.319992e+01   1.227100e-02   5.874096e-03   16497216
  3.016149e+01   2.314260e+01   1.227800e-02   5.868771e-03   16436416
  3.020400e+01   2.306561e+01   1.226813e-02   5.864052e-03   16353532
  3.024650e+01   2.298531e+01   1.226850e-02   5.856753e-03   16284908
  3.028900e+01   2.292400e+01   1.227370e-02   5.848719e-03   16221948
  3.033152e+01   2.286251e+01   1.227445e-02   5.848211e-03   16152552
  3.037404e+01   2.280114e+01   1.227249e-02   5.842996e-03   16078864
  3.041655e+01   2.274130e+01   1.227014e-02   5.842966e-03   16005296
  3.045906e+01   2.266798e+01   1.227320e-02   5.834467e-03   15938220
  3.050157e+01   2.259917e+01   1.226736e-02   5.829402e-03   15858440
  3.054407e+01   2.254933e+01   1.226949e-02   5.828223e-03   15789252
  3.058657e+01   2.247990e+01   1.227019e-02   5.822562e-03   15718944
  3.062908e+01   2.238707e+01   1.227179e-02   5.812576e-03   15648652
  3.067160e+01   2.233952e+01   1.227680e-02   5.808368e-03   15581944
  3.071412e+01   2.229105e+01   1.227604e-02   5.810121e-03   15508744
  3.075663e+01   2.223218e+01   1.226574e-02   5.812856e-03   15422472
  3.079914e+01   2.217528e+01   1.227551e-02   5.805148e-03   15361536
  3.084165e+01   2.210608e+01   1.226998e-02   5.805888e-03   15281048
  3.088415e+01   2.206170e+01   1.227023e-02   5.807277e-03   15207752
  3.092666e+01   2.200036e+01   1.227075e-02   5.803490e-03   15134800
  3.096917e+01   2.194125e+01   1.227038e-02   5.802198e-03   15059664
  3.101168e+01   2.187214e+01   1.227242e-02   5.795270e-03   14987020
  3.105420e+01   2.181674e+01   1.227903e-02   5.789069e-03   14919936
  3.109672e+01   2.177680e+01   1.226792e-02   5.799271e-03   14831776
  3.113923e+01   2.173056e+01   1.227679e-02   5.796939e-03   14767552
  3.118174e+01   2.165920e+01   1.226524e-02   5.799977e-03   14678336
  3.122425e+01   2.159912e+01   1.227632e-02   5.793805e-03   14615044
  3.126676e+01   2.155256e+01   1.226910e-02   5.799552e-03   14530200
  3.130927e+01   2.148971e+01   1.227171e-02   5.796736e-03   14457000
  3.135178e+01   2.144219e+01   1.227423e-02   5.796990e-03   14383440
  3.139429e+01   2.141563e+01   1.226801e-02   5.805755e-03   14299516
  3.143679e+01   2.135732e+01   1.227160e-02   5.812924e-03   14226024
  3.147930e+01   2.129018e+01   1.226889e-02   5.806968e-03   14145048
  3.152182e+01   2.125979e+01   1.228178e-02   5.806774e-03   14082144
  3.156433e+01   2.118409e+01   1.226157e-02   5.808855e-03   13981640
  3.160683e+01   2.115677e+01   1.227475e-02   5.817342e-03   13918460
  3.164935e+01   2.112607e+01   1.227481e-02   5.820943e-03   13839752
  3.169188e+01   2.106705e+01   1.227673e-02   5.823459e-03   13762736
  3.173439e+01   2.101317e+01   1.227147e-02   5.825283e-03   13677980
  3.177690e+01   2.097066e+01   1.226900e-02   5.832581e-03   13596196
  3.181940e+01   2.092502e+01   1.226988e-02   5.834908e-03   13517736
  3.186190e+01   2.087585e+01   1.226579e-02   5.835988e-03   13433184
  3.190440e+01   2.084299e+01   1.227449e-02   5.843396e-03   13362296
  3.194692e+01   2.080504e+01   1.227398e-02   5.851238e-03   13281376
  3.198944e+01   2.075791e+01   1.227645e-02   5.855990e-03   13203336
  3.203195e+01   2.069756e+01   1.226687e-02   5.861087e-03   13113016
  3.207445e+01   2.066725e+01   1.227094e-02   5.865452e-03   13036400
  3.211696e+01   2.062210e+01   1.226987e-02   5.875210e-03   12953648
  3.215948e+01   2.058394e+01   1.227674e-02   5.882387e-03   12879016
  3.220199e+01   2.054654e+01   1.227015e-02   5.894950e-03   12790124
  3.224451e+01   2.050906e+01   1.227599e-02   5.899523e-03   12714152
  3.228701e+01   2.047030e+01   1.226430e-02   5.911429e-03   12619608
  3.232951e+01   2.042628e+01   1.227473e-02   5.914746e-03   12547232
  3.237204e+01   2.039724e+01   1.228098e-02   5.925670e-03   12470568
  3.241455e+01   2.037397e+01   1.226086e-02   5.950094e-03   12368136
  3.245705e+01   2.032987e+01   1.227647e-02   5.945873e-03   12300504
  3.249958e+01   2.030280e+01   1.227251e-02   5.966852e-03   12212172
  3.254209e+01   2.025983e+01   1.227112e-02   5.975587e-03   12126228
  3.258459e+01   2.022811e+01   1.227235e-02   5.984172e-03   12043352
  3.262711e+01   2.019927e+01   1.227321e-02   5.994313e-03   11959896
  3.266960e+01   2.015853e+01   1.226107e-02   6.009468e-03   11863804
  3.271211e+01   2.011797e+01   1.227575e-02   6.015410e-03   11792812
  3.275463e+01   2.009690e+01   1.227439e-02   6.032934e-03   11705392
  3.279713e+01   2.006352e+01   1.226794e-02   6.052142e-03   11613836
  3.283965e+01   2.005800e+01   1.228215e-02   6.068023e-03   11541532
  3.288217e+01   2.001188e+01   1.226539e-02   6.082409e-03   11440232
  3.292468e+01   1.997173e+01   1.227538e-02   6.091511e-03   11363008
  3.296718e+01   1.992948e+01   1.226652e-02   6.109835e-03   11267848
  3.300970e+01   1.992161e+01   1.227722e-02   6.128459e-03   11190640
  3.305222e+01   1.989911e+01   1.227423e-02   6.146875e-03   11101084
  3.309472e+01   1.987505e+01   1.226241e-02   6.168000e-03   11003284
  3.313721e+01   1.984224e+01   1.227344e-02   6.183675e-03   10925424
  3.317973e+01   1.980773e+01   1.227067e-02   6.199071e-03   10834724
  3.322224e+01   1.977852e+01   1.227484e-02   6.218841e-03   10750156
  3.326475e+01   1.977527e+01   1.226635e-02   6.250368e-03   10655280
  3.330725e+01   1.974128e+01   1.226924e-02   6.256746e-03   10569120
  3.334975e+01   1.969873e+01   1.226867e-02   6.281463e-03   10479672
  3.339228e+01   1.967999e+01   1.228611e-02   6.301727e-03   10404504
  3.343481e+01   1.965677e+01   1.227382e-02   6.329337e-03   10304108
  3.347732e+01   1.965036e+01   1.226797e-02   6.354040e-03   10209940
  3.351983e+01   1.962643e+01   1.227575e-02   6.369848e-03   10126584
  3.356234e+01   1.959413e+01   1.226442e-02   6.402432e-03   10027064
  3.360484e+01   1.955656e+01   1.227492e-02   6.415089e-03   9945072
  3.364734e+01   1.953325e+01   1.226340e-02   6.445388e-03   9844764
  3.368986e+01   1.951914e+01   1.228362e-02   6.470132e-03   9769940
  3.373238e+01   1.950841e+01   1.226688e-02   6.495606e-03   9666072
  3.377488e+01   1.948963e+01   1.227051e-02   6.528567e-03   9577112
  3.381739e+01   1.946771e+01   1.227148e-02   6.560026e-03   9485848
  3.385991e+01   1.945350e+01   1.227527e-02   6.590182e-03   9396136
  3.390243e+01   1.942197e+01   1.227579e-02   6.616778e-03   9304408
  3.394493e+01   1.939040e+01   1.225842e-02   6.649048e-03   9199028
  3.398742e+01   1.935972e+01   1.227468e-02   6.669034e-03   9118288
  3.402993e+01   1.934394e+01   1.226747e-02   6.698405e-03   9019624
  3.407245e+01   1.934064e+01   1.228368e-02   6.735206e-03   8937420
  3.411497e+01   1.931271e+01   1.227061e-02   6.770951e-03   8835200
  3.415748e+01   1.930872e+01   1.226739e-02   6.817690e-03   8739332
  3.419998e+01   1.927481e+01   1.227099e-02   6.839601e-03   8648112
  3.424250e+01   1.924658e+01   1.227159e-02   6.870308e-03   8553372
  3.428501e+01   1.923247e+01   1.227728e-02   6.908594e-03   8461944
  3.432753e+01   1.920592e+01   1.227227e-02   6.950293e-03   8363348
  3.437004e+01   1.918958e+01   1.227148e-02   6.982029e-03   8267792
  3.441254e+01   1.915439e+01   1.226640e-02   7.020088e-03   8169380
  3.445505e+01   1.915441e+01   1.227807e-02   7.048684e-03   8081008
  3.449756e+01   1.909817e+01   1.226310e-02   7.096342e-03   7975632
  3.454006e+01   1.910223e+01   1.227841e-02   7.136378e-03   7889116
  3.458257e+01   1.905434e+01   1.226405e-02   7.174687e-03   7784008
  3.462508e+01   1.904339e+01   1.227484e-02   7.219980e-03   7693848
  3.466759e+01   1.901752e+01   1.226805e-02   7.255542e-03   7592468
  3.471010e+01   1.896107e+01   1.227572e-02   7.296686e-03   7499076
  3.475262e+01   1.892793e+01   1.227790e-02   7.333223e-03   7402880
  3.479514e+01   1.889370e+01   1.227043e-02   7.375458e-03   7300768
  3.483765e+01   1.885869e+01   1.227061e-02   7.421078e-03   7203316
  3.488013e+01   1.881294e+01   1.225476e-02   7.458514e-03   7095724
  3.492265e+01   1.878052e+01   1.229466e-02   7.486595e-03   7019608
  3.496518e+01   1.873263e+01   1.226138e-02   7.536985e-03   6901916
  3.500769e+01   1.871490e+01   1.227882e-02   7.589921e-03   6812952
  3.505019e+01   1.865787e+01   1.226209e-02   7.639284e-03   6704548
  3.509270e+01   1.861060e+01   1.227587e-02   7.667130e-03   6612168
  3.513521e+01   1.855443e+01   1.227039e-02   7.714637e-03   6508628
  3.517773e+01   1.850263e+01   1.227711e-02   7.748047e-03   6412072
  3.522024e+01   1.842904e+01   1.226747e-02   7.768497e-03   6306660
  3.526274e+01   1.837050e+01   1.226997e-02   7.810505e-03   6207592
  3.530523e+01   1.829332e+01   1.226489e-02   7.842738e-03   6103860
  3.534774e+01   1.820714e+01   1.227430e-02   7.868374e-03   6007184
  3.539025e+01   1.813708e+01   1.227513e-02   7.903669e-03   5905660
  3.543278e+01   1.805679e+01   1.227664e-02   7.921236e-03   5805132
  3.547529e+01   1.798376e+01   1.226925e-02   7.962387e-03   5700008
  3.551778e+01   1.788066e+01   1.226294e-02   7.976031e-03   5594856
  3.556030e+01   1.776153e+01   1.228122e-02   7.971170e-03   5502341
  3.560283e+01   1.768556e+01   1.227277e-02   8.006823e-03   5404852
  3.564533e+01   1.760398e+01   1.226768e-02   8.015715e-03   5313930
  3.568784e+01   1.753830e+01   1.227261e-02   8.048470e-03   5230396
  3.573035e+01   1.746720e+01   1.226815e-02   8.079638e-03   5145158
  3.577285e+01   1.741228e+01   1.227058e-02   8.113273e-03   5064506
  3.581538e+01   1.734699e+01   1.228142e-02   8.131026e-03   4989464
  3.585790e+01   1.727279e+01   1.226989e-02   8.163405e-03   4907486
  3.590041e+01   1.721860e+01   1.226982e-02   8.193127e-03   4831952
  3.594292e+01   1.714024e+01   1.226933e-02   8.213534e-03   4757392
  3.598543e+01   1.710651e+01   1.227425e-02   8.241995e-03   4685902
  3.602794e+01   1.705147e+01   1.227136e-02   8.290330e-03   4612826
  3.607044e+01   1.698915e+01   1.227059e-02   8.328522e-03   4542436
  3.611296e+01   1.696938e+01   1.227508e-02   8.374173e-03   4475408
  3.615546e+01   1.691909e+01   1.226173e-02   8.409045e-03   4402686
  3.619797e+01   1.685977e+01   1.227689e-02   8.416873e-03   4340854
  3.624049e+01   1.682459e+01   1.227466e-02   8.483828e-03   4273862
  3.628301e+01   1.677831e+01   1.227237e-02   8.513641e-03   4208538
  3.632551e+01   1.673330e+01   1.226532e-02   8.546262e-03   4142584
  3.636801e+01   1.669812e+01   1.226978e-02   8.583756e-03   4081232
  3.641052e+01   1.664893e+01   1.227225e-02   8.620463e-03   4019668
  3.645304e+01   1.659985e+01   1.228203e-02   8.656764e-03   3961416
  3.649557e+01   1.653881e+01   1.227387e-02   8.690081e-03   3898848
  3.653807e+01   1.651804e+01   1.226366e-02   8.749872e-03   3836718
  3.658056e+01   1.649020e+01   1.226607e-02   8.790856e-03   3779272
  3.662306e+01   1.644359e+01   1.226675e-02   8.833731e-03   3721434
  3.666558e+01   1.641460e+01   1.228126e-02   8.871085e-03   3668198
  3.670811e+01   1.638417e+01   1.227910e-02   8.911704e-03   3611346
  3.675062e+01   1.633508e+01   1.226582e-02   8.966870e-03   3552442
  3.679312e+01   1.629633e+01   1.226935e-02   9.007490e-03   3498908
  3.683563e+01   1.627702e+01   1.227192e-02   9.059845e-03   3445382
  3.687814e+01   1.622533e+01   1.227356e-02   9.087457e-03   3392244
  3.692066e+01   1.620306e+01   1.227344e-02   9.146781e-03   3339634
  3.696317e+01   1.614851e+01   1.226899e-02   9.192120e-03   3286752
  3.700566e+01   1.610854e+01   1.226327e-02   9.238725e-03   3234180
  3.704816e+01   1.608085e+01   1.226838e-02   9.296908e-03   3184556
  3.709068e+01   1.607528e+01   1.228145e-02   9.360217e-03   3137238
  3.713322e+01   1.607052e+01   1.228151e-02   9.433101e-03   3087670
  3.717574e+01   1.600471e+01   1.227426e-02   9.446097e-03   3037460
  3.721824e+01   1.597429e+01   1.225819e-02   9.509812e-03   2985736
  3.726072e+01   1.596123e+01   1.226565e-02   9.568862e-03   2939708
  3.730324e+01   1.592447e+01   1.228621e-02   9.610739e-03   2897012
  3.734577e+01   1.589179e+01   1.227048e-02   9.671894e-03   2846890
  3.738827e+01   1.586330e+01   1.226277e-02   9.727695e-03   2799588
  3.743076e+01   1.583767e+01   1.226558e-02   9.789961e-03   2754954
  3.747326e+01   1.582601e+01   1.227308e-02   9.849546e-03   2711500
  3.751579e+01   1.582005e+01   1.228240e-02   9.944312e-03   2669006
  3.755830e+01   1.579272e+01   1.226335e-02   1.000669e-02   2621264
  3.760081e+01   1.578412e+01   1.227565e-02   1.007085e-02   2580726
  3.764332e+01   1.574912e+01   1.226856e-02   1.012802e-02   2536470
  3.768582e+01   1.572576e+01   1.226978e-02   1.019975e-02   2494370
  3.772834e+01   1.568881e+01   1.227534e-02   1.025797e-02   2453556
  3.777086e+01   1.567680e+01   1.228047e-02   1.032836e-02   2413246
  3.781339e+01   1.565004e+01   1.227197e-02   1.038775e-02   2370914
  3.785589e+01   1.562920e+01   1.226887e-02   1.047219e-02   2330126
  3.789840e+01   1.565163e+01   1.227428e-02   1.055625e-02   2291406
  3.794091e+01   1.561402e+01   1.226463e-02   1.062661e-02   2250410
  3.798340e+01   1.559390e+01   1.226403e-02   1.069444e-02   2211486
  3.802590e+01   1.560455e+01   1.227094e-02   1.081552e-02   2174194
  3.806841e+01   1.561119e+01   1.227271e-02   1.089011e-02   2136416
  3.811093e+01   1.555286e+01   1.227972e-02   1.095228e-02   2100070
  3.815344e+01   1.556997e+01   1.226224e-02   1.107070e-02   2060026
  3.819594e+01   1.553263e+01   1.227745e-02   1.112397e-02   2025910
  3.823846e+01   1.554596e+01   1.227012e-02   1.123109e-02   1988576
  3.828096e+01   1.550574e+01   1.226824e-02   1.128595e-02   1952610
  3.832347e+01   1.548846e+01   1.226944e-02   1.138982e-02   1917470
  3.836597e+01   1.551185e+01   1.226960e-02   1.150989e-02   1882484
  3.840848e+01   1.548306e+01   1.227230e-02   1.157854e-02   1848262
  3.845101e+01   1.551729e+01   1.228531e-02   1.171761e-02   1816024
  3.849355e+01   1.547136e+01   1.227230e-02   1.176506e-02   1780418
  3.853605e+01   1.548981e+01   1.226815e-02   1.191049e-02   1746576
  3.857856e+01   1.550609e+01   1.227451e-02   1.202625e-02   1714622
  3.862107e+01   1.547929e+01   1.227068e-02   1.212750e-02   1681692
  3.866358e+01   1.544882e+01   1.226987e-02   1.219516e-02   1649574
  3.870606e+01   1.545009e+01   1.225405e-02   1.233772e-02   1615788
  3.874855e+01   1.545689e+01   1.227462e-02   1.242735e-02   1587064
  3.879108e+01   1.545248e+01   1.227930e-02   1.255944e-02   1556598
  3.883360e+01   1.546834e+01   1.227389e-02   1.270912e-02   1525380
  3.887612e+01   1.543018e+01   1.227468e-02   1.276621e-02   1495360
  3.891863e+01   1.546403e+01   1.226450e-02   1.295438e-02   1464370
  3.896112e+01   1.548305e+01   1.227040e-02   1.307408e-02   1435656
  3.900363e+01   1.547930e+01   1.226801e-02   1.318907e-02   1406304
  3.904613e+01   1.547581e+01   1.226859e-02   1.332732e-02   1377628
  3.908864e+01   1.548333e+01   1.227348e-02   1.348292e-02   1349744
  3.913115e+01   1.549909e+01   1.227337e-02   1.362691e-02   1321682
  3.917367e+01   1.552805e+01   1.227639e-02   1.379318e-02   1294376
  3.921619e+01   1.549658e+01   1.227256e-02   1.392443e-02   1266768
  3.925869e+01   1.550112e+01   1.226510e-02   1.405648e-02   1239172
  3.930118e+01   1.553619e+01   1.226095e-02   1.423170e-02   1212224
  3.934367e+01   1.553314e+01   1.226955e-02   1.438329e-02   1186796
  3.938619e+01   1.556527e+01   1.227613e-02   1.456825e-02   1161432
  3.942870e+01   1.553655e+01   1.227171e-02   1.468369e-02   1135408
  3.947122e+01   1.563770e+01   1.227296e-02   1.497950e-02   1110324
  3.951374e+01   1.564378e+01   1.227570e-02   1.512626e-02   1085680
  3.955625e+01   1.559979e+01   1.226737e-02   1.529951e-02   1060364
  3.959875e+01   1.564073e+01   1.227507e-02   1.547539e-02   1036736
  3.964128e+01   1.563088e+01   1.228225e-02   1.566891e-02   1013388
  3.968380e+01   1.568239e+01   1.226708e-02   1.589744e-02   988656
  3.972630e+01   1.565552e+01   1.226695e-02   1.599879e-02   965530
  3.976879e+01   1.565750e+01   1.225942e-02   1.625386e-02   942100
  3.981127e+01   1.572765e+01   1.226457e-02   1.650086e-02   919888
  3.985377e+01   1.572982e+01   1.226597e-02   1.673630e-02   897628
  3.989627e+01   1.577429e+01   1.227002e-02   1.692452e-02   875856
  3.993878e+01   1.583357e+01   1.227840e-02   1.722703e-02   854736
  3.998132e+01   1.582171e+01   1.228018e-02   1.744714e-02   833510
  4.002385e+01   1.587860e+01   1.227248e-02   1.769809e-02   811976
  4.006635e+01   1.584805e+01   1.226626e-02   1.788503e-02   790844
  4.010884e+01   1.591066e+01   1.226521e-02   1.826397e-02   770320
  4.015135e+01   1.589688e+01   1.227665e-02   1.841823e-02   750838
  4.019387e+01   1.589781e+01   1.227491e-02   1.873202e-02   730864
  4.023638e+01   1.601396e+01   1.226816e-02   1.906202e-02   710984
  4.027888e+01   1.603110e+01   1.226909e-02   1.937950e-02   691894
  4.032138e+01   1.609701e+01   1.226442e-02   1.972122e-02   672776
  4.036388e+01   1.610319e+01   1.226826e-02   1.993944e-02   654372
  4.040638e+01   1.621239e+01   1.226215e-02   2.043900e-02   635682
  4.044886e+01   1.622459e+01   1.225955e-02   2.074201e-02   617460
  4.049134e+01   1.625609e+01   1.226707e-02   2.105457e-02   600024
  4.053385e+01   1.627763e+01   1.227362e-02   2.141363e-02   582830
  4.057638e+01   1.631371e+01   1.228135e-02   2.173150e-02   566000
  4.061890e+01   1.637971e+01   1.226617e-02   2.215231e-02   548458
  4.066141e+01   1.639557e+01   1.227047e-02   2.257510e-02   532084
  4.070391e+01   1.643405e+01   1.226296e-02   2.292241e-02   515440
  4.074640e+01   1.646911e+01   1.225813e-02   2.330074e-02   499174
  4.078887e+01   1.654206e+01   1.225821e-02   2.388138e-02   483368
  4.083136e+01   1.660583e+01   1.227023e-02   2.443440e-02   468270
  4.087389e+01   1.665840e+01   1.228696e-02   2.468486e-02   453568
  4.091643e+01   1.675145e+01   1.227409e-02   2.545100e-02   438106
  4.095894e+01   1.677059e+01   1.227469e-02   2.586776e-02   423508
  4.100145e+01   1.683233e+01   1.226141e-02   2.631000e-02   408754
  4.104393e+01   1.685605e+01   1.225820e-02   2.695840e-02   394612
  4.108642e+01   1.699745e+01   1.225930e-02   2.768613e-02   380826
  4.112890e+01   1.708813e+01   1.225454e-02   2.815521e-02   367086
  4.117139e+01   1.708826e+01   1.226090e-02   2.863232e-02   353904
  4.121389e+01   1.711823e+01   1.227137e-02   2.944482e-02   341046
  4.125641e+01   1.719884e+01   1.227131e-02   2.981352e-02   328144
  4.129892e+01   1.732061e+01   1.227396e-02   3.079611e-02   315598
  4.134144e+01   1.726857e+01   1.228177e-02   3.135405e-02   303466
  4.138397e+01   1.743690e+01   1.228223e-02   3.223541e-02   291456
  4.142650e+01   1.743232e+01   1.227604e-02   3.305153e-02   279614
  4.146899e+01   1.751015e+01   1.225106e-02   3.383605e-02   267680
  4.151144e+01   1.763942e+01   1.224457e-02   3.478231e-02   256438
  4.155391e+01   1.779374e+01   1.224802e-02   3.623515e-02   245618
  4.159638e+01   1.783907e+01   1.223546e-02   3.698137e-02   234708
  4.163882e+01   1.787663e+01   1.223171e-02   3.776196e-02   224210
  4.168126e+01   1.801203e+01   1.223403e-02   3.891867e-02   214046
  4.172371e+01   1.806697e+01   1.223949e-02   4.009289e-02   204152
  4.176619e+01   1.806563e+01   1.225107e-02   4.107192e-02   194558
  4.180866e+01   1.820693e+01   1.225135e-02   4.253493e-02   185018
  4.185115e+01   1.837753e+01   1.226437e-02   4.337195e-02   175918
  4.189365e+01   1.846541e+01   1.227339e-02   4.515987e-02   166992
  4.193617e+01   1.854995e+01   1.228038e-02   4.645356e-02   158294
  4.197870e+01   1.861520e+01   1.228439e-02   4.811849e-02   149842
  4.202124e+01   1.875525e+01   1.227461e-02   4.985101e-02   141530
  4.206372e+01   1.903368e+01   1.224204e-02   5.203242e-02   133284
  4.210617e+01   1.890971e+01   1.222942e-02   5.346916e-02   125546
  4.214861e+01   1.898781e+01   1.220458e-02   5.545592e-02   117950
  4.219103e+01   1.923423e+01   1.219441e-02   5.787769e-02   110746
  4.223344e+01   1.926060e+01   1.215920e-02   5.979098e-02   103572
  4.227581e+01   1.959867e+01   1.214429e-02   6.325515e-02   96818
  4.231818e+01   1.948701e+01   1.212533e-02   6.464717e-02   90262
  4.236054e+01   1.961785e+01   1.210927e-02   6.779495e-02   83970
  4.240287e+01   1.944927e+01   1.207941e-02   6.995552e-02   77846
  4.244517e+01   2.006562e+01   1.204821e-02   7.490534e-02   71984
  4.248745e+01   2.005256e+01   1.202292e-02   7.734011e-02   66398
  4.252973e+01   1.990284e+01   1.200147e-02   8.013847e-02   61058
  4.257200e+01   2.036712e+01   1.198286e-02   8.599552e-02   55958
  4.261428e+01   2.008050e+01   1.196279e-02   8.854381e-02   51082
  4.265654e+01   2.063379e+01   1.192707e-02   9.537722e-02   46398
  4.269877e+01   2.056955e+01   1.188372e-02   1.012390e-01   41954
  4.274096e+01   2.087892e+01   1.182018e-02   1.076050e-01   37718
  4.278311e+01   2.107886e+01   1.175253e-02   1.151187e-01   33736
  4.282524e+01   2.104308e+01   1.169132e-02   1.220243e-01   30006
  4.286737e+01   2.133110e+01   1.164907e-02   1.323006e-01   26522
  4.290955e+01   2.129376e+01   1.162191e-02   1.379624e-01   23254
  4.295172e+01   2.148225e+01   1.158330e-02   1.517366e-01   20178
  4.299391e+01   2.129770e+01   1.156315e-02   1.600965e-01   17342
  4.303612e+01   2.222484e+01   1.154632e-02   1.845056e-01   14714
  4.307837e+01   2.277483e+01   1.155162e-02   2.045431e-01   12310
  4.312059e+01   2.230309e+01   1.152174e-02   2.230302e-01   10098
  4.316283e+01   2.268330e+01   1.151731e-02   2.587721e-01   8126
  4.320507e+01   2.289431e+01   1.151119e-02   2.948319e-01   6362
  4.324736e+01   2.266324e+01   1.155455e-02   3.275670e-01   4822
  4.328956e+01   2.419407e+01   1.148980e-02   4.219105e-01   3474
  4.333169e+01   2.296174e+01   1.147690e-02   4.647670e-01   2366
  4.337376e+01   2.389287e+01   1.144014e-02   6.105513e-01   1466
  4.341590e+01   2.199960e+01   1.170054e-02   8.027631e-01   790
  4.345704e+01   2.615075e+01   1.106884e-02   1.573478e+00   306
  4.349554e+01   2.203457e+01   9.430857e-03   2.642814e+00   62
