# cross spectrum of phi(z1) and phi(z2)
# redshift z=2.596867
# k              Pk             sigma(k)       sigma(Pk)      count
  3.132125e-02   7.153538e-11   4.792454e-03   1.966783e-11   18
  6.745391e-02   3.337406e-11   1.159167e-02   3.331433e-12   152
  1.090113e-01   1.170209e-11   1.224347e-02   5.731550e-13   416
  1.497134e-01   5.161456e-12   1.165022e-02   2.019536e-13   770
  1.923472e-01   2.670816e-12   1.247860e-02   7.997903e-14   1364
  2.350444e-01   1.441021e-12   1.221820e-02   3.361336e-14   1976
  2.775930e-01   9.185832e-13   1.245022e-02   1.804061e-14   2792
  3.193857e-01   6.134543e-13   1.188722e-02   1.041998e-14   3578
  3.615292e-01   4.183466e-13   1.219808e-02   6.249724e-15   4724
  4.045273e-01   3.050145e-13   1.253838e-02   4.066339e-15   6032
  4.469941e-01   2.193949e-13   1.206640e-02   2.837318e-15   7072
  4.890810e-01   1.716954e-13   1.222555e-02   1.967885e-15   8634
  5.318886e-01   1.347465e-13   1.238102e-02   1.432292e-15   10336
  5.746708e-01   1.064568e-13   1.232804e-02   1.005018e-15   11940
  6.167490e-01   8.514114e-14   1.208586e-02   7.859909e-16   13490
  6.588740e-01   7.071243e-14   1.221778e-02   5.961270e-16   15656
  7.016595e-01   5.706582e-14   1.241043e-02   4.508078e-16   18008
  7.443680e-01   4.719923e-14   1.227786e-02   3.723278e-16   19964
  7.867827e-01   4.000411e-14   1.226437e-02   3.001386e-16   22354
  8.291404e-01   3.308110e-14   1.212327e-02   2.360216e-16   24648
  8.716536e-01   2.777690e-14   1.233244e-02   1.869148e-16   27592
  9.142068e-01   2.434725e-14   1.230127e-02   1.632490e-16   30152
  9.566749e-01   2.067409e-14   1.227622e-02   1.326516e-16   33046
  9.991233e-01   1.804553e-14   1.221538e-02   1.113086e-16   35992
  1.041693e+00   1.577336e-14   1.229906e-02   9.462946e-17   39304
  1.084289e+00   1.355754e-14   1.232858e-02   8.045497e-17   42608
  1.126820e+00   1.209142e-14   1.223307e-02   7.000458e-17   45758
  1.169340e+00   1.034998e-14   1.228914e-02   5.857669e-17   49536
  1.211695e+00   9.160682e-15   1.215683e-02   5.159190e-17   52488
  1.254054e+00   8.236450e-15   1.233851e-02   4.507742e-17   57034
  1.296605e+00   7.181803e-15   1.224458e-02   3.904395e-17   60648
  1.339187e+00   6.402511e-15   1.230532e-02   3.462222e-17   65044
  1.381689e+00   5.700155e-15   1.223104e-02   3.046069e-17   68720
  1.424202e+00   5.073387e-15   1.231312e-02   2.691707e-17   73538
  1.466870e+00   4.523456e-15   1.230776e-02   2.375582e-17   78080
  1.509304e+00   4.097162e-15   1.215944e-02   2.163554e-17   81572
  1.551677e+00   3.659988e-15   1.232495e-02   1.951504e-17   87248
  1.594353e+00   3.204654e-15   1.233837e-02   1.717528e-17   92266
  1.636929e+00   2.901814e-15   1.225268e-02   1.555792e-17   96696
  1.679216e+00   2.637493e-15   1.215041e-02   1.414497e-17   100904
  1.721516e+00   2.379061e-15   1.226207e-02   1.273376e-17   107036
  1.764192e+00   2.118249e-15   1.235795e-02   1.159465e-17   113362
  1.806923e+00   1.922733e-15   1.228837e-02   1.053938e-17   118176
  1.849351e+00   1.713425e-15   1.221864e-02   9.725068e-18   122944
  1.891857e+00   1.541535e-15   1.233203e-02   8.803391e-18   129902
  1.934420e+00   1.382795e-15   1.224691e-02   8.090929e-18   134944
  1.976863e+00   1.267319e-15   1.225992e-02   7.399291e-18   140952
  2.019285e+00   1.141751e-15   1.225865e-02   6.876569e-18   147072
  2.061737e+00   1.019893e-15   1.224320e-02   6.315300e-18   153382
  2.104357e+00   9.327684e-16   1.233049e-02   5.828284e-18   160952
  2.147003e+00   8.434705e-16   1.228118e-02   5.403447e-18   166640
  2.189431e+00   7.516143e-16   1.222861e-02   5.034097e-18   172448
  2.231915e+00   6.831018e-16   1.231031e-02   4.662341e-18   180594
  2.274471e+00   6.234854e-16   1.224284e-02   4.342314e-18   186556
  2.316888e+00   5.637719e-16   1.225358e-02   4.090099e-18   193528
  2.359297e+00   5.150901e-16   1.224273e-02   3.806603e-18   200626
  2.401844e+00   4.579465e-16   1.230642e-02   3.539588e-18   209256
  2.444460e+00   4.144925e-16   1.227865e-02   3.328160e-18   216020
  2.487004e+00   3.799682e-16   1.230299e-02   3.123500e-18   223768
  2.529444e+00   3.408259e-16   1.222313e-02   2.939755e-18   230234
  2.571955e+00   3.082488e-16   1.229969e-02   2.755979e-18   239800
  2.614499e+00   2.858899e-16   1.225221e-02   2.599609e-18   246568
  2.656957e+00   2.575186e-16   1.227331e-02   2.461654e-18   254828
  2.699414e+00   2.223423e-16   1.225769e-02   2.305893e-18   263074
  2.741981e+00   2.043178e-16   1.228604e-02   2.164942e-18   272312
  2.784554e+00   1.890911e-16   1.228079e-02   2.062035e-18   280376
  2.827093e+00   1.718821e-16   1.228600e-02   1.956942e-18   288884
  2.869605e+00   1.573291e-16   1.227401e-02   1.849049e-18   297602
  2.912071e+00   1.382285e-16   1.223046e-02   1.757707e-18   305520
  2.954561e+00   1.238804e-16   1.230079e-02   1.663989e-18   315976
  2.996984e+00   1.142837e-16   1.221089e-02   1.581882e-18   322778
  3.039488e+00   1.077806e-16   1.232008e-02   1.500009e-18   335372
  3.082114e+00   9.377428e-17   1.227327e-02   1.428452e-18   343464
  3.124654e+00   8.944280e-17   1.228282e-02   1.360995e-18   352912
  3.167174e+00   7.602476e-17   1.228199e-02   1.289294e-18   362666
  3.209689e+00   7.084417e-17   1.225476e-02   1.232137e-18   371884
  3.252186e+00   6.196680e-17   1.227971e-02   1.177413e-18   382280
  3.294633e+00   5.672020e-17   1.224302e-02   1.121935e-18   390888
  3.337059e+00   5.263579e-17   1.226867e-02   1.075116e-18   402234
  3.379565e+00   4.725789e-17   1.225933e-02   1.031492e-18   412576
  3.422105e+00   4.470091e-17   1.228715e-02   9.855844e-19   423732
  3.464636e+00   3.702980e-17   1.227257e-02   9.435500e-19   433624
  3.507180e+00   3.373853e-17   1.228881e-02   8.991574e-19   445154
  3.549739e+00   3.095089e-17   1.227656e-02   8.611490e-19   455584
  3.592238e+00   2.943544e-17   1.225887e-02   8.258250e-19   465588
  3.634685e+00   2.696389e-17   1.226065e-02   7.958226e-19   476762
  3.677219e+00   2.348481e-17   1.229242e-02   7.580059e-19   489552
  3.719789e+00   2.254100e-17   1.227853e-02   7.300832e-19   500328
  3.762251e+00   2.058531e-17   1.223705e-02   7.043449e-19   509852
  3.804741e+00   1.841728e-17   1.229735e-02   6.729466e-19   524234
  3.847275e+00   1.675793e-17   1.224781e-02   6.497679e-19   534104
  3.889779e+00   1.665209e-17   1.228211e-02   6.222916e-19   547048
  3.932320e+00   1.490608e-17   1.229545e-02   5.985802e-19   559328
  3.974872e+00   1.151399e-17   1.228346e-02   5.783489e-19   571326
  4.017355e+00   1.077798e-17   1.224147e-02   5.538283e-19   581920
  4.059804e+00   8.895104e-18   1.225835e-02   5.366170e-19   594832
  4.102282e+00   8.743407e-18   1.227222e-02   5.149110e-19   608048
  4.144825e+00   9.067373e-18   1.228101e-02   4.967463e-19   621526
  4.187356e+00   7.348027e-18   1.226445e-02   4.800940e-19   633240
  4.229822e+00   7.319850e-18   1.225981e-02   4.620846e-19   645472
  4.272346e+00   6.931578e-18   1.230137e-02   4.469261e-19   660906
  4.314903e+00   6.385669e-18   1.227030e-02   4.300713e-19   672856
  4.357425e+00   5.359587e-18   1.226838e-02   4.159772e-19   685980
  4.399921e+00   5.074885e-18   1.227191e-02   4.010647e-19   699256
  4.442476e+00   5.254746e-18   1.229990e-02   3.859360e-19   714730
  4.484986e+00   4.078876e-18   1.223739e-02   3.752071e-19   725152
  4.527452e+00   4.698938e-18   1.227054e-02   3.629100e-19   740420
  4.569941e+00   4.236226e-18   1.227636e-02   3.495380e-19   754312
  4.612456e+00   3.492000e-18   1.227959e-02   3.392624e-19   769114
  4.654996e+00   3.382146e-18   1.227684e-02   3.274147e-19   783488
  4.697459e+00   3.471617e-18   1.223560e-02   3.172148e-19   794968
  4.739925e+00   3.247905e-18   1.228043e-02   3.064549e-19   812366
  4.782438e+00   3.402928e-18   1.226054e-02   2.975707e-19   825976
  4.825000e+00   3.020623e-18   1.230088e-02   2.861115e-19   843352
  4.867591e+00   2.525143e-18   1.229290e-02   2.782812e-19   857280
  4.910094e+00   3.253341e-18   1.225276e-02   2.714235e-19   869542
  4.952587e+00   2.618549e-18   1.228301e-02   2.617203e-19   887128
  4.995087e+00   2.421229e-18   1.225266e-02   2.548807e-19   900032
  5.037553e+00   1.638000e-18   1.226951e-02   2.458677e-19   916560
  5.080018e+00   1.748375e-18   1.224713e-02   2.392097e-19   930922
  5.122540e+00   1.913949e-18   1.228718e-02   2.320669e-19   949844
  5.165149e+00   1.982733e-18   1.230776e-02   2.245395e-19   966736
  5.207698e+00   2.408647e-18   1.226328e-02   2.183714e-19   978776
  5.250149e+00   2.343458e-18   1.225655e-02   2.124515e-19   994522
  5.292642e+00   2.008106e-18   1.227563e-02   2.059212e-19   1012420
  5.335176e+00   1.822019e-18   1.228639e-02   1.999712e-19   1029408
  5.377640e+00   1.342568e-18   1.223362e-02   1.941951e-19   1041658
  5.420127e+00   1.308908e-18   1.228953e-02   1.882832e-19   1063520
  5.462635e+00   9.605636e-19   1.224276e-02   1.844206e-19   1075808
  5.505175e+00   1.435760e-18   1.232008e-02   1.782750e-19   1098956
  5.547712e+00   1.463793e-18   1.224668e-02   1.739482e-19   1109810
  5.590179e+00   1.424016e-18   1.226115e-02   1.688531e-19   1128608
  5.632713e+00   1.554757e-18   1.229436e-02   1.643278e-19   1148264
  5.675250e+00   8.059350e-19   1.227167e-02   1.597169e-19   1163252
  5.717744e+00   1.399171e-18   1.226828e-02   1.558764e-19   1181042
  5.760239e+00   1.291167e-18   1.225730e-02   1.511824e-19   1197848
  5.802769e+00   7.938153e-19   1.229495e-02   1.470438e-19   1218848
  5.845291e+00   1.269931e-18   1.225944e-02   1.429174e-19   1232916
  5.887780e+00   6.346871e-19   1.227538e-02   1.396573e-19   1253002
  5.930266e+00   8.320979e-19   1.224914e-02   1.360596e-19   1268576
  5.972763e+00   1.071954e-18   1.228621e-02   1.326120e-19   1290128
  6.015287e+00   9.005673e-19   1.227337e-02   1.289133e-19   1307402
  6.057820e+00   6.607323e-19   1.227649e-02   1.257998e-19   1327028
  6.100333e+00   8.391153e-19   1.225988e-02   1.229397e-19   1343648
  6.142842e+00   5.795808e-19   1.228087e-02   1.193159e-19   1364096
  6.185363e+00   7.163833e-19   1.227580e-02   1.162484e-19   1382730
  6.227896e+00   7.402426e-19   1.227503e-02   1.130969e-19   1402164
  6.270416e+00   7.313931e-19   1.227264e-02   1.105184e-19   1420464
  6.312883e+00   3.655225e-19   1.225519e-02   1.078643e-19   1437368
  6.355387e+00   3.283908e-19   1.228857e-02   1.051063e-19   1461530
  6.397919e+00   5.738792e-19   1.226028e-02   1.027091e-19   1478264
  6.440432e+00   2.827773e-19   1.227561e-02   1.000700e-19   1499356
  6.482926e+00   4.878097e-19   1.226095e-02   9.768701e-20   1517016
  6.525439e+00   6.124351e-19   1.228340e-02   9.541682e-20   1540090
  6.567953e+00   5.406239e-19   1.226146e-02   9.329971e-20   1557360
  6.610434e+00   4.933401e-19   1.226770e-02   9.077904e-20   1577780
  6.652969e+00   6.756798e-19   1.230043e-02   8.867144e-20   1602578
  6.695499e+00   4.801083e-19   1.225417e-02   8.663023e-20   1617672
  6.737992e+00   3.435136e-19   1.227613e-02   8.454343e-20   1641016
  6.780486e+00   1.827107e-19   1.226032e-02   8.261788e-20   1659416
  6.822983e+00   2.836823e-19   1.227372e-02   8.062901e-20   1682670
  6.865529e+00   2.592907e-19   1.228276e-02   7.874810e-20   1705256
  6.908096e+00   5.152803e-19   1.228756e-02   7.681900e-20   1726312
  6.950582e+00   2.974623e-19   1.225056e-02   7.512187e-20   1741880
  6.993044e+00   3.186152e-19   1.226862e-02   7.332041e-20   1766454
  7.035588e+00   4.768313e-19   1.229242e-02   7.177462e-20   1791784
  7.078111e+00   3.031212e-19   1.225558e-02   7.043371e-20   1807712
  7.120554e+00   4.092074e-19   1.225110e-02   6.857908e-20   1829002
  7.163037e+00   1.723889e-19   1.226905e-02   6.711243e-20   1854216
  7.205602e+00   2.801118e-19   1.229852e-02   6.540839e-20   1880156
  7.248150e+00   3.256771e-19   1.227340e-02   6.419988e-20   1897568
  7.290651e+00   2.633936e-19   1.227390e-02   6.265159e-20   1920458
  7.333153e+00   2.890098e-19   1.226399e-02   6.122244e-20   1942208
  7.375659e+00   2.345649e-19   1.227125e-02   5.998901e-20   1965612
  7.418175e+00   2.446196e-19   1.227855e-02   5.866480e-20   1989000
  7.460671e+00   2.635013e-19   1.225786e-02   5.735156e-20   2009114
  7.503166e+00   3.275102e-19   1.226960e-02   5.612993e-20   2034464
  7.545695e+00   2.485481e-19   1.228070e-02   5.486574e-20   2058476
  7.588207e+00   9.295470e-20   1.227216e-02   5.380976e-20   2079648
  7.630693e+00   1.804584e-19   1.226356e-02   5.253679e-20   2102578
  7.673222e+00   3.216591e-19   1.228297e-02   5.138132e-20   2129928
  7.715766e+00   3.820957e-19   1.227893e-02   5.042714e-20   2152096
  7.758252e+00   3.468983e-19   1.225143e-02   4.936489e-20   2171142
  7.800741e+00   2.985410e-19   1.227660e-02   4.823928e-20   2200248
  7.843296e+00   2.326021e-19   1.228407e-02   4.733516e-20   2225216
  7.885842e+00   2.330605e-19   1.228377e-02   4.638177e-20   2248448
  7.928336e+00   2.235057e-19   1.225709e-02   4.546354e-20   2267942
  7.970840e+00   3.133138e-19   1.228420e-02   4.437923e-20   2298072
  8.013348e+00   2.651271e-19   1.225627e-02   4.350220e-20   2317272
  8.055842e+00   2.472753e-19   1.227899e-02   4.252848e-20   2345808
  8.098322e+00   2.423274e-19   1.224988e-02   4.167181e-20   2365650
  8.140823e+00   1.727381e-19   1.227972e-02   4.090735e-20   2396940
  8.183368e+00   2.350146e-19   1.227975e-02   4.005421e-20   2421272
  8.225892e+00   2.197423e-19   1.227360e-02   3.918549e-20   2444576
  8.268407e+00   1.714191e-19   1.227899e-02   3.843252e-20   2471490
  8.310912e+00   1.365589e-19   1.225942e-02   3.765335e-20   2493180
  8.353397e+00   2.275955e-19   1.227208e-02   3.695005e-20   2520952
  8.395888e+00   1.234186e-19   1.226128e-02   3.623987e-20   2544946
  8.438392e+00   6.403708e-20   1.227324e-02   3.551342e-20   2573856
  8.480922e+00   1.577060e-19   1.227611e-02   3.478065e-20   2600016
  8.523447e+00   1.616499e-19   1.227641e-02   3.406751e-20   2625484
  8.565959e+00   1.297661e-19   1.227232e-02   3.340274e-20   2651122
  8.608519e+00   1.067993e-19   1.229739e-02   3.275161e-20   2683488
  8.651014e+00   1.171209e-19   1.223786e-02   3.211219e-20   2696352
  8.693483e+00   1.180779e-19   1.228468e-02   3.154490e-20   2733020
  8.736008e+00   1.285292e-19   1.227012e-02   3.090570e-20   2757378
  8.778525e+00   5.794759e-20   1.227177e-02   3.032837e-20   2784864
  8.821036e+00   1.091343e-19   1.227124e-02   2.974734e-20   2811168
  8.863496e+00   9.142776e-20   1.224424e-02   2.919634e-20   2832274
  8.906020e+00   1.178307e-19   1.230244e-02   2.854147e-20   2873636
  8.948567e+00   6.821703e-20   1.225951e-02   2.809877e-20   2890496
  8.991066e+00   2.477959e-20   1.227940e-02   2.753474e-20   2921800
  9.033598e+00   2.837217e-20   1.228441e-02   2.700619e-20   2951298
  9.076126e+00   4.781095e-20   1.226510e-02   2.650549e-20   2975476
  9.118654e+00   5.700860e-20   1.228550e-02   2.596065e-20   3007728
  9.161142e+00   5.368360e-20   1.224754e-02   2.555782e-20   3025776
  9.203640e+00   8.442274e-20   1.229182e-02   2.500188e-20   3065762
  9.246160e+00   4.595098e-20   1.225283e-02   2.464858e-20   3084856
  9.288649e+00   5.717751e-20   1.227594e-02   2.416029e-20   3118044
  9.331129e+00   5.479920e-20   1.225728e-02   2.369547e-20   3141352
  9.373640e+00   1.002119e-19   1.228814e-02   2.325304e-20   3179274
  9.416185e+00   6.123300e-20   1.227073e-02   2.281102e-20   3204120
  9.458671e+00   8.568801e-20   1.225444e-02   2.241911e-20   3227900
  9.501151e+00   5.306139e-20   1.227489e-02   2.200707e-20   3262394
  9.543701e+00   3.854819e-20   1.228726e-02   2.159571e-20   3295680
  9.586236e+00   6.186526e-20   1.226866e-02   2.122252e-20   3319560
  9.628737e+00   2.179514e-20   1.227228e-02   2.084893e-20   3348972
  9.671240e+00   4.470168e-20   1.227416e-02   2.047532e-20   3379722
  9.713763e+00   8.576300e-20   1.227339e-02   2.007776e-20   3410720
  9.756299e+00   2.290284e-20   1.227807e-02   1.972133e-20   3441504
  9.798787e+00   4.726408e-20   1.225320e-02   1.938060e-20   3463624
  9.841266e+00   6.449699e-20   1.227217e-02   1.904460e-20   3499790
  9.883803e+00   1.340190e-20   1.228281e-02   1.869647e-20   3533560
  9.926350e+00   1.599556e-20   1.227932e-02   1.841709e-20   3561920
  9.968836e+00   6.206518e-20   1.225683e-02   1.806737e-20   3585208
  1.001132e+01   3.430308e-20   1.227674e-02   1.774039e-20   3622518
  1.005387e+01   2.468588e-20   1.228938e-02   1.743520e-20   3657584
  1.009637e+01   4.531715e-20   1.225003e-02   1.715409e-20   3676440
  1.013883e+01   1.106823e-19   1.226093e-02   1.685653e-20   3711282
  1.018134e+01   4.881954e-20   1.227505e-02   1.654158e-20   3747696
  1.022386e+01   6.632230e-20   1.226890e-02   1.625163e-20   3776188
  1.026640e+01   7.227042e-20   1.229793e-02   1.595499e-20   3815304
  1.030893e+01   4.796308e-20   1.225864e-02   1.570241e-20   3835370
  1.035143e+01   1.362746e-20   1.227570e-02   1.545379e-20   3873424
  1.039395e+01   4.760651e-20   1.227191e-02   1.516851e-20   3903420
  1.043647e+01   2.972984e-20   1.228014e-02   1.491320e-20   3937624
  1.047898e+01   6.978445e-20   1.226404e-02   1.467274e-20   3965658
  1.052150e+01   6.845372e-21   1.227921e-02   1.442671e-20   4002984
  1.056400e+01   3.877665e-20   1.226054e-02   1.416459e-20   4027928
  1.060647e+01   5.103012e-20   1.225976e-02   1.393882e-20   4059844
  1.064896e+01   6.671405e-20   1.227978e-02   1.370313e-20   4100338
  1.069151e+01   5.392333e-20   1.227651e-02   1.346208e-20   4132264
  1.073403e+01   2.293020e-20   1.227390e-02   1.322915e-20   4163216
  1.077652e+01   5.486323e-20   1.226459e-02   1.302154e-20   4193350
  1.081904e+01   4.931694e-20   1.228427e-02   1.280868e-20   4234456
  1.086156e+01   5.071601e-20   1.225632e-02   1.259208e-20   4257264
  1.090405e+01   4.045036e-20   1.227910e-02   1.238909e-20   4297352
  1.094656e+01   1.927795e-20   1.226998e-02   1.217846e-20   4328642
  1.098909e+01   2.313100e-20   1.228265e-02   1.197761e-20   4367948
  1.103158e+01   3.146090e-20   1.224720e-02   1.179424e-20   4388384
  1.107408e+01   6.138739e-20   1.228899e-02   1.158192e-20   4436648
  1.111661e+01   1.928514e-20   1.227199e-02   1.140168e-20   4465658
  1.115915e+01   1.875600e-20   1.227871e-02   1.119805e-20   4502948
  1.120165e+01   -1.396467e-21   1.225915e-02   1.103388e-20   4528880
  1.124413e+01   4.245745e-20   1.226872e-02   1.085046e-20   4566290
  1.128665e+01   2.920746e-21   1.228262e-02   1.066818e-20   4606856
  1.132917e+01   1.879623e-20   1.226621e-02   1.050180e-20   4635380
  1.137166e+01   2.612458e-20   1.226853e-02   1.034418e-20   4670384
  1.141417e+01   1.649802e-20   1.227665e-02   1.018094e-20   4709258
  1.145672e+01   -4.173811e-21   1.228130e-02   1.000431e-20   4747352
  1.149922e+01   1.599818e-21   1.225462e-02   9.852672e-21   4771664
  1.154171e+01   3.166496e-21   1.227440e-02   9.681933e-21   4813532
  1.158423e+01   2.156162e-20   1.228175e-02   9.526947e-21   4852322
  1.162677e+01   2.209466e-20   1.227605e-02   9.383646e-21   4886480
  1.166928e+01   1.413488e-20   1.226516e-02   9.237686e-21   4917248
  1.171175e+01   4.422353e-20   1.226039e-02   9.092519e-21   4950828
  1.175428e+01   4.129498e-20   1.229115e-02   8.946146e-21   5000170
  1.179682e+01   2.090340e-20   1.226743e-02   8.812784e-21   5026952
  1.183930e+01   1.582468e-20   1.225870e-02   8.678187e-21   5058752
  1.188178e+01   3.740077e-20   1.227096e-02   8.519800e-21   5100722
  1.192431e+01   9.115369e-21   1.227592e-02   8.396621e-21   5140124
  1.196682e+01   1.862231e-20   1.227175e-02   8.277671e-21   5174072
  1.200934e+01   3.299572e-20   1.227571e-02   8.141684e-21   5211608
  1.205185e+01   2.595634e-20   1.227167e-02   8.011841e-21   5247794
  1.209436e+01   2.038151e-20   1.226763e-02   7.895868e-21   5284196
  1.213689e+01   2.266080e-20   1.228663e-02   7.763519e-21   5328800
  1.217939e+01   3.213104e-20   1.225244e-02   7.663501e-21   5350872
  1.222188e+01   1.930748e-20   1.227843e-02   7.524833e-21   5400634
  1.226439e+01   2.568140e-20   1.226116e-02   7.430556e-21   5430968
  1.230690e+01   7.540575e-21   1.228074e-02   7.296970e-21   5475908
  1.234942e+01   1.759766e-20   1.227341e-02   7.196766e-21   5510016
  1.239194e+01   3.185271e-20   1.227878e-02   7.083315e-21   5552114
  1.243448e+01   1.330057e-20   1.227536e-02   6.976972e-21   5588944
  1.247700e+01   -4.239931e-21   1.227081e-02   6.876038e-21   5623828
  1.251949e+01   2.382738e-20   1.226652e-02   6.771807e-21   5660722
  1.256199e+01   2.965561e-20   1.226569e-02   6.666410e-21   5699896
  1.260450e+01   3.042135e-20   1.227587e-02   6.568490e-21   5741936
  1.264701e+01   3.079949e-20   1.227604e-02   6.471083e-21   5779568
  1.268952e+01   1.034955e-20   1.227056e-02   6.367422e-21   5817222
  1.273202e+01   9.956317e-21   1.226405e-02   6.273959e-21   5854600
  1.277454e+01   2.220433e-20   1.227916e-02   6.180168e-21   5900040
  1.281705e+01   8.638907e-21   1.226601e-02   6.085668e-21   5931976
  1.285956e+01   1.281528e-20   1.228040e-02   5.996956e-21   5979390
  1.290207e+01   1.731775e-20   1.226129e-02   5.908276e-21   6010200
  1.294458e+01   4.245540e-21   1.227731e-02   5.818042e-21   6056496
  1.298708e+01   5.253000e-21   1.226484e-02   5.738638e-21   6089504
  1.302958e+01   2.540401e-20   1.227756e-02   5.645804e-21   6137114
  1.307210e+01   1.189403e-20   1.226880e-02   5.567502e-21   6173332
  1.311461e+01   1.064903e-20   1.227153e-02   5.489481e-21   6214128
  1.315711e+01   1.319230e-20   1.226922e-02   5.403160e-21   6253874
  1.319964e+01   1.176796e-20   1.227851e-02   5.322672e-21   6300104
  1.324216e+01   1.108002e-20   1.226546e-02   5.243632e-21   6332612
  1.328467e+01   6.279603e-21   1.228096e-02   5.170642e-21   6379768
  1.332719e+01   8.736862e-21   1.227439e-02   5.095864e-21   6418218
  1.336971e+01   9.138850e-21   1.227344e-02   5.026240e-21   6459880
  1.341221e+01   3.132157e-21   1.226446e-02   4.957463e-21   6495652
  1.345472e+01   2.079577e-20   1.228092e-02   4.879169e-21   6545296
  1.349724e+01   1.379893e-20   1.226891e-02   4.811114e-21   6581570
  1.353974e+01   3.104711e-21   1.226098e-02   4.742316e-21   6618960
  1.358222e+01   -2.589137e-21   1.226863e-02   4.670229e-21   6663352
  1.362471e+01   2.634252e-21   1.226151e-02   4.611688e-21   6701334
  1.366724e+01   1.752416e-20   1.229005e-02   4.542355e-21   6759920
  1.370978e+01   1.189385e-20   1.226871e-02   4.472266e-21   6789696
  1.375229e+01   1.005741e-20   1.227982e-02   4.408047e-21   6837208
  1.379481e+01   1.166419e-20   1.226997e-02   4.346317e-21   6874966
  1.383733e+01   6.768044e-21   1.227445e-02   4.283169e-21   6920864
  1.387984e+01   -1.136539e-21   1.226703e-02   4.227173e-21   6957816
  1.392234e+01   1.074755e-20   1.227258e-02   4.164508e-21   7002232
  1.396483e+01   5.751944e-21   1.226616e-02   4.101805e-21   7043114
  1.400736e+01   2.222565e-21   1.228161e-02   4.046549e-21   7096020
  1.404988e+01   3.677624e-21   1.226958e-02   3.990967e-21   7130640
  1.409239e+01   9.298264e-21   1.227310e-02   3.933022e-21   7175472
  1.413489e+01   8.817418e-21   1.226899e-02   3.882991e-21   7217786
  1.417741e+01   7.723093e-22   1.227600e-02   3.823536e-21   7265564
  1.421992e+01   7.778764e-23   1.226528e-02   3.773760e-21   7301288
  1.426240e+01   2.304667e-21   1.226550e-02   3.717644e-21   7345330
  1.430491e+01   1.201449e-20   1.227621e-02   3.672175e-21   7397048
  1.434743e+01   -1.207507e-21   1.226815e-02   3.615212e-21   7435920
  1.438994e+01   1.048685e-20   1.227688e-02   3.569407e-21   7484140
  1.443245e+01   9.719663e-21   1.227057e-02   3.516464e-21   7525578
  1.447497e+01   8.662608e-21   1.227007e-02   3.473427e-21   7571376
  1.451748e+01   3.962795e-21   1.227392e-02   3.422368e-21   7617064
  1.456001e+01   2.374700e-21   1.227782e-02   3.374363e-21   7662092
  1.460251e+01   4.156039e-21   1.226530e-02   3.329713e-21   7699658
  1.464502e+01   1.344968e-20   1.227578e-02   3.284416e-21   7752416
  1.468755e+01   9.151664e-21   1.227763e-02   3.236348e-21   7797776
  1.473004e+01   5.345130e-21   1.226070e-02   3.195953e-21   7831720
  1.477255e+01   1.080345e-20   1.227889e-02   3.149894e-21   7889926
  1.481507e+01   8.208542e-21   1.227192e-02   3.109502e-21   7931480
  1.485759e+01   1.234796e-20   1.227300e-02   3.064335e-21   7976688
  1.490006e+01   7.754074e-21   1.225048e-02   3.028998e-21   8007786
  1.494256e+01   5.146983e-21   1.228133e-02   2.983168e-21   8074564
  1.498510e+01   2.885141e-21   1.228034e-02   2.946077e-21   8118904
  1.502762e+01   1.777430e-21   1.226783e-02   2.906707e-21   8155824
  1.507013e+01   6.556070e-21   1.228256e-02   2.863529e-21   8212802
  1.511265e+01   5.244898e-21   1.226047e-02   2.830337e-21   8245268
  1.515516e+01   1.425686e-20   1.228702e-02   2.786213e-21   8308816
  1.519769e+01   -8.475999e-22   1.226520e-02   2.755940e-21   8340304
  1.524017e+01   4.117569e-21   1.226489e-02   2.715935e-21   8387738
  1.528267e+01   1.680881e-21   1.226883e-02   2.679722e-21   8437624
  1.532518e+01   1.268584e-21   1.227531e-02   2.642940e-21   8487796
  1.536768e+01   4.641914e-21   1.226572e-02   2.608572e-21   8527936
  1.541020e+01   -1.668681e-21   1.227764e-02   2.572811e-21   8585122
  1.545272e+01   8.186406e-21   1.227170e-02   2.538718e-21   8628200
  1.549524e+01   7.813476e-21   1.227868e-02   2.505210e-21   8679484
  1.553776e+01   2.764898e-21   1.226928e-02   2.471224e-21   8721466
  1.558025e+01   5.500422e-21   1.226318e-02   2.441762e-21   8765840
  1.562277e+01   6.098909e-21   1.228142e-02   2.406286e-21   8825136
  1.566528e+01   7.139962e-21   1.226701e-02   2.378012e-21   8861768
  1.570779e+01   9.808165e-21   1.227728e-02   2.345797e-21   8919278
  1.575031e+01   3.530395e-23   1.226638e-02   2.313701e-21   8961008
  1.579282e+01   7.528675e-21   1.227512e-02   2.283773e-21   9014456
  1.583534e+01   7.645543e-21   1.227527e-02   2.254913e-21   9062240
  1.587786e+01   8.769121e-21   1.227311e-02   2.223839e-21   9110510
  1.592036e+01   5.885326e-21   1.226582e-02   2.195693e-21   9154048
  1.596285e+01   5.179392e-21   1.226281e-02   2.168596e-21   9198928
  1.600534e+01   5.246795e-21   1.227531e-02   2.138099e-21   9257194
  1.604787e+01   3.272408e-21   1.227745e-02   2.111854e-21   9310168
  1.609038e+01   3.586788e-21   1.226530e-02   2.083835e-21   9350316
  1.613289e+01   7.507228e-21   1.227684e-02   2.057229e-21   9407120
  1.617541e+01   4.566288e-21   1.227300e-02   2.030143e-21   9454642
  1.621793e+01   3.784320e-21   1.227362e-02   2.005132e-21   9506272
  1.626044e+01   6.439657e-21   1.226942e-02   1.979636e-21   9551228
  1.630294e+01   8.491390e-21   1.227038e-02   1.955028e-21   9600264
  1.634544e+01   8.063158e-21   1.227012e-02   1.931113e-21   9651458
  1.638796e+01   -5.688086e-22   1.228049e-02   1.903600e-21   9711488
  1.643048e+01   4.743589e-21   1.226476e-02   1.881956e-21   9749144
  1.647299e+01   4.588238e-21   1.227613e-02   1.855679e-21   9807908
  1.651550e+01   6.701985e-21   1.227043e-02   1.833148e-21   9854786
  1.655803e+01   4.278391e-21   1.228107e-02   1.809775e-21   9914304
  1.660053e+01   -1.057113e-21   1.225867e-02   1.789145e-21   9945544
  1.664301e+01   4.289911e-21   1.226718e-02   1.765922e-21   10003414
  1.668552e+01   2.761385e-21   1.227468e-02   1.741277e-21   10062032
  1.672804e+01   6.098520e-21   1.227657e-02   1.722293e-21   10114792
  1.677058e+01   5.486178e-21   1.228180e-02   1.697653e-21   10169936
  1.681307e+01   7.615503e-21   1.225060e-02   1.679777e-21   10196602
  1.685558e+01   5.337927e-21   1.228906e-02   1.655630e-21   10281156
  1.689811e+01   3.420203e-21   1.226275e-02   1.636844e-21   10309376
  1.694060e+01   1.160856e-21   1.227427e-02   1.616118e-21   10369856
  1.698310e+01   2.168061e-21   1.226425e-02   1.598166e-21   10415370
  1.702562e+01   1.228006e-20   1.228018e-02   1.576908e-21   10481988
  1.706815e+01   4.874730e-21   1.227822e-02   1.557630e-21   10531200
  1.711066e+01   4.857307e-21   1.226163e-02   1.538740e-21   10569416
  1.715315e+01   6.081905e-22   1.227286e-02   1.518562e-21   10633066
  1.719568e+01   3.360568e-21   1.227546e-02   1.499355e-21   10687548
  1.723821e+01   1.904848e-21   1.228168e-02   1.480127e-21   10743968
  1.728072e+01   3.340545e-21   1.226340e-02   1.464161e-21   10782130
  1.732321e+01   5.805442e-21   1.226438e-02   1.446234e-21   10837792
  1.736571e+01   4.389625e-21   1.227328e-02   1.425878e-21   10897368
  1.740823e+01   4.389655e-21   1.227857e-02   1.409892e-21   10953940
  1.745075e+01   2.199181e-21   1.227188e-02   1.393448e-21   11003274
  1.749325e+01   4.521286e-21   1.226537e-02   1.376680e-21   11052800
  1.753577e+01   5.902164e-21   1.228039e-02   1.360107e-21   11118176
  1.757829e+01   6.817141e-21   1.227174e-02   1.342798e-21   11162268
  1.762078e+01   3.289031e-21   1.226447e-02   1.327097e-21   11211458
  1.766328e+01   5.199282e-21   1.226924e-02   1.310335e-21   11271888
  1.770579e+01   3.348175e-21   1.227456e-02   1.296302e-21   11329304
  1.774829e+01   4.353775e-21   1.226554e-02   1.279749e-21   11375026
  1.779081e+01   1.489496e-21   1.227704e-02   1.263808e-21   11442532
  1.783332e+01   7.313258e-21   1.226620e-02   1.248943e-21   11487264
  1.787583e+01   2.514803e-21   1.227239e-02   1.233770e-21   11545680
  1.791835e+01   7.430591e-21   1.227937e-02   1.218590e-21   11607058
  1.796089e+01   3.474067e-21   1.227970e-02   1.205020e-21   11664300
  1.800340e+01   5.580485e-21   1.226785e-02   1.190294e-21   11707488
  1.804590e+01   5.179712e-21   1.226647e-02   1.176534e-21   11759536
  1.808841e+01   7.584191e-22   1.228470e-02   1.163104e-21   11833690
  1.813095e+01   3.586316e-21   1.227017e-02   1.149558e-21   11877808
  1.817345e+01   2.382986e-21   1.226311e-02   1.135765e-21   11925836
  1.821595e+01   5.809316e-21   1.227560e-02   1.122120e-21   11992168
  1.825846e+01   3.983037e-21   1.227114e-02   1.108297e-21   12044554
  1.830097e+01   2.827941e-21   1.226867e-02   1.095864e-21   12098976
  1.834346e+01   3.984999e-21   1.226469e-02   1.083940e-21   12149996
  1.838595e+01   3.571825e-21   1.226815e-02   1.070221e-21   12209594
  1.842847e+01   6.943557e-21   1.227993e-02   1.057347e-21   12279272
  1.847101e+01   5.115998e-21   1.228002e-02   1.045116e-21   12336072
  1.851353e+01   6.240858e-21   1.226966e-02   1.033189e-21   12381744
  1.855604e+01   3.840637e-21   1.227227e-02   1.021015e-21   12441590
  1.859855e+01   7.038016e-21   1.227023e-02   1.009913e-21   12497256
  1.864105e+01   4.633055e-21   1.226730e-02   9.981718e-22   12550032
  1.868353e+01   3.990435e-21   1.226474e-02   9.873178e-22   12603936
  1.872603e+01   3.478601e-21   1.227245e-02   9.763639e-22   12671230
  1.876857e+01   4.821114e-21   1.228331e-02   9.631882e-22   12740920
  1.881110e+01   2.429713e-21   1.227107e-02   9.523216e-22   12784560
  1.885359e+01   3.415940e-21   1.226358e-02   9.424057e-22   12834176
  1.889610e+01   4.632317e-21   1.227865e-02   9.312238e-22   12909006
  1.893863e+01   5.088690e-21   1.227235e-02   9.206244e-22   12959680
  1.898113e+01   4.169640e-21   1.227020e-02   9.096755e-22   13014232
  1.902364e+01   2.814263e-21   1.227262e-02   9.000681e-22   13076514
  1.906614e+01   5.752567e-21   1.226274e-02   8.907681e-22   13127112
  1.910866e+01   5.593550e-21   1.228266e-02   8.801397e-22   13205852
  1.915119e+01   6.282435e-21   1.227282e-02   8.705442e-22   13252032
  1.919369e+01   3.820822e-21   1.226787e-02   8.605655e-22   13307450
  1.923620e+01   5.225859e-21   1.227402e-02   8.507623e-22   13374160
  1.927872e+01   4.328872e-21   1.227027e-02   8.418681e-22   13426348
  1.932123e+01   3.280331e-21   1.227853e-02   8.320502e-22   13492760
  1.936373e+01   5.087717e-21   1.226457e-02   8.232909e-22   13539546
  1.940624e+01   4.330830e-21   1.227335e-02   8.130611e-22   13610704
  1.944875e+01   5.807482e-21   1.226734e-02   8.051844e-22   13662024
  1.949125e+01   1.664364e-21   1.227299e-02   7.956631e-22   13727492
  1.953377e+01   2.084544e-21   1.227644e-02   7.872820e-22   13793394
  1.957629e+01   2.052858e-21   1.226862e-02   7.785217e-22   13844456
  1.961880e+01   3.298989e-21   1.227171e-02   7.699046e-22   13905184
  1.966130e+01   3.027214e-21   1.227189e-02   7.614325e-22   13965958
  1.970381e+01   2.453505e-21   1.226859e-02   7.536746e-22   14025192
  1.974632e+01   3.105232e-21   1.227581e-02   7.457711e-22   14093768
  1.978884e+01   1.280916e-21   1.227382e-02   7.374052e-22   14150440
  1.983136e+01   1.689665e-21   1.227452e-02   7.289590e-22   14213450
  1.987387e+01   4.239679e-21   1.226691e-02   7.215231e-22   14267036
  1.991638e+01   -8.830363e-23   1.227427e-02   7.132279e-22   14335032
  1.995889e+01   3.348775e-21   1.226837e-02   7.063835e-22   14387664
  2.000139e+01   3.961609e-21   1.227308e-02   6.980108e-22   14455698
  2.004391e+01   8.559650e-22   1.227471e-02   6.909824e-22   14520452
  2.008643e+01   2.677909e-21   1.227399e-02   6.834682e-22   14580272
  2.012893e+01   3.602718e-21   1.226246e-02   6.766742e-22   14628050
  2.017144e+01   2.751273e-21   1.228393e-02   6.691488e-22   14716744
  2.021396e+01   1.848787e-21   1.226163e-02   6.632372e-22   14751712
  2.025646e+01   1.645958e-21   1.227782e-02   6.551932e-22   14831620
  2.029896e+01   2.666210e-21   1.226188e-02   6.489649e-22   14875522
  2.034146e+01   1.221718e-21   1.227585e-02   6.421705e-22   14956720
  2.038398e+01   3.691804e-21   1.226799e-02   6.348502e-22   15008272
  2.042648e+01   2.561020e-21   1.227113e-02   6.286282e-22   15073780
  2.046899e+01   2.100580e-21   1.227601e-02   6.218243e-22   15144866
  2.051153e+01   3.060869e-21   1.228021e-02   6.152282e-22   15213872
  2.055406e+01   2.363671e-21   1.227172e-02   6.087292e-22   15263976
  2.059656e+01   3.645094e-21   1.226689e-02   6.036592e-22   15320236
  2.063907e+01   4.079614e-21   1.227747e-02   5.973795e-22   15398322
  2.068159e+01   3.004182e-21   1.226849e-02   5.915551e-22   15450864
  2.072409e+01   3.742058e-21   1.226949e-02   5.852332e-22   15513888
  2.076658e+01   2.316379e-21   1.226638e-02   5.793948e-22   15574626
  2.080910e+01   3.522796e-21   1.227957e-02   5.733660e-22   15657956
  2.085162e+01   4.046222e-21   1.226694e-02   5.677980e-22   15704248
  2.089412e+01   2.294687e-21   1.227405e-02   5.616599e-22   15774824
  2.093664e+01   2.985795e-21   1.227741e-02   5.564413e-22   15844898
  2.097916e+01   2.207362e-21   1.226797e-02   5.512279e-22   15898956
  2.102166e+01   1.829240e-21   1.226837e-02   5.456524e-22   15961768
  2.106416e+01   1.980460e-21   1.227392e-02   5.400282e-22   16032208
  2.110668e+01   2.230316e-21   1.227386e-02   5.348284e-22   16099530
  2.114918e+01   3.810479e-21   1.226342e-02   5.298149e-22   16152712
  2.119169e+01   2.951683e-21   1.227877e-02   5.238687e-22   16235740
  2.123421e+01   2.108456e-21   1.227090e-02   5.196621e-22   16288856
  2.127673e+01   2.260805e-21   1.227763e-02   5.145330e-22   16365074
  2.131925e+01   2.228546e-21   1.226826e-02   5.098663e-22   16418248
  2.136173e+01   3.168892e-21   1.226229e-02   5.052678e-22   16473180
  2.140423e+01   1.077311e-21   1.227796e-02   4.998834e-22   16560234
  2.144675e+01   2.863967e-21   1.226818e-02   4.956331e-22   16616088
  2.148927e+01   1.290455e-21   1.227653e-02   4.904939e-22   16693264
  2.153179e+01   1.956512e-21   1.227410e-02   4.861461e-22   16753864
  2.157431e+01   1.974160e-21   1.227428e-02   4.814049e-22   16820702
  2.161682e+01   2.278760e-21   1.226755e-02   4.776705e-22   16879288
  2.165933e+01   2.900908e-21   1.227311e-02   4.729034e-22   16951712
  2.170183e+01   2.716377e-21   1.226675e-02   4.685111e-22   17007560
  2.174434e+01   1.933151e-21   1.227813e-02   4.644009e-22   17092086
  2.178685e+01   2.067402e-21   1.226906e-02   4.598646e-22   17148392
  2.182937e+01   1.931586e-21   1.227478e-02   4.559383e-22   17222288
  2.187188e+01   2.104891e-21   1.227236e-02   4.517809e-22   17285096
  2.191439e+01   2.392161e-21   1.226620e-02   4.480897e-22   17344826
  2.195689e+01   3.638906e-21   1.227320e-02   4.438446e-22   17421236
  2.199941e+01   2.320939e-21   1.227792e-02   4.394990e-22   17494160
  2.204191e+01   1.821544e-21   1.226044e-02   4.360974e-22   17538122
  2.208440e+01   1.663140e-21   1.226939e-02   4.323105e-22   17620136
  2.212692e+01   2.685573e-21   1.227875e-02   4.282429e-22   17700428
  2.216945e+01   3.521618e-21   1.227393e-02   4.247395e-22   17760320
  2.221196e+01   2.613442e-21   1.227224e-02   4.213030e-22   17827562
  2.225448e+01   1.757386e-21   1.227165e-02   4.175248e-22   17895488
  2.229699e+01   2.337996e-21   1.227292e-02   4.137925e-22   17963576
  2.233950e+01   2.751781e-21   1.227046e-02   4.102207e-22   18027500
  2.238201e+01   2.382628e-21   1.227533e-02   4.074117e-22   18105650
  2.242451e+01   2.648454e-21   1.226508e-02   4.039101e-22   18160880
  2.246701e+01   2.391074e-21   1.226834e-02   4.005834e-22   18233144
  2.250951e+01   2.224488e-21   1.227149e-02   3.970549e-22   18307310
  2.255203e+01   2.538884e-21   1.227368e-02   3.942513e-22   18381680
  2.259456e+01   2.391847e-21   1.227489e-02   3.909492e-22   18450536
  2.263708e+01   2.533064e-21   1.227820e-02   3.879871e-22   18522128
  2.267959e+01   2.806025e-21   1.226827e-02   3.847138e-22   18578414
  2.272209e+01   2.394445e-21   1.227113e-02   3.820407e-22   18654304
  2.276460e+01   2.836440e-21   1.227056e-02   3.788905e-22   18722304
  2.280712e+01   3.280801e-21   1.227777e-02   3.756963e-22   18802472
  2.284964e+01   2.777527e-21   1.227092e-02   3.736939e-22   18864266
  2.289215e+01   2.534435e-21   1.226939e-02   3.705729e-22   18933260
  2.293465e+01   2.080623e-21   1.226719e-02   3.676123e-22   18997448
  2.297715e+01   2.018471e-21   1.227581e-02   3.649091e-22   19079816
  2.301967e+01   2.791513e-21   1.227098e-02   3.626259e-22   19145330
  2.306218e+01   3.553439e-21   1.227177e-02   3.597169e-22   19218276
  2.310469e+01   2.308691e-21   1.227113e-02   3.569628e-22   19286200
  2.314719e+01   2.919400e-21   1.226583e-02   3.544243e-22   19349738
  2.318971e+01   2.028236e-21   1.228286e-02   3.520447e-22   19450040
  2.323223e+01   2.254119e-21   1.226363e-02   3.495468e-22   19489688
  2.327473e+01   2.546238e-21   1.227521e-02   3.469637e-22   19576868
  2.331724e+01   2.383898e-21   1.226932e-02   3.448578e-22   19640282
  2.335976e+01   3.059490e-21   1.227873e-02   3.426496e-22   19728800
  2.340226e+01   3.302473e-21   1.226095e-02   3.403729e-22   19770152
  2.344476e+01   2.230870e-21   1.227487e-02   3.376540e-22   19863516
  2.348729e+01   2.873220e-21   1.227855e-02   3.357675e-22   19943594
  2.352981e+01   2.155286e-21   1.227039e-02   3.335162e-22   20003440
  2.357232e+01   3.057507e-21   1.227533e-02   3.316726e-22   20081768
  2.361483e+01   2.541592e-21   1.226475e-02   3.298108e-22   20136200
  2.365734e+01   2.244081e-21   1.228180e-02   3.273934e-22   20238094
  2.369985e+01   1.651938e-21   1.226458e-02   3.259625e-22   20282544
  2.374234e+01   2.640557e-21   1.226291e-02   3.236188e-22   20351720
  2.378483e+01   2.272401e-21   1.227389e-02   3.217331e-22   20444714
  2.382735e+01   2.641236e-21   1.227112e-02   3.202520e-22   20515116
  2.386988e+01   2.774571e-21   1.228059e-02   3.180292e-22   20602384
  2.391241e+01   1.631410e-21   1.227266e-02   3.164450e-22   20659872
  2.395491e+01   2.709382e-21   1.226837e-02   3.152153e-22   20727682
  2.399742e+01   2.536359e-21   1.227493e-02   3.130528e-22   20814416
  2.403994e+01   1.765477e-21   1.227261e-02   3.114480e-22   20881100
  2.408245e+01   2.552094e-21   1.227247e-02   3.098543e-22   20953688
  2.412495e+01   1.921361e-21   1.226662e-02   3.088652e-22   21021050
  2.416746e+01   3.160108e-21   1.227556e-02   3.070468e-22   21111632
  2.420998e+01   2.418102e-21   1.227336e-02   3.053566e-22   21179972
  2.425248e+01   3.262018e-21   1.226547e-02   3.039506e-22   21240488
  2.429499e+01   2.269794e-21   1.227368e-02   3.027009e-22   21331418
  2.433750e+01   2.470680e-21   1.226935e-02   3.012367e-22   21397304
  2.438000e+01   2.183764e-21   1.226962e-02   2.999430e-22   21469764
  2.442251e+01   2.854576e-21   1.227528e-02   2.987921e-22   21556122
  2.446502e+01   2.050188e-21   1.226591e-02   2.976067e-22   21618312
  2.450754e+01   2.537964e-21   1.227924e-02   2.963298e-22   21716096
  2.455007e+01   2.256932e-21   1.227488e-02   2.946804e-22   21781352
  2.459258e+01   3.185581e-21   1.226971e-02   2.939009e-22   21848870
  2.463508e+01   2.816691e-21   1.227061e-02   2.930075e-22   21927536
  2.467760e+01   2.555672e-21   1.227518e-02   2.915708e-22   22008944
  2.472011e+01   1.984964e-21   1.227146e-02   2.909113e-22   22076136
  2.476261e+01   1.537834e-21   1.226619e-02   2.897559e-22   22145270
  2.480513e+01   2.922846e-21   1.228149e-02   2.888269e-22   22250960
  2.484765e+01   2.248959e-21   1.226766e-02   2.879236e-22   22300864
  2.489015e+01   1.863427e-21   1.226874e-02   2.870734e-22   22378586
  2.493266e+01   2.693875e-21   1.227304e-02   2.863039e-22   22464104
  2.497518e+01   3.008057e-21   1.227483e-02   2.854565e-22   22542892
  2.501769e+01   2.362973e-21   1.226849e-02   2.846174e-22   22606008
  2.506019e+01   2.483009e-21   1.227168e-02   2.839952e-22   22690002
  2.510269e+01   1.659603e-21   1.226774e-02   2.835911e-22   22762216
  2.514519e+01   2.435285e-21   1.227552e-02   2.810763e-22   22815779
  2.518771e+01   1.937629e-21   1.227093e-02   2.765422e-22   22772312
  2.523022e+01   7.574743e-22   1.227169e-02   2.717750e-22   22733708
  2.527273e+01   8.390210e-22   1.227376e-02   2.671380e-22   22697672
  2.531524e+01   1.196255e-22   1.227003e-02   2.627021e-22   22651460
  2.535775e+01   5.632430e-22   1.227280e-02   2.580381e-22   22616024
  2.540027e+01   2.856176e-22   1.227723e-02   2.541168e-22   22583496
  2.544278e+01   6.322405e-22   1.226384e-02   2.499243e-22   22519252
  2.548527e+01   3.171804e-22   1.226879e-02   2.457658e-22   22488992
  2.552778e+01   7.748229e-23   1.227112e-02   2.419645e-22   22453172
  2.557030e+01   6.796755e-22   1.227642e-02   2.383208e-22   22420584
  2.561282e+01   6.159496e-22   1.227318e-02   2.343892e-22   22371700
  2.565533e+01   8.132962e-22   1.227319e-02   2.308465e-22   22329896
  2.569784e+01   3.607915e-22   1.227005e-02   2.270635e-22   22282876
  2.574035e+01   6.487458e-22   1.227559e-02   2.237257e-22   22250692
  2.578286e+01   3.047324e-22   1.226749e-02   2.204569e-22   22194436
  2.582536e+01   1.130340e-23   1.226799e-02   2.171129e-22   22153540
  2.586787e+01   7.436068e-22   1.227489e-02   2.139350e-22   22122584
  2.591039e+01   4.685611e-22   1.227183e-02   2.108319e-22   22073004
  2.595291e+01   1.271953e-23   1.227763e-02   2.077922e-22   22039640
  2.599542e+01   5.249036e-22   1.226443e-02   2.048995e-22   21971624
  2.603793e+01   5.983317e-22   1.228039e-02   2.017550e-22   21955708
  2.608042e+01   5.060387e-22   1.225538e-02   1.993647e-22   21867720
  2.612293e+01   4.501756e-22   1.228640e-02   1.962080e-22   21878900
  2.616545e+01   6.539225e-22   1.226374e-02   1.938886e-22   21794260
  2.620796e+01   4.850702e-22   1.227552e-02   1.910227e-22   21770256
  2.625048e+01   4.649418e-22   1.227204e-02   1.885596e-22   21718124
  2.629299e+01   -1.658211e-22   1.227162e-02   1.859105e-22   21671096
  2.633550e+01   -7.633817e-23   1.227173e-02   1.834816e-22   21625412
  2.637801e+01   5.907615e-22   1.227628e-02   1.811581e-22   21587284
  2.642052e+01   7.041812e-22   1.226404e-02   1.787679e-22   21519648
  2.646302e+01   6.983016e-22   1.227517e-02   1.761904e-22   21493344
  2.650554e+01   5.281382e-22   1.227125e-02   1.740401e-22   21439360
  2.654805e+01   4.156505e-22   1.227471e-02   1.717848e-22   21398900
  2.659058e+01   6.634707e-22   1.227467e-02   1.696526e-22   21351488
  2.663308e+01   2.551820e-22   1.226610e-02   1.676450e-22   21288012
  2.667559e+01   8.427988e-23   1.227518e-02   1.654691e-22   21255052
  2.671810e+01   3.700853e-22   1.226960e-02   1.633823e-22   21196928
  2.676060e+01   2.469468e-22   1.226973e-02   1.613875e-22   21149036
  2.680311e+01   4.724854e-22   1.227206e-02   1.593759e-22   21105304
  2.684563e+01   4.561236e-22   1.227410e-02   1.574773e-22   21059992
  2.688815e+01   6.796934e-22   1.227705e-02   1.555227e-22   21014904
  2.693067e+01   4.891435e-22   1.227014e-02   1.537214e-22   20953620
  2.697317e+01   3.623729e-22   1.226991e-02   1.519961e-22   20902948
  2.701568e+01   9.700686e-23   1.227225e-02   1.502409e-22   20856528
  2.705819e+01   6.762545e-22   1.227379e-02   1.483738e-22   20808868
  2.710070e+01   5.418516e-22   1.226639e-02   1.467570e-22   20746700
  2.714319e+01   3.273357e-22   1.226770e-02   1.449096e-22   20699040
  2.718571e+01   2.031482e-22   1.227944e-02   1.432009e-22   20667584
  2.722822e+01   4.100380e-23   1.225995e-02   1.416517e-22   20583320
  2.727072e+01   2.605080e-22   1.227843e-02   1.400367e-22   20562728
  2.731324e+01   2.104358e-22   1.227166e-02   1.385799e-22   20499120
  2.735575e+01   1.847463e-22   1.227335e-02   1.368453e-22   20448668
  2.739827e+01   6.187597e-24   1.227231e-02   1.354150e-22   20394408
  2.744078e+01   3.784864e-22   1.227328e-02   1.339638e-22   20344236
  2.748329e+01   3.808530e-22   1.227052e-02   1.324409e-22   20287988
  2.752580e+01   3.941792e-22   1.227218e-02   1.310339e-22   20237280
  2.756831e+01   3.544456e-22   1.226928e-02   1.296717e-22   20178328
  2.761083e+01   4.700593e-22   1.227861e-02   1.282448e-22   20139844
  2.765335e+01   2.703319e-22   1.226869e-02   1.269135e-22   20069748
  2.769585e+01   3.988271e-22   1.227006e-02   1.255171e-22   20016800
  2.773835e+01   3.715233e-22   1.227057e-02   1.241897e-22   19962224
  2.778087e+01   2.721194e-22   1.227954e-02   1.228197e-22   19923568
  2.782339e+01   3.829188e-22   1.226996e-02   1.216471e-22   19854300
  2.786590e+01   2.429855e-22   1.226862e-02   1.204186e-22   19797056
  2.790840e+01   2.668324e-22   1.227082e-02   1.191901e-22   19744940
  2.795091e+01   3.552593e-22   1.227270e-02   1.179888e-22   19691768
  2.799342e+01   1.846914e-22   1.226928e-02   1.168650e-22   19629548
  2.803593e+01   2.835902e-23   1.227096e-02   1.156664e-22   19575480
  2.807844e+01   3.502661e-22   1.227365e-02   1.144607e-22   19523296
  2.812096e+01   6.628930e-23   1.227813e-02   1.132587e-22   19474344
  2.816347e+01   2.023508e-22   1.226244e-02   1.123139e-22   19392868
  2.820597e+01   8.695491e-23   1.227629e-02   1.112347e-22   19356176
  2.824849e+01   3.668585e-22   1.227437e-02   1.100919e-22   19294916
  2.829102e+01   4.178668e-22   1.227644e-02   1.089423e-22   19240856
  2.833353e+01   2.878301e-22   1.226827e-02   1.080766e-22   19170884
  2.837603e+01   -7.567282e-23   1.226787e-02   1.069977e-22   19111352
  2.841853e+01   1.430634e-22   1.227311e-02   1.058564e-22   19060016
  2.846104e+01   3.283632e-22   1.227199e-02   1.049671e-22   18999752
  2.850354e+01   1.400930e-22   1.226484e-02   1.040634e-22   18930272
  2.854604e+01   3.337926e-22   1.227204e-02   1.029551e-22   18882340
  2.858856e+01   2.057810e-22   1.227653e-02   1.018787e-22   18829056
  2.863108e+01   2.638070e-22   1.226917e-02   1.010721e-22   18757640
  2.867359e+01   1.932369e-22   1.227679e-02   1.001602e-22   18709036
  2.871611e+01   4.675637e-22   1.226951e-02   9.926747e-23   18637668
  2.875862e+01   2.472709e-22   1.227659e-02   9.835965e-23   18587048
  2.880113e+01   3.900872e-22   1.226650e-02   9.752329e-23   18510972
  2.884363e+01   3.279641e-22   1.227092e-02   9.671945e-23   18456692
  2.888614e+01   -8.107324e-23   1.227027e-02   9.580191e-23   18394084
  2.892866e+01   3.254562e-22   1.227644e-02   9.494524e-23   18341352
  2.897118e+01   1.908228e-22   1.227294e-02   9.426811e-23   18273884
  2.901369e+01   3.086538e-22   1.227214e-02   9.334554e-23   18211148
  2.905619e+01   -1.729842e-23   1.226468e-02   9.264782e-23   18137692
  2.909870e+01   9.646778e-23   1.227635e-02   9.181815e-23   18091580
  2.914122e+01   1.762428e-22   1.227406e-02   9.100904e-23   18024560
  2.918373e+01   -6.682664e-23   1.226945e-02   9.026663e-23   17955116
  2.922624e+01   3.308411e-23   1.227055e-02   8.944203e-23   17893232
  2.926875e+01   1.180910e-22   1.227337e-02   8.879925e-23   17832620
  2.931126e+01   2.485218e-22   1.227331e-02   8.804688e-23   17767864
  2.935378e+01   1.541257e-22   1.227523e-02   8.737431e-23   17706956
  2.939629e+01   2.672723e-22   1.226779e-02   8.663351e-23   17632632
  2.943880e+01   1.220633e-22   1.227224e-02   8.589748e-23   17573524
  2.948131e+01   2.426852e-22   1.227160e-02   8.531636e-23   17506380
  2.952382e+01   3.215901e-22   1.227283e-02   8.470793e-23   17442548
  2.956632e+01   2.054960e-22   1.226611e-02   8.397800e-23   17368556
  2.960883e+01   -1.887285e-22   1.227726e-02   8.322184e-23   17318260
  2.965135e+01   1.324372e-22   1.227176e-02   8.260360e-23   17243792
  2.969385e+01   2.124458e-22   1.226620e-02   8.197028e-23   17169716
  2.973635e+01   -1.806480e-23   1.227104e-02   8.139224e-23   17109768
  2.977886e+01   1.901414e-22   1.227205e-02   8.072521e-23   17044064
  2.982138e+01   1.744693e-22   1.227557e-02   8.014401e-23   16981560
  2.986389e+01   3.470064e-22   1.226672e-02   7.958371e-23   16902264
  2.990640e+01   1.530433e-22   1.227800e-02   7.899188e-23   16849940
  2.994892e+01   -9.205335e-23   1.226984e-02   7.846171e-23   16770600
  2.999143e+01   4.357163e-23   1.227399e-02   7.780758e-23   16707512
  3.003394e+01   7.937282e-23   1.227053e-02   7.735795e-23   16634480
  3.007645e+01   2.090515e-22   1.227297e-02   7.677988e-23   16569424
  3.011897e+01   1.893519e-22   1.227100e-02   7.620750e-23   16497216
  3.016149e+01   9.700680e-23   1.227800e-02   7.571837e-23   16436416
  3.020400e+01   1.483859e-22   1.226813e-02   7.521398e-23   16353532
  3.024650e+01   5.076824e-25   1.226850e-02   7.467907e-23   16284908
  3.028900e+01   1.319303e-22   1.227370e-02   7.421843e-23   16221948
  3.033152e+01   1.880256e-22   1.227445e-02   7.366440e-23   16152552
  3.037404e+01   1.222325e-22   1.227249e-02   7.312440e-23   16078864
  3.041655e+01   3.392149e-22   1.227014e-02   7.271490e-23   16005296
  3.045906e+01   2.359349e-22   1.227320e-02   7.222835e-23   15938220
  3.050157e+01   2.147886e-22   1.226736e-02   7.180444e-23   15858440
  3.054407e+01   1.094790e-22   1.226949e-02   7.134278e-23   15789252
  3.058657e+01   2.309547e-23   1.227019e-02   7.086786e-23   15718944
  3.062908e+01   9.435400e-23   1.227179e-02   7.047872e-23   15648652
  3.067160e+01   1.479777e-22   1.227680e-02   6.995846e-23   15581944
  3.071412e+01   1.745031e-22   1.227604e-02   6.959106e-23   15508744
  3.075663e+01   9.274339e-23   1.226574e-02   6.914519e-23   15422472
  3.079914e+01   1.191339e-22   1.227551e-02   6.869704e-23   15361536
  3.084165e+01   1.888597e-23   1.226998e-02   6.833622e-23   15281048
  3.088415e+01   1.342525e-22   1.227023e-02   6.787545e-23   15207752
  3.092666e+01   1.688598e-22   1.227075e-02   6.760003e-23   15134800
  3.096917e+01   -8.503195e-24   1.227038e-02   6.715814e-23   15059664
  3.101168e+01   1.106484e-22   1.227242e-02   6.675193e-23   14987020
  3.105420e+01   -3.809779e-23   1.227903e-02   6.635614e-23   14919936
  3.109672e+01   -5.887028e-24   1.226792e-02   6.599491e-23   14831776
  3.113923e+01   -1.196473e-23   1.227679e-02   6.565728e-23   14767552
  3.118174e+01   1.073596e-22   1.226524e-02   6.530944e-23   14678336
  3.122425e+01   1.973169e-23   1.227632e-02   6.498047e-23   14615044
  3.126676e+01   7.807928e-23   1.226910e-02   6.468194e-23   14530200
  3.130927e+01   8.462315e-23   1.227171e-02   6.425830e-23   14457000
  3.135178e+01   1.608839e-22   1.227423e-02   6.392626e-23   14383440
  3.139429e+01   6.380196e-23   1.226801e-02   6.363101e-23   14299516
  3.143679e+01   9.181673e-23   1.227160e-02   6.335142e-23   14226024
  3.147930e+01   2.317154e-22   1.226889e-02   6.298313e-23   14145048
  3.152182e+01   1.182240e-22   1.228178e-02   6.269447e-23   14082144
  3.156433e+01   1.070982e-22   1.226157e-02   6.242832e-23   13981640
  3.160683e+01   8.537278e-23   1.227475e-02   6.207652e-23   13918460
  3.164935e+01   2.819742e-23   1.227481e-02   6.183854e-23   13839752
  3.169188e+01   6.338204e-24   1.227673e-02   6.158283e-23   13762736
  3.173439e+01   3.273558e-22   1.227147e-02   6.124939e-23   13677980
  3.177690e+01   1.285396e-22   1.226900e-02   6.106862e-23   13596196
  3.181940e+01   -1.822954e-23   1.226988e-02   6.076634e-23   13517736
  3.186190e+01   -1.653042e-23   1.226579e-02   6.053555e-23   13433184
  3.190440e+01   -7.879781e-23   1.227449e-02   6.026550e-23   13362296
  3.194692e+01   4.547066e-23   1.227398e-02   5.995533e-23   13281376
  3.198944e+01   2.068896e-23   1.227645e-02   5.972007e-23   13203336
  3.203195e+01   1.595530e-22   1.226687e-02   5.945339e-23   13113016
  3.207445e+01   1.665589e-22   1.227094e-02   5.925567e-23   13036400
  3.211696e+01   -1.010507e-23   1.226987e-02   5.903063e-23   12953648
  3.215948e+01   -9.148659e-24   1.227674e-02   5.886740e-23   12879016
  3.220199e+01   2.542760e-22   1.227015e-02   5.862845e-23   12790124
  3.224451e+01   1.317714e-22   1.227599e-02   5.841865e-23   12714152
  3.228701e+01   1.042256e-22   1.226430e-02   5.826979e-23   12619608
  3.232951e+01   -6.622578e-23   1.227473e-02   5.793183e-23   12547232
  3.237204e+01   -9.769449e-24   1.228098e-02   5.778689e-23   12470568
  3.241455e+01   7.682488e-23   1.226086e-02   5.763461e-23   12368136
  3.245705e+01   1.252907e-22   1.227647e-02   5.746049e-23   12300504
  3.249958e+01   -2.278611e-24   1.227251e-02   5.722037e-23   12212172
  3.254209e+01   -3.814709e-23   1.227112e-02   5.706372e-23   12126228
  3.258459e+01   -7.486559e-23   1.227235e-02   5.692387e-23   12043352
  3.262711e+01   5.674648e-24   1.227321e-02   5.668145e-23   11959896
  3.266960e+01   -4.217303e-23   1.226107e-02   5.661002e-23   11863804
  3.271211e+01   1.750208e-22   1.227575e-02   5.642018e-23   11792812
  3.275463e+01   9.732994e-23   1.227439e-02   5.616941e-23   11705392
  3.279713e+01   8.616064e-24   1.226794e-02   5.606938e-23   11613836
  3.283965e+01   1.788463e-22   1.228215e-02   5.594513e-23   11541532
  3.288217e+01   -1.563806e-22   1.226539e-02   5.577698e-23   11440232
  3.292468e+01   1.165895e-22   1.227538e-02   5.569004e-23   11363008
  3.296718e+01   1.423857e-22   1.226652e-02   5.556633e-23   11267848
  3.300970e+01   9.457649e-23   1.227722e-02   5.539596e-23   11190640
  3.305222e+01   -5.946015e-24   1.227423e-02   5.532567e-23   11101084
  3.309472e+01   5.553325e-23   1.226241e-02   5.519294e-23   11003284
  3.313721e+01   -2.938200e-23   1.227344e-02   5.505284e-23   10925424
  3.317973e+01   -5.984595e-23   1.227067e-02   5.486179e-23   10834724
  3.322224e+01   9.897457e-23   1.227484e-02   5.488185e-23   10750156
  3.326475e+01   9.604646e-23   1.226635e-02   5.466749e-23   10655280
  3.330725e+01   1.557799e-23   1.226924e-02   5.460377e-23   10569120
  3.334975e+01   4.737543e-23   1.226867e-02   5.447930e-23   10479672
  3.339228e+01   2.074424e-22   1.228611e-02   5.436549e-23   10404504
  3.343481e+01   -2.193774e-23   1.227382e-02   5.431582e-23   10304108
  3.347732e+01   1.609343e-22   1.226797e-02   5.427102e-23   10209940
  3.351983e+01   1.032507e-22   1.227575e-02   5.419128e-23   10126584
  3.356234e+01   1.877582e-22   1.226442e-02   5.407251e-23   10027064
  3.360484e+01   2.358300e-22   1.227492e-02   5.406188e-23   9945072
  3.364734e+01   1.348327e-22   1.226340e-02   5.389908e-23   9844764
  3.368986e+01   -1.118215e-23   1.228362e-02   5.387288e-23   9769940
  3.373238e+01   6.561316e-23   1.226688e-02   5.373600e-23   9666072
  3.377488e+01   1.137501e-22   1.227051e-02   5.380936e-23   9577112
  3.381739e+01   9.186313e-23   1.227148e-02   5.374625e-23   9485848
  3.385991e+01   1.576618e-22   1.227527e-02   5.359915e-23   9396136
  3.390243e+01   -6.169611e-24   1.227579e-02   5.361260e-23   9304408
  3.394493e+01   8.235921e-23   1.225842e-02   5.351904e-23   9199028
  3.398742e+01   8.940504e-23   1.227468e-02   5.350607e-23   9118288
  3.402993e+01   1.047399e-22   1.226747e-02   5.342957e-23   9019624
  3.407245e+01   7.621026e-23   1.228368e-02   5.338621e-23   8937420
  3.411497e+01   4.782385e-23   1.227061e-02   5.332153e-23   8835200
  3.415748e+01   -4.341511e-23   1.226739e-02   5.335093e-23   8739332
  3.419998e+01   9.451911e-24   1.227099e-02   5.323035e-23   8648112
  3.424250e+01   -4.909962e-23   1.227159e-02   5.316406e-23   8553372
  3.428501e+01   1.836373e-22   1.227728e-02   5.309449e-23   8461944
  3.432753e+01   4.310769e-23   1.227227e-02   5.307583e-23   8363348
  3.437004e+01   -4.640323e-23   1.227148e-02   5.308844e-23   8267792
  3.441254e+01   -3.025998e-23   1.226640e-02   5.297961e-23   8169380
  3.445505e+01   -3.760276e-23   1.227807e-02   5.296382e-23   8081008
  3.449756e+01   -3.596016e-23   1.226310e-02   5.291658e-23   7975632
  3.454006e+01   1.584949e-23   1.227841e-02   5.286676e-23   7889116
  3.458257e+01   -7.098868e-23   1.226405e-02   5.285358e-23   7784008
  3.462508e+01   -6.325656e-23   1.227484e-02   5.273952e-23   7693848
  3.466759e+01   1.450439e-22   1.226805e-02   5.270093e-23   7592468
  3.471010e+01   -4.733594e-23   1.227572e-02   5.254197e-23   7499076
  3.475262e+01   1.420248e-22   1.227790e-02   5.251533e-23   7402880
  3.479514e+01   6.710760e-23   1.227043e-02   5.236773e-23   7300768
  3.483765e+01   -2.634647e-23   1.227061e-02   5.235726e-23   7203316
  3.488013e+01   -2.560150e-24   1.225476e-02   5.222891e-23   7095724
  3.492265e+01   1.317316e-22   1.229466e-02   5.212975e-23   7019608
  3.496518e+01   -1.451298e-23   1.226138e-02   5.199322e-23   6901916
  3.500769e+01   9.149541e-23   1.227882e-02   5.185375e-23   6812952
  3.505019e+01   7.818495e-23   1.226209e-02   5.165464e-23   6704548
  3.509270e+01   -3.298721e-23   1.227587e-02   5.155272e-23   6612168
  3.513521e+01   1.251652e-22   1.227039e-02   5.128377e-23   6508628
  3.517773e+01   -3.850150e-23   1.227711e-02   5.112137e-23   6412072
  3.522024e+01   -6.675703e-23   1.226747e-02   5.084936e-23   6306660
  3.526274e+01   3.850299e-23   1.226997e-02   5.065669e-23   6207592
  3.530523e+01   -3.046020e-23   1.226489e-02   5.027185e-23   6103860
  3.534774e+01   7.154272e-23   1.227430e-02   4.989357e-23   6007184
  3.539025e+01   4.309232e-24   1.227513e-02   4.954923e-23   5905660
  3.543278e+01   1.212469e-22   1.227664e-02   4.894110e-23   5805132
  3.547529e+01   8.971632e-23   1.226925e-02   4.865199e-23   5700008
  3.551778e+01   -4.118195e-23   1.226294e-02   4.807901e-23   5594856
  3.556030e+01   1.605002e-23   1.228122e-02   4.741469e-23   5502341
  3.560283e+01   9.888009e-23   1.227277e-02   4.703498e-23   5404852
  3.564533e+01   6.422310e-23   1.226768e-02   4.669810e-23   5313930
  3.568784e+01   2.229392e-23   1.227261e-02   4.626719e-23   5230396
  3.573035e+01   1.899055e-23   1.226815e-02   4.594776e-23   5145158
  3.577285e+01   9.824121e-23   1.227058e-02   4.568543e-23   5064506
  3.581538e+01   4.683517e-23   1.228142e-02   4.542724e-23   4989464
  3.585790e+01   1.219975e-22   1.226989e-02   4.505624e-23   4907486
  3.590041e+01   -1.685831e-23   1.226982e-02   4.500674e-23   4831952
  3.594292e+01   1.391285e-22   1.226933e-02   4.457897e-23   4757392
  3.598543e+01   5.923979e-25   1.227425e-02   4.450646e-23   4685902
  3.602794e+01   2.012609e-23   1.227136e-02   4.415487e-23   4612826
  3.607044e+01   3.692046e-23   1.227059e-02   4.394232e-23   4542436
  3.611296e+01   7.140834e-23   1.227508e-02   4.374019e-23   4475408
  3.615546e+01   4.529282e-23   1.226173e-02   4.351354e-23   4402686
  3.619797e+01   9.992280e-23   1.227689e-02   4.344911e-23   4340854
  3.624049e+01   -2.636954e-23   1.227466e-02   4.319474e-23   4273862
  3.628301e+01   1.018880e-22   1.227237e-02   4.315335e-23   4208538
  3.632551e+01   3.251511e-23   1.226532e-02   4.291928e-23   4142584
  3.636801e+01   5.836766e-23   1.226978e-02   4.272572e-23   4081232
  3.641052e+01   -4.309974e-23   1.227225e-02   4.262093e-23   4019668
  3.645304e+01   8.602449e-23   1.228203e-02   4.252931e-23   3961416
  3.649557e+01   -1.032030e-23   1.227387e-02   4.243355e-23   3898848
  3.653807e+01   -1.527693e-23   1.226366e-02   4.220152e-23   3836718
  3.658056e+01   1.310044e-23   1.226607e-02   4.207899e-23   3779272
  3.662306e+01   4.917443e-23   1.226675e-02   4.202107e-23   3721434
  3.666558e+01   7.941405e-23   1.228126e-02   4.192321e-23   3668198
  3.670811e+01   7.271901e-23   1.227910e-02   4.175708e-23   3611346
  3.675062e+01   1.868766e-22   1.226582e-02   4.168060e-23   3552442
  3.679312e+01   5.739195e-23   1.226935e-02   4.164530e-23   3498908
  3.683563e+01   8.975368e-23   1.227192e-02   4.156021e-23   3445382
  3.687814e+01   8.286941e-23   1.227356e-02   4.147345e-23   3392244
  3.692066e+01   7.193209e-23   1.227344e-02   4.142954e-23   3339634
  3.696317e+01   3.540527e-23   1.226899e-02   4.136189e-23   3286752
  3.700566e+01   7.474632e-23   1.226327e-02   4.124877e-23   3234180
  3.704816e+01   1.132728e-22   1.226838e-02   4.126348e-23   3184556
  3.709068e+01   9.465764e-23   1.228145e-02   4.119530e-23   3137238
  3.713322e+01   9.726578e-23   1.228151e-02   4.108972e-23   3087670
  3.717574e+01   2.742991e-23   1.227426e-02   4.106494e-23   3037460
  3.721824e+01   7.849101e-23   1.225819e-02   4.103585e-23   2985736
  3.726072e+01   -2.288026e-23   1.226565e-02   4.097892e-23   2939708
  3.730324e+01   3.784949e-23   1.228621e-02   4.109091e-23   2897012
  3.734577e+01   -5.083410e-23   1.227048e-02   4.107346e-23   2846890
  3.738827e+01   9.609547e-23   1.226277e-02   4.106822e-23   2799588
  3.743076e+01   4.582819e-23   1.226558e-02   4.103350e-23   2754954
  3.747326e+01   -1.141842e-23   1.227308e-02   4.099055e-23   2711500
  3.751579e+01   8.232477e-23   1.228240e-02   4.104219e-23   2669006
  3.755830e+01   4.670491e-23   1.226335e-02   4.106931e-23   2621264
  3.760081e+01   2.466358e-23   1.227565e-02   4.104599e-23   2580726
  3.764332e+01   4.112321e-23   1.226856e-02   4.103248e-23   2536470
  3.768582e+01   6.562389e-24   1.226978e-02   4.109750e-23   2494370
  3.772834e+01   5.329528e-23   1.227534e-02   4.115033e-23   2453556
  3.777086e+01   1.980849e-22   1.228047e-02   4.106707e-23   2413246
  3.781339e+01   3.249641e-24   1.227197e-02   4.115428e-23   2370914
  3.785589e+01   3.133133e-23   1.226887e-02   4.119916e-23   2330126
  3.789840e+01   1.062609e-22   1.227428e-02   4.130064e-23   2291406
  3.794091e+01   -3.823066e-23   1.226463e-02   4.133025e-23   2250410
  3.798340e+01   5.025992e-23   1.226403e-02   4.140559e-23   2211486
  3.802590e+01   -3.633913e-23   1.227094e-02   4.144428e-23   2174194
  3.806841e+01   -8.464115e-23   1.227271e-02   4.152040e-23   2136416
  3.811093e+01   -2.230288e-23   1.227972e-02   4.158114e-23   2100070
  3.815344e+01   4.927242e-23   1.226224e-02   4.168880e-23   2060026
  3.819594e+01   1.817379e-23   1.227745e-02   4.176544e-23   2025910
  3.823846e+01   1.066450e-22   1.227012e-02   4.182706e-23   1988576
  3.828096e+01   -1.289263e-22   1.226824e-02   4.196847e-23   1952610
  3.832347e+01   6.414488e-23   1.226944e-02   4.210458e-23   1917470
  3.836597e+01   -6.764274e-23   1.226960e-02   4.220328e-23   1882484
  3.840848e+01   -1.757890e-23   1.227230e-02   4.226406e-23   1848262
  3.845101e+01   6.880296e-23   1.228531e-02   4.236361e-23   1816024
  3.849355e+01   4.748478e-23   1.227230e-02   4.262974e-23   1780418
  3.853605e+01   -4.922522e-23   1.226815e-02   4.261709e-23   1746576
  3.857856e+01   -1.556458e-22   1.227451e-02   4.270818e-23   1714622
  3.862107e+01   -1.755359e-22   1.227068e-02   4.304212e-23   1681692
  3.866358e+01   -1.201862e-22   1.226987e-02   4.317708e-23   1649574
  3.870606e+01   -4.066124e-23   1.225405e-02   4.331009e-23   1615788
  3.874855e+01   1.233581e-22   1.227462e-02   4.346844e-23   1587064
  3.879108e+01   -3.826392e-23   1.227930e-02   4.365232e-23   1556598
  3.883360e+01   -3.049539e-25   1.227389e-02   4.380942e-23   1525380
  3.887612e+01   -6.978629e-23   1.227468e-02   4.399051e-23   1495360
  3.891863e+01   -6.379842e-23   1.226450e-02   4.427936e-23   1464370
  3.896112e+01   -3.732066e-23   1.227040e-02   4.442056e-23   1435656
  3.900363e+01   -6.680317e-23   1.226801e-02   4.466428e-23   1406304
  3.904613e+01   8.363801e-23   1.226859e-02   4.484564e-23   1377628
  3.908864e+01   -4.073414e-23   1.227348e-02   4.512851e-23   1349744
  3.913115e+01   1.018321e-22   1.227337e-02   4.545059e-23   1321682
  3.917367e+01   6.222954e-24   1.227639e-02   4.552028e-23   1294376
  3.921619e+01   4.373461e-23   1.227256e-02   4.579661e-23   1266768
  3.925869e+01   7.334022e-23   1.226510e-02   4.609704e-23   1239172
  3.930118e+01   -5.321480e-23   1.226095e-02   4.641345e-23   1212224
  3.934367e+01   1.997821e-23   1.226955e-02   4.666873e-23   1186796
  3.938619e+01   3.569227e-23   1.227613e-02   4.694797e-23   1161432
  3.942870e+01   -2.319389e-23   1.227171e-02   4.739619e-23   1135408
  3.947122e+01   2.322645e-23   1.227296e-02   4.779267e-23   1110324
  3.951374e+01   3.656718e-23   1.227570e-02   4.797689e-23   1085680
  3.955625e+01   7.154375e-23   1.226737e-02   4.837105e-23   1060364
  3.959875e+01   8.731018e-25   1.227507e-02   4.858105e-23   1036736
  3.964128e+01   1.733807e-23   1.228225e-02   4.893334e-23   1013388
  3.968380e+01   -2.999280e-24   1.226708e-02   4.949649e-23   988656
  3.972630e+01   1.294258e-22   1.226695e-02   4.973849e-23   965530
  3.976879e+01   -8.267722e-23   1.225942e-02   5.041885e-23   942100
  3.981127e+01   6.226789e-23   1.226457e-02   5.069956e-23   919888
  3.985377e+01   1.528388e-22   1.226597e-02   5.117573e-23   897628
  3.989627e+01   -7.684682e-27   1.227002e-02   5.153946e-23   875856
  3.993878e+01   -9.327487e-23   1.227840e-02   5.196704e-23   854736
  3.998132e+01   1.705175e-22   1.228018e-02   5.239385e-23   833510
  4.002385e+01   -1.489499e-23   1.227248e-02   5.308814e-23   811976
  4.006635e+01   1.234503e-22   1.226626e-02   5.343473e-23   790844
  4.010884e+01   -2.322503e-23   1.226521e-02   5.414991e-23   770320
  4.015135e+01   1.020094e-23   1.227665e-02   5.465240e-23   750838
  4.019387e+01   -2.840241e-23   1.227491e-02   5.496393e-23   730864
  4.023638e+01   -1.064071e-22   1.226816e-02   5.573470e-23   710984
  4.027888e+01   2.451965e-23   1.226909e-02   5.623869e-23   691894
  4.032138e+01   2.975191e-23   1.226442e-02   5.682313e-23   672776
  4.036388e+01   -3.618752e-23   1.226826e-02   5.756875e-23   654372
  4.040638e+01   -1.926955e-22   1.226215e-02   5.821933e-23   635682
  4.044886e+01   3.369336e-23   1.225955e-02   5.885974e-23   617460
  4.049134e+01   -2.574884e-23   1.226707e-02   5.949353e-23   600024
  4.053385e+01   3.001073e-23   1.227362e-02   6.024921e-23   582830
  4.057638e+01   1.024453e-22   1.228135e-02   6.081612e-23   566000
  4.061890e+01   9.862545e-23   1.226617e-02   6.178738e-23   548458
  4.066141e+01   3.641729e-23   1.227047e-02   6.262971e-23   532084
  4.070391e+01   4.722248e-23   1.226296e-02   6.336250e-23   515440
  4.074640e+01   -1.609427e-23   1.225813e-02   6.448049e-23   499174
  4.078887e+01   7.207856e-23   1.225821e-02   6.490949e-23   483368
  4.083136e+01   1.277979e-22   1.227023e-02   6.625752e-23   468270
  4.087389e+01   -5.532160e-23   1.228696e-02   6.698285e-23   453568
  4.091643e+01   2.163803e-24   1.227409e-02   6.808250e-23   438106
  4.095894e+01   5.443511e-23   1.227469e-02   6.898428e-23   423508
  4.100145e+01   -4.176703e-23   1.226141e-02   7.029897e-23   408754
  4.104393e+01   -1.155874e-22   1.225820e-02   7.160826e-23   394612
  4.108642e+01   9.294450e-23   1.225930e-02   7.238420e-23   380826
  4.112890e+01   1.347887e-22   1.225454e-02   7.363703e-23   367086
  4.117139e+01   -1.813245e-23   1.226090e-02   7.503766e-23   353904
  4.121389e+01   -2.314366e-23   1.227137e-02   7.656490e-23   341046
  4.125641e+01   8.274666e-23   1.227131e-02   7.754345e-23   328144
  4.129892e+01   -1.594038e-22   1.227396e-02   7.937528e-23   315598
  4.134144e+01   2.860092e-23   1.228177e-02   8.054420e-23   303466
  4.138397e+01   1.631051e-22   1.228223e-02   8.186624e-23   291456
  4.142650e+01   1.103911e-22   1.227604e-02   8.359291e-23   279614
  4.146899e+01   1.097278e-22   1.225106e-02   8.539314e-23   267680
  4.151144e+01   -7.640594e-23   1.224457e-02   8.727259e-23   256438
  4.155391e+01   6.294995e-23   1.224802e-02   8.899530e-23   245618
  4.159638e+01   -3.064062e-22   1.223546e-02   9.163631e-23   234708
  4.163882e+01   -3.345769e-23   1.223171e-02   9.337101e-23   224210
  4.168126e+01   4.200106e-24   1.223403e-02   9.514362e-23   214046
  4.172371e+01   8.589278e-23   1.223949e-02   9.778873e-23   204152
  4.176619e+01   1.677320e-22   1.225107e-02   1.000266e-22   194558
  4.180866e+01   1.850939e-23   1.225135e-02   1.029861e-22   185018
  4.185115e+01   9.242577e-23   1.226437e-02   1.054543e-22   175918
  4.189365e+01   1.686663e-22   1.227339e-02   1.077666e-22   166992
  4.193617e+01   2.445426e-23   1.228038e-02   1.108175e-22   158294
  4.197870e+01   2.076589e-22   1.228439e-02   1.143127e-22   149842
  4.202124e+01   4.962366e-22   1.227461e-02   1.171849e-22   141530
  4.206372e+01   -1.565514e-23   1.224204e-02   1.214233e-22   133284
  4.210617e+01   8.662509e-23   1.222942e-02   1.251873e-22   125546
  4.214861e+01   2.080591e-22   1.220458e-02   1.290456e-22   117950
  4.219103e+01   2.883781e-22   1.219441e-02   1.336006e-22   110746
  4.223344e+01   2.901882e-22   1.215920e-02   1.372416e-22   103572
  4.227581e+01   -8.926354e-24   1.214429e-02   1.420978e-22   96818
  4.231818e+01   -9.097051e-23   1.212533e-02   1.476780e-22   90262
  4.236054e+01   -2.035201e-22   1.210927e-02   1.517042e-22   83970
  4.240287e+01   5.882573e-24   1.207941e-02   1.581103e-22   77846
  4.244517e+01   -2.044490e-22   1.204821e-02   1.645732e-22   71984
  4.248745e+01   -7.049444e-22   1.202292e-02   1.733655e-22   66398
  4.252973e+01   2.411912e-23   1.200147e-02   1.811292e-22   61058
  4.257200e+01   3.743363e-22   1.198286e-02   1.870620e-22   55958
  4.261428e+01   -3.304774e-22   1.196279e-02   1.953175e-22   51082
  4.265654e+01   5.325248e-22   1.192707e-02   2.052632e-22   46398
  4.269877e+01   -2.004451e-22   1.188372e-02   2.149692e-22   41954
  4.274096e+01   5.648658e-23   1.182018e-02   2.282447e-22   37718
  4.278311e+01   3.777554e-22   1.175253e-02   2.389591e-22   33736
  4.282524e+01   2.854100e-22   1.169132e-02   2.606929e-22   30006
  4.286737e+01   3.365199e-22   1.164907e-02   2.774910e-22   26522
  4.290955e+01   4.633197e-23   1.162191e-02   2.966227e-22   23254
  4.295172e+01   -2.012623e-22   1.158330e-02   3.219069e-22   20178
  4.299391e+01   -3.602998e-22   1.156315e-02   3.451334e-22   17342
  4.303612e+01   -2.318178e-22   1.154632e-02   3.723413e-22   14714
  4.307837e+01   -7.519619e-22   1.155162e-02   4.091437e-22   12310
  4.312059e+01   2.903029e-22   1.152174e-02   4.493335e-22   10098
  4.316283e+01   -1.061718e-21   1.151731e-02   5.018607e-22   8126
  4.320507e+01   2.576131e-21   1.151119e-02   5.721970e-22   6362
  4.324736e+01   -5.496472e-23   1.155455e-02   6.594973e-22   4822
  4.328956e+01   -3.238935e-22   1.148980e-02   7.954337e-22   3474
  4.333169e+01   2.479727e-22   1.147690e-02   1.009896e-21   2366
  4.337376e+01   -2.961241e-21   1.144014e-02   1.192156e-21   1466
  4.341590e+01   2.476707e-21   1.170054e-02   1.535030e-21   790
  4.345704e+01   -4.781994e-21   1.106884e-02   3.094132e-21   306
  4.349554e+01   -5.128580e-21   9.430857e-03   6.849012e-21   62
