# cross spectrum of phi(z1) and phi(z2)
# redshift z=1.197496
# k              Pk             sigma(k)       sigma(Pk)      count
  3.132125e-02   7.039619e-11   4.792454e-03   1.936436e-11   18
  6.745391e-02   3.264973e-11   1.159167e-02   3.269779e-12   152
  1.090113e-01   1.123104e-11   1.224347e-02   5.574240e-13   416
  1.497134e-01   4.764537e-12   1.165022e-02   1.936901e-13   770
  1.923472e-01   2.350882e-12   1.247860e-02   7.502911e-14   1364
  2.350444e-01   1.170806e-12   1.221820e-02   3.053521e-14   1976
  2.775930e-01   6.922118e-13   1.245022e-02   1.603530e-14   2792
  3.193857e-01   4.242855e-13   1.188722e-02   9.202196e-15   3578
  3.615292e-01   2.526201e-13   1.219808e-02   5.314181e-15   4724
  4.045273e-01   1.639043e-13   1.253838e-02   3.442540e-15   6032
  4.469941e-01   1.009816e-13   1.206640e-02   2.322229e-15   7072
  4.890810e-01   6.955420e-14   1.222555e-02   1.595518e-15   8634
  5.318886e-01   4.397323e-14   1.238102e-02   1.153013e-15   10336
  5.746708e-01   3.072745e-14   1.232804e-02   8.125217e-16   11940
  6.167490e-01   1.903543e-14   1.208586e-02   6.265668e-16   13490
  6.588740e-01   1.395195e-14   1.221778e-02   4.898623e-16   15656
  7.016595e-01   8.273822e-15   1.241043e-02   3.765154e-16   18008
  7.443680e-01   5.740209e-15   1.227786e-02   3.073588e-16   19964
  7.867827e-01   4.491257e-15   1.226437e-02   2.464205e-16   22354
  8.291404e-01   2.227780e-15   1.212327e-02   2.038974e-16   24648
  8.716536e-01   1.453872e-15   1.233244e-02   1.673482e-16   27592
  9.142068e-01   1.123892e-15   1.230127e-02   1.404270e-16   30152
  9.566749e-01   4.358937e-16   1.227622e-02   1.180634e-16   33046
  9.991233e-01   4.144467e-16   1.221538e-02   1.025247e-16   35992
  1.041693e+00   2.069393e-16   1.229906e-02   8.730091e-17   39304
  1.084289e+00   6.615279e-17   1.232858e-02   7.435463e-17   42608
  1.126820e+00   1.784484e-16   1.223307e-02   6.438863e-17   45758
  1.169340e+00   -6.210607e-17   1.228914e-02   5.608616e-17   49536
  1.211695e+00   1.028292e-16   1.215683e-02   4.914145e-17   52488
  1.254054e+00   -2.350169e-17   1.233851e-02   4.313010e-17   57034
  1.296605e+00   2.928796e-17   1.224458e-02   3.774095e-17   60648
  1.339187e+00   -4.294007e-17   1.230532e-02   3.348351e-17   65044
  1.381689e+00   4.831751e-17   1.223104e-02   2.997731e-17   68720
  1.424202e+00   6.635136e-17   1.231312e-02   2.670860e-17   73538
  1.466870e+00   5.225543e-17   1.230776e-02   2.393706e-17   78080
  1.509304e+00   6.960649e-17   1.215944e-02   2.138164e-17   81572
  1.551677e+00   -4.873620e-18   1.232495e-02   1.928074e-17   87248
  1.594353e+00   4.408133e-17   1.233837e-02   1.731831e-17   92266
  1.636929e+00   -4.773994e-18   1.225268e-02   1.580790e-17   96696
  1.679216e+00   1.796438e-18   1.215041e-02   1.447324e-17   100904
  1.721516e+00   -1.832939e-17   1.226207e-02   1.295734e-17   107036
  1.764192e+00   -2.411768e-17   1.235795e-02   1.187714e-17   113362
  1.806923e+00   1.930080e-17   1.228837e-02   1.080224e-17   118176
  1.849351e+00   -7.042685e-18   1.221864e-02   9.917837e-18   122944
  1.891857e+00   -8.770351e-18   1.233203e-02   9.077080e-18   129902
  1.934420e+00   -2.349344e-18   1.224691e-02   8.365231e-18   134944
  1.976863e+00   5.330891e-18   1.225992e-02   7.707744e-18   140952
  2.019285e+00   1.866212e-18   1.225865e-02   7.141426e-18   147072
  2.061737e+00   -1.012686e-17   1.224320e-02   6.553721e-18   153382
  2.104357e+00   1.031714e-17   1.233049e-02   6.044393e-18   160952
  2.147003e+00   -5.114989e-18   1.228118e-02   5.601180e-18   166640
  2.189431e+00   -8.947836e-18   1.222861e-02   5.209466e-18   172448
  2.231915e+00   -1.322275e-18   1.231031e-02   4.841627e-18   180594
  2.274471e+00   1.080154e-18   1.224284e-02   4.532848e-18   186556
  2.316888e+00   -1.209811e-17   1.225358e-02   4.209131e-18   193528
  2.359297e+00   -1.181589e-17   1.224273e-02   3.927799e-18   200626
  2.401844e+00   -4.483222e-18   1.230642e-02   3.642954e-18   209256
  2.444460e+00   -3.561351e-18   1.227865e-02   3.420888e-18   216020
  2.487004e+00   -8.992497e-18   1.230299e-02   3.191790e-18   223768
  2.529444e+00   -5.653163e-19   1.222313e-02   2.985858e-18   230234
  2.571955e+00   1.685164e-18   1.229969e-02   2.781564e-18   239800
  2.614499e+00   3.132914e-18   1.225221e-02   2.619079e-18   246568
  2.656957e+00   2.124071e-18   1.227331e-02   2.467951e-18   254828
  2.699414e+00   9.210528e-19   1.225769e-02   2.315540e-18   263074
  2.741981e+00   7.016695e-19   1.228604e-02   2.176692e-18   272312
  2.784554e+00   9.819554e-19   1.228079e-02   2.044144e-18   280376
  2.827093e+00   1.508079e-18   1.228600e-02   1.936948e-18   288884
  2.869605e+00   -4.104808e-19   1.227401e-02   1.816911e-18   297602
  2.912071e+00   -4.401887e-18   1.223046e-02   1.710276e-18   305520
  2.954561e+00   -7.904876e-21   1.230079e-02   1.621229e-18   315976
  2.996984e+00   1.083511e-18   1.221089e-02   1.532020e-18   322778
  3.039488e+00   1.718768e-18   1.232008e-02   1.447792e-18   335372
  3.082114e+00   6.365253e-19   1.227327e-02   1.367918e-18   343464
  3.124654e+00   -2.470259e-18   1.228282e-02   1.295545e-18   352912
  3.167174e+00   1.747346e-18   1.228199e-02   1.221176e-18   362666
  3.209689e+00   1.935180e-18   1.225476e-02   1.162759e-18   371884
  3.252186e+00   1.020735e-18   1.227971e-02   1.102460e-18   382280
  3.294633e+00   2.903537e-19   1.224302e-02   1.049310e-18   390888
  3.337059e+00   -1.457088e-18   1.226867e-02   9.949829e-19   402234
  3.379565e+00   -8.871329e-19   1.225933e-02   9.431445e-19   412576
  3.422105e+00   2.352994e-18   1.228715e-02   8.902775e-19   423732
  3.464636e+00   -1.427870e-18   1.227257e-02   8.535009e-19   433624
  3.507180e+00   9.456297e-19   1.228881e-02   8.079190e-19   445154
  3.549739e+00   -3.804980e-19   1.227656e-02   7.709732e-19   455584
  3.592238e+00   -2.106600e-19   1.225887e-02   7.343149e-19   465588
  3.634685e+00   -3.510759e-19   1.226065e-02   7.007262e-19   476762
  3.677219e+00   1.670057e-18   1.229242e-02   6.676823e-19   489552
  3.719789e+00   -5.635936e-19   1.227853e-02   6.366499e-19   500328
  3.762251e+00   -2.298797e-19   1.223705e-02   6.106587e-19   509852
  3.804741e+00   -2.106207e-18   1.229735e-02   5.782748e-19   524234
  3.847275e+00   1.716418e-18   1.224781e-02   5.541428e-19   534104
  3.889779e+00   1.635662e-18   1.228211e-02   5.318860e-19   547048
  3.932320e+00   3.592511e-19   1.229545e-02   5.047764e-19   559328
  3.974872e+00   3.530436e-20   1.228346e-02   4.830477e-19   571326
  4.017355e+00   -8.228492e-19   1.224147e-02   4.655570e-19   581920
  4.059804e+00   1.689596e-18   1.225835e-02   4.438920e-19   594832
  4.102282e+00   2.149487e-19   1.227222e-02   4.249177e-19   608048
  4.144825e+00   2.966005e-20   1.228101e-02   4.048307e-19   621526
  4.187356e+00   1.579274e-19   1.226445e-02   3.877037e-19   633240
  4.229822e+00   -6.508958e-20   1.225981e-02   3.736820e-19   645472
  4.272346e+00   -1.891934e-19   1.230137e-02   3.571559e-19   660906
  4.314903e+00   6.177483e-19   1.227030e-02   3.437550e-19   672856
  4.357425e+00   1.937455e-19   1.226838e-02   3.287286e-19   685980
  4.399921e+00   3.373309e-19   1.227191e-02   3.170825e-19   699256
  4.442476e+00   7.496975e-19   1.229990e-02   3.033502e-19   714730
  4.484986e+00   3.077261e-19   1.223739e-02   2.917166e-19   725152
  4.527452e+00   5.704965e-19   1.227054e-02   2.802957e-19   740420
  4.569941e+00   -7.579189e-20   1.227636e-02   2.700067e-19   754312
  4.612456e+00   5.176268e-19   1.227959e-02   2.584427e-19   769114
  4.654996e+00   4.380406e-19   1.227684e-02   2.496274e-19   783488
  4.697459e+00   -1.962661e-19   1.223560e-02   2.395298e-19   794968
  4.739925e+00   -1.257465e-19   1.228043e-02   2.306441e-19   812366
  4.782438e+00   -1.070738e-20   1.226054e-02   2.218306e-19   825976
  4.825000e+00   -1.610473e-19   1.230088e-02   2.134039e-19   843352
  4.867591e+00   1.406412e-19   1.229290e-02   2.052522e-19   857280
  4.910094e+00   3.191624e-19   1.225276e-02   1.975106e-19   869542
  4.952587e+00   -1.746990e-19   1.228301e-02   1.907110e-19   887128
  4.995087e+00   -2.099860e-19   1.225266e-02   1.834190e-19   900032
  5.037553e+00   -1.792531e-19   1.226951e-02   1.767003e-19   916560
  5.080018e+00   7.742171e-20   1.224713e-02   1.710279e-19   930922
  5.122540e+00   -2.055722e-19   1.228718e-02   1.645358e-19   949844
  5.165149e+00   -7.392582e-20   1.230776e-02   1.588343e-19   966736
  5.207698e+00   1.775555e-19   1.226328e-02   1.535759e-19   978776
  5.250149e+00   -7.830885e-20   1.225655e-02   1.481467e-19   994522
  5.292642e+00   -3.660814e-20   1.227563e-02   1.426495e-19   1012420
  5.335176e+00   -5.056916e-20   1.228639e-02   1.379112e-19   1029408
  5.377640e+00   2.927422e-19   1.223362e-02   1.332806e-19   1041658
  5.420127e+00   -1.007423e-19   1.228953e-02   1.287152e-19   1063520
  5.462635e+00   5.166226e-20   1.224276e-02   1.243291e-19   1075808
  5.505175e+00   -1.333982e-19   1.232008e-02   1.199754e-19   1098956
  5.547712e+00   -2.025605e-19   1.224668e-02   1.162996e-19   1109810
  5.590179e+00   8.027490e-20   1.226115e-02   1.126394e-19   1128608
  5.632713e+00   -7.030626e-20   1.229436e-02   1.087182e-19   1148264
  5.675250e+00   -1.201901e-20   1.227167e-02   1.053987e-19   1163252
  5.717744e+00   9.573551e-20   1.226828e-02   1.020020e-19   1181042
  5.760239e+00   -8.340114e-20   1.225730e-02   9.849084e-20   1197848
  5.802769e+00   6.723607e-20   1.229495e-02   9.523250e-20   1218848
  5.845291e+00   4.380202e-20   1.225944e-02   9.261766e-20   1232916
  5.887780e+00   -9.021664e-20   1.227538e-02   8.918084e-20   1253002
  5.930266e+00   -5.818469e-20   1.224914e-02   8.667443e-20   1268576
  5.972763e+00   -8.621835e-20   1.228621e-02   8.381083e-20   1290128
  6.015287e+00   -1.502680e-19   1.227337e-02   8.137324e-20   1307402
  6.057820e+00   3.649393e-20   1.227649e-02   7.888116e-20   1327028
  6.100333e+00   6.513507e-20   1.225988e-02   7.636257e-20   1343648
  6.142842e+00   -8.824762e-20   1.228087e-02   7.422539e-20   1364096
  6.185363e+00   -1.232873e-19   1.227580e-02   7.191170e-20   1382730
  6.227896e+00   -9.802808e-20   1.227503e-02   6.983041e-20   1402164
  6.270416e+00   9.094793e-20   1.227264e-02   6.771860e-20   1420464
  6.312883e+00   -2.721390e-20   1.225519e-02   6.570450e-20   1437368
  6.355387e+00   -1.593046e-19   1.228857e-02   6.371664e-20   1461530
  6.397919e+00   -1.219433e-20   1.226028e-02   6.188190e-20   1478264
  6.440432e+00   1.164377e-19   1.227561e-02   6.015927e-20   1499356
  6.482926e+00   -8.030939e-20   1.226095e-02   5.836303e-20   1517016
  6.525439e+00   2.424416e-20   1.228340e-02   5.665868e-20   1540090
  6.567953e+00   1.107151e-19   1.226146e-02   5.493235e-20   1557360
  6.610434e+00   -1.508192e-19   1.226770e-02   5.333131e-20   1577780
  6.652969e+00   -5.195877e-20   1.230043e-02   5.182922e-20   1602578
  6.695499e+00   -1.150587e-19   1.225417e-02   5.039831e-20   1617672
  6.737992e+00   -1.446388e-19   1.227613e-02   4.899943e-20   1641016
  6.780486e+00   -2.852227e-20   1.226032e-02   4.761686e-20   1659416
  6.822983e+00   -2.140711e-19   1.227372e-02   4.634258e-20   1682670
  6.865529e+00   -4.150394e-20   1.228276e-02   4.493011e-20   1705256
  6.908096e+00   -3.397991e-20   1.228756e-02   4.378719e-20   1726312
  6.950582e+00   -5.064214e-20   1.225056e-02   4.256005e-20   1741880
  6.993044e+00   -8.396043e-20   1.226862e-02   4.140930e-20   1766454
  7.035588e+00   6.551057e-20   1.229242e-02   4.029362e-20   1791784
  7.078111e+00   -1.833547e-20   1.225558e-02   3.919950e-20   1807712
  7.120554e+00   7.742868e-20   1.225110e-02   3.810902e-20   1829002
  7.163037e+00   -7.214537e-20   1.226905e-02   3.706496e-20   1854216
  7.205602e+00   5.665946e-21   1.229852e-02   3.612550e-20   1880156
  7.248150e+00   -9.757897e-21   1.227340e-02   3.516775e-20   1897568
  7.290651e+00   -5.179133e-20   1.227390e-02   3.427247e-20   1920458
  7.333153e+00   -5.444728e-20   1.226399e-02   3.332115e-20   1942208
  7.375659e+00   -2.338457e-20   1.227125e-02   3.248976e-20   1965612
  7.418175e+00   4.759672e-21   1.227855e-02   3.163305e-20   1989000
  7.460671e+00   -4.108560e-20   1.225786e-02   3.083751e-20   2009114
  7.503166e+00   1.647241e-20   1.226960e-02   3.002984e-20   2034464
  7.545695e+00   6.080201e-21   1.228070e-02   2.924498e-20   2058476
  7.588207e+00   7.382780e-20   1.227216e-02   2.853435e-20   2079648
  7.630693e+00   -1.693973e-20   1.226356e-02   2.779334e-20   2102578
  7.673222e+00   -9.049330e-21   1.228297e-02   2.699494e-20   2129928
  7.715766e+00   1.787145e-20   1.227893e-02   2.636854e-20   2152096
  7.758252e+00   4.139351e-21   1.225143e-02   2.582735e-20   2171142
  7.800741e+00   -1.138563e-20   1.227660e-02   2.511800e-20   2200248
  7.843296e+00   6.318755e-20   1.228407e-02   2.443333e-20   2225216
  7.885842e+00   -1.840201e-20   1.228377e-02   2.388553e-20   2248448
  7.928336e+00   -2.419084e-20   1.225709e-02   2.329727e-20   2267942
  7.970840e+00   3.680051e-20   1.228420e-02   2.269639e-20   2298072
  8.013348e+00   2.066876e-20   1.225627e-02   2.218577e-20   2317272
  8.055842e+00   -2.328667e-20   1.227899e-02   2.164546e-20   2345808
  8.098322e+00   -2.310116e-20   1.224988e-02   2.114272e-20   2365650
  8.140823e+00   -4.520573e-22   1.227972e-02   2.061128e-20   2396940
  8.183368e+00   2.789242e-20   1.227975e-02   2.010656e-20   2421272
  8.225892e+00   -8.611854e-21   1.227360e-02   1.962708e-20   2444576
  8.268407e+00   4.999765e-20   1.227899e-02   1.915715e-20   2471490
  8.310912e+00   -7.681327e-21   1.225942e-02   1.873382e-20   2493180
  8.353397e+00   2.081129e-20   1.227208e-02   1.825569e-20   2520952
  8.395888e+00   3.044127e-20   1.226128e-02   1.786442e-20   2544946
  8.438392e+00   -1.972054e-20   1.227324e-02   1.747832e-20   2573856
  8.480922e+00   7.605635e-22   1.227611e-02   1.702963e-20   2600016
  8.523447e+00   2.245601e-20   1.227641e-02   1.662896e-20   2625484
  8.565959e+00   -9.378144e-21   1.227232e-02   1.625172e-20   2651122
  8.608519e+00   2.003511e-20   1.229739e-02   1.586649e-20   2683488
  8.651014e+00   -1.346322e-20   1.223786e-02   1.554228e-20   2696352
  8.693483e+00   2.276006e-21   1.228468e-02   1.515768e-20   2733020
  8.736008e+00   5.193249e-20   1.227012e-02   1.484333e-20   2757378
  8.778525e+00   3.658236e-20   1.227177e-02   1.448387e-20   2784864
  8.821036e+00   -2.209775e-20   1.227124e-02   1.414942e-20   2811168
  8.863496e+00   7.525212e-21   1.224424e-02   1.384137e-20   2832274
  8.906020e+00   2.284702e-21   1.230244e-02   1.353853e-20   2873636
  8.948567e+00   -2.131329e-21   1.225951e-02   1.323487e-20   2890496
  8.991066e+00   2.836254e-21   1.227940e-02   1.293443e-20   2921800
  9.033598e+00   -7.057172e-21   1.228441e-02   1.263343e-20   2951298
  9.076126e+00   -9.732247e-21   1.226510e-02   1.236202e-20   2975476
  9.118654e+00   -1.532481e-20   1.228550e-02   1.210164e-20   3007728
  9.161142e+00   1.687852e-20   1.224754e-02   1.185767e-20   3025776
  9.203640e+00   8.663003e-22   1.229182e-02   1.157886e-20   3065762
  9.246160e+00   -1.650505e-20   1.225283e-02   1.134667e-20   3084856
  9.288649e+00   -4.781359e-21   1.227594e-02   1.109735e-20   3118044
  9.331129e+00   5.867213e-21   1.225728e-02   1.088523e-20   3141352
  9.373640e+00   1.324319e-21   1.228814e-02   1.060879e-20   3179274
  9.416185e+00   -1.313573e-21   1.227073e-02   1.039737e-20   3204120
  9.458671e+00   4.491319e-21   1.225444e-02   1.019051e-20   3227900
  9.501151e+00   -1.867184e-20   1.227489e-02   9.980611e-21   3262394
  9.543701e+00   -8.351926e-21   1.228726e-02   9.754205e-21   3295680
  9.586236e+00   -1.141338e-20   1.226866e-02   9.550245e-21   3319560
  9.628737e+00   1.333105e-21   1.227228e-02   9.360566e-21   3348972
  9.671240e+00   -1.482152e-20   1.227416e-02   9.166626e-21   3379722
  9.713763e+00   1.100479e-20   1.227339e-02   8.959594e-21   3410720
  9.756299e+00   -2.853592e-21   1.227807e-02   8.787734e-21   3441504
  9.798787e+00   -1.970328e-20   1.225320e-02   8.598048e-21   3463624
  9.841266e+00   4.120521e-21   1.227217e-02   8.424696e-21   3499790
  9.883803e+00   -1.290769e-20   1.228281e-02   8.248053e-21   3533560
  9.926350e+00   2.131082e-20   1.227932e-02   8.082244e-21   3561920
  9.968836e+00   -1.648591e-20   1.225683e-02   7.927377e-21   3585208
  1.001132e+01   8.580412e-21   1.227674e-02   7.757743e-21   3622518
  1.005387e+01   -1.351033e-23   1.228938e-02   7.597270e-21   3657584
  1.009637e+01   2.650090e-22   1.225003e-02   7.453257e-21   3676440
  1.013883e+01   -4.050817e-21   1.226093e-02   7.310518e-21   3711282
  1.018134e+01   5.592847e-21   1.227505e-02   7.150264e-21   3747696
  1.022386e+01   6.376632e-21   1.226890e-02   7.018590e-21   3776188
  1.026640e+01   -5.342745e-21   1.229793e-02   6.867795e-21   3815304
  1.030893e+01   -1.559413e-20   1.225864e-02   6.748988e-21   3835370
  1.035143e+01   2.924619e-21   1.227570e-02   6.605078e-21   3873424
  1.039395e+01   7.417327e-21   1.227191e-02   6.478805e-21   3903420
  1.043647e+01   7.616029e-21   1.228014e-02   6.347760e-21   3937624
  1.047898e+01   6.104009e-21   1.226404e-02   6.225358e-21   3965658
  1.052150e+01   -1.158105e-20   1.227921e-02   6.108721e-21   4002984
  1.056400e+01   1.403996e-20   1.226054e-02   5.983589e-21   4027928
  1.060647e+01   -2.178252e-20   1.225976e-02   5.877902e-21   4059844
  1.064896e+01   1.379954e-20   1.227978e-02   5.751896e-21   4100338
  1.069151e+01   3.880155e-21   1.227651e-02   5.648333e-21   4132264
  1.073403e+01   -5.870242e-21   1.227390e-02   5.536109e-21   4163216
  1.077652e+01   1.374185e-20   1.226459e-02   5.434097e-21   4193350
  1.081904e+01   2.148252e-20   1.228427e-02   5.324362e-21   4234456
  1.086156e+01   3.383748e-21   1.225632e-02   5.224423e-21   4257264
  1.090405e+01   1.471521e-20   1.227910e-02   5.127329e-21   4297352
  1.094656e+01   3.760689e-21   1.226998e-02   5.041289e-21   4328642
  1.098909e+01   -2.841966e-21   1.228265e-02   4.941514e-21   4367948
  1.103158e+01   3.102904e-22   1.224720e-02   4.846057e-21   4388384
  1.107408e+01   1.452455e-21   1.228899e-02   4.750786e-21   4436648
  1.111661e+01   3.229516e-21   1.227199e-02   4.669571e-21   4465658
  1.115915e+01   1.686840e-21   1.227871e-02   4.583834e-21   4502948
  1.120165e+01   -1.207507e-20   1.225915e-02   4.495890e-21   4528880
  1.124413e+01   -4.349945e-21   1.226872e-02   4.417433e-21   4566290
  1.128665e+01   -3.388982e-21   1.228262e-02   4.327444e-21   4606856
  1.132917e+01   6.325239e-21   1.226621e-02   4.261413e-21   4635380
  1.137166e+01   5.199460e-21   1.226853e-02   4.182358e-21   4670384
  1.141417e+01   -9.232567e-21   1.227665e-02   4.095173e-21   4709258
  1.145672e+01   5.833613e-21   1.228130e-02   4.024067e-21   4747352
  1.149922e+01   -4.074636e-21   1.225462e-02   3.956597e-21   4771664
  1.154171e+01   -7.667763e-21   1.227440e-02   3.881205e-21   4813532
  1.158423e+01   -1.156925e-21   1.228175e-02   3.808226e-21   4852322
  1.162677e+01   -5.169671e-21   1.227605e-02   3.741014e-21   4886480
  1.166928e+01   2.249306e-21   1.226516e-02   3.680803e-21   4917248
  1.171175e+01   4.720499e-22   1.226039e-02   3.611970e-21   4950828
  1.175428e+01   1.389077e-21   1.229115e-02   3.547896e-21   5000170
  1.179682e+01   -5.670969e-21   1.226743e-02   3.486994e-21   5026952
  1.183930e+01   3.981865e-21   1.225870e-02   3.423430e-21   5058752
  1.188178e+01   -4.465419e-23   1.227096e-02   3.358903e-21   5100722
  1.192431e+01   -4.063633e-21   1.227592e-02   3.308775e-21   5140124
  1.196682e+01   -6.252271e-21   1.227175e-02   3.243740e-21   5174072
  1.200934e+01   -4.071351e-22   1.227571e-02   3.191113e-21   5211608
  1.205185e+01   4.470225e-21   1.227167e-02   3.132956e-21   5247794
  1.209436e+01   5.696258e-21   1.226763e-02   3.077231e-21   5284196
  1.213689e+01   -1.787917e-21   1.228663e-02   3.024296e-21   5328800
  1.217939e+01   -8.773488e-24   1.225244e-02   2.977356e-21   5350872
  1.222188e+01   4.040104e-21   1.227843e-02   2.917964e-21   5400634
  1.226439e+01   2.457018e-21   1.226116e-02   2.871150e-21   5430968
  1.230690e+01   1.365592e-21   1.228074e-02   2.825360e-21   5475908
  1.234942e+01   -4.353209e-21   1.227341e-02   2.776827e-21   5510016
  1.239194e+01   3.921967e-21   1.227878e-02   2.725934e-21   5552114
  1.243448e+01   1.530844e-22   1.227536e-02   2.679388e-21   5588944
  1.247700e+01   -2.468843e-21   1.227081e-02   2.636814e-21   5623828
  1.251949e+01   -1.170876e-21   1.226652e-02   2.592908e-21   5660722
  1.256199e+01   6.867122e-23   1.226569e-02   2.551093e-21   5699896
  1.260450e+01   -5.696329e-22   1.227587e-02   2.506207e-21   5741936
  1.264701e+01   3.350281e-21   1.227604e-02   2.463112e-21   5779568
  1.268952e+01   6.996657e-21   1.227056e-02   2.424683e-21   5817222
  1.273202e+01   -4.449738e-22   1.226405e-02   2.381420e-21   5854600
  1.277454e+01   4.540455e-21   1.227916e-02   2.341339e-21   5900040
  1.281705e+01   -4.741994e-22   1.226601e-02   2.303226e-21   5931976
  1.285956e+01   -1.818812e-21   1.228040e-02   2.265819e-21   5979390
  1.290207e+01   5.410449e-21   1.226129e-02   2.226248e-21   6010200
  1.294458e+01   2.869363e-21   1.227731e-02   2.191931e-21   6056496
  1.298708e+01   -3.212831e-21   1.226484e-02   2.156054e-21   6089504
  1.302958e+01   -2.375586e-21   1.227756e-02   2.119797e-21   6137114
  1.307210e+01   1.920572e-21   1.226880e-02   2.085612e-21   6173332
  1.311461e+01   -3.505353e-22   1.227153e-02   2.052450e-21   6214128
  1.315711e+01   -2.760123e-21   1.226922e-02   2.018759e-21   6253874
  1.319964e+01   4.166943e-22   1.227851e-02   1.987598e-21   6300104
  1.324216e+01   5.796435e-21   1.226546e-02   1.953908e-21   6332612
  1.328467e+01   -9.141887e-22   1.228096e-02   1.921268e-21   6379768
  1.332719e+01   1.079900e-21   1.227439e-02   1.891223e-21   6418218
  1.336971e+01   1.188480e-21   1.227344e-02   1.860286e-21   6459880
  1.341221e+01   -2.211935e-23   1.226446e-02   1.834767e-21   6495652
  1.345472e+01   -1.278158e-21   1.228092e-02   1.801968e-21   6545296
  1.349724e+01   -1.103109e-21   1.226891e-02   1.773685e-21   6581570
  1.353974e+01   5.523464e-21   1.226098e-02   1.745918e-21   6618960
  1.358222e+01   9.527665e-23   1.226863e-02   1.718253e-21   6663352
  1.362471e+01   -2.350395e-23   1.226151e-02   1.690453e-21   6701334
  1.366724e+01   -1.841452e-21   1.229005e-02   1.661250e-21   6759920
  1.370978e+01   -7.726356e-23   1.226871e-02   1.639343e-21   6789696
  1.375229e+01   -3.739197e-22   1.227982e-02   1.612294e-21   6837208
  1.379481e+01   7.066550e-21   1.226997e-02   1.586890e-21   6874966
  1.383733e+01   -2.653840e-21   1.227445e-02   1.562816e-21   6920864
  1.387984e+01   -2.115889e-21   1.226703e-02   1.541040e-21   6957816
  1.392234e+01   -1.133354e-22   1.227258e-02   1.513837e-21   7002232
  1.396483e+01   3.450446e-21   1.226616e-02   1.492075e-21   7043114
  1.400736e+01   -1.975920e-21   1.228161e-02   1.468078e-21   7096020
  1.404988e+01   -1.716026e-21   1.226958e-02   1.446996e-21   7130640
  1.409239e+01   2.658324e-21   1.227310e-02   1.422865e-21   7175472
  1.413489e+01   1.857196e-21   1.226899e-02   1.401243e-21   7217786
  1.417741e+01   2.595779e-21   1.227600e-02   1.379306e-21   7265564
  1.421992e+01   -3.658130e-21   1.226528e-02   1.360564e-21   7301288
  1.426240e+01   8.235583e-22   1.226550e-02   1.338353e-21   7345330
  1.430491e+01   2.342656e-22   1.227621e-02   1.319074e-21   7397048
  1.434743e+01   2.285574e-21   1.226815e-02   1.299508e-21   7435920
  1.438994e+01   -1.669283e-21   1.227688e-02   1.280635e-21   7484140
  1.443245e+01   -1.461853e-21   1.227057e-02   1.260340e-21   7525578
  1.447497e+01   -1.552997e-21   1.227007e-02   1.241850e-21   7571376
  1.451748e+01   -1.559668e-21   1.227392e-02   1.221055e-21   7617064
  1.456001e+01   2.227595e-22   1.227782e-02   1.203689e-21   7662092
  1.460251e+01   -1.747133e-21   1.226530e-02   1.186694e-21   7699658
  1.464502e+01   -9.538742e-22   1.227578e-02   1.168634e-21   7752416
  1.468755e+01   9.126996e-22   1.227763e-02   1.150094e-21   7797776
  1.473004e+01   -1.774228e-22   1.226070e-02   1.136268e-21   7831720
  1.477255e+01   -1.832667e-21   1.227889e-02   1.116857e-21   7889926
  1.481507e+01   2.956464e-21   1.227192e-02   1.101841e-21   7931480
  1.485759e+01   1.225827e-21   1.227300e-02   1.084222e-21   7976688
  1.490006e+01   4.683208e-22   1.225048e-02   1.070234e-21   8007786
  1.494256e+01   -2.348215e-23   1.228133e-02   1.053751e-21   8074564
  1.498510e+01   7.347516e-22   1.228034e-02   1.037758e-21   8118904
  1.502762e+01   -4.049236e-22   1.226783e-02   1.022660e-21   8155824
  1.507013e+01   1.053517e-21   1.228256e-02   1.009000e-21   8212802
  1.511265e+01   1.643206e-21   1.226047e-02   9.937227e-22   8245268
  1.515516e+01   -1.262837e-21   1.228702e-02   9.785564e-22   8308816
  1.519769e+01   2.887771e-22   1.226520e-02   9.657356e-22   8340304
  1.524017e+01   5.365016e-22   1.226489e-02   9.513529e-22   8387738
  1.528267e+01   -4.973271e-22   1.226883e-02   9.383893e-22   8437624
  1.532518e+01   1.489411e-21   1.227531e-02   9.234522e-22   8487796
  1.536768e+01   -1.272960e-21   1.226572e-02   9.110678e-22   8527936
  1.541020e+01   2.013811e-21   1.227764e-02   8.991160e-22   8585122
  1.545272e+01   1.701428e-21   1.227170e-02   8.856915e-22   8628200
  1.549524e+01   1.900430e-21   1.227868e-02   8.726086e-22   8679484
  1.553776e+01   -9.140694e-22   1.226928e-02   8.614396e-22   8721466
  1.558025e+01   6.153757e-22   1.226318e-02   8.489272e-22   8765840
  1.562277e+01   1.243535e-21   1.228142e-02   8.362619e-22   8825136
  1.566528e+01   9.420143e-22   1.226701e-02   8.250955e-22   8861768
  1.570779e+01   6.362136e-22   1.227728e-02   8.140559e-22   8919278
  1.575031e+01   -5.686029e-22   1.226638e-02   8.022966e-22   8961008
  1.579282e+01   -8.411768e-22   1.227512e-02   7.902517e-22   9014456
  1.583534e+01   1.785970e-21   1.227527e-02   7.800364e-22   9062240
  1.587786e+01   -9.569320e-22   1.227311e-02   7.699219e-22   9110510
  1.592036e+01   -6.925207e-24   1.226582e-02   7.586487e-22   9154048
  1.596285e+01   -4.969039e-22   1.226281e-02   7.483281e-22   9198928
  1.600534e+01   3.199219e-22   1.227531e-02   7.377277e-22   9257194
  1.604787e+01   1.811450e-22   1.227745e-02   7.276526e-22   9310168
  1.609038e+01   -1.293898e-21   1.226530e-02   7.177501e-22   9350316
  1.613289e+01   7.187944e-23   1.227684e-02   7.082165e-22   9407120
  1.617541e+01   -1.090554e-21   1.227300e-02   6.976073e-22   9454642
  1.621793e+01   -3.110611e-22   1.227362e-02   6.889904e-22   9506272
  1.626044e+01   -2.886931e-22   1.226942e-02   6.790445e-22   9551228
  1.630294e+01   -9.473220e-22   1.227038e-02   6.697387e-22   9600264
  1.634544e+01   -1.304253e-22   1.227012e-02   6.602288e-22   9651458
  1.638796e+01   -1.885740e-22   1.228049e-02   6.518226e-22   9711488
  1.643048e+01   -1.150297e-22   1.226476e-02   6.433576e-22   9749144
  1.647299e+01   -1.098212e-21   1.227613e-02   6.344118e-22   9807908
  1.651550e+01   9.679822e-22   1.227043e-02   6.264243e-22   9854786
  1.655803e+01   8.392243e-22   1.228107e-02   6.177812e-22   9914304
  1.660053e+01   9.458735e-22   1.225867e-02   6.098453e-22   9945544
  1.664301e+01   5.175907e-22   1.226718e-02   6.014518e-22   10003414
  1.668552e+01   7.528588e-22   1.227468e-02   5.933758e-22   10062032
  1.672804e+01   -1.648662e-21   1.227657e-02   5.857193e-22   10114792
  1.677058e+01   -1.915770e-21   1.228180e-02   5.773017e-22   10169936
  1.681307e+01   -8.582407e-22   1.225060e-02   5.705045e-22   10196602
  1.685558e+01   5.371244e-22   1.228906e-02   5.623360e-22   10281156
  1.689811e+01   -6.955829e-22   1.226275e-02   5.555510e-22   10309376
  1.694060e+01   1.204542e-21   1.227427e-02   5.476374e-22   10369856
  1.698310e+01   -3.428278e-22   1.226425e-02   5.408725e-22   10415370
  1.702562e+01   -1.483045e-22   1.228018e-02   5.334793e-22   10481988
  1.706815e+01   1.525656e-22   1.227822e-02   5.267164e-22   10531200
  1.711066e+01   -1.013740e-21   1.226163e-02   5.199364e-22   10569416
  1.715315e+01   2.948550e-22   1.227286e-02   5.133718e-22   10633066
  1.719568e+01   1.907190e-22   1.227546e-02   5.065012e-22   10687548
  1.723821e+01   -4.858958e-22   1.228168e-02   4.999613e-22   10743968
  1.728072e+01   -8.140352e-23   1.226340e-02   4.936463e-22   10782130
  1.732321e+01   -7.446963e-22   1.226438e-02   4.870629e-22   10837792
  1.736571e+01   -2.902405e-22   1.227328e-02   4.811261e-22   10897368
  1.740823e+01   -5.283455e-22   1.227857e-02   4.747123e-22   10953940
  1.745075e+01   -2.647947e-22   1.227188e-02   4.691064e-22   11003274
  1.749325e+01   4.643949e-22   1.226537e-02   4.632513e-22   11052800
  1.753577e+01   -4.878342e-23   1.228039e-02   4.573860e-22   11118176
  1.757829e+01   2.610341e-23   1.227174e-02   4.511533e-22   11162268
  1.762078e+01   -2.769059e-22   1.226447e-02   4.459341e-22   11211458
  1.766328e+01   -2.166342e-22   1.226924e-02   4.404497e-22   11271888
  1.770579e+01   -6.017557e-22   1.227456e-02   4.340711e-22   11329304
  1.774829e+01   3.027621e-22   1.226554e-02   4.289899e-22   11375026
  1.779081e+01   -9.304733e-22   1.227704e-02   4.240019e-22   11442532
  1.783332e+01   1.350642e-21   1.226620e-02   4.182984e-22   11487264
  1.787583e+01   -4.587572e-22   1.227239e-02   4.130620e-22   11545680
  1.791835e+01   4.301753e-22   1.227937e-02   4.078860e-22   11607058
  1.796089e+01   -4.164868e-22   1.227970e-02   4.029000e-22   11664300
  1.800340e+01   -4.255714e-22   1.226785e-02   3.978158e-22   11707488
  1.804590e+01   -2.553900e-22   1.226647e-02   3.936512e-22   11759536
  1.808841e+01   -1.606306e-22   1.228470e-02   3.880366e-22   11833690
  1.813095e+01   1.963806e-22   1.227017e-02   3.832390e-22   11877808
  1.817345e+01   2.095874e-22   1.226311e-02   3.792239e-22   11925836
  1.821595e+01   -2.904751e-22   1.227560e-02   3.740890e-22   11992168
  1.825846e+01   4.323208e-22   1.227114e-02   3.697036e-22   12044554
  1.830097e+01   -1.129543e-22   1.226867e-02   3.650186e-22   12098976
  1.834346e+01   -7.706505e-24   1.226469e-02   3.602486e-22   12149996
  1.838595e+01   6.401457e-22   1.226815e-02   3.561916e-22   12209594
  1.842847e+01   -1.798158e-22   1.227993e-02   3.515195e-22   12279272
  1.847101e+01   8.276198e-22   1.228002e-02   3.477032e-22   12336072
  1.851353e+01   -2.137969e-22   1.226966e-02   3.435107e-22   12381744
  1.855604e+01   -6.777484e-24   1.227227e-02   3.393808e-22   12441590
  1.859855e+01   -8.790985e-22   1.227023e-02   3.354926e-22   12497256
  1.864105e+01   -1.126534e-21   1.226730e-02   3.313044e-22   12550032
  1.868353e+01   -5.219579e-22   1.226474e-02   3.274331e-22   12603936
  1.872603e+01   3.795276e-22   1.227245e-02   3.235297e-22   12671230
  1.876857e+01   7.784147e-23   1.228331e-02   3.196152e-22   12740920
  1.881110e+01   -1.652225e-22   1.227107e-02   3.159570e-22   12784560
  1.885359e+01   4.136548e-22   1.226358e-02   3.120838e-22   12834176
  1.889610e+01   -7.275051e-22   1.227865e-02   3.081377e-22   12909006
  1.893863e+01   -6.122529e-22   1.227235e-02   3.047615e-22   12959680
  1.898113e+01   -1.907886e-23   1.227020e-02   3.013696e-22   13014232
  1.902364e+01   1.014493e-21   1.227262e-02   2.978261e-22   13076514
  1.906614e+01   1.860498e-23   1.226274e-02   2.945248e-22   13127112
  1.910866e+01   -4.072251e-22   1.228266e-02   2.907972e-22   13205852
  1.915119e+01   -1.113345e-23   1.227282e-02   2.874203e-22   13252032
  1.919369e+01   2.010535e-22   1.226787e-02   2.841237e-22   13307450
  1.923620e+01   -2.677451e-22   1.227402e-02   2.808758e-22   13374160
  1.927872e+01   -1.737943e-22   1.227027e-02   2.775739e-22   13426348
  1.932123e+01   -4.754643e-22   1.227853e-02   2.744089e-22   13492760
  1.936373e+01   -4.369182e-22   1.226457e-02   2.713170e-22   13539546
  1.940624e+01   5.351035e-23   1.227335e-02   2.681270e-22   13610704
  1.944875e+01   -4.601834e-22   1.226734e-02   2.652656e-22   13662024
  1.949125e+01   5.508186e-22   1.227299e-02   2.620492e-22   13727492
  1.953377e+01   5.752529e-22   1.227644e-02   2.592190e-22   13793394
  1.957629e+01   -4.537658e-22   1.226862e-02   2.561433e-22   13844456
  1.961880e+01   -1.158985e-22   1.227171e-02   2.534529e-22   13905184
  1.966130e+01   5.154114e-22   1.227189e-02   2.504708e-22   13965958
  1.970381e+01   6.119199e-24   1.226859e-02   2.477713e-22   14025192
  1.974632e+01   2.351783e-22   1.227581e-02   2.449927e-22   14093768
  1.978884e+01   -3.197036e-22   1.227382e-02   2.420783e-22   14150440
  1.983136e+01   -1.534036e-22   1.227452e-02   2.393855e-22   14213450
  1.987387e+01   6.995825e-23   1.226691e-02   2.369948e-22   14267036
  1.991638e+01   -4.550397e-22   1.227427e-02   2.342688e-22   14335032
  1.995889e+01   3.102235e-22   1.226837e-02   2.315048e-22   14387664
  2.000139e+01   -1.410901e-22   1.227308e-02   2.291260e-22   14455698
  2.004391e+01   2.540015e-22   1.227471e-02   2.264376e-22   14520452
  2.008643e+01   1.207256e-22   1.227399e-02   2.239420e-22   14580272
  2.012893e+01   -2.695780e-23   1.226246e-02   2.217408e-22   14628050
  2.017144e+01   8.939887e-23   1.228393e-02   2.191875e-22   14716744
  2.021396e+01   -2.745318e-22   1.226163e-02   2.170880e-22   14751712
  2.025646e+01   4.181389e-22   1.227782e-02   2.144040e-22   14831620
  2.029896e+01   -1.646949e-22   1.226188e-02   2.123685e-22   14875522
  2.034146e+01   5.067951e-24   1.227585e-02   2.099719e-22   14956720
  2.038398e+01   1.768905e-22   1.226799e-02   2.076430e-22   15008272
  2.042648e+01   5.834701e-22   1.227113e-02   2.052924e-22   15073780
  2.046899e+01   5.691112e-23   1.227601e-02   2.031896e-22   15144866
  2.051153e+01   -1.534808e-23   1.228021e-02   2.012185e-22   15213872
  2.055406e+01   -3.361366e-22   1.227172e-02   1.989018e-22   15263976
  2.059656e+01   2.312187e-22   1.226689e-02   1.970550e-22   15320236
  2.063907e+01   1.783789e-22   1.227747e-02   1.949521e-22   15398322
  2.068159e+01   3.732878e-23   1.226849e-02   1.929679e-22   15450864
  2.072409e+01   -2.313214e-22   1.226949e-02   1.907991e-22   15513888
  2.076658e+01   -2.005817e-22   1.226638e-02   1.888985e-22   15574626
  2.080910e+01   -2.545821e-22   1.227957e-02   1.867437e-22   15657956
  2.085162e+01   7.961842e-23   1.226694e-02   1.850179e-22   15704248
  2.089412e+01   2.413168e-22   1.227405e-02   1.828707e-22   15774824
  2.093664e+01   -1.306723e-22   1.227741e-02   1.810692e-22   15844898
  2.097916e+01   5.229187e-22   1.226797e-02   1.794233e-22   15898956
  2.102166e+01   3.747950e-22   1.226837e-02   1.774175e-22   15961768
  2.106416e+01   -2.898367e-22   1.227392e-02   1.754262e-22   16032208
  2.110668e+01   -5.378040e-23   1.227386e-02   1.738530e-22   16099530
  2.114918e+01   -5.453296e-22   1.226342e-02   1.721470e-22   16152712
  2.119169e+01   -3.049669e-23   1.227877e-02   1.702836e-22   16235740
  2.123421e+01   -4.129055e-23   1.227090e-02   1.686811e-22   16288856
  2.127673e+01   -1.019217e-22   1.227763e-02   1.668719e-22   16365074
  2.131925e+01   5.264690e-23   1.226826e-02   1.653587e-22   16418248
  2.136173e+01   1.332762e-23   1.226229e-02   1.637094e-22   16473180
  2.140423e+01   1.335896e-22   1.227796e-02   1.619898e-22   16560234
  2.144675e+01   -1.164708e-22   1.226818e-02   1.606304e-22   16616088
  2.148927e+01   2.377449e-22   1.227653e-02   1.588240e-22   16693264
  2.153179e+01   -4.801376e-23   1.227410e-02   1.572036e-22   16753864
  2.157431e+01   -3.213645e-23   1.227428e-02   1.558264e-22   16820702
  2.161682e+01   -3.338971e-22   1.226755e-02   1.543322e-22   16879288
  2.165933e+01   2.186889e-22   1.227311e-02   1.526922e-22   16951712
  2.170183e+01   2.123427e-22   1.226675e-02   1.511890e-22   17007560
  2.174434e+01   2.532805e-22   1.227813e-02   1.499514e-22   17092086
  2.178685e+01   -1.617238e-22   1.226906e-02   1.484256e-22   17148392
  2.182937e+01   1.722727e-22   1.227478e-02   1.469481e-22   17222288
  2.187188e+01   -2.278655e-22   1.227236e-02   1.455888e-22   17285096
  2.191439e+01   1.681806e-22   1.226620e-02   1.441813e-22   17344826
  2.195689e+01   1.709861e-22   1.227320e-02   1.429409e-22   17421236
  2.199941e+01   -7.988542e-23   1.227792e-02   1.415399e-22   17494160
  2.204191e+01   1.844921e-22   1.226044e-02   1.402628e-22   17538122
  2.208440e+01   -1.258016e-23   1.226939e-02   1.389322e-22   17620136
  2.212692e+01   1.930594e-23   1.227875e-02   1.376435e-22   17700428
  2.216945e+01   1.563921e-23   1.227393e-02   1.362624e-22   17760320
  2.221196e+01   -1.808346e-22   1.227224e-02   1.351615e-22   17827562
  2.225448e+01   -2.945763e-22   1.227165e-02   1.338138e-22   17895488
  2.229699e+01   -2.355742e-22   1.227292e-02   1.326217e-22   17963576
  2.233950e+01   5.148881e-23   1.227046e-02   1.315346e-22   18027500
  2.238201e+01   -3.732518e-22   1.227533e-02   1.303627e-22   18105650
  2.242451e+01   -1.087912e-22   1.226508e-02   1.291052e-22   18160880
  2.246701e+01   -2.484712e-23   1.226834e-02   1.281066e-22   18233144
  2.250951e+01   1.804284e-22   1.227149e-02   1.268326e-22   18307310
  2.255203e+01   5.799443e-24   1.227368e-02   1.258383e-22   18381680
  2.259456e+01   -3.550342e-22   1.227489e-02   1.246294e-22   18450536
  2.263708e+01   6.546045e-23   1.227820e-02   1.235843e-22   18522128
  2.267959e+01   1.054259e-22   1.226827e-02   1.224382e-22   18578414
  2.272209e+01   5.571450e-23   1.227113e-02   1.215095e-22   18654304
  2.276460e+01   3.240851e-24   1.227056e-02   1.203798e-22   18722304
  2.280712e+01   6.150626e-23   1.227777e-02   1.193248e-22   18802472
  2.284964e+01   -1.306877e-22   1.227092e-02   1.183766e-22   18864266
  2.289215e+01   1.683906e-23   1.226939e-02   1.173903e-22   18933260
  2.293465e+01   -1.943716e-23   1.226719e-02   1.164423e-22   18997448
  2.297715e+01   -1.416580e-22   1.227581e-02   1.154030e-22   19079816
  2.301967e+01   -2.126804e-22   1.227098e-02   1.145990e-22   19145330
  2.306218e+01   -1.844033e-22   1.227177e-02   1.135105e-22   19218276
  2.310469e+01   1.560037e-22   1.227113e-02   1.125064e-22   19286200
  2.314719e+01   1.991510e-22   1.226583e-02   1.118315e-22   19349738
  2.318971e+01   9.967401e-23   1.228286e-02   1.107430e-22   19450040
  2.323223e+01   8.586919e-23   1.226363e-02   1.099568e-22   19489688
  2.327473e+01   -8.514906e-24   1.227521e-02   1.089965e-22   19576868
  2.331724e+01   1.053377e-22   1.226932e-02   1.082196e-22   19640282
  2.335976e+01   -1.546616e-22   1.227873e-02   1.072741e-22   19728800
  2.340226e+01   -1.503512e-23   1.226095e-02   1.065385e-22   19770152
  2.344476e+01   -2.141278e-22   1.227487e-02   1.055827e-22   19863516
  2.348729e+01   -8.184526e-23   1.227855e-02   1.048777e-22   19943594
  2.352981e+01   -6.101896e-24   1.227039e-02   1.040980e-22   20003440
  2.357232e+01   3.715134e-23   1.227533e-02   1.031502e-22   20081768
  2.361483e+01   -1.257743e-23   1.226475e-02   1.025059e-22   20136200
  2.365734e+01   -4.627426e-23   1.228180e-02   1.017718e-22   20238094
  2.369985e+01   -1.323418e-22   1.226458e-02   1.009056e-22   20282544
  2.374234e+01   4.243175e-23   1.226291e-02   1.002026e-22   20351720
  2.378483e+01   -3.957629e-23   1.227389e-02   9.927443e-23   20444714
  2.382735e+01   8.487489e-23   1.227112e-02   9.869721e-23   20515116
  2.386988e+01   1.382418e-22   1.228059e-02   9.786394e-23   20602384
  2.391241e+01   -9.975442e-23   1.227266e-02   9.720833e-23   20659872
  2.395491e+01   7.602721e-23   1.226837e-02   9.653199e-23   20727682
  2.399742e+01   1.028242e-22   1.227493e-02   9.582758e-23   20814416
  2.403994e+01   -1.507782e-22   1.227261e-02   9.513091e-23   20881100
  2.408245e+01   3.862761e-23   1.227247e-02   9.430362e-23   20953688
  2.412495e+01   -1.743924e-22   1.226662e-02   9.371429e-23   21021050
  2.416746e+01   2.139236e-22   1.227556e-02   9.304310e-23   21111632
  2.420998e+01   1.019853e-22   1.227336e-02   9.227897e-23   21179972
  2.425248e+01   -3.298139e-23   1.226547e-02   9.160608e-23   21240488
  2.429499e+01   -1.073958e-23   1.227368e-02   9.100308e-23   21331418
  2.433750e+01   -8.888302e-24   1.226935e-02   9.014498e-23   21397304
  2.438000e+01   -1.826046e-22   1.226962e-02   8.955570e-23   21469764
  2.442251e+01   -2.282337e-22   1.227528e-02   8.869063e-23   21556122
  2.446502e+01   1.287767e-22   1.226591e-02   8.822251e-23   21618312
  2.450754e+01   -3.338084e-23   1.227924e-02   8.738424e-23   21716096
  2.455007e+01   2.520482e-23   1.227488e-02   8.665847e-23   21781352
  2.459258e+01   4.976349e-23   1.226971e-02   8.593903e-23   21848870
  2.463508e+01   -9.558188e-23   1.227061e-02   8.515814e-23   21927536
  2.467760e+01   -1.902366e-22   1.227518e-02   8.433011e-23   22008944
  2.472011e+01   1.856103e-23   1.227146e-02   8.354454e-23   22076136
  2.476261e+01   -8.468306e-23   1.226619e-02   8.284480e-23   22145270
  2.480513e+01   -1.288576e-24   1.228149e-02   8.184615e-23   22250960
  2.484765e+01   -2.679480e-22   1.226766e-02   8.089134e-23   22300864
  2.489015e+01   -1.855488e-22   1.226874e-02   8.000125e-23   22378586
  2.493266e+01   -1.420984e-22   1.227304e-02   7.899807e-23   22464104
  2.497518e+01   -1.346719e-22   1.227483e-02   7.780071e-23   22542892
  2.501769e+01   -1.908374e-23   1.226849e-02   7.659038e-23   22606008
  2.506019e+01   -3.072484e-23   1.227168e-02   7.544440e-23   22690002
  2.510269e+01   -7.120485e-23   1.226774e-02   7.392598e-23   22762216
  2.514519e+01   -1.248751e-22   1.227552e-02   7.131162e-23   22815779
  2.518771e+01   -4.463742e-23   1.227093e-02   6.866042e-23   22772312
  2.523022e+01   1.460204e-22   1.227169e-02   6.607441e-23   22733708
  2.527273e+01   -3.330233e-23   1.227376e-02   6.361267e-23   22697672
  2.531524e+01   7.720053e-23   1.227003e-02   6.127158e-23   22651460
  2.535775e+01   -9.765341e-23   1.227280e-02   5.912438e-23   22616024
  2.540027e+01   6.394869e-23   1.227723e-02   5.706168e-23   22583496
  2.544278e+01   -4.450980e-23   1.226384e-02   5.515946e-23   22519252
  2.548527e+01   -2.969904e-23   1.226879e-02   5.332617e-23   22488992
  2.552778e+01   5.130459e-25   1.227112e-02   5.158205e-23   22453172
  2.557030e+01   1.306528e-22   1.227642e-02   4.998798e-23   22420584
  2.561282e+01   8.940874e-24   1.227318e-02   4.838900e-23   22371700
  2.565533e+01   1.820558e-22   1.227319e-02   4.690283e-23   22329896
  2.569784e+01   4.471931e-23   1.227005e-02   4.557184e-23   22282876
  2.574035e+01   -2.840698e-24   1.227559e-02   4.413828e-23   22250692
  2.578286e+01   -1.425516e-22   1.226749e-02   4.294863e-23   22194436
  2.582536e+01   -4.046410e-24   1.226799e-02   4.171653e-23   22153540
  2.586787e+01   -3.697431e-23   1.227489e-02   4.061121e-23   22122584
  2.591039e+01   -2.655651e-23   1.227183e-02   3.948927e-23   22073004
  2.595291e+01   6.481236e-23   1.227763e-02   3.841201e-23   22039640
  2.599542e+01   5.191724e-23   1.226443e-02   3.742312e-23   21971624
  2.603793e+01   -4.285568e-24   1.228039e-02   3.647524e-23   21955708
  2.608042e+01   2.141174e-23   1.225538e-02   3.557661e-23   21867720
  2.612293e+01   1.413018e-23   1.228640e-02   3.465116e-23   21878900
  2.616545e+01   -6.741061e-24   1.226374e-02   3.380114e-23   21794260
  2.620796e+01   7.611913e-23   1.227552e-02   3.297214e-23   21770256
  2.625048e+01   -5.881663e-23   1.227204e-02   3.218926e-23   21718124
  2.629299e+01   9.547349e-24   1.227162e-02   3.144510e-23   21671096
  2.633550e+01   3.499446e-23   1.227173e-02   3.070174e-23   21625412
  2.637801e+01   2.184988e-23   1.227628e-02   3.002416e-23   21587284
  2.642052e+01   3.049908e-23   1.226404e-02   2.933439e-23   21519648
  2.646302e+01   8.024491e-23   1.227517e-02   2.867615e-23   21493344
  2.650554e+01   -5.596275e-23   1.227125e-02   2.803279e-23   21439360
  2.654805e+01   -2.591279e-23   1.227471e-02   2.742011e-23   21398900
  2.659058e+01   -1.392279e-23   1.227467e-02   2.680714e-23   21351488
  2.663308e+01   1.264194e-23   1.226610e-02   2.626395e-23   21288012
  2.667559e+01   -1.666363e-23   1.227518e-02   2.570378e-23   21255052
  2.671810e+01   1.117141e-23   1.226960e-02   2.514442e-23   21196928
  2.676060e+01   1.027862e-24   1.226973e-02   2.465702e-23   21149036
  2.680311e+01   4.205871e-23   1.227206e-02   2.412504e-23   21105304
  2.684563e+01   -8.638128e-25   1.227410e-02   2.365171e-23   21059992
  2.688815e+01   -1.325834e-23   1.227705e-02   2.318070e-23   21014904
  2.693067e+01   1.491489e-23   1.227014e-02   2.272868e-23   20953620
  2.697317e+01   1.614535e-23   1.226991e-02   2.225690e-23   20902948
  2.701568e+01   3.047439e-23   1.227225e-02   2.183361e-23   20856528
  2.705819e+01   8.604627e-23   1.227379e-02   2.138605e-23   20808868
  2.710070e+01   -2.274831e-23   1.226639e-02   2.099630e-23   20746700
  2.714319e+01   -4.662805e-23   1.226770e-02   2.059216e-23   20699040
  2.718571e+01   4.018954e-25   1.227944e-02   2.016737e-23   20667584
  2.722822e+01   6.356623e-23   1.225995e-02   1.982415e-23   20583320
  2.727072e+01   -1.174994e-23   1.227843e-02   1.945273e-23   20562728
  2.731324e+01   8.299798e-24   1.227166e-02   1.909935e-23   20499120
  2.735575e+01   -3.981859e-23   1.227335e-02   1.875397e-23   20448668
  2.739827e+01   -2.187353e-24   1.227231e-02   1.840052e-23   20394408
  2.744078e+01   3.441789e-23   1.227328e-02   1.808081e-23   20344236
  2.748329e+01   -1.500358e-23   1.227052e-02   1.775395e-23   20287988
  2.752580e+01   -6.398841e-23   1.227218e-02   1.743787e-23   20237280
  2.756831e+01   2.058756e-23   1.226928e-02   1.713946e-23   20178328
  2.761083e+01   9.220209e-24   1.227861e-02   1.684936e-23   20139844
  2.765335e+01   -5.702382e-24   1.226869e-02   1.655081e-23   20069748
  2.769585e+01   4.760041e-23   1.227006e-02   1.627579e-23   20016800
  2.773835e+01   -5.861727e-24   1.227057e-02   1.598619e-23   19962224
  2.778087e+01   -5.892790e-24   1.227954e-02   1.570905e-23   19923568
  2.782339e+01   9.534424e-24   1.226996e-02   1.548252e-23   19854300
  2.786590e+01   -2.179774e-23   1.226862e-02   1.521641e-23   19797056
  2.790840e+01   1.332871e-23   1.227082e-02   1.497008e-23   19744940
  2.795091e+01   2.260055e-23   1.227270e-02   1.473836e-23   19691768
  2.799342e+01   6.823390e-24   1.226928e-02   1.449233e-23   19629548
  2.803593e+01   -6.983823e-24   1.227096e-02   1.425172e-23   19575480
  2.807844e+01   4.497354e-24   1.227365e-02   1.402162e-23   19523296
  2.812096e+01   9.389959e-24   1.227813e-02   1.381038e-23   19474344
  2.816347e+01   2.486244e-23   1.226244e-02   1.360740e-23   19392868
  2.820597e+01   -6.916276e-24   1.227629e-02   1.338915e-23   19356176
  2.824849e+01   1.882756e-23   1.227437e-02   1.318113e-23   19294916
  2.829102e+01   -2.629997e-23   1.227644e-02   1.298052e-23   19240856
  2.833353e+01   -2.296057e-23   1.226827e-02   1.278598e-23   19170884
  2.837603e+01   2.247711e-23   1.226787e-02   1.259872e-23   19111352
  2.841853e+01   -1.855485e-23   1.227311e-02   1.240704e-23   19060016
  2.846104e+01   -1.923751e-23   1.227199e-02   1.221459e-23   18999752
  2.850354e+01   -6.869927e-24   1.226484e-02   1.206106e-23   18930272
  2.854604e+01   -3.200854e-23   1.227204e-02   1.187898e-23   18882340
  2.858856e+01   -7.795853e-24   1.227653e-02   1.169632e-23   18829056
  2.863108e+01   1.721905e-24   1.226917e-02   1.153863e-23   18757640
  2.867359e+01   -3.443679e-23   1.227679e-02   1.136961e-23   18709036
  2.871611e+01   1.559030e-23   1.226951e-02   1.122282e-23   18637668
  2.875862e+01   -1.238850e-23   1.227659e-02   1.106673e-23   18587048
  2.880113e+01   5.869698e-25   1.226650e-02   1.090579e-23   18510972
  2.884363e+01   2.356725e-23   1.227092e-02   1.076897e-23   18456692
  2.888614e+01   -2.406421e-23   1.227027e-02   1.062087e-23   18394084
  2.892866e+01   -4.399993e-24   1.227644e-02   1.047111e-23   18341352
  2.897118e+01   -1.478493e-24   1.227294e-02   1.033743e-23   18273884
  2.901369e+01   6.865885e-24   1.227214e-02   1.020724e-23   18211148
  2.905619e+01   -1.694840e-23   1.226468e-02   1.007511e-23   18137692
  2.909870e+01   -1.217628e-23   1.227635e-02   9.942319e-24   18091580
  2.914122e+01   1.452857e-23   1.227406e-02   9.818262e-24   18024560
  2.918373e+01   -1.970264e-23   1.226945e-02   9.703268e-24   17955116
  2.922624e+01   -3.707873e-24   1.227055e-02   9.575324e-24   17893232
  2.926875e+01   -1.384997e-23   1.227337e-02   9.449638e-24   17832620
  2.931126e+01   -5.935545e-24   1.227331e-02   9.342137e-24   17767864
  2.935378e+01   1.544115e-23   1.227523e-02   9.222233e-24   17706956
  2.939629e+01   -1.668668e-23   1.226779e-02   9.114521e-24   17632632
  2.943880e+01   1.186824e-24   1.227224e-02   9.008972e-24   17573524
  2.948131e+01   6.944136e-24   1.227160e-02   8.892892e-24   17506380
  2.952382e+01   -2.245833e-23   1.227283e-02   8.794855e-24   17442548
  2.956632e+01   -1.809310e-23   1.226611e-02   8.692912e-24   17368556
  2.960883e+01   -1.439527e-23   1.227726e-02   8.588537e-24   17318260
  2.965135e+01   3.361315e-25   1.227176e-02   8.497829e-24   17243792
  2.969385e+01   -6.154429e-24   1.226620e-02   8.403707e-24   17169716
  2.973635e+01   8.043078e-24   1.227104e-02   8.309571e-24   17109768
  2.977886e+01   -1.853286e-24   1.227205e-02   8.213475e-24   17044064
  2.982138e+01   7.404365e-24   1.227557e-02   8.124525e-24   16981560
  2.986389e+01   4.650769e-24   1.226672e-02   8.034620e-24   16902264
  2.990640e+01   -7.637214e-25   1.227800e-02   7.945109e-24   16849940
  2.994892e+01   8.062192e-24   1.226984e-02   7.866189e-24   16770600
  2.999143e+01   1.563219e-23   1.227399e-02   7.787933e-24   16707512
  3.003394e+01   2.411989e-23   1.227053e-02   7.702848e-24   16634480
  3.007645e+01   1.908272e-23   1.227297e-02   7.627349e-24   16569424
  3.011897e+01   -7.197929e-24   1.227100e-02   7.557955e-24   16497216
  3.016149e+01   1.726180e-23   1.227800e-02   7.479967e-24   16436416
  3.020400e+01   3.343829e-24   1.226813e-02   7.415398e-24   16353532
  3.024650e+01   -6.565813e-24   1.226850e-02   7.330203e-24   16284908
  3.028900e+01   -8.879595e-25   1.227370e-02   7.256304e-24   16221948
  3.033152e+01   7.255699e-24   1.227445e-02   7.192090e-24   16152552
  3.037404e+01   5.134854e-24   1.227249e-02   7.126357e-24   16078864
  3.041655e+01   8.140835e-25   1.227014e-02   7.056520e-24   16005296
  3.045906e+01   -1.939295e-23   1.227320e-02   6.992560e-24   15938220
  3.050157e+01   -1.580850e-23   1.226736e-02   6.931354e-24   15858440
  3.054407e+01   -1.678014e-23   1.226949e-02   6.867096e-24   15789252
  3.058657e+01   1.150914e-23   1.227019e-02   6.805524e-24   15718944
  3.062908e+01   -1.462455e-24   1.227179e-02   6.745658e-24   15648652
  3.067160e+01   1.758433e-24   1.227680e-02   6.684596e-24   15581944
  3.071412e+01   -2.590767e-24   1.227604e-02   6.630487e-24   15508744
  3.075663e+01   2.721523e-24   1.226574e-02   6.575462e-24   15422472
  3.079914e+01   9.463790e-25   1.227551e-02   6.516364e-24   15361536
  3.084165e+01   -2.448165e-24   1.226998e-02   6.468114e-24   15281048
  3.088415e+01   -4.359205e-24   1.227023e-02   6.411589e-24   15207752
  3.092666e+01   -9.335078e-24   1.227075e-02   6.367770e-24   15134800
  3.096917e+01   1.958504e-23   1.227038e-02   6.312239e-24   15059664
  3.101168e+01   -1.317528e-23   1.227242e-02   6.266195e-24   14987020
  3.105420e+01   -9.671095e-24   1.227903e-02   6.218206e-24   14919936
  3.109672e+01   -3.684621e-24   1.226792e-02   6.176480e-24   14831776
  3.113923e+01   -5.294556e-24   1.227679e-02   6.120997e-24   14767552
  3.118174e+01   7.697642e-24   1.226524e-02   6.084703e-24   14678336
  3.122425e+01   -7.222630e-24   1.227632e-02   6.036490e-24   14615044
  3.126676e+01   -1.146411e-23   1.226910e-02   5.995451e-24   14530200
  3.130927e+01   -4.649748e-25   1.227171e-02   5.945434e-24   14457000
  3.135178e+01   1.454583e-23   1.227423e-02   5.911386e-24   14383440
  3.139429e+01   2.181416e-24   1.226801e-02   5.869144e-24   14299516
  3.143679e+01   3.991804e-24   1.227160e-02   5.829497e-24   14226024
  3.147930e+01   3.016552e-24   1.226889e-02   5.788746e-24   14145048
  3.152182e+01   -6.225999e-24   1.228178e-02   5.759527e-24   14082144
  3.156433e+01   1.325219e-23   1.226157e-02   5.723258e-24   13981640
  3.160683e+01   -9.055105e-24   1.227475e-02   5.683712e-24   13918460
  3.164935e+01   -1.572352e-23   1.227481e-02   5.642161e-24   13839752
  3.169188e+01   5.534761e-24   1.227673e-02   5.607666e-24   13762736
  3.173439e+01   6.440335e-24   1.227147e-02   5.580173e-24   13677980
  3.177690e+01   7.898623e-24   1.226900e-02   5.549099e-24   13596196
  3.181940e+01   -7.901122e-24   1.226988e-02   5.511971e-24   13517736
  3.186190e+01   1.633517e-23   1.226579e-02   5.483975e-24   13433184
  3.190440e+01   -7.179420e-24   1.227449e-02   5.452141e-24   13362296
  3.194692e+01   -1.173996e-23   1.227398e-02   5.425829e-24   13281376
  3.198944e+01   2.064347e-24   1.227645e-02   5.392139e-24   13203336
  3.203195e+01   8.878957e-25   1.226687e-02   5.367572e-24   13113016
  3.207445e+01   2.755446e-24   1.227094e-02   5.338437e-24   13036400
  3.211696e+01   1.378664e-23   1.226987e-02   5.311003e-24   12953648
  3.215948e+01   1.040505e-23   1.227674e-02   5.285877e-24   12879016
  3.220199e+01   -8.320979e-24   1.227015e-02   5.257187e-24   12790124
  3.224451e+01   1.798350e-23   1.227599e-02   5.238509e-24   12714152
  3.228701e+01   1.746905e-24   1.226430e-02   5.206988e-24   12619608
  3.232951e+01   5.622604e-24   1.227473e-02   5.186948e-24   12547232
  3.237204e+01   5.238033e-24   1.228098e-02   5.160644e-24   12470568
  3.241455e+01   -6.828565e-24   1.226086e-02   5.140113e-24   12368136
  3.245705e+01   -5.137770e-24   1.227647e-02   5.118512e-24   12300504
  3.249958e+01   2.392993e-24   1.227251e-02   5.106041e-24   12212172
  3.254209e+01   -7.789975e-24   1.227112e-02   5.079645e-24   12126228
  3.258459e+01   7.206227e-25   1.227235e-02   5.060250e-24   12043352
  3.262711e+01   3.761001e-24   1.227321e-02   5.037955e-24   11959896
  3.266960e+01   -1.511226e-23   1.226107e-02   5.025092e-24   11863804
  3.271211e+01   2.858852e-24   1.227575e-02   4.997236e-24   11792812
  3.275463e+01   4.444739e-24   1.227439e-02   4.985140e-24   11705392
  3.279713e+01   2.474274e-24   1.226794e-02   4.969732e-24   11613836
  3.283965e+01   -3.239772e-24   1.228215e-02   4.956515e-24   11541532
  3.288217e+01   -7.628752e-24   1.226539e-02   4.940808e-24   11440232
  3.292468e+01   7.064069e-24   1.227538e-02   4.920455e-24   11363008
  3.296718e+01   7.662993e-27   1.226652e-02   4.901720e-24   11267848
  3.300970e+01   9.864178e-24   1.227722e-02   4.892941e-24   11190640
  3.305222e+01   -3.012220e-24   1.227423e-02   4.875824e-24   11101084
  3.309472e+01   1.552019e-24   1.226241e-02   4.862949e-24   11003284
  3.313721e+01   8.376947e-24   1.227344e-02   4.853599e-24   10925424
  3.317973e+01   2.515613e-23   1.227067e-02   4.840600e-24   10834724
  3.322224e+01   -1.646541e-25   1.227484e-02   4.831912e-24   10750156
  3.326475e+01   -4.201374e-24   1.226635e-02   4.812890e-24   10655280
  3.330725e+01   -2.919863e-24   1.226924e-02   4.806473e-24   10569120
  3.334975e+01   -7.108438e-24   1.226867e-02   4.784350e-24   10479672
  3.339228e+01   3.890012e-24   1.228611e-02   4.775880e-24   10404504
  3.343481e+01   7.795982e-24   1.227382e-02   4.767616e-24   10304108
  3.347732e+01   5.362354e-24   1.226797e-02   4.759778e-24   10209940
  3.351983e+01   -7.362151e-25   1.227575e-02   4.747957e-24   10126584
  3.356234e+01   -3.749812e-24   1.226442e-02   4.744378e-24   10027064
  3.360484e+01   9.062893e-24   1.227492e-02   4.734193e-24   9945072
  3.364734e+01   -2.878063e-24   1.226340e-02   4.719312e-24   9844764
  3.368986e+01   -3.760763e-24   1.228362e-02   4.713806e-24   9769940
  3.373238e+01   3.815477e-24   1.226688e-02   4.699712e-24   9666072
  3.377488e+01   4.010480e-24   1.227051e-02   4.698508e-24   9577112
  3.381739e+01   -5.775249e-25   1.227148e-02   4.691253e-24   9485848
  3.385991e+01   6.544894e-24   1.227527e-02   4.681658e-24   9396136
  3.390243e+01   -1.972101e-24   1.227579e-02   4.675834e-24   9304408
  3.394493e+01   -2.185195e-24   1.225842e-02   4.665229e-24   9199028
  3.398742e+01   2.882698e-24   1.227468e-02   4.660788e-24   9118288
  3.402993e+01   5.834058e-24   1.226747e-02   4.653039e-24   9019624
  3.407245e+01   3.340345e-24   1.228368e-02   4.641642e-24   8937420
  3.411497e+01   5.803910e-24   1.227061e-02   4.636149e-24   8835200
  3.415748e+01   1.073434e-24   1.226739e-02   4.640177e-24   8739332
  3.419998e+01   7.029608e-24   1.227099e-02   4.624406e-24   8648112
  3.424250e+01   -2.674699e-24   1.227159e-02   4.615440e-24   8553372
  3.428501e+01   7.980825e-24   1.227728e-02   4.610633e-24   8461944
  3.432753e+01   -2.796981e-24   1.227227e-02   4.616280e-24   8363348
  3.437004e+01   1.253565e-24   1.227148e-02   4.607682e-24   8267792
  3.441254e+01   -3.134993e-24   1.226640e-02   4.598249e-24   8169380
  3.445505e+01   7.853068e-24   1.227807e-02   4.586956e-24   8081008
  3.449756e+01   -1.411482e-24   1.226310e-02   4.580447e-24   7975632
  3.454006e+01   -6.681901e-24   1.227841e-02   4.571458e-24   7889116
  3.458257e+01   -7.551699e-25   1.226405e-02   4.560247e-24   7784008
  3.462508e+01   -1.282954e-25   1.227484e-02   4.551859e-24   7693848
  3.466759e+01   -3.102986e-24   1.226805e-02   4.545986e-24   7592468
  3.471010e+01   4.510586e-24   1.227572e-02   4.536660e-24   7499076
  3.475262e+01   5.457386e-24   1.227790e-02   4.527011e-24   7402880
  3.479514e+01   -4.377053e-24   1.227043e-02   4.506377e-24   7300768
  3.483765e+01   -1.013665e-23   1.227061e-02   4.508659e-24   7203316
  3.488013e+01   2.194188e-25   1.225476e-02   4.487721e-24   7095724
  3.492265e+01   8.629375e-25   1.229466e-02   4.487091e-24   7019608
  3.496518e+01   -1.223069e-23   1.226138e-02   4.453609e-24   6901916
  3.500769e+01   -9.118436e-24   1.227882e-02   4.443495e-24   6812952
  3.505019e+01   -6.107958e-24   1.226209e-02   4.413569e-24   6704548
  3.509270e+01   4.376117e-24   1.227587e-02   4.409806e-24   6612168
  3.513521e+01   -9.567272e-24   1.227039e-02   4.372229e-24   6508628
  3.517773e+01   -5.907432e-24   1.227711e-02   4.343764e-24   6412072
  3.522024e+01   2.330451e-24   1.226747e-02   4.314918e-24   6306660
  3.526274e+01   4.919648e-24   1.226997e-02   4.289134e-24   6207592
  3.530523e+01   1.024877e-23   1.226489e-02   4.261398e-24   6103860
  3.534774e+01   -2.334876e-24   1.227430e-02   4.214240e-24   6007184
  3.539025e+01   1.545593e-24   1.227513e-02   4.172824e-24   5905660
  3.543278e+01   -8.395779e-24   1.227664e-02   4.122461e-24   5805132
  3.547529e+01   7.940948e-24   1.226925e-02   4.065404e-24   5700008
  3.551778e+01   7.112356e-24   1.226294e-02   3.997923e-24   5594856
  3.556030e+01   -2.390033e-24   1.228122e-02   3.942104e-24   5502341
  3.560283e+01   -8.261727e-24   1.227277e-02   3.885613e-24   5404852
  3.564533e+01   -2.970961e-24   1.226768e-02   3.841921e-24   5313930
  3.568784e+01   -1.004421e-23   1.227261e-02   3.801675e-24   5230396
  3.573035e+01   -6.478549e-25   1.226815e-02   3.763041e-24   5145158
  3.577285e+01   2.182266e-24   1.227058e-02   3.727308e-24   5064506
  3.581538e+01   1.214152e-23   1.228142e-02   3.695574e-24   4989464
  3.585790e+01   -9.600937e-24   1.226989e-02   3.662434e-24   4907486
  3.590041e+01   -3.462739e-24   1.226982e-02   3.636758e-24   4831952
  3.594292e+01   1.126626e-24   1.226933e-02   3.613932e-24   4757392
  3.598543e+01   5.851513e-24   1.227425e-02   3.578545e-24   4685902
  3.602794e+01   -8.310602e-24   1.227136e-02   3.546976e-24   4612826
  3.607044e+01   -6.110758e-24   1.227059e-02   3.527753e-24   4542436
  3.611296e+01   7.866520e-24   1.227508e-02   3.503121e-24   4475408
  3.615546e+01   -1.149658e-23   1.226173e-02   3.484679e-24   4402686
  3.619797e+01   -7.721259e-24   1.227689e-02   3.457519e-24   4340854
  3.624049e+01   -1.017020e-25   1.227466e-02   3.436911e-24   4273862
  3.628301e+01   -6.295432e-24   1.227237e-02   3.428823e-24   4208538
  3.632551e+01   -1.530962e-24   1.226532e-02   3.401628e-24   4142584
  3.636801e+01   5.319035e-25   1.226978e-02   3.383198e-24   4081232
  3.641052e+01   -9.048501e-24   1.227225e-02   3.370876e-24   4019668
  3.645304e+01   1.841239e-24   1.228203e-02   3.343880e-24   3961416
  3.649557e+01   -5.209904e-24   1.227387e-02   3.334289e-24   3898848
  3.653807e+01   7.132119e-26   1.226366e-02   3.320219e-24   3836718
  3.658056e+01   1.983584e-24   1.226607e-02   3.316494e-24   3779272
  3.662306e+01   -6.141105e-24   1.226675e-02   3.289921e-24   3721434
  3.666558e+01   -4.563546e-24   1.228126e-02   3.281241e-24   3668198
  3.670811e+01   -4.124115e-24   1.227910e-02   3.265469e-24   3611346
  3.675062e+01   4.150589e-24   1.226582e-02   3.261902e-24   3552442
  3.679312e+01   -2.110111e-24   1.226935e-02   3.246215e-24   3498908
  3.683563e+01   -1.946449e-24   1.227192e-02   3.235543e-24   3445382
  3.687814e+01   4.593805e-24   1.227356e-02   3.222374e-24   3392244
  3.692066e+01   -5.355143e-24   1.227344e-02   3.212814e-24   3339634
  3.696317e+01   5.297245e-24   1.226899e-02   3.205086e-24   3286752
  3.700566e+01   -4.028579e-24   1.226327e-02   3.201004e-24   3234180
  3.704816e+01   7.103905e-25   1.226838e-02   3.189463e-24   3184556
  3.709068e+01   -1.055296e-24   1.228145e-02   3.186514e-24   3137238
  3.713322e+01   -5.869404e-25   1.228151e-02   3.186763e-24   3087670
  3.717574e+01   4.389873e-24   1.227426e-02   3.177068e-24   3037460
  3.721824e+01   3.768899e-24   1.225819e-02   3.172895e-24   2985736
  3.726072e+01   2.780081e-24   1.226565e-02   3.165061e-24   2939708
  3.730324e+01   -7.262892e-24   1.228621e-02   3.162985e-24   2897012
  3.734577e+01   -2.880466e-25   1.227048e-02   3.167101e-24   2846890
  3.738827e+01   2.333516e-24   1.226277e-02   3.158322e-24   2799588
  3.743076e+01   3.295711e-24   1.226558e-02   3.155138e-24   2754954
  3.747326e+01   3.646715e-24   1.227308e-02   3.148247e-24   2711500
  3.751579e+01   2.859319e-24   1.228240e-02   3.149172e-24   2669006
  3.755830e+01   -9.226663e-24   1.226335e-02   3.152160e-24   2621264
  3.760081e+01   2.660576e-26   1.227565e-02   3.148398e-24   2580726
  3.764332e+01   -1.935325e-24   1.226856e-02   3.145727e-24   2536470
  3.768582e+01   6.326765e-24   1.226978e-02   3.142990e-24   2494370
  3.772834e+01   -4.236249e-24   1.227534e-02   3.151403e-24   2453556
  3.777086e+01   -2.188402e-24   1.228047e-02   3.147845e-24   2413246
  3.781339e+01   -5.589943e-24   1.227197e-02   3.156139e-24   2370914
  3.785589e+01   9.945820e-25   1.226887e-02   3.161931e-24   2330126
  3.789840e+01   -2.096501e-24   1.227428e-02   3.158073e-24   2291406
  3.794091e+01   3.262147e-24   1.226463e-02   3.153082e-24   2250410
  3.798340e+01   -5.632091e-24   1.226403e-02   3.164201e-24   2211486
  3.802590e+01   1.936298e-24   1.227094e-02   3.163686e-24   2174194
  3.806841e+01   6.373212e-24   1.227271e-02   3.177923e-24   2136416
  3.811093e+01   -7.616388e-24   1.227972e-02   3.183597e-24   2100070
  3.815344e+01   -3.517507e-24   1.226224e-02   3.186229e-24   2060026
  3.819594e+01   -4.324810e-24   1.227745e-02   3.187918e-24   2025910
  3.823846e+01   -8.531262e-24   1.227012e-02   3.199004e-24   1988576
  3.828096e+01   3.945818e-24   1.226824e-02   3.208811e-24   1952610
  3.832347e+01   2.494528e-24   1.226944e-02   3.207516e-24   1917470
  3.836597e+01   4.475528e-25   1.226960e-02   3.217004e-24   1882484
  3.840848e+01   -8.157659e-24   1.227230e-02   3.229507e-24   1848262
  3.845101e+01   -4.486502e-24   1.228531e-02   3.240616e-24   1816024
  3.849355e+01   6.273589e-24   1.227230e-02   3.248930e-24   1780418
  3.853605e+01   -1.371575e-25   1.226815e-02   3.267368e-24   1746576
  3.857856e+01   5.217085e-24   1.227451e-02   3.267289e-24   1714622
  3.862107e+01   -8.113091e-25   1.227068e-02   3.282827e-24   1681692
  3.866358e+01   -8.189725e-24   1.226987e-02   3.293953e-24   1649574
  3.870606e+01   -1.075296e-24   1.225405e-02   3.319449e-24   1615788
  3.874855e+01   1.679145e-24   1.227462e-02   3.320921e-24   1587064
  3.879108e+01   2.365327e-24   1.227930e-02   3.337881e-24   1556598
  3.883360e+01   3.214855e-26   1.227389e-02   3.353499e-24   1525380
  3.887612e+01   2.716671e-24   1.227468e-02   3.368392e-24   1495360
  3.891863e+01   -1.534139e-24   1.226450e-02   3.379083e-24   1464370
  3.896112e+01   -4.925926e-24   1.227040e-02   3.392179e-24   1435656
  3.900363e+01   2.441318e-24   1.226801e-02   3.415368e-24   1406304
  3.904613e+01   1.685773e-24   1.226859e-02   3.437633e-24   1377628
  3.908864e+01   -3.073881e-24   1.227348e-02   3.450827e-24   1349744
  3.913115e+01   -5.776271e-24   1.227337e-02   3.477139e-24   1321682
  3.917367e+01   -7.661059e-25   1.227639e-02   3.488832e-24   1294376
  3.921619e+01   6.781507e-24   1.227256e-02   3.505029e-24   1266768
  3.925869e+01   -1.727312e-24   1.226510e-02   3.534351e-24   1239172
  3.930118e+01   1.493332e-24   1.226095e-02   3.559174e-24   1212224
  3.934367e+01   1.763451e-24   1.226955e-02   3.585373e-24   1186796
  3.938619e+01   -9.247987e-24   1.227613e-02   3.602352e-24   1161432
  3.942870e+01   5.049993e-24   1.227171e-02   3.631469e-24   1135408
  3.947122e+01   -7.027804e-25   1.227296e-02   3.656127e-24   1110324
  3.951374e+01   -7.213857e-24   1.227570e-02   3.678533e-24   1085680
  3.955625e+01   1.221710e-23   1.226737e-02   3.703880e-24   1060364
  3.959875e+01   7.178441e-24   1.227507e-02   3.729687e-24   1036736
  3.964128e+01   2.524544e-24   1.228225e-02   3.759279e-24   1013388
  3.968380e+01   -2.805142e-24   1.226708e-02   3.780155e-24   988656
  3.972630e+01   -6.641852e-24   1.226695e-02   3.821261e-24   965530
  3.976879e+01   -1.893745e-24   1.225942e-02   3.860794e-24   942100
  3.981127e+01   -1.850632e-24   1.226457e-02   3.895283e-24   919888
  3.985377e+01   1.147073e-23   1.226597e-02   3.928125e-24   897628
  3.989627e+01   -3.915807e-24   1.227002e-02   3.948632e-24   875856
  3.993878e+01   3.871368e-24   1.227840e-02   3.989739e-24   854736
  3.998132e+01   -1.198550e-23   1.228018e-02   4.030487e-24   833510
  4.002385e+01   3.062768e-25   1.227248e-02   4.060595e-24   811976
  4.006635e+01   5.362054e-24   1.226626e-02   4.125706e-24   790844
  4.010884e+01   1.172914e-23   1.226521e-02   4.148145e-24   770320
  4.015135e+01   -8.516550e-24   1.227665e-02   4.182320e-24   750838
  4.019387e+01   -5.310510e-24   1.227491e-02   4.240185e-24   730864
  4.023638e+01   -9.617222e-24   1.226816e-02   4.299914e-24   710984
  4.027888e+01   1.063476e-24   1.226909e-02   4.325463e-24   691894
  4.032138e+01   3.547813e-24   1.226442e-02   4.393887e-24   672776
  4.036388e+01   7.372259e-24   1.226826e-02   4.436096e-24   654372
  4.040638e+01   1.474201e-24   1.226215e-02   4.471927e-24   635682
  4.044886e+01   4.310742e-24   1.225955e-02   4.545482e-24   617460
  4.049134e+01   -2.490088e-24   1.226707e-02   4.589412e-24   600024
  4.053385e+01   9.030041e-24   1.227362e-02   4.660736e-24   582830
  4.057638e+01   -1.576723e-24   1.228135e-02   4.712876e-24   566000
  4.061890e+01   -1.531135e-23   1.226617e-02   4.768665e-24   548458
  4.066141e+01   3.183781e-24   1.227047e-02   4.843996e-24   532084
  4.070391e+01   -1.986216e-24   1.226296e-02   4.905609e-24   515440
  4.074640e+01   2.310931e-24   1.225813e-02   4.986440e-24   499174
  4.078887e+01   -9.332492e-25   1.225821e-02   5.031898e-24   483368
  4.083136e+01   -6.028778e-24   1.227023e-02   5.121421e-24   468270
  4.087389e+01   1.757256e-24   1.228696e-02   5.184962e-24   453568
  4.091643e+01   1.058959e-24   1.227409e-02   5.268193e-24   438106
  4.095894e+01   -1.277801e-24   1.227469e-02   5.362870e-24   423508
  4.100145e+01   -1.977497e-25   1.226141e-02   5.463810e-24   408754
  4.104393e+01   -3.066337e-24   1.225820e-02   5.539434e-24   394612
  4.108642e+01   -3.612850e-25   1.225930e-02   5.603808e-24   380826
  4.112890e+01   -8.808934e-25   1.225454e-02   5.693488e-24   367086
  4.117139e+01   1.543233e-23   1.226090e-02   5.823620e-24   353904
  4.121389e+01   -1.332509e-23   1.227137e-02   5.933850e-24   341046
  4.125641e+01   -1.176908e-23   1.227131e-02   6.030832e-24   328144
  4.129892e+01   6.337619e-24   1.227396e-02   6.136956e-24   315598
  4.134144e+01   9.714694e-24   1.228177e-02   6.270700e-24   303466
  4.138397e+01   4.534305e-25   1.228223e-02   6.383471e-24   291456
  4.142650e+01   1.134768e-23   1.227604e-02   6.501866e-24   279614
  4.146899e+01   9.220208e-24   1.225106e-02   6.660635e-24   267680
  4.151144e+01   -1.430926e-23   1.224457e-02   6.822061e-24   256438
  4.155391e+01   -3.682298e-24   1.224802e-02   6.943534e-24   245618
  4.159638e+01   -4.169859e-24   1.223546e-02   7.098416e-24   234708
  4.163882e+01   8.566372e-24   1.223171e-02   7.261165e-24   224210
  4.168126e+01   1.316549e-23   1.223403e-02   7.435408e-24   214046
  4.172371e+01   6.866783e-24   1.223949e-02   7.625493e-24   204152
  4.176619e+01   7.174933e-24   1.225107e-02   7.806802e-24   194558
  4.180866e+01   -6.108807e-24   1.225135e-02   8.016582e-24   185018
  4.185115e+01   4.527062e-24   1.226437e-02   8.183033e-24   175918
  4.189365e+01   1.208762e-23   1.227339e-02   8.416073e-24   166992
  4.193617e+01   -1.409186e-23   1.228038e-02   8.714002e-24   158294
  4.197870e+01   1.140672e-23   1.228439e-02   8.907395e-24   149842
  4.202124e+01   5.109546e-24   1.227461e-02   9.164145e-24   141530
  4.206372e+01   1.995052e-23   1.224204e-02   9.410555e-24   133284
  4.210617e+01   -1.251152e-23   1.222942e-02   9.878697e-24   125546
  4.214861e+01   4.171265e-25   1.220458e-02   1.010146e-23   117950
  4.219103e+01   -2.533372e-24   1.219441e-02   1.037518e-23   110746
  4.223344e+01   8.975679e-24   1.215920e-02   1.076904e-23   103572
  4.227581e+01   -2.305190e-23   1.214429e-02   1.115028e-23   96818
  4.231818e+01   3.138040e-24   1.212533e-02   1.150363e-23   90262
  4.236054e+01   -3.447793e-23   1.210927e-02   1.187349e-23   83970
  4.240287e+01   -2.518338e-23   1.207941e-02   1.252636e-23   77846
  4.244517e+01   -2.405587e-24   1.204821e-02   1.304790e-23   71984
  4.248745e+01   2.925060e-23   1.202292e-02   1.351583e-23   66398
  4.252973e+01   8.127879e-24   1.200147e-02   1.404481e-23   61058
  4.257200e+01   -4.827113e-24   1.198286e-02   1.485864e-23   55958
  4.261428e+01   4.911017e-24   1.196279e-02   1.544839e-23   51082
  4.265654e+01   -4.286271e-23   1.192707e-02   1.631633e-23   46398
  4.269877e+01   -1.028276e-23   1.188372e-02   1.713292e-23   41954
  4.274096e+01   3.092180e-23   1.182018e-02   1.808764e-23   37718
  4.278311e+01   3.579891e-23   1.175253e-02   1.908591e-23   33736
  4.282524e+01   -3.684305e-24   1.169132e-02   2.035420e-23   30006
  4.286737e+01   3.005577e-23   1.164907e-02   2.176867e-23   26522
  4.290955e+01   -1.614340e-23   1.162191e-02   2.280081e-23   23254
  4.295172e+01   -2.698143e-24   1.158330e-02   2.486132e-23   20178
  4.299391e+01   -4.112252e-23   1.156315e-02   2.636401e-23   17342
  4.303612e+01   -4.024424e-23   1.154632e-02   2.905438e-23   14714
  4.307837e+01   -1.240590e-22   1.155162e-02   3.187916e-23   12310
  4.312059e+01   1.719136e-23   1.152174e-02   3.560332e-23   10098
  4.316283e+01   9.135857e-23   1.151731e-02   4.146005e-23   8126
  4.320507e+01   -7.409971e-23   1.151119e-02   4.430919e-23   6362
  4.324736e+01   -1.499380e-22   1.155455e-02   5.148764e-23   4822
  4.328956e+01   -1.621871e-22   1.148980e-02   5.942491e-23   3474
  4.333169e+01   1.143883e-22   1.147690e-02   7.502007e-23   2366
  4.337376e+01   -1.161785e-23   1.144014e-02   9.180886e-23   1466
  4.341590e+01   1.884611e-22   1.170054e-02   1.279475e-22   790
  4.345704e+01   -1.489943e-22   1.106884e-02   2.042702e-22   306
  4.349554e+01   -7.827833e-22   9.430857e-03   4.532290e-22   62
