# cross spectrum of phi(z1) and phi(z2)
# redshift z=0.098916
# k              Pk             sigma(k)       sigma(Pk)      count
  3.132125e-02   5.921389e-11   4.792454e-03   1.631586e-11   18
  6.745391e-02   2.697879e-11   1.159167e-02   2.721245e-12   152
  1.090113e-01   8.951555e-12   1.224347e-02   4.583868e-13   416
  1.497134e-01   3.567407e-12   1.165022e-02   1.572388e-13   770
  1.923472e-01   1.622285e-12   1.247860e-02   5.809129e-14   1364
  2.350444e-01   7.356358e-13   1.221820e-02   2.435307e-14   1976
  2.775930e-01   3.738168e-13   1.245022e-02   1.283569e-14   2792
  3.193857e-01   2.080439e-13   1.188722e-02   7.495715e-15   3578
  3.615292e-01   9.389521e-14   1.219808e-02   4.674210e-15   4724
  4.045273e-01   5.299945e-14   1.253838e-02   3.079868e-15   6032
  4.469941e-01   2.103695e-14   1.206640e-02   2.153555e-15   7072
  4.890810e-01   1.477822e-14   1.222555e-02   1.548388e-15   8634
  5.318886e-01   6.302827e-15   1.238102e-02   1.140910e-15   10336
  5.746708e-01   1.649902e-15   1.232804e-02   8.466119e-16   11940
  6.167490e-01   -6.144682e-16   1.208586e-02   6.767694e-16   13490
  6.588740e-01   9.726869e-16   1.221778e-02   5.414389e-16   15656
  7.016595e-01   8.520594e-16   1.241043e-02   4.185889e-16   18008
  7.443680e-01   1.014566e-16   1.227786e-02   3.383726e-16   19964
  7.867827e-01   5.640205e-16   1.226437e-02   2.805422e-16   22354
  8.291404e-01   -2.305251e-16   1.212327e-02   2.338165e-16   24648
  8.716536e-01   8.568021e-17   1.233244e-02   1.931422e-16   27592
  9.142068e-01   2.745985e-18   1.230127e-02   1.628365e-16   30152
  9.566749e-01   -1.647766e-16   1.227622e-02   1.382255e-16   33046
  9.991233e-01   -4.698205e-17   1.221538e-02   1.170284e-16   35992
  1.041693e+00   -3.289856e-17   1.229906e-02   1.006423e-16   39304
  1.084289e+00   3.818578e-17   1.232858e-02   8.693802e-17   42608
  1.126820e+00   -1.137293e-16   1.223307e-02   7.679242e-17   45758
  1.169340e+00   8.202857e-17   1.228914e-02   6.610840e-17   49536
  1.211695e+00   -4.869020e-18   1.215683e-02   5.765302e-17   52488
  1.254054e+00   -4.724486e-18   1.233851e-02   5.080251e-17   57034
  1.296605e+00   -9.068684e-18   1.224458e-02   4.454525e-17   60648
  1.339187e+00   2.758533e-17   1.230532e-02   3.962578e-17   65044
  1.381689e+00   -5.153000e-17   1.223104e-02   3.603747e-17   68720
  1.424202e+00   -4.893494e-17   1.231312e-02   3.157144e-17   73538
  1.466870e+00   -3.209379e-17   1.230776e-02   2.790098e-17   78080
  1.509304e+00   -1.686195e-17   1.215944e-02   2.549373e-17   81572
  1.551677e+00   1.670431e-17   1.232495e-02   2.277646e-17   87248
  1.594353e+00   -3.017726e-17   1.233837e-02   2.037915e-17   92266
  1.636929e+00   -2.213585e-18   1.225268e-02   1.863367e-17   96696
  1.679216e+00   1.006816e-17   1.215041e-02   1.696314e-17   100904
  1.721516e+00   -1.134889e-19   1.226207e-02   1.522582e-17   107036
  1.764192e+00   -2.114521e-17   1.235795e-02   1.387225e-17   113362
  1.806923e+00   -1.322102e-17   1.228837e-02   1.257041e-17   118176
  1.849351e+00   8.746414e-18   1.221864e-02   1.156321e-17   122944
  1.891857e+00   -1.337808e-17   1.233203e-02   1.042820e-17   129902
  1.934420e+00   -1.955864e-17   1.224691e-02   9.649933e-18   134944
  1.976863e+00   -1.306443e-17   1.225992e-02   8.862032e-18   140952
  2.019285e+00   -1.221350e-17   1.225865e-02   8.125703e-18   147072
  2.061737e+00   1.479178e-17   1.224320e-02   7.480885e-18   153382
  2.104357e+00   1.927955e-17   1.233049e-02   6.857763e-18   160952
  2.147003e+00   -8.094805e-19   1.228118e-02   6.397441e-18   166640
  2.189431e+00   -6.804552e-18   1.222861e-02   5.887701e-18   172448
  2.231915e+00   3.699621e-19   1.231031e-02   5.488867e-18   180594
  2.274471e+00   9.953255e-19   1.224284e-02   5.056426e-18   186556
  2.316888e+00   5.108974e-18   1.225358e-02   4.688868e-18   193528
  2.359297e+00   -1.667203e-18   1.224273e-02   4.386930e-18   200626
  2.401844e+00   -4.215380e-18   1.230642e-02   4.070601e-18   209256
  2.444460e+00   4.167502e-18   1.227865e-02   3.795703e-18   216020
  2.487004e+00   3.270614e-18   1.230299e-02   3.536234e-18   223768
  2.529444e+00   2.682700e-18   1.222313e-02   3.301108e-18   230234
  2.571955e+00   7.145989e-19   1.229969e-02   3.088187e-18   239800
  2.614499e+00   9.482895e-19   1.225221e-02   2.881472e-18   246568
  2.656957e+00   -1.075817e-18   1.227331e-02   2.724250e-18   254828
  2.699414e+00   6.108251e-19   1.225769e-02   2.534082e-18   263074
  2.741981e+00   -2.698843e-18   1.228604e-02   2.371492e-18   272312
  2.784554e+00   3.814427e-18   1.228079e-02   2.213664e-18   280376
  2.827093e+00   1.545793e-19   1.228600e-02   2.091951e-18   288884
  2.869605e+00   4.820009e-18   1.227401e-02   1.963319e-18   297602
  2.912071e+00   -2.846713e-18   1.223046e-02   1.848156e-18   305520
  2.954561e+00   9.680710e-19   1.230079e-02   1.739334e-18   315976
  2.996984e+00   1.130325e-18   1.221089e-02   1.644735e-18   322778
  3.039488e+00   2.156991e-18   1.232008e-02   1.544837e-18   335372
  3.082114e+00   1.831615e-18   1.227327e-02   1.463764e-18   343464
  3.124654e+00   -1.398839e-18   1.228282e-02   1.381511e-18   352912
  3.167174e+00   8.030972e-19   1.228199e-02   1.300038e-18   362666
  3.209689e+00   4.532207e-18   1.225476e-02   1.237558e-18   371884
  3.252186e+00   -8.173027e-19   1.227971e-02   1.163738e-18   382280
  3.294633e+00   1.989047e-18   1.224302e-02   1.108840e-18   390888
  3.337059e+00   -1.372137e-18   1.226867e-02   1.044321e-18   402234
  3.379565e+00   2.303480e-18   1.225933e-02   9.952127e-19   412576
  3.422105e+00   1.468653e-18   1.228715e-02   9.446429e-19   423732
  3.464636e+00   1.264650e-19   1.227257e-02   8.933085e-19   433624
  3.507180e+00   -2.239036e-18   1.228881e-02   8.477382e-19   445154
  3.549739e+00   6.419189e-19   1.227656e-02   8.066312e-19   455584
  3.592238e+00   1.851425e-18   1.225887e-02   7.659881e-19   465588
  3.634685e+00   1.017875e-18   1.226065e-02   7.303032e-19   476762
  3.677219e+00   -2.436018e-19   1.229242e-02   6.949135e-19   489552
  3.719789e+00   1.837058e-18   1.227853e-02   6.633371e-19   500328
  3.762251e+00   -9.699051e-19   1.223705e-02   6.309796e-19   509852
  3.804741e+00   5.445429e-20   1.229735e-02   5.994962e-19   524234
  3.847275e+00   6.212260e-19   1.224781e-02   5.741539e-19   534104
  3.889779e+00   3.046815e-19   1.228211e-02   5.452103e-19   547048
  3.932320e+00   1.048023e-18   1.229545e-02   5.228836e-19   559328
  3.974872e+00   3.614780e-19   1.228346e-02   4.992342e-19   571326
  4.017355e+00   -2.014781e-18   1.224147e-02   4.790518e-19   581920
  4.059804e+00   -5.427879e-19   1.225835e-02   4.561907e-19   594832
  4.102282e+00   3.772435e-19   1.227222e-02   4.353744e-19   608048
  4.144825e+00   3.459165e-19   1.228101e-02   4.165584e-19   621526
  4.187356e+00   -1.361226e-19   1.226445e-02   3.978821e-19   633240
  4.229822e+00   -1.290454e-19   1.225981e-02   3.822745e-19   645472
  4.272346e+00   -8.320425e-19   1.230137e-02   3.651783e-19   660906
  4.314903e+00   4.390577e-19   1.227030e-02   3.496155e-19   672856
  4.357425e+00   8.972764e-20   1.226838e-02   3.352765e-19   685980
  4.399921e+00   3.033189e-19   1.227191e-02   3.213167e-19   699256
  4.442476e+00   4.859017e-20   1.229990e-02   3.084075e-19   714730
  4.484986e+00   4.206621e-19   1.223739e-02   2.965764e-19   725152
  4.527452e+00   -2.422428e-19   1.227054e-02   2.831516e-19   740420
  4.569941e+00   3.999435e-19   1.227636e-02   2.740160e-19   754312
  4.612456e+00   2.991307e-19   1.227959e-02   2.615758e-19   769114
  4.654996e+00   -2.907262e-19   1.227684e-02   2.513835e-19   783488
  4.697459e+00   -1.623698e-19   1.223560e-02   2.424856e-19   794968
  4.739925e+00   -9.638536e-20   1.228043e-02   2.326347e-19   812366
  4.782438e+00   -1.923806e-19   1.226054e-02   2.235545e-19   825976
  4.825000e+00   -2.978871e-19   1.230088e-02   2.147524e-19   843352
  4.867591e+00   3.919431e-19   1.229290e-02   2.067877e-19   857280
  4.910094e+00   3.635587e-20   1.225276e-02   1.990788e-19   869542
  4.952587e+00   3.084610e-20   1.228301e-02   1.910462e-19   887128
  4.995087e+00   -1.878680e-19   1.225266e-02   1.845221e-19   900032
  5.037553e+00   1.212525e-19   1.226951e-02   1.775136e-19   916560
  5.080018e+00   1.223124e-19   1.224713e-02   1.714488e-19   930922
  5.122540e+00   3.385890e-19   1.228718e-02   1.647269e-19   949844
  5.165149e+00   1.991870e-19   1.230776e-02   1.584483e-19   966736
  5.207698e+00   -2.257527e-19   1.226328e-02   1.534463e-19   978776
  5.250149e+00   -1.439568e-19   1.225655e-02   1.480004e-19   994522
  5.292642e+00   -1.075243e-20   1.227563e-02   1.428657e-19   1012420
  5.335176e+00   1.964881e-19   1.228639e-02   1.373885e-19   1029408
  5.377640e+00   -1.195647e-19   1.223362e-02   1.326773e-19   1041658
  5.420127e+00   9.630551e-20   1.228953e-02   1.283170e-19   1063520
  5.462635e+00   -3.367694e-19   1.224276e-02   1.239712e-19   1075808
  5.505175e+00   -2.361184e-19   1.232008e-02   1.192727e-19   1098956
  5.547712e+00   -1.609662e-19   1.224668e-02   1.154915e-19   1109810
  5.590179e+00   3.732537e-21   1.226115e-02   1.116865e-19   1128608
  5.632713e+00   -6.546279e-20   1.229436e-02   1.078868e-19   1148264
  5.675250e+00   1.146670e-19   1.227167e-02   1.043841e-19   1163252
  5.717744e+00   4.959229e-20   1.226828e-02   1.009898e-19   1181042
  5.760239e+00   -7.181766e-20   1.225730e-02   9.778007e-20   1197848
  5.802769e+00   8.751709e-20   1.229495e-02   9.423260e-20   1218848
  5.845291e+00   8.171698e-20   1.225944e-02   9.147303e-20   1232916
  5.887780e+00   9.314570e-20   1.227538e-02   8.851373e-20   1253002
  5.930266e+00   -8.281045e-20   1.224914e-02   8.560827e-20   1268576
  5.972763e+00   -1.178968e-20   1.228621e-02   8.286631e-20   1290128
  6.015287e+00   1.185662e-19   1.227337e-02   8.010885e-20   1307402
  6.057820e+00   2.057004e-20   1.227649e-02   7.762862e-20   1327028
  6.100333e+00   2.872412e-20   1.225988e-02   7.528356e-20   1343648
  6.142842e+00   -1.230406e-19   1.228087e-02   7.291384e-20   1364096
  6.185363e+00   -2.245683e-21   1.227580e-02   7.063536e-20   1382730
  6.227896e+00   -5.597380e-20   1.227503e-02   6.860777e-20   1402164
  6.270416e+00   4.783975e-21   1.227264e-02   6.627631e-20   1420464
  6.312883e+00   4.300192e-20   1.225519e-02   6.456857e-20   1437368
  6.355387e+00   -7.710278e-21   1.228857e-02   6.243452e-20   1461530
  6.397919e+00   -6.409154e-20   1.226028e-02   6.068085e-20   1478264
  6.440432e+00   2.958707e-20   1.227561e-02   5.884446e-20   1499356
  6.482926e+00   -5.161786e-20   1.226095e-02   5.712975e-20   1517016
  6.525439e+00   -3.687002e-20   1.228340e-02   5.540222e-20   1540090
  6.567953e+00   -7.204248e-21   1.226146e-02   5.380696e-20   1557360
  6.610434e+00   -2.458288e-20   1.226770e-02   5.227496e-20   1577780
  6.652969e+00   -1.053920e-19   1.230043e-02   5.072916e-20   1602578
  6.695499e+00   7.542644e-20   1.225417e-02   4.933049e-20   1617672
  6.737992e+00   -1.046185e-19   1.227613e-02   4.785320e-20   1641016
  6.780486e+00   -3.342305e-20   1.226032e-02   4.654409e-20   1659416
  6.822983e+00   -1.936825e-20   1.227372e-02   4.514849e-20   1682670
  6.865529e+00   -1.150039e-19   1.228276e-02   4.392898e-20   1705256
  6.908096e+00   -1.037640e-19   1.228756e-02   4.255244e-20   1726312
  6.950582e+00   -3.388128e-20   1.225056e-02   4.161365e-20   1741880
  6.993044e+00   9.448589e-20   1.226862e-02   4.038970e-20   1766454
  7.035588e+00   6.700727e-20   1.229242e-02   3.921336e-20   1791784
  7.078111e+00   -3.456161e-20   1.225558e-02   3.815463e-20   1807712
  7.120554e+00   -7.105806e-21   1.225110e-02   3.704382e-20   1829002
  7.163037e+00   4.773837e-20   1.226905e-02   3.610335e-20   1854216
  7.205602e+00   2.007326e-20   1.229852e-02   3.511383e-20   1880156
  7.248150e+00   1.035079e-20   1.227340e-02   3.414440e-20   1897568
  7.290651e+00   6.557738e-20   1.227390e-02   3.329874e-20   1920458
  7.333153e+00   -6.611147e-20   1.226399e-02   3.236806e-20   1942208
  7.375659e+00   1.192993e-20   1.227125e-02   3.150533e-20   1965612
  7.418175e+00   7.028897e-21   1.227855e-02   3.068346e-20   1989000
  7.460671e+00   9.385989e-20   1.225786e-02   2.991257e-20   2009114
  7.503166e+00   9.241552e-21   1.226960e-02   2.909578e-20   2034464
  7.545695e+00   1.383018e-20   1.228070e-02   2.831905e-20   2058476
  7.588207e+00   -1.677432e-20   1.227216e-02   2.760793e-20   2079648
  7.630693e+00   -1.769191e-20   1.226356e-02   2.689507e-20   2102578
  7.673222e+00   1.831985e-20   1.228297e-02   2.618646e-20   2129928
  7.715766e+00   -3.276709e-20   1.227893e-02   2.548661e-20   2152096
  7.758252e+00   1.535285e-20   1.225143e-02   2.488711e-20   2171142
  7.800741e+00   1.519838e-21   1.227660e-02   2.420604e-20   2200248
  7.843296e+00   4.759140e-20   1.228407e-02   2.359658e-20   2225216
  7.885842e+00   4.495364e-20   1.228377e-02   2.298543e-20   2248448
  7.928336e+00   4.375990e-20   1.225709e-02   2.245206e-20   2267942
  7.970840e+00   -4.833396e-21   1.228420e-02   2.186637e-20   2298072
  8.013348e+00   -2.849243e-20   1.225627e-02   2.134954e-20   2317272
  8.055842e+00   6.130244e-21   1.227899e-02   2.078896e-20   2345808
  8.098322e+00   -3.485111e-21   1.224988e-02   2.031401e-20   2365650
  8.140823e+00   2.859768e-20   1.227972e-02   1.979234e-20   2396940
  8.183368e+00   -5.958697e-21   1.227975e-02   1.931155e-20   2421272
  8.225892e+00   -4.957728e-20   1.227360e-02   1.887467e-20   2444576
  8.268407e+00   1.198317e-20   1.227899e-02   1.834365e-20   2471490
  8.310912e+00   -2.821146e-22   1.225942e-02   1.792972e-20   2493180
  8.353397e+00   1.626138e-20   1.227208e-02   1.748567e-20   2520952
  8.395888e+00   1.161164e-20   1.226128e-02   1.707459e-20   2544946
  8.438392e+00   -1.016843e-20   1.227324e-02   1.669416e-20   2573856
  8.480922e+00   -1.107606e-20   1.227611e-02   1.625929e-20   2600016
  8.523447e+00   3.215803e-21   1.227641e-02   1.586709e-20   2625484
  8.565959e+00   -3.922779e-20   1.227232e-02   1.552978e-20   2651122
  8.608519e+00   -1.649043e-20   1.229739e-02   1.511918e-20   2683488
  8.651014e+00   6.884977e-21   1.223786e-02   1.481691e-20   2696352
  8.693483e+00   2.662779e-20   1.228468e-02   1.442094e-20   2733020
  8.736008e+00   3.771948e-21   1.227012e-02   1.409950e-20   2757378
  8.778525e+00   -1.120771e-20   1.227177e-02   1.379857e-20   2784864
  8.821036e+00   -1.821865e-20   1.227124e-02   1.346642e-20   2811168
  8.863496e+00   -1.313951e-20   1.224424e-02   1.315562e-20   2832274
  8.906020e+00   -1.569412e-21   1.230244e-02   1.283255e-20   2873636
  8.948567e+00   -2.072504e-20   1.225951e-02   1.253886e-20   2890496
  8.991066e+00   3.274051e-21   1.227940e-02   1.227074e-20   2921800
  9.033598e+00   1.525441e-20   1.228441e-02   1.198166e-20   2951298
  9.076126e+00   -9.195107e-21   1.226510e-02   1.169244e-20   2975476
  9.118654e+00   1.948516e-22   1.228550e-02   1.145311e-20   3007728
  9.161142e+00   1.547020e-20   1.224754e-02   1.121042e-20   3025776
  9.203640e+00   4.603822e-21   1.229182e-02   1.091755e-20   3065762
  9.246160e+00   -1.302090e-20   1.225283e-02   1.071707e-20   3084856
  9.288649e+00   1.446197e-20   1.227594e-02   1.046096e-20   3118044
  9.331129e+00   -8.114302e-21   1.225728e-02   1.024277e-20   3141352
  9.373640e+00   8.548927e-21   1.228814e-02   9.995097e-21   3179274
  9.416185e+00   2.128681e-20   1.227073e-02   9.786540e-21   3204120
  9.458671e+00   1.464232e-20   1.225444e-02   9.580411e-21   3227900
  9.501151e+00   1.184927e-20   1.227489e-02   9.357036e-21   3262394
  9.543701e+00   -3.802780e-21   1.228726e-02   9.154367e-21   3295680
  9.586236e+00   1.091074e-21   1.226866e-02   8.970011e-21   3319560
  9.628737e+00   -2.391850e-20   1.227228e-02   8.776222e-21   3348972
  9.671240e+00   6.582291e-21   1.227416e-02   8.574734e-21   3379722
  9.713763e+00   9.585691e-21   1.227339e-02   8.390583e-21   3410720
  9.756299e+00   -5.067957e-21   1.227807e-02   8.203598e-21   3441504
  9.798787e+00   8.173597e-23   1.225320e-02   8.041251e-21   3463624
  9.841266e+00   -1.067862e-20   1.227217e-02   7.872551e-21   3499790
  9.883803e+00   -4.078365e-21   1.228281e-02   7.699504e-21   3533560
  9.926350e+00   -1.504742e-21   1.227932e-02   7.532345e-21   3561920
  9.968836e+00   4.309618e-21   1.225683e-02   7.380710e-21   3585208
  1.001132e+01   -4.572136e-21   1.227674e-02   7.220166e-21   3622518
  1.005387e+01   -2.574644e-20   1.228938e-02   7.065133e-21   3657584
  1.009637e+01   5.200133e-22   1.225003e-02   6.927316e-21   3676440
  1.013883e+01   3.092770e-21   1.226093e-02   6.779077e-21   3711282
  1.018134e+01   3.232581e-22   1.227505e-02   6.634700e-21   3747696
  1.022386e+01   -1.460828e-20   1.226890e-02   6.503784e-21   3776188
  1.026640e+01   -6.406309e-21   1.229793e-02   6.361141e-21   3815304
  1.030893e+01   9.163282e-21   1.225864e-02   6.247397e-21   3835370
  1.035143e+01   2.039932e-21   1.227570e-02   6.118749e-21   3873424
  1.039395e+01   -5.097672e-21   1.227191e-02   5.989546e-21   3903420
  1.043647e+01   2.382717e-22   1.228014e-02   5.868795e-21   3937624
  1.047898e+01   -3.656024e-21   1.226404e-02   5.747762e-21   3965658
  1.052150e+01   1.088206e-20   1.227921e-02   5.637716e-21   4002984
  1.056400e+01   6.671555e-21   1.226054e-02   5.531756e-21   4027928
  1.060647e+01   -8.449844e-21   1.225976e-02   5.407278e-21   4059844
  1.064896e+01   2.280542e-21   1.227978e-02   5.300808e-21   4100338
  1.069151e+01   1.533657e-20   1.227651e-02   5.192397e-21   4132264
  1.073403e+01   -6.595325e-21   1.227390e-02   5.082320e-21   4163216
  1.077652e+01   6.649452e-21   1.226459e-02   4.985476e-21   4193350
  1.081904e+01   -3.376590e-21   1.228427e-02   4.883415e-21   4234456
  1.086156e+01   1.451024e-21   1.225632e-02   4.794605e-21   4257264
  1.090405e+01   8.480225e-22   1.227910e-02   4.691442e-21   4297352
  1.094656e+01   -3.044246e-21   1.226998e-02   4.601707e-21   4328642
  1.098909e+01   -3.661573e-21   1.228265e-02   4.512203e-21   4367948
  1.103158e+01   8.702833e-21   1.224720e-02   4.429728e-21   4388384
  1.107408e+01   1.068102e-21   1.228899e-02   4.339325e-21   4436648
  1.111661e+01   2.851518e-21   1.227199e-02   4.259576e-21   4465658
  1.115915e+01   4.515613e-21   1.227871e-02   4.171724e-21   4502948
  1.120165e+01   1.936451e-21   1.225915e-02   4.098337e-21   4528880
  1.124413e+01   5.791833e-21   1.226872e-02   4.015617e-21   4566290
  1.128665e+01   -5.372092e-21   1.228262e-02   3.938628e-21   4606856
  1.132917e+01   -1.186583e-21   1.226621e-02   3.866690e-21   4635380
  1.137166e+01   -8.599858e-21   1.226853e-02   3.793929e-21   4670384
  1.141417e+01   -8.309280e-21   1.227665e-02   3.716160e-21   4709258
  1.145672e+01   6.161582e-21   1.228130e-02   3.645239e-21   4747352
  1.149922e+01   1.641823e-21   1.225462e-02   3.579738e-21   4771664
  1.154171e+01   9.597561e-21   1.227440e-02   3.510194e-21   4813532
  1.158423e+01   -1.113253e-20   1.228175e-02   3.440500e-21   4852322
  1.162677e+01   -1.005881e-22   1.227605e-02   3.378184e-21   4886480
  1.166928e+01   5.646438e-22   1.226516e-02   3.319848e-21   4917248
  1.171175e+01   -3.298937e-21   1.226039e-02   3.257120e-21   4950828
  1.175428e+01   5.820085e-22   1.229115e-02   3.188941e-21   5000170
  1.179682e+01   -1.665790e-21   1.226743e-02   3.134176e-21   5026952
  1.183930e+01   3.022641e-21   1.225870e-02   3.075844e-21   5058752
  1.188178e+01   -4.100553e-21   1.227096e-02   3.019187e-21   5100722
  1.192431e+01   -5.963144e-21   1.227592e-02   2.963570e-21   5140124
  1.196682e+01   -6.363805e-21   1.227175e-02   2.907933e-21   5174072
  1.200934e+01   -3.849275e-21   1.227571e-02   2.856213e-21   5211608
  1.205185e+01   -5.657821e-21   1.227167e-02   2.807351e-21   5247794
  1.209436e+01   -4.124441e-22   1.226763e-02   2.754460e-21   5284196
  1.213689e+01   -1.468539e-21   1.228663e-02   2.697892e-21   5328800
  1.217939e+01   4.302332e-22   1.225244e-02   2.656056e-21   5350872
  1.222188e+01   2.158244e-21   1.227843e-02   2.599926e-21   5400634
  1.226439e+01   3.010794e-21   1.226116e-02   2.560613e-21   5430968
  1.230690e+01   1.929748e-21   1.228074e-02   2.514851e-21   5475908
  1.234942e+01   1.662495e-21   1.227341e-02   2.465738e-21   5510016
  1.239194e+01   -1.954590e-21   1.227878e-02   2.422827e-21   5552114
  1.243448e+01   6.031532e-21   1.227536e-02   2.380313e-21   5588944
  1.247700e+01   1.047922e-21   1.227081e-02   2.340116e-21   5623828
  1.251949e+01   2.216862e-21   1.226652e-02   2.299276e-21   5660722
  1.256199e+01   1.466774e-21   1.226569e-02   2.258083e-21   5699896
  1.260450e+01   3.599903e-21   1.227587e-02   2.218358e-21   5741936
  1.264701e+01   -3.118968e-21   1.227604e-02   2.176194e-21   5779568
  1.268952e+01   2.873344e-22   1.227056e-02   2.140617e-21   5817222
  1.273202e+01   -1.542474e-21   1.226405e-02   2.104456e-21   5854600
  1.277454e+01   6.748940e-21   1.227916e-02   2.064654e-21   5900040
  1.281705e+01   5.966368e-22   1.226601e-02   2.029467e-21   5931976
  1.285956e+01   4.201912e-22   1.228040e-02   1.993918e-21   5979390
  1.290207e+01   6.925915e-23   1.226129e-02   1.960920e-21   6010200
  1.294458e+01   -1.631133e-22   1.227731e-02   1.927606e-21   6056496
  1.298708e+01   2.465441e-21   1.226484e-02   1.891830e-21   6089504
  1.302958e+01   5.216716e-22   1.227756e-02   1.861942e-21   6137114
  1.307210e+01   3.624027e-21   1.226880e-02   1.829339e-21   6173332
  1.311461e+01   -2.754329e-21   1.227153e-02   1.795432e-21   6214128
  1.315711e+01   -1.133425e-21   1.226922e-02   1.765145e-21   6253874
  1.319964e+01   -2.935317e-21   1.227851e-02   1.736597e-21   6300104
  1.324216e+01   1.296238e-21   1.226546e-02   1.707068e-21   6332612
  1.328467e+01   1.680976e-21   1.228096e-02   1.675118e-21   6379768
  1.332719e+01   -4.374122e-22   1.227439e-02   1.648347e-21   6418218
  1.336971e+01   -1.721982e-21   1.227344e-02   1.621766e-21   6459880
  1.341221e+01   5.017712e-21   1.226446e-02   1.594487e-21   6495652
  1.345472e+01   -3.009206e-21   1.228092e-02   1.564616e-21   6545296
  1.349724e+01   1.330636e-21   1.226891e-02   1.541225e-21   6581570
  1.353974e+01   8.840622e-22   1.226098e-02   1.516387e-21   6618960
  1.358222e+01   1.174457e-21   1.226863e-02   1.490340e-21   6663352
  1.362471e+01   2.261882e-21   1.226151e-02   1.467942e-21   6701334
  1.366724e+01   1.054261e-21   1.229005e-02   1.440310e-21   6759920
  1.370978e+01   -9.847904e-22   1.226871e-02   1.416321e-21   6789696
  1.375229e+01   1.666884e-21   1.227982e-02   1.393329e-21   6837208
  1.379481e+01   -1.388916e-22   1.226997e-02   1.368756e-21   6874966
  1.383733e+01   -2.418235e-21   1.227445e-02   1.346567e-21   6920864
  1.387984e+01   8.975080e-22   1.226703e-02   1.327450e-21   6957816
  1.392234e+01   -1.991153e-21   1.227258e-02   1.303104e-21   7002232
  1.396483e+01   -1.045604e-21   1.226616e-02   1.283273e-21   7043114
  1.400736e+01   -1.942639e-21   1.228161e-02   1.262554e-21   7096020
  1.404988e+01   2.194762e-21   1.226958e-02   1.241523e-21   7130640
  1.409239e+01   -1.444950e-22   1.227310e-02   1.220415e-21   7175472
  1.413489e+01   -1.646056e-22   1.226899e-02   1.201686e-21   7217786
  1.417741e+01   -9.686829e-22   1.227600e-02   1.183556e-21   7265564
  1.421992e+01   -9.467218e-22   1.226528e-02   1.164321e-21   7301288
  1.426240e+01   9.169498e-22   1.226550e-02   1.144633e-21   7345330
  1.430491e+01   1.907883e-21   1.227621e-02   1.125014e-21   7397048
  1.434743e+01   -1.123645e-21   1.226815e-02   1.107674e-21   7435920
  1.438994e+01   -1.031788e-21   1.227688e-02   1.090287e-21   7484140
  1.443245e+01   5.050876e-22   1.227057e-02   1.072571e-21   7525578
  1.447497e+01   -3.221410e-21   1.227007e-02   1.056734e-21   7571376
  1.451748e+01   1.245448e-22   1.227392e-02   1.038973e-21   7617064
  1.456001e+01   -2.474074e-21   1.227782e-02   1.022825e-21   7662092
  1.460251e+01   -6.258834e-22   1.226530e-02   1.006356e-21   7699658
  1.464502e+01   -4.254372e-22   1.227578e-02   9.902793e-22   7752416
  1.468755e+01   -7.991365e-22   1.227763e-02   9.763728e-22   7797776
  1.473004e+01   1.178302e-21   1.226070e-02   9.613416e-22   7831720
  1.477255e+01   2.978322e-22   1.227889e-02   9.442455e-22   7889926
  1.481507e+01   -1.431584e-21   1.227192e-02   9.292511e-22   7931480
  1.485759e+01   3.726295e-22   1.227300e-02   9.159957e-22   7976688
  1.490006e+01   5.616942e-24   1.225048e-02   9.023374e-22   8007786
  1.494256e+01   -1.477908e-22   1.228133e-02   8.875372e-22   8074564
  1.498510e+01   -4.802758e-22   1.228034e-02   8.736265e-22   8118904
  1.502762e+01   -1.667464e-21   1.226783e-02   8.603651e-22   8155824
  1.507013e+01   -1.290394e-21   1.228256e-02   8.460301e-22   8212802
  1.511265e+01   3.851002e-22   1.226047e-02   8.342535e-22   8245268
  1.515516e+01   3.088990e-22   1.228702e-02   8.207678e-22   8308816
  1.519769e+01   8.700687e-22   1.226520e-02   8.078197e-22   8340304
  1.524017e+01   -1.538713e-23   1.226489e-02   7.967728e-22   8387738
  1.528267e+01   3.587449e-22   1.226883e-02   7.844796e-22   8437624
  1.532518e+01   -6.086868e-22   1.227531e-02   7.726661e-22   8487796
  1.536768e+01   -1.323072e-21   1.226572e-02   7.611807e-22   8527936
  1.541020e+01   1.401728e-21   1.227764e-02   7.495246e-22   8585122
  1.545272e+01   -5.706449e-22   1.227170e-02   7.377309e-22   8628200
  1.549524e+01   4.474430e-22   1.227868e-02   7.261655e-22   8679484
  1.553776e+01   2.107679e-21   1.226928e-02   7.153120e-22   8721466
  1.558025e+01   5.997917e-23   1.226318e-02   7.048774e-22   8765840
  1.562277e+01   8.032687e-22   1.228142e-02   6.940177e-22   8825136
  1.566528e+01   1.130693e-21   1.226701e-02   6.848099e-22   8861768
  1.570779e+01   -1.317096e-21   1.227728e-02   6.743830e-22   8919278
  1.575031e+01   7.655350e-23   1.226638e-02   6.637410e-22   8961008
  1.579282e+01   9.583211e-22   1.227512e-02   6.532967e-22   9014456
  1.583534e+01   6.531741e-22   1.227527e-02   6.439274e-22   9062240
  1.587786e+01   -7.749301e-22   1.227311e-02   6.345803e-22   9110510
  1.592036e+01   1.897301e-22   1.226582e-02   6.252588e-22   9154048
  1.596285e+01   3.358685e-23   1.226281e-02   6.163789e-22   9198928
  1.600534e+01   9.923924e-22   1.227531e-02   6.072103e-22   9257194
  1.604787e+01   -1.632165e-21   1.227745e-02   5.976335e-22   9310168
  1.609038e+01   -1.000560e-21   1.226530e-02   5.893702e-22   9350316
  1.613289e+01   -1.982572e-22   1.227684e-02   5.798730e-22   9407120
  1.617541e+01   -3.498983e-23   1.227300e-02   5.725338e-22   9454642
  1.621793e+01   -1.877111e-21   1.227362e-02   5.641555e-22   9506272
  1.626044e+01   -9.599084e-22   1.226942e-02   5.559865e-22   9551228
  1.630294e+01   4.450034e-22   1.227038e-02   5.476333e-22   9600264
  1.634544e+01   -2.983194e-23   1.227012e-02   5.402539e-22   9651458
  1.638796e+01   7.621401e-22   1.228049e-02   5.321111e-22   9711488
  1.643048e+01   -2.509280e-22   1.226476e-02   5.247746e-22   9749144
  1.647299e+01   1.643423e-21   1.227613e-02   5.172650e-22   9807908
  1.651550e+01   1.972800e-22   1.227043e-02   5.091275e-22   9854786
  1.655803e+01   -1.142569e-22   1.228107e-02   5.021783e-22   9914304
  1.660053e+01   -1.358200e-22   1.225867e-02   4.956518e-22   9945544
  1.664301e+01   -4.710981e-22   1.226718e-02   4.880539e-22   10003414
  1.668552e+01   -9.599558e-22   1.227468e-02   4.815520e-22   10062032
  1.672804e+01   -2.574721e-22   1.227657e-02   4.742737e-22   10114792
  1.677058e+01   -9.924104e-22   1.228180e-02   4.671457e-22   10169936
  1.681307e+01   2.977125e-22   1.225060e-02   4.610357e-22   10196602
  1.685558e+01   1.960186e-22   1.228906e-02   4.541302e-22   10281156
  1.689811e+01   3.549267e-22   1.226275e-02   4.475844e-22   10309376
  1.694060e+01   -3.710495e-22   1.227427e-02   4.412050e-22   10369856
  1.698310e+01   -3.350136e-22   1.226425e-02   4.357799e-22   10415370
  1.702562e+01   -6.028156e-22   1.228018e-02   4.292237e-22   10481988
  1.706815e+01   1.015411e-21   1.227822e-02   4.231608e-22   10531200
  1.711066e+01   3.485980e-22   1.226163e-02   4.179183e-22   10569416
  1.715315e+01   -7.658632e-22   1.227286e-02   4.121465e-22   10633066
  1.719568e+01   -3.188293e-22   1.227546e-02   4.061701e-22   10687548
  1.723821e+01   -1.461085e-22   1.228168e-02   4.008962e-22   10743968
  1.728072e+01   6.769782e-22   1.226340e-02   3.952458e-22   10782130
  1.732321e+01   -6.521594e-22   1.226438e-02   3.896791e-22   10837792
  1.736571e+01   -2.445319e-22   1.227328e-02   3.841619e-22   10897368
  1.740823e+01   -1.920361e-22   1.227857e-02   3.786289e-22   10953940
  1.745075e+01   -1.520394e-23   1.227188e-02   3.740275e-22   11003274
  1.749325e+01   -4.118735e-22   1.226537e-02   3.686471e-22   11052800
  1.753577e+01   2.266869e-22   1.228039e-02   3.636956e-22   11118176
  1.757829e+01   -1.022742e-21   1.227174e-02   3.589420e-22   11162268
  1.762078e+01   3.061894e-22   1.226447e-02   3.540466e-22   11211458
  1.766328e+01   -1.797821e-21   1.226924e-02   3.493339e-22   11271888
  1.770579e+01   3.013360e-22   1.227456e-02   3.445652e-22   11329304
  1.774829e+01   3.857883e-23   1.226554e-02   3.397758e-22   11375026
  1.779081e+01   5.397486e-23   1.227704e-02   3.356431e-22   11442532
  1.783332e+01   9.837682e-23   1.226620e-02   3.310365e-22   11487264
  1.787583e+01   -4.493896e-22   1.227239e-02   3.264590e-22   11545680
  1.791835e+01   8.342499e-22   1.227937e-02   3.217439e-22   11607058
  1.796089e+01   1.641827e-22   1.227970e-02   3.178073e-22   11664300
  1.800340e+01   -1.400325e-22   1.226785e-02   3.135551e-22   11707488
  1.804590e+01   1.393438e-23   1.226647e-02   3.092404e-22   11759536
  1.808841e+01   -2.660026e-22   1.228470e-02   3.052699e-22   11833690
  1.813095e+01   -1.329072e-22   1.227017e-02   3.013038e-22   11877808
  1.817345e+01   2.594684e-22   1.226311e-02   2.976479e-22   11925836
  1.821595e+01   -3.404867e-24   1.227560e-02   2.932617e-22   11992168
  1.825846e+01   6.222354e-22   1.227114e-02   2.897785e-22   12044554
  1.830097e+01   2.623457e-22   1.226867e-02   2.859993e-22   12098976
  1.834346e+01   -2.135056e-22   1.226469e-02   2.825056e-22   12149996
  1.838595e+01   2.690153e-22   1.226815e-02   2.785173e-22   12209594
  1.842847e+01   3.505508e-22   1.227993e-02   2.750030e-22   12279272
  1.847101e+01   -5.437347e-22   1.228002e-02   2.712586e-22   12336072
  1.851353e+01   4.712626e-23   1.226966e-02   2.676620e-22   12381744
  1.855604e+01   -6.713379e-22   1.227227e-02   2.643111e-22   12441590
  1.859855e+01   1.521247e-22   1.227023e-02   2.608621e-22   12497256
  1.864105e+01   -2.724875e-22   1.226730e-02   2.575923e-22   12550032
  1.868353e+01   1.401725e-22   1.226474e-02   2.542379e-22   12603936
  1.872603e+01   1.840300e-22   1.227245e-02   2.510987e-22   12671230
  1.876857e+01   -1.670377e-22   1.228331e-02   2.478886e-22   12740920
  1.881110e+01   1.417718e-22   1.227107e-02   2.444871e-22   12784560
  1.885359e+01   5.261946e-22   1.226358e-02   2.417966e-22   12834176
  1.889610e+01   -1.717297e-23   1.227865e-02   2.385345e-22   12909006
  1.893863e+01   -9.983085e-23   1.227235e-02   2.353839e-22   12959680
  1.898113e+01   -1.708308e-22   1.227020e-02   2.326961e-22   13014232
  1.902364e+01   2.632870e-22   1.227262e-02   2.296758e-22   13076514
  1.906614e+01   -6.685545e-22   1.226274e-02   2.267829e-22   13127112
  1.910866e+01   1.515546e-22   1.228266e-02   2.237390e-22   13205852
  1.915119e+01   7.767505e-22   1.227282e-02   2.211260e-22   13252032
  1.919369e+01   -2.889470e-22   1.226787e-02   2.183785e-22   13307450
  1.923620e+01   -1.371611e-22   1.227402e-02   2.157505e-22   13374160
  1.927872e+01   -3.508837e-22   1.227027e-02   2.129388e-22   13426348
  1.932123e+01   2.146505e-22   1.227853e-02   2.105577e-22   13492760
  1.936373e+01   -2.926147e-22   1.226457e-02   2.079772e-22   13539546
  1.940624e+01   9.425792e-23   1.227335e-02   2.051209e-22   13610704
  1.944875e+01   5.489975e-22   1.226734e-02   2.030019e-22   13662024
  1.949125e+01   -9.520008e-23   1.227299e-02   2.001891e-22   13727492
  1.953377e+01   -7.504816e-22   1.227644e-02   1.978723e-22   13793394
  1.957629e+01   -2.570139e-23   1.226862e-02   1.953277e-22   13844456
  1.961880e+01   2.099457e-22   1.227171e-02   1.930750e-22   13905184
  1.966130e+01   -2.550273e-22   1.227189e-02   1.905072e-22   13965958
  1.970381e+01   -1.897812e-22   1.226859e-02   1.885269e-22   14025192
  1.974632e+01   2.634165e-22   1.227581e-02   1.860955e-22   14093768
  1.978884e+01   1.630991e-22   1.227382e-02   1.840440e-22   14150440
  1.983136e+01   -3.299513e-22   1.227452e-02   1.818681e-22   14213450
  1.987387e+01   -3.024655e-22   1.226691e-02   1.797211e-22   14267036
  1.991638e+01   4.181955e-22   1.227427e-02   1.775121e-22   14335032
  1.995889e+01   -4.016342e-22   1.226837e-02   1.754344e-22   14387664
  2.000139e+01   2.612125e-22   1.227308e-02   1.734446e-22   14455698
  2.004391e+01   -8.731574e-23   1.227471e-02   1.711968e-22   14520452
  2.008643e+01   -3.346279e-22   1.227399e-02   1.691023e-22   14580272
  2.012893e+01   1.396292e-22   1.226246e-02   1.672848e-22   14628050
  2.017144e+01   -2.202269e-22   1.228393e-02   1.653469e-22   14716744
  2.021396e+01   -3.103971e-22   1.226163e-02   1.635225e-22   14751712
  2.025646e+01   -1.531095e-23   1.227782e-02   1.614302e-22   14831620
  2.029896e+01   -1.049303e-22   1.226188e-02   1.597891e-22   14875522
  2.034146e+01   4.806473e-24   1.227585e-02   1.579082e-22   14956720
  2.038398e+01   -2.532882e-22   1.226799e-02   1.559622e-22   15008272
  2.042648e+01   -1.598361e-23   1.227113e-02   1.542611e-22   15073780
  2.046899e+01   -4.968049e-22   1.227601e-02   1.524565e-22   15144866
  2.051153e+01   -3.640166e-22   1.228021e-02   1.507006e-22   15213872
  2.055406e+01   3.843079e-23   1.227172e-02   1.489338e-22   15263976
  2.059656e+01   1.782041e-23   1.226689e-02   1.473218e-22   15320236
  2.063907e+01   -2.551619e-23   1.227747e-02   1.458149e-22   15398322
  2.068159e+01   4.105182e-22   1.226849e-02   1.440983e-22   15450864
  2.072409e+01   -1.219439e-22   1.226949e-02   1.423960e-22   15513888
  2.076658e+01   2.944103e-22   1.226638e-02   1.407778e-22   15574626
  2.080910e+01   -1.513283e-22   1.227957e-02   1.393490e-22   15657956
  2.085162e+01   -1.580735e-22   1.226694e-02   1.377444e-22   15704248
  2.089412e+01   2.829343e-23   1.227405e-02   1.361904e-22   15774824
  2.093664e+01   2.592287e-23   1.227741e-02   1.346398e-22   15844898
  2.097916e+01   7.252032e-24   1.226797e-02   1.332573e-22   15898956
  2.102166e+01   -5.426679e-23   1.226837e-02   1.317385e-22   15961768
  2.106416e+01   -9.982783e-23   1.227392e-02   1.302960e-22   16032208
  2.110668e+01   -1.745023e-22   1.227386e-02   1.289662e-22   16099530
  2.114918e+01   2.676828e-22   1.226342e-02   1.277043e-22   16152712
  2.119169e+01   1.672311e-23   1.227877e-02   1.261312e-22   16235740
  2.123421e+01   -2.054210e-22   1.227090e-02   1.248924e-22   16288856
  2.127673e+01   3.342029e-23   1.227763e-02   1.234603e-22   16365074
  2.131925e+01   -1.945243e-22   1.226826e-02   1.221577e-22   16418248
  2.136173e+01   3.085506e-22   1.226229e-02   1.209047e-22   16473180
  2.140423e+01   1.770062e-22   1.227796e-02   1.196397e-22   16560234
  2.144675e+01   -2.468438e-23   1.226818e-02   1.184378e-22   16616088
  2.148927e+01   -5.186667e-23   1.227653e-02   1.171857e-22   16693264
  2.153179e+01   4.480638e-24   1.227410e-02   1.158695e-22   16753864
  2.157431e+01   1.918039e-22   1.227428e-02   1.146673e-22   16820702
  2.161682e+01   -3.645175e-22   1.226755e-02   1.136844e-22   16879288
  2.165933e+01   -2.585190e-23   1.227311e-02   1.123892e-22   16951712
  2.170183e+01   -2.313971e-23   1.226675e-02   1.111944e-22   17007560
  2.174434e+01   1.199241e-22   1.227813e-02   1.100979e-22   17092086
  2.178685e+01   2.357655e-22   1.226906e-02   1.089783e-22   17148392
  2.182937e+01   -7.905600e-24   1.227478e-02   1.078241e-22   17222288
  2.187188e+01   7.190075e-23   1.227236e-02   1.067007e-22   17285096
  2.191439e+01   -3.722480e-22   1.226620e-02   1.057352e-22   17344826
  2.195689e+01   2.096077e-23   1.227320e-02   1.046345e-22   17421236
  2.199941e+01   5.932683e-23   1.227792e-02   1.035534e-22   17494160
  2.204191e+01   -5.578112e-23   1.226044e-02   1.026959e-22   17538122
  2.208440e+01   -2.517346e-23   1.226939e-02   1.016005e-22   17620136
  2.212692e+01   1.326681e-22   1.227875e-02   1.005707e-22   17700428
  2.216945e+01   -6.228211e-23   1.227393e-02   9.960433e-23   17760320
  2.221196e+01   -8.907292e-24   1.227224e-02   9.859350e-23   17827562
  2.225448e+01   -8.598435e-23   1.227165e-02   9.775968e-23   17895488
  2.229699e+01   5.322595e-23   1.227292e-02   9.671343e-23   17963576
  2.233950e+01   1.839965e-22   1.227046e-02   9.587492e-23   18027500
  2.238201e+01   5.156420e-23   1.227533e-02   9.496183e-23   18105650
  2.242451e+01   -1.303412e-22   1.226508e-02   9.404832e-23   18160880
  2.246701e+01   -8.041603e-23   1.226834e-02   9.311830e-23   18233144
  2.250951e+01   1.762508e-22   1.227149e-02   9.233537e-23   18307310
  2.255203e+01   1.538711e-22   1.227368e-02   9.149184e-23   18381680
  2.259456e+01   1.368150e-22   1.227489e-02   9.064744e-23   18450536
  2.263708e+01   -1.722503e-22   1.227820e-02   8.980156e-23   18522128
  2.267959e+01   2.257314e-23   1.226827e-02   8.888953e-23   18578414
  2.272209e+01   4.670446e-23   1.227113e-02   8.822121e-23   18654304
  2.276460e+01   -1.267286e-22   1.227056e-02   8.743375e-23   18722304
  2.280712e+01   7.615013e-23   1.227777e-02   8.664885e-23   18802472
  2.284964e+01   -4.541469e-23   1.227092e-02   8.584144e-23   18864266
  2.289215e+01   -1.792487e-23   1.226939e-02   8.516327e-23   18933260
  2.293465e+01   1.721715e-22   1.226719e-02   8.428320e-23   18997448
  2.297715e+01   2.440781e-23   1.227581e-02   8.348987e-23   19079816
  2.301967e+01   -1.519124e-23   1.227098e-02   8.295077e-23   19145330
  2.306218e+01   -1.098290e-23   1.227177e-02   8.217977e-23   19218276
  2.310469e+01   1.699898e-22   1.227113e-02   8.148601e-23   19286200
  2.314719e+01   1.792113e-23   1.226583e-02   8.077449e-23   19349738
  2.318971e+01   -1.716936e-22   1.228286e-02   8.010391e-23   19450040
  2.323223e+01   -7.777756e-23   1.226363e-02   7.954846e-23   19489688
  2.327473e+01   -4.759418e-23   1.227521e-02   7.878407e-23   19576868
  2.331724e+01   1.290855e-22   1.226932e-02   7.815491e-23   19640282
  2.335976e+01   6.167600e-24   1.227873e-02   7.756602e-23   19728800
  2.340226e+01   -1.142592e-22   1.226095e-02   7.690403e-23   19770152
  2.344476e+01   -1.391251e-22   1.227487e-02   7.625951e-23   19863516
  2.348729e+01   -3.207800e-24   1.227855e-02   7.561386e-23   19943594
  2.352981e+01   5.050270e-23   1.227039e-02   7.509101e-23   20003440
  2.357232e+01   1.185024e-22   1.227533e-02   7.454235e-23   20081768
  2.361483e+01   1.829224e-23   1.226475e-02   7.394940e-23   20136200
  2.365734e+01   8.705840e-23   1.228180e-02   7.342080e-23   20238094
  2.369985e+01   1.988251e-22   1.226458e-02   7.287911e-23   20282544
  2.374234e+01   -2.358366e-23   1.226291e-02   7.236309e-23   20351720
  2.378483e+01   -4.256304e-23   1.227389e-02   7.170425e-23   20444714
  2.382735e+01   8.339392e-23   1.227112e-02   7.122967e-23   20515116
  2.386988e+01   -3.042071e-23   1.228059e-02   7.066963e-23   20602384
  2.391241e+01   -8.490852e-24   1.227266e-02   7.016232e-23   20659872
  2.395491e+01   -1.478899e-22   1.226837e-02   6.973028e-23   20727682
  2.399742e+01   1.507423e-22   1.227493e-02   6.922665e-23   20814416
  2.403994e+01   -1.301033e-22   1.227261e-02   6.862674e-23   20881100
  2.408245e+01   1.958971e-23   1.227247e-02   6.819359e-23   20953688
  2.412495e+01   2.388050e-23   1.226662e-02   6.779504e-23   21021050
  2.416746e+01   -1.485235e-22   1.227556e-02   6.730240e-23   21111632
  2.420998e+01   -1.166876e-22   1.227336e-02   6.676996e-23   21179972
  2.425248e+01   1.002713e-23   1.226547e-02   6.633512e-23   21240488
  2.429499e+01   -1.406463e-22   1.227368e-02   6.603055e-23   21331418
  2.433750e+01   1.523517e-22   1.226935e-02   6.546836e-23   21397304
  2.438000e+01   -2.409262e-23   1.226962e-02   6.508961e-23   21469764
  2.442251e+01   -1.602564e-22   1.227528e-02   6.463949e-23   21556122
  2.446502e+01   1.023139e-22   1.226591e-02   6.436716e-23   21618312
  2.450754e+01   -7.009584e-23   1.227924e-02   6.384635e-23   21716096
  2.455007e+01   -5.039187e-23   1.227488e-02   6.343093e-23   21781352
  2.459258e+01   -1.536710e-23   1.226971e-02   6.309861e-23   21848870
  2.463508e+01   -4.765044e-23   1.227061e-02   6.278537e-23   21927536
  2.467760e+01   -3.118619e-23   1.227518e-02   6.229368e-23   22008944
  2.472011e+01   -7.698480e-23   1.227146e-02   6.197396e-23   22076136
  2.476261e+01   5.579266e-23   1.226619e-02   6.168937e-23   22145270
  2.480513e+01   -2.415527e-23   1.228149e-02   6.132316e-23   22250960
  2.484765e+01   1.053261e-22   1.226766e-02   6.104673e-23   22300864
  2.489015e+01   3.153472e-23   1.226874e-02   6.071479e-23   22378586
  2.493266e+01   -6.418863e-25   1.227304e-02   6.049737e-23   22464104
  2.497518e+01   -6.137206e-23   1.227483e-02   6.011373e-23   22542892
  2.501769e+01   9.933035e-23   1.226849e-02   5.983269e-23   22606008
  2.506019e+01   -1.499104e-22   1.227168e-02   5.941424e-23   22690002
  2.510269e+01   3.691021e-24   1.226774e-02   5.922939e-23   22762216
  2.514519e+01   -5.508694e-23   1.227552e-02   5.820879e-23   22815779
  2.518771e+01   2.078945e-23   1.227093e-02   5.648711e-23   22772312
  2.523022e+01   -5.283818e-23   1.227169e-02   5.480471e-23   22733708
  2.527273e+01   -1.275032e-22   1.227376e-02   5.315962e-23   22697672
  2.531524e+01   -5.214051e-23   1.227003e-02   5.158228e-23   22651460
  2.535775e+01   -7.619775e-24   1.227280e-02   5.006113e-23   22616024
  2.540027e+01   1.376062e-22   1.227723e-02   4.862786e-23   22583496
  2.544278e+01   -2.140053e-23   1.226384e-02   4.721084e-23   22519252
  2.548527e+01   -1.070923e-22   1.226879e-02   4.582433e-23   22488992
  2.552778e+01   -6.776669e-23   1.227112e-02   4.451006e-23   22453172
  2.557030e+01   -7.478501e-23   1.227642e-02   4.329880e-23   22420584
  2.561282e+01   2.593418e-23   1.227318e-02   4.207026e-23   22371700
  2.565533e+01   4.001680e-23   1.227319e-02   4.087194e-23   22329896
  2.569784e+01   4.325373e-23   1.227005e-02   3.984913e-23   22282876
  2.574035e+01   -9.048489e-23   1.227559e-02   3.869906e-23   22250692
  2.578286e+01   -3.042069e-23   1.226749e-02   3.769705e-23   22194436
  2.582536e+01   -4.956578e-23   1.226799e-02   3.668396e-23   22153540
  2.586787e+01   1.127885e-23   1.227489e-02   3.570429e-23   22122584
  2.591039e+01   1.259606e-22   1.227183e-02   3.478771e-23   22073004
  2.595291e+01   -3.088502e-23   1.227763e-02   3.385856e-23   22039640
  2.599542e+01   6.057829e-23   1.226443e-02   3.298996e-23   21971624
  2.603793e+01   -2.482559e-23   1.228039e-02   3.217342e-23   21955708
  2.608042e+01   -1.098443e-23   1.225538e-02   3.138371e-23   21867720
  2.612293e+01   5.629029e-23   1.228640e-02   3.061884e-23   21878900
  2.616545e+01   -2.693622e-23   1.226374e-02   2.985531e-23   21794260
  2.620796e+01   5.205560e-23   1.227552e-02   2.914325e-23   21770256
  2.625048e+01   -3.979503e-23   1.227204e-02   2.844136e-23   21718124
  2.629299e+01   -3.548697e-23   1.227162e-02   2.773520e-23   21671096
  2.633550e+01   -3.628668e-23   1.227173e-02   2.711783e-23   21625412
  2.637801e+01   4.557866e-23   1.227628e-02   2.647073e-23   21587284
  2.642052e+01   8.198425e-24   1.226404e-02   2.584486e-23   21519648
  2.646302e+01   1.053499e-23   1.227517e-02   2.525889e-23   21493344
  2.650554e+01   3.713231e-23   1.227125e-02   2.468363e-23   21439360
  2.654805e+01   5.331132e-23   1.227471e-02   2.412049e-23   21398900
  2.659058e+01   -8.323962e-23   1.227467e-02   2.357609e-23   21351488
  2.663308e+01   -1.308160e-23   1.226610e-02   2.307836e-23   21288012
  2.667559e+01   -2.778689e-23   1.227518e-02   2.253946e-23   21255052
  2.671810e+01   1.873190e-23   1.226960e-02   2.207790e-23   21196928
  2.676060e+01   -1.350995e-23   1.226973e-02   2.160672e-23   21149036
  2.680311e+01   -2.958867e-23   1.227206e-02   2.110228e-23   21105304
  2.684563e+01   -4.633844e-24   1.227410e-02   2.068219e-23   21059992
  2.688815e+01   1.713276e-23   1.227705e-02   2.025958e-23   21014904
  2.693067e+01   2.333952e-24   1.227014e-02   1.984235e-23   20953620
  2.697317e+01   1.310560e-23   1.226991e-02   1.943117e-23   20902948
  2.701568e+01   1.254344e-24   1.227225e-02   1.903747e-23   20856528
  2.705819e+01   8.037904e-24   1.227379e-02   1.862822e-23   20808868
  2.710070e+01   4.339426e-23   1.226639e-02   1.826820e-23   20746700
  2.714319e+01   -1.722952e-23   1.226770e-02   1.793149e-23   20699040
  2.718571e+01   -3.542644e-23   1.227944e-02   1.757395e-23   20667584
  2.722822e+01   1.407985e-23   1.225995e-02   1.722529e-23   20583320
  2.727072e+01   -2.408613e-23   1.227843e-02   1.688660e-23   20562728
  2.731324e+01   1.887604e-23   1.227166e-02   1.656709e-23   20499120
  2.735575e+01   2.860445e-24   1.227335e-02   1.626250e-23   20448668
  2.739827e+01   1.850582e-24   1.227231e-02   1.594826e-23   20394408
  2.744078e+01   -2.934333e-23   1.227328e-02   1.566830e-23   20344236
  2.748329e+01   -3.973695e-23   1.227052e-02   1.539000e-23   20287988
  2.752580e+01   2.169123e-23   1.227218e-02   1.509869e-23   20237280
  2.756831e+01   1.059708e-23   1.226928e-02   1.483821e-23   20178328
  2.761083e+01   4.934033e-24   1.227861e-02   1.456898e-23   20139844
  2.765335e+01   -2.798213e-23   1.226869e-02   1.431935e-23   20069748
  2.769585e+01   -3.653081e-23   1.227006e-02   1.405349e-23   20016800
  2.773835e+01   -6.813307e-24   1.227057e-02   1.382724e-23   19962224
  2.778087e+01   1.313059e-23   1.227954e-02   1.358065e-23   19923568
  2.782339e+01   2.384100e-23   1.226996e-02   1.334363e-23   19854300
  2.786590e+01   1.035710e-23   1.226862e-02   1.313749e-23   19797056
  2.790840e+01   -1.196617e-23   1.227082e-02   1.290965e-23   19744940
  2.795091e+01   3.701620e-23   1.227270e-02   1.269973e-23   19691768
  2.799342e+01   1.203690e-23   1.226928e-02   1.248228e-23   19629548
  2.803593e+01   9.367386e-24   1.227096e-02   1.228386e-23   19575480
  2.807844e+01   -1.561027e-23   1.227365e-02   1.209011e-23   19523296
  2.812096e+01   -3.152037e-23   1.227813e-02   1.189914e-23   19474344
  2.816347e+01   2.670630e-23   1.226244e-02   1.173144e-23   19392868
  2.820597e+01   1.932725e-24   1.227629e-02   1.152564e-23   19356176
  2.824849e+01   -5.114248e-24   1.227437e-02   1.134312e-23   19294916
  2.829102e+01   -7.131226e-24   1.227644e-02   1.116072e-23   19240856
  2.833353e+01   -3.620568e-24   1.226827e-02   1.100838e-23   19170884
  2.837603e+01   1.677531e-23   1.226787e-02   1.084997e-23   19111352
  2.841853e+01   -1.693162e-23   1.227311e-02   1.067570e-23   19060016
  2.846104e+01   5.731025e-24   1.227199e-02   1.053376e-23   18999752
  2.850354e+01   -2.198138e-23   1.226484e-02   1.038116e-23   18930272
  2.854604e+01   -9.468741e-24   1.227204e-02   1.021426e-23   18882340
  2.858856e+01   -9.284445e-24   1.227653e-02   1.007028e-23   18829056
  2.863108e+01   9.048398e-24   1.226917e-02   9.934115e-24   18757640
  2.867359e+01   4.020939e-24   1.227679e-02   9.787389e-24   18709036
  2.871611e+01   -2.328172e-23   1.226951e-02   9.659719e-24   18637668
  2.875862e+01   6.749365e-24   1.227659e-02   9.516777e-24   18587048
  2.880113e+01   4.849222e-24   1.226650e-02   9.392243e-24   18510972
  2.884363e+01   1.986829e-23   1.227092e-02   9.261977e-24   18456692
  2.888614e+01   -3.441345e-24   1.227027e-02   9.140902e-24   18394084
  2.892866e+01   2.024254e-24   1.227644e-02   9.015340e-24   18341352
  2.897118e+01   5.304834e-24   1.227294e-02   8.895119e-24   18273884
  2.901369e+01   1.291456e-23   1.227214e-02   8.779796e-24   18211148
  2.905619e+01   -3.054515e-24   1.226468e-02   8.676076e-24   18137692
  2.909870e+01   -3.454796e-23   1.227635e-02   8.557613e-24   18091580
  2.914122e+01   -1.514678e-24   1.227406e-02   8.449062e-24   18024560
  2.918373e+01   4.906978e-24   1.226945e-02   8.347151e-24   17955116
  2.922624e+01   1.769016e-23   1.227055e-02   8.240143e-24   17893232
  2.926875e+01   -9.000792e-24   1.227337e-02   8.134215e-24   17832620
  2.931126e+01   7.412741e-24   1.227331e-02   8.037098e-24   17767864
  2.935378e+01   1.919134e-23   1.227523e-02   7.939476e-24   17706956
  2.939629e+01   7.007218e-26   1.226779e-02   7.852063e-24   17632632
  2.943880e+01   1.072754e-23   1.227224e-02   7.756129e-24   17573524
  2.948131e+01   1.186809e-23   1.227160e-02   7.662105e-24   17506380
  2.952382e+01   1.756361e-23   1.227283e-02   7.578939e-24   17442548
  2.956632e+01   1.775886e-23   1.226611e-02   7.485385e-24   17368556
  2.960883e+01   7.045027e-24   1.227726e-02   7.397069e-24   17318260
  2.965135e+01   -1.051225e-24   1.227176e-02   7.321774e-24   17243792
  2.969385e+01   5.192222e-24   1.226620e-02   7.240472e-24   17169716
  2.973635e+01   8.519915e-24   1.227104e-02   7.162938e-24   17109768
  2.977886e+01   -1.562503e-23   1.227205e-02   7.083045e-24   17044064
  2.982138e+01   3.981317e-25   1.227557e-02   7.007455e-24   16981560
  2.986389e+01   -3.343771e-24   1.226672e-02   6.931629e-24   16902264
  2.990640e+01   -1.192043e-23   1.227800e-02   6.856509e-24   16849940
  2.994892e+01   -2.583043e-23   1.226984e-02   6.787090e-24   16770600
  2.999143e+01   4.857439e-24   1.227399e-02   6.715499e-24   16707512
  3.003394e+01   2.079592e-23   1.227053e-02   6.642461e-24   16634480
  3.007645e+01   1.496149e-23   1.227297e-02   6.574934e-24   16569424
  3.011897e+01   3.798428e-24   1.227100e-02   6.517320e-24   16497216
  3.016149e+01   -1.227228e-24   1.227800e-02   6.446308e-24   16436416
  3.020400e+01   1.174751e-23   1.226813e-02   6.390808e-24   16353532
  3.024650e+01   1.861966e-23   1.226850e-02   6.323119e-24   16284908
  3.028900e+01   -1.883407e-24   1.227370e-02   6.264550e-24   16221948
  3.033152e+01   -4.158454e-24   1.227445e-02   6.202324e-24   16152552
  3.037404e+01   -2.905186e-24   1.227249e-02   6.145906e-24   16078864
  3.041655e+01   4.441095e-24   1.227014e-02   6.091064e-24   16005296
  3.045906e+01   -8.675536e-24   1.227320e-02   6.031120e-24   15938220
  3.050157e+01   8.765892e-24   1.226736e-02   5.981705e-24   15858440
  3.054407e+01   7.631098e-24   1.226949e-02   5.927752e-24   15789252
  3.058657e+01   6.624560e-25   1.227019e-02   5.876985e-24   15718944
  3.062908e+01   3.131663e-25   1.227179e-02   5.821298e-24   15648652
  3.067160e+01   -1.152411e-23   1.227680e-02   5.771989e-24   15581944
  3.071412e+01   6.318284e-24   1.227604e-02   5.726075e-24   15508744
  3.075663e+01   1.151533e-23   1.226574e-02   5.682499e-24   15422472
  3.079914e+01   2.899112e-24   1.227551e-02   5.628182e-24   15361536
  3.084165e+01   -1.577935e-23   1.226998e-02   5.582528e-24   15281048
  3.088415e+01   6.949974e-24   1.227023e-02   5.539789e-24   15207752
  3.092666e+01   -5.073947e-25   1.227075e-02   5.499422e-24   15134800
  3.096917e+01   1.093438e-23   1.227038e-02   5.453451e-24   15059664
  3.101168e+01   -1.043351e-23   1.227242e-02   5.406501e-24   14987020
  3.105420e+01   2.753805e-24   1.227903e-02   5.371401e-24   14919936
  3.109672e+01   1.616816e-24   1.226792e-02   5.326550e-24   14831776
  3.113923e+01   7.962888e-26   1.227679e-02   5.288613e-24   14767552
  3.118174e+01   9.972109e-24   1.226524e-02   5.256305e-24   14678336
  3.122425e+01   6.578812e-24   1.227632e-02   5.213154e-24   14615044
  3.126676e+01   -4.924022e-24   1.226910e-02   5.179118e-24   14530200
  3.130927e+01   -5.425820e-24   1.227171e-02   5.138530e-24   14457000
  3.135178e+01   -2.715750e-24   1.227423e-02   5.105637e-24   14383440
  3.139429e+01   3.751256e-24   1.226801e-02   5.067754e-24   14299516
  3.143679e+01   -1.277436e-24   1.227160e-02   5.036169e-24   14226024
  3.147930e+01   4.611729e-24   1.226889e-02   4.997417e-24   14145048
  3.152182e+01   -5.408586e-24   1.228178e-02   4.967781e-24   14082144
  3.156433e+01   7.796183e-24   1.226157e-02   4.939362e-24   13981640
  3.160683e+01   -1.977893e-24   1.227475e-02   4.906957e-24   13918460
  3.164935e+01   4.253212e-24   1.227481e-02   4.872996e-24   13839752
  3.169188e+01   -1.260652e-23   1.227673e-02   4.845675e-24   13762736
  3.173439e+01   -4.083266e-24   1.227147e-02   4.817472e-24   13677980
  3.177690e+01   1.082504e-23   1.226900e-02   4.788731e-24   13596196
  3.181940e+01   -1.252392e-23   1.226988e-02   4.761515e-24   13517736
  3.186190e+01   -1.530561e-23   1.226579e-02   4.737413e-24   13433184
  3.190440e+01   4.237463e-25   1.227449e-02   4.707811e-24   13362296
  3.194692e+01   -5.240737e-24   1.227398e-02   4.677984e-24   13281376
  3.198944e+01   -7.084442e-25   1.227645e-02   4.658091e-24   13203336
  3.203195e+01   -6.392927e-24   1.226687e-02   4.630398e-24   13113016
  3.207445e+01   -1.900447e-24   1.227094e-02   4.603424e-24   13036400
  3.211696e+01   9.326994e-25   1.226987e-02   4.581619e-24   12953648
  3.215948e+01   5.297151e-24   1.227674e-02   4.560342e-24   12879016
  3.220199e+01   9.739229e-25   1.227015e-02   4.539402e-24   12790124
  3.224451e+01   -8.682501e-25   1.227599e-02   4.508673e-24   12714152
  3.228701e+01   9.208368e-24   1.226430e-02   4.494423e-24   12619608
  3.232951e+01   -8.889683e-24   1.227473e-02   4.471644e-24   12547232
  3.237204e+01   2.508561e-24   1.228098e-02   4.449531e-24   12470568
  3.241455e+01   -4.929910e-24   1.226086e-02   4.429256e-24   12368136
  3.245705e+01   3.947167e-24   1.227647e-02   4.417101e-24   12300504
  3.249958e+01   1.544615e-24   1.227251e-02   4.391929e-24   12212172
  3.254209e+01   -3.939882e-24   1.227112e-02   4.374959e-24   12126228
  3.258459e+01   6.115303e-24   1.227235e-02   4.355966e-24   12043352
  3.262711e+01   1.144606e-23   1.227321e-02   4.340956e-24   11959896
  3.266960e+01   6.470810e-24   1.226107e-02   4.326062e-24   11863804
  3.271211e+01   -9.326607e-24   1.227575e-02   4.298547e-24   11792812
  3.275463e+01   -9.353751e-24   1.227439e-02   4.295080e-24   11705392
  3.279713e+01   3.810211e-24   1.226794e-02   4.272852e-24   11613836
  3.283965e+01   7.752315e-24   1.228215e-02   4.258375e-24   11541532
  3.288217e+01   -3.528705e-24   1.226539e-02   4.242285e-24   11440232
  3.292468e+01   -2.769359e-24   1.227538e-02   4.230710e-24   11363008
  3.296718e+01   -8.435488e-24   1.226652e-02   4.219064e-24   11267848
  3.300970e+01   3.154324e-24   1.227722e-02   4.204775e-24   11190640
  3.305222e+01   7.807718e-24   1.227423e-02   4.189200e-24   11101084
  3.309472e+01   -6.518514e-25   1.226241e-02   4.179176e-24   11003284
  3.313721e+01   1.366287e-24   1.227344e-02   4.167112e-24   10925424
  3.317973e+01   -2.038059e-25   1.227067e-02   4.146874e-24   10834724
  3.322224e+01   -4.825927e-24   1.227484e-02   4.138746e-24   10750156
  3.326475e+01   3.641191e-24   1.226635e-02   4.128153e-24   10655280
  3.330725e+01   4.208389e-24   1.226924e-02   4.115356e-24   10569120
  3.334975e+01   -4.222343e-24   1.226867e-02   4.110516e-24   10479672
  3.339228e+01   -2.516089e-24   1.228611e-02   4.093416e-24   10404504
  3.343481e+01   -5.800175e-25   1.227382e-02   4.083422e-24   10304108
  3.347732e+01   9.619587e-26   1.226797e-02   4.075920e-24   10209940
  3.351983e+01   -1.732953e-24   1.227575e-02   4.065992e-24   10126584
  3.356234e+01   -9.651559e-24   1.226442e-02   4.055760e-24   10027064
  3.360484e+01   -7.764619e-24   1.227492e-02   4.051023e-24   9945072
  3.364734e+01   -3.912225e-24   1.226340e-02   4.037832e-24   9844764
  3.368986e+01   5.044548e-24   1.228362e-02   4.030459e-24   9769940
  3.373238e+01   5.543836e-24   1.226688e-02   4.023173e-24   9666072
  3.377488e+01   1.740482e-24   1.227051e-02   4.018000e-24   9577112
  3.381739e+01   -8.759042e-25   1.227148e-02   3.997297e-24   9485848
  3.385991e+01   3.043725e-24   1.227527e-02   3.998215e-24   9396136
  3.390243e+01   2.364128e-24   1.227579e-02   3.994545e-24   9304408
  3.394493e+01   7.357395e-25   1.225842e-02   3.984873e-24   9199028
  3.398742e+01   4.768623e-24   1.227468e-02   3.981863e-24   9118288
  3.402993e+01   2.662789e-25   1.226747e-02   3.970156e-24   9019624
  3.407245e+01   5.865363e-24   1.228368e-02   3.967807e-24   8937420
  3.411497e+01   3.377963e-25   1.227061e-02   3.957801e-24   8835200
  3.415748e+01   -9.437292e-24   1.226739e-02   3.951058e-24   8739332
  3.419998e+01   2.860038e-24   1.227099e-02   3.945420e-24   8648112
  3.424250e+01   4.531589e-24   1.227159e-02   3.942152e-24   8553372
  3.428501e+01   -1.503240e-24   1.227728e-02   3.929285e-24   8461944
  3.432753e+01   -1.719648e-25   1.227227e-02   3.919111e-24   8363348
  3.437004e+01   6.468957e-24   1.227148e-02   3.917062e-24   8267792
  3.441254e+01   9.636272e-25   1.226640e-02   3.912057e-24   8169380
  3.445505e+01   1.221261e-23   1.227807e-02   3.898926e-24   8081008
  3.449756e+01   5.299808e-24   1.226310e-02   3.884230e-24   7975632
  3.454006e+01   -1.263944e-24   1.227841e-02   3.882538e-24   7889116
  3.458257e+01   -1.162611e-23   1.226405e-02   3.872300e-24   7784008
  3.462508e+01   -4.907995e-25   1.227484e-02   3.870716e-24   7693848
  3.466759e+01   -2.853203e-24   1.226805e-02   3.853739e-24   7592468
  3.471010e+01   -1.019646e-23   1.227572e-02   3.846065e-24   7499076
  3.475262e+01   4.107962e-24   1.227790e-02   3.833366e-24   7402880
  3.479514e+01   7.702320e-25   1.227043e-02   3.816421e-24   7300768
  3.483765e+01   -1.960185e-24   1.227061e-02   3.817895e-24   7203316
  3.488013e+01   4.697758e-24   1.225476e-02   3.792422e-24   7095724
  3.492265e+01   -8.835303e-25   1.229466e-02   3.786025e-24   7019608
  3.496518e+01   2.543498e-24   1.226138e-02   3.749942e-24   6901916
  3.500769e+01   1.753238e-24   1.227882e-02   3.759079e-24   6812952
  3.505019e+01   -2.757308e-24   1.226209e-02   3.727724e-24   6704548
  3.509270e+01   1.844154e-24   1.227587e-02   3.715347e-24   6612168
  3.513521e+01   -1.824310e-24   1.227039e-02   3.686542e-24   6508628
  3.517773e+01   2.479108e-24   1.227711e-02   3.661300e-24   6412072
  3.522024e+01   -3.333679e-24   1.226747e-02   3.624234e-24   6306660
  3.526274e+01   8.589914e-24   1.226997e-02   3.595010e-24   6207592
  3.530523e+01   -1.355803e-24   1.226489e-02   3.568794e-24   6103860
  3.534774e+01   -6.890562e-24   1.227430e-02   3.520936e-24   6007184
  3.539025e+01   -9.466070e-26   1.227513e-02   3.489608e-24   5905660
  3.543278e+01   -4.514951e-24   1.227664e-02   3.433104e-24   5805132
  3.547529e+01   -6.977925e-24   1.226925e-02   3.388068e-24   5700008
  3.551778e+01   4.308010e-25   1.226294e-02   3.316293e-24   5594856
  3.556030e+01   -1.626300e-24   1.228122e-02   3.259792e-24   5502341
  3.560283e+01   -5.430450e-24   1.227277e-02   3.215125e-24   5404852
  3.564533e+01   -2.818674e-24   1.226768e-02   3.165046e-24   5313930
  3.568784e+01   -6.242365e-24   1.227261e-02   3.136081e-24   5230396
  3.573035e+01   -1.948968e-24   1.226815e-02   3.098339e-24   5145158
  3.577285e+01   -7.010289e-24   1.227058e-02   3.051737e-24   5064506
  3.581538e+01   1.342960e-24   1.228142e-02   3.031633e-24   4989464
  3.585790e+01   8.197923e-25   1.226989e-02   3.002201e-24   4907486
  3.590041e+01   2.755152e-24   1.226982e-02   2.972878e-24   4831952
  3.594292e+01   7.137798e-24   1.226933e-02   2.944820e-24   4757392
  3.598543e+01   -3.220891e-24   1.227425e-02   2.920191e-24   4685902
  3.602794e+01   6.498413e-25   1.227136e-02   2.889631e-24   4612826
  3.607044e+01   -1.181585e-24   1.227059e-02   2.872532e-24   4542436
  3.611296e+01   -1.279554e-24   1.227508e-02   2.845428e-24   4475408
  3.615546e+01   7.468168e-25   1.226173e-02   2.824190e-24   4402686
  3.619797e+01   4.865431e-24   1.227689e-02   2.810674e-24   4340854
  3.624049e+01   4.800519e-24   1.227466e-02   2.786163e-24   4273862
  3.628301e+01   -1.755954e-24   1.227237e-02   2.771923e-24   4208538
  3.632551e+01   6.368678e-27   1.226532e-02   2.750288e-24   4142584
  3.636801e+01   -3.801740e-24   1.226978e-02   2.739261e-24   4081232
  3.641052e+01   -6.975482e-24   1.227225e-02   2.717425e-24   4019668
  3.645304e+01   4.887023e-24   1.228203e-02   2.700877e-24   3961416
  3.649557e+01   -1.685668e-24   1.227387e-02   2.688809e-24   3898848
  3.653807e+01   -3.808296e-24   1.226366e-02   2.671758e-24   3836718
  3.658056e+01   8.516546e-25   1.226607e-02   2.667014e-24   3779272
  3.662306e+01   4.598667e-24   1.226675e-02   2.649159e-24   3721434
  3.666558e+01   -2.057924e-24   1.228126e-02   2.634047e-24   3668198
  3.670811e+01   -2.747972e-24   1.227910e-02   2.626518e-24   3611346
  3.675062e+01   2.256466e-24   1.226582e-02   2.611486e-24   3552442
  3.679312e+01   -4.150845e-24   1.226935e-02   2.599755e-24   3498908
  3.683563e+01   -3.059938e-24   1.227192e-02   2.591469e-24   3445382
  3.687814e+01   -1.083384e-24   1.227356e-02   2.580957e-24   3392244
  3.692066e+01   -7.665628e-25   1.227344e-02   2.574358e-24   3339634
  3.696317e+01   2.620312e-25   1.226899e-02   2.562390e-24   3286752
  3.700566e+01   -4.617524e-24   1.226327e-02   2.559644e-24   3234180
  3.704816e+01   -6.314921e-25   1.226838e-02   2.550202e-24   3184556
  3.709068e+01   7.083381e-25   1.228145e-02   2.550070e-24   3137238
  3.713322e+01   -5.520570e-24   1.228151e-02   2.535426e-24   3087670
  3.717574e+01   -4.588039e-24   1.227426e-02   2.529877e-24   3037460
  3.721824e+01   -1.364238e-24   1.225819e-02   2.523524e-24   2985736
  3.726072e+01   -8.447527e-24   1.226565e-02   2.521229e-24   2939708
  3.730324e+01   -3.242752e-24   1.228621e-02   2.517678e-24   2897012
  3.734577e+01   -8.419193e-25   1.227048e-02   2.512443e-24   2846890
  3.738827e+01   -3.121188e-24   1.226277e-02   2.514085e-24   2799588
  3.743076e+01   -1.502185e-24   1.226558e-02   2.502858e-24   2754954
  3.747326e+01   -6.382550e-25   1.227308e-02   2.500762e-24   2711500
  3.751579e+01   4.294983e-24   1.228240e-02   2.499623e-24   2669006
  3.755830e+01   1.750513e-24   1.226335e-02   2.500946e-24   2621264
  3.760081e+01   -1.169097e-23   1.227565e-02   2.493335e-24   2580726
  3.764332e+01   1.971250e-24   1.226856e-02   2.494214e-24   2536470
  3.768582e+01   -1.558975e-24   1.226978e-02   2.490184e-24   2494370
  3.772834e+01   -6.279686e-25   1.227534e-02   2.489864e-24   2453556
  3.777086e+01   -3.992846e-24   1.228047e-02   2.496783e-24   2413246
  3.781339e+01   4.779027e-24   1.227197e-02   2.485684e-24   2370914
  3.785589e+01   -7.886578e-25   1.226887e-02   2.491458e-24   2330126
  3.789840e+01   -3.178486e-24   1.227428e-02   2.494739e-24   2291406
  3.794091e+01   -1.042488e-23   1.226463e-02   2.492368e-24   2250410
  3.798340e+01   6.845234e-25   1.226403e-02   2.501641e-24   2211486
  3.802590e+01   -1.113705e-23   1.227094e-02   2.493293e-24   2174194
  3.806841e+01   1.120602e-24   1.227271e-02   2.496367e-24   2136416
  3.811093e+01   2.234080e-24   1.227972e-02   2.506702e-24   2100070
  3.815344e+01   -1.638407e-24   1.226224e-02   2.508736e-24   2060026
  3.819594e+01   -1.007673e-24   1.227745e-02   2.512353e-24   2025910
  3.823846e+01   1.383282e-24   1.227012e-02   2.510911e-24   1988576
  3.828096e+01   4.147428e-24   1.226824e-02   2.522055e-24   1952610
  3.832347e+01   -5.095648e-25   1.226944e-02   2.525932e-24   1917470
  3.836597e+01   -2.248437e-24   1.226960e-02   2.533062e-24   1882484
  3.840848e+01   -5.640065e-24   1.227230e-02   2.536758e-24   1848262
  3.845101e+01   -2.089413e-24   1.228531e-02   2.543559e-24   1816024
  3.849355e+01   -9.763364e-24   1.227230e-02   2.545849e-24   1780418
  3.853605e+01   -3.223958e-24   1.226815e-02   2.563510e-24   1746576
  3.857856e+01   3.110830e-24   1.227451e-02   2.565351e-24   1714622
  3.862107e+01   -5.060140e-24   1.227068e-02   2.574994e-24   1681692
  3.866358e+01   3.939989e-24   1.226987e-02   2.580090e-24   1649574
  3.870606e+01   -1.258149e-25   1.225405e-02   2.594547e-24   1615788
  3.874855e+01   -7.665842e-24   1.227462e-02   2.597742e-24   1587064
  3.879108e+01   -3.116068e-24   1.227930e-02   2.608361e-24   1556598
  3.883360e+01   3.193059e-24   1.227389e-02   2.621477e-24   1525380
  3.887612e+01   -2.902812e-24   1.227468e-02   2.629388e-24   1495360
  3.891863e+01   -8.620427e-25   1.226450e-02   2.639411e-24   1464370
  3.896112e+01   3.329185e-24   1.227040e-02   2.653029e-24   1435656
  3.900363e+01   4.774753e-24   1.226801e-02   2.668727e-24   1406304
  3.904613e+01   2.368534e-24   1.226859e-02   2.677217e-24   1377628
  3.908864e+01   -6.117996e-24   1.227348e-02   2.691974e-24   1349744
  3.913115e+01   3.995336e-24   1.227337e-02   2.707170e-24   1321682
  3.917367e+01   4.753519e-24   1.227639e-02   2.721821e-24   1294376
  3.921619e+01   1.135772e-24   1.227256e-02   2.739286e-24   1266768
  3.925869e+01   7.686807e-26   1.226510e-02   2.750924e-24   1239172
  3.930118e+01   3.245283e-24   1.226095e-02   2.771246e-24   1212224
  3.934367e+01   -7.173129e-24   1.226955e-02   2.788257e-24   1186796
  3.938619e+01   -7.088758e-24   1.227613e-02   2.802675e-24   1161432
  3.942870e+01   -2.002431e-24   1.227171e-02   2.821430e-24   1135408
  3.947122e+01   -6.039364e-25   1.227296e-02   2.847998e-24   1110324
  3.951374e+01   5.684958e-24   1.227570e-02   2.862374e-24   1085680
  3.955625e+01   3.175137e-24   1.226737e-02   2.887516e-24   1060364
  3.959875e+01   1.092415e-24   1.227507e-02   2.906168e-24   1036736
  3.964128e+01   5.343561e-24   1.228225e-02   2.925849e-24   1013388
  3.968380e+01   3.405487e-24   1.226708e-02   2.948947e-24   988656
  3.972630e+01   -3.946877e-24   1.226695e-02   2.976033e-24   965530
  3.976879e+01   5.203732e-25   1.225942e-02   2.998212e-24   942100
  3.981127e+01   -7.390611e-24   1.226457e-02   3.017345e-24   919888
  3.985377e+01   -6.017877e-25   1.226597e-02   3.049119e-24   897628
  3.989627e+01   6.496915e-24   1.227002e-02   3.074483e-24   875856
  3.993878e+01   -3.858459e-24   1.227840e-02   3.105356e-24   854736
  3.998132e+01   5.144817e-24   1.228018e-02   3.136457e-24   833510
  4.002385e+01   -4.342514e-24   1.227248e-02   3.153922e-24   811976
  4.006635e+01   3.644144e-24   1.226626e-02   3.205889e-24   790844
  4.010884e+01   -1.679237e-24   1.226521e-02   3.221382e-24   770320
  4.015135e+01   -2.630694e-24   1.227665e-02   3.258433e-24   750838
  4.019387e+01   2.827636e-26   1.227491e-02   3.285399e-24   730864
  4.023638e+01   4.730182e-24   1.226816e-02   3.318844e-24   710984
  4.027888e+01   -8.730126e-24   1.226909e-02   3.353821e-24   691894
  4.032138e+01   -3.387775e-24   1.226442e-02   3.402766e-24   672776
  4.036388e+01   4.867528e-25   1.226826e-02   3.430085e-24   654372
  4.040638e+01   -4.683830e-24   1.226215e-02   3.472077e-24   635682
  4.044886e+01   -1.798653e-24   1.225955e-02   3.528618e-24   617460
  4.049134e+01   -5.718124e-25   1.226707e-02   3.555288e-24   600024
  4.053385e+01   -3.004002e-24   1.227362e-02   3.605649e-24   582830
  4.057638e+01   4.880258e-24   1.228135e-02   3.639773e-24   566000
  4.061890e+01   -3.150322e-24   1.226617e-02   3.701759e-24   548458
  4.066141e+01   -6.045495e-24   1.227047e-02   3.740026e-24   532084
  4.070391e+01   2.189987e-24   1.226296e-02   3.777529e-24   515440
  4.074640e+01   6.985586e-24   1.225813e-02   3.858697e-24   499174
  4.078887e+01   4.498517e-24   1.225821e-02   3.899829e-24   483368
  4.083136e+01   4.659860e-24   1.227023e-02   3.953814e-24   468270
  4.087389e+01   6.201763e-24   1.228696e-02   4.015238e-24   453568
  4.091643e+01   -5.252491e-24   1.227409e-02   4.072545e-24   438106
  4.095894e+01   -2.965333e-24   1.227469e-02   4.118457e-24   423508
  4.100145e+01   2.423261e-24   1.226141e-02   4.187047e-24   408754
  4.104393e+01   4.403324e-24   1.225820e-02   4.260566e-24   394612
  4.108642e+01   -6.193401e-24   1.225930e-02   4.351406e-24   380826
  4.112890e+01   -1.911834e-24   1.225454e-02   4.394711e-24   367086
  4.117139e+01   3.430303e-24   1.226090e-02   4.475591e-24   353904
  4.121389e+01   2.443173e-24   1.227137e-02   4.560630e-24   341046
  4.125641e+01   5.961089e-24   1.227131e-02   4.650741e-24   328144
  4.129892e+01   3.280537e-24   1.227396e-02   4.726422e-24   315598
  4.134144e+01   4.527855e-24   1.228177e-02   4.831950e-24   303466
  4.138397e+01   8.759886e-25   1.228223e-02   4.924353e-24   291456
  4.142650e+01   -8.834306e-24   1.227604e-02   5.013256e-24   279614
  4.146899e+01   -3.823527e-24   1.225106e-02   5.139785e-24   267680
  4.151144e+01   1.925652e-25   1.224457e-02   5.212611e-24   256438
  4.155391e+01   -8.492664e-24   1.224802e-02   5.327219e-24   245618
  4.159638e+01   4.012464e-24   1.223546e-02   5.453088e-24   234708
  4.163882e+01   -7.248408e-24   1.223171e-02   5.592471e-24   224210
  4.168126e+01   -5.948506e-24   1.223403e-02   5.702914e-24   214046
  4.172371e+01   -1.152410e-23   1.223949e-02   5.849059e-24   204152
  4.176619e+01   1.430828e-23   1.225107e-02   6.040375e-24   194558
  4.180866e+01   1.813805e-24   1.225135e-02   6.108295e-24   185018
  4.185115e+01   -5.638059e-24   1.226437e-02   6.263602e-24   175918
  4.189365e+01   -3.098660e-24   1.227339e-02   6.470417e-24   166992
  4.193617e+01   -6.047517e-24   1.228038e-02   6.615611e-24   158294
  4.197870e+01   4.943651e-24   1.228439e-02   6.786618e-24   149842
  4.202124e+01   -7.124144e-24   1.227461e-02   6.931013e-24   141530
  4.206372e+01   1.843127e-23   1.224204e-02   7.283648e-24   133284
  4.210617e+01   -6.404052e-24   1.222942e-02   7.416651e-24   125546
  4.214861e+01   1.060986e-24   1.220458e-02   7.671350e-24   117950
  4.219103e+01   1.977174e-24   1.219441e-02   7.866653e-24   110746
  4.223344e+01   -7.264453e-24   1.215920e-02   8.250126e-24   103572
  4.227581e+01   6.206051e-25   1.214429e-02   8.569965e-24   96818
  4.231818e+01   1.173322e-23   1.212533e-02   8.851723e-24   90262
  4.236054e+01   6.905042e-24   1.210927e-02   9.190628e-24   83970
  4.240287e+01   -5.488250e-24   1.207941e-02   9.611770e-24   77846
  4.244517e+01   -7.582628e-24   1.204821e-02   9.964655e-24   71984
  4.248745e+01   5.893453e-24   1.202292e-02   1.040403e-23   66398
  4.252973e+01   1.475490e-23   1.200147e-02   1.088150e-23   61058
  4.257200e+01   -9.598687e-24   1.198286e-02   1.123053e-23   55958
  4.261428e+01   -2.486364e-24   1.196279e-02   1.175874e-23   51082
  4.265654e+01   -8.061062e-24   1.192707e-02   1.232111e-23   46398
  4.269877e+01   -1.555051e-23   1.188372e-02   1.299652e-23   41954
  4.274096e+01   1.846018e-23   1.182018e-02   1.378912e-23   37718
  4.278311e+01   -1.283382e-23   1.175253e-02   1.453026e-23   33736
  4.282524e+01   8.586844e-24   1.169132e-02   1.538934e-23   30006
  4.286737e+01   -1.672735e-23   1.164907e-02   1.668993e-23   26522
  4.290955e+01   -1.125996e-24   1.162191e-02   1.758162e-23   23254
  4.295172e+01   -2.452950e-23   1.158330e-02   1.896907e-23   20178
  4.299391e+01   3.348750e-23   1.156315e-02   2.025378e-23   17342
  4.303612e+01   8.905391e-24   1.154632e-02   2.201366e-23   14714
  4.307837e+01   1.656519e-23   1.155162e-02   2.454821e-23   12310
  4.312059e+01   -4.483443e-24   1.152174e-02   2.689204e-23   10098
  4.316283e+01   2.800766e-23   1.151731e-02   3.040948e-23   8126
  4.320507e+01   3.001125e-24   1.151119e-02   3.411206e-23   6362
  4.324736e+01   -8.736463e-24   1.155455e-02   3.876860e-23   4822
  4.328956e+01   -6.317361e-23   1.148980e-02   4.725597e-23   3474
  4.333169e+01   -1.667989e-23   1.147690e-02   5.719731e-23   2366
  4.337376e+01   1.246145e-22   1.144014e-02   6.728843e-23   1466
  4.341590e+01   -2.838861e-22   1.170054e-02   8.977804e-23   790
  4.345704e+01   1.052247e-22   1.106884e-02   1.214235e-22   306
  4.349554e+01   -4.091153e-22   9.430857e-03   3.904354e-22   62
