# cross spectrum of phi(z1) and phi(z2)
# redshift z=0.697642
# k              Pk             sigma(k)       sigma(Pk)      count
  3.132125e-02   6.477767e-11   4.792454e-03   1.783245e-11   18
  6.745391e-02   2.983765e-11   1.159167e-02   2.981847e-12   152
  1.090113e-01   1.048706e-11   1.224347e-02   5.188987e-13   416
  1.497134e-01   4.755581e-12   1.165022e-02   1.870648e-13   770
  1.923472e-01   2.526440e-12   1.247860e-02   7.308525e-14   1364
  2.350444e-01   1.486916e-12   1.221820e-02   3.424919e-14   1976
  2.775930e-01   9.645805e-13   1.245022e-02   1.926641e-14   2792
  3.193857e-01   6.857195e-13   1.188722e-02   1.150403e-14   3578
  3.615292e-01   4.871191e-13   1.219808e-02   7.354736e-15   4724
  4.045273e-01   3.638859e-13   1.253838e-02   4.785117e-15   6032
  4.469941e-01   2.743619e-13   1.206640e-02   3.429038e-15   7072
  4.890810e-01   2.255820e-13   1.222555e-02   2.564058e-15   8634
  5.318886e-01   1.865849e-13   1.238102e-02   1.908791e-15   10336
  5.746708e-01   1.500430e-13   1.232804e-02   1.440231e-15   11940
  6.167490e-01   1.255884e-13   1.208586e-02   1.136176e-15   13490
  6.588740e-01   1.078281e-13   1.221778e-02   9.377964e-16   15656
  7.016595e-01   9.323765e-14   1.241043e-02   7.417505e-16   18008
  7.443680e-01   8.081114e-14   1.227786e-02   6.226046e-16   19964
  7.867827e-01   6.878758e-14   1.226437e-02   4.993838e-16   22354
  8.291404e-01   6.117836e-14   1.212327e-02   4.267469e-16   24648
  8.716536e-01   5.356870e-14   1.233244e-02   3.613912e-16   27592
  9.142068e-01   4.729397e-14   1.230127e-02   3.054907e-16   30152
  9.566749e-01   4.190091e-14   1.227622e-02   2.629051e-16   33046
  9.991233e-01   3.671968e-14   1.221538e-02   2.252969e-16   35992
  1.041693e+00   3.388805e-14   1.229906e-02   2.006995e-16   39304
  1.084289e+00   2.948509e-14   1.232858e-02   1.708751e-16   42608
  1.126820e+00   2.709633e-14   1.223307e-02   1.537676e-16   45758
  1.169340e+00   2.449839e-14   1.228914e-02   1.354855e-16   49536
  1.211695e+00   2.199790e-14   1.215683e-02   1.203554e-16   52488
  1.254054e+00   1.999536e-14   1.233851e-02   1.067444e-16   57034
  1.296605e+00   1.790008e-14   1.224458e-02   9.507862e-17   60648
  1.339187e+00   1.634881e-14   1.230532e-02   8.570875e-17   65044
  1.381689e+00   1.470186e-14   1.223104e-02   7.606299e-17   68720
  1.424202e+00   1.326012e-14   1.231312e-02   6.847855e-17   73538
  1.466870e+00   1.234103e-14   1.230776e-02   6.290605e-17   78080
  1.509304e+00   1.102760e-14   1.215944e-02   5.651895e-17   81572
  1.551677e+00   1.010265e-14   1.232495e-02   5.167037e-17   87248
  1.594353e+00   9.192789e-15   1.233837e-02   4.665106e-17   92266
  1.636929e+00   8.372486e-15   1.225268e-02   4.267309e-17   96696
  1.679216e+00   7.731246e-15   1.215041e-02   3.974182e-17   100904
  1.721516e+00   7.030372e-15   1.226207e-02   3.595181e-17   107036
  1.764192e+00   6.433534e-15   1.235795e-02   3.309653e-17   113362
  1.806923e+00   5.862047e-15   1.228837e-02   3.042554e-17   118176
  1.849351e+00   5.332690e-15   1.221864e-02   2.816196e-17   122944
  1.891857e+00   4.899625e-15   1.233203e-02   2.576682e-17   129902
  1.934420e+00   4.482398e-15   1.224691e-02   2.430558e-17   134944
  1.976863e+00   4.118900e-15   1.225992e-02   2.240680e-17   140952
  2.019285e+00   3.765722e-15   1.225865e-02   2.081798e-17   147072
  2.061737e+00   3.389675e-15   1.224320e-02   1.920744e-17   153382
  2.104357e+00   3.149140e-15   1.233049e-02   1.795621e-17   160952
  2.147003e+00   2.802708e-15   1.228118e-02   1.656026e-17   166640
  2.189431e+00   2.598645e-15   1.222861e-02   1.560880e-17   172448
  2.231915e+00   2.341539e-15   1.231031e-02   1.450042e-17   180594
  2.274471e+00   2.215416e-15   1.224284e-02   1.370608e-17   186556
  2.316888e+00   1.964965e-15   1.225358e-02   1.273282e-17   193528
  2.359297e+00   1.797369e-15   1.224273e-02   1.204472e-17   200626
  2.401844e+00   1.655015e-15   1.230642e-02   1.118783e-17   209256
  2.444460e+00   1.508251e-15   1.227865e-02   1.059507e-17   216020
  2.487004e+00   1.373221e-15   1.230299e-02   9.962873e-18   223768
  2.529444e+00   1.256149e-15   1.222313e-02   9.399136e-18   230234
  2.571955e+00   1.128247e-15   1.229969e-02   8.787856e-18   239800
  2.614499e+00   1.045527e-15   1.225221e-02   8.352157e-18   246568
  2.656957e+00   9.495960e-16   1.227331e-02   7.888608e-18   254828
  2.699414e+00   8.611972e-16   1.225769e-02   7.419559e-18   263074
  2.741981e+00   7.806662e-16   1.228604e-02   7.011559e-18   272312
  2.784554e+00   7.050511e-16   1.228079e-02   6.641897e-18   280376
  2.827093e+00   6.621958e-16   1.228600e-02   6.300008e-18   288884
  2.869605e+00   5.746900e-16   1.227401e-02   5.999299e-18   297602
  2.912071e+00   5.184740e-16   1.223046e-02   5.655588e-18   305520
  2.954561e+00   4.714223e-16   1.230079e-02   5.395459e-18   315976
  2.996984e+00   4.414881e-16   1.221089e-02   5.136679e-18   322778
  3.039488e+00   3.968032e-16   1.232008e-02   4.858968e-18   335372
  3.082114e+00   3.719131e-16   1.227327e-02   4.629954e-18   343464
  3.124654e+00   3.375236e-16   1.228282e-02   4.429712e-18   352912
  3.167174e+00   2.967943e-16   1.228199e-02   4.197586e-18   362666
  3.209689e+00   2.645995e-16   1.225476e-02   4.003583e-18   371884
  3.252186e+00   2.385250e-16   1.227971e-02   3.811713e-18   382280
  3.294633e+00   2.173534e-16   1.224302e-02   3.639139e-18   390888
  3.337059e+00   1.998046e-16   1.226867e-02   3.465029e-18   402234
  3.379565e+00   1.749185e-16   1.225933e-02   3.299664e-18   412576
  3.422105e+00   1.603874e-16   1.228715e-02   3.137212e-18   423732
  3.464636e+00   1.493021e-16   1.227257e-02   3.002972e-18   433624
  3.507180e+00   1.328854e-16   1.228881e-02   2.864712e-18   445154
  3.549739e+00   1.240134e-16   1.227656e-02   2.741350e-18   455584
  3.592238e+00   1.069343e-16   1.225887e-02   2.633971e-18   465588
  3.634685e+00   1.030054e-16   1.226065e-02   2.520992e-18   476762
  3.677219e+00   8.784570e-17   1.229242e-02   2.403092e-18   489552
  3.719789e+00   8.446779e-17   1.227853e-02   2.293952e-18   500328
  3.762251e+00   7.023782e-17   1.223705e-02   2.210347e-18   509852
  3.804741e+00   6.811326e-17   1.229735e-02   2.108982e-18   524234
  3.847275e+00   5.938470e-17   1.224781e-02   2.030907e-18   534104
  3.889779e+00   4.863953e-17   1.228211e-02   1.938066e-18   547048
  3.932320e+00   4.423544e-17   1.229545e-02   1.852355e-18   559328
  3.974872e+00   3.880269e-17   1.228346e-02   1.778024e-18   571326
  4.017355e+00   4.460815e-17   1.224147e-02   1.712261e-18   581920
  4.059804e+00   3.235838e-17   1.225835e-02   1.642329e-18   594832
  4.102282e+00   3.100712e-17   1.227222e-02   1.574695e-18   608048
  4.144825e+00   3.257115e-17   1.228101e-02   1.518074e-18   621526
  4.187356e+00   2.786255e-17   1.226445e-02   1.455481e-18   633240
  4.229822e+00   2.278500e-17   1.225981e-02   1.400216e-18   645472
  4.272346e+00   2.659898e-17   1.230137e-02   1.341566e-18   660906
  4.314903e+00   1.840655e-17   1.227030e-02   1.295174e-18   672856
  4.357425e+00   1.497044e-17   1.226838e-02   1.247626e-18   685980
  4.399921e+00   1.647473e-17   1.227191e-02   1.199325e-18   699256
  4.442476e+00   1.348243e-17   1.229990e-02   1.153897e-18   714730
  4.484986e+00   1.723580e-17   1.223739e-02   1.111681e-18   725152
  4.527452e+00   1.294302e-17   1.227054e-02   1.071878e-18   740420
  4.569941e+00   1.216674e-17   1.227636e-02   1.030688e-18   754312
  4.612456e+00   1.138964e-17   1.227959e-02   9.936777e-19   769114
  4.654996e+00   1.147159e-17   1.227684e-02   9.574296e-19   783488
  4.697459e+00   1.002255e-17   1.223560e-02   9.238958e-19   794968
  4.739925e+00   9.354416e-18   1.228043e-02   8.898819e-19   812366
  4.782438e+00   8.115561e-18   1.226054e-02   8.596830e-19   825976
  4.825000e+00   9.556857e-18   1.230088e-02   8.267787e-19   843352
  4.867591e+00   8.239186e-18   1.229290e-02   7.959347e-19   857280
  4.910094e+00   6.511025e-18   1.225276e-02   7.701632e-19   869542
  4.952587e+00   6.220181e-18   1.228301e-02   7.437852e-19   887128
  4.995087e+00   5.724014e-18   1.225266e-02   7.194851e-19   900032
  5.037553e+00   6.640237e-18   1.226951e-02   6.945407e-19   916560
  5.080018e+00   5.948961e-18   1.224713e-02   6.708391e-19   930922
  5.122540e+00   4.899777e-18   1.228718e-02   6.478027e-19   949844
  5.165149e+00   5.122200e-18   1.230776e-02   6.241918e-19   966736
  5.207698e+00   4.735544e-18   1.226328e-02   6.077304e-19   978776
  5.250149e+00   3.933067e-18   1.225655e-02   5.857692e-19   994522
  5.292642e+00   5.407175e-18   1.227563e-02   5.658713e-19   1012420
  5.335176e+00   5.627417e-18   1.228639e-02   5.460114e-19   1029408
  5.377640e+00   5.606385e-18   1.223362e-02   5.294120e-19   1041658
  5.420127e+00   5.571440e-18   1.228953e-02   5.109012e-19   1063520
  5.462635e+00   3.875543e-18   1.224276e-02   4.963561e-19   1075808
  5.505175e+00   4.291732e-18   1.232008e-02   4.783513e-19   1098956
  5.547712e+00   4.466196e-18   1.224668e-02   4.637333e-19   1109810
  5.590179e+00   4.307208e-18   1.226115e-02   4.503910e-19   1128608
  5.632713e+00   3.974358e-18   1.229436e-02   4.354613e-19   1148264
  5.675250e+00   3.266474e-18   1.227167e-02   4.221565e-19   1163252
  5.717744e+00   4.446852e-18   1.226828e-02   4.101300e-19   1181042
  5.760239e+00   3.937554e-18   1.225730e-02   3.968410e-19   1197848
  5.802769e+00   4.388588e-18   1.229495e-02   3.845171e-19   1218848
  5.845291e+00   2.742390e-18   1.225944e-02   3.716756e-19   1232916
  5.887780e+00   3.161662e-18   1.227538e-02   3.607696e-19   1253002
  5.930266e+00   3.457298e-18   1.224914e-02   3.501458e-19   1268576
  5.972763e+00   3.340104e-18   1.228621e-02   3.391663e-19   1290128
  6.015287e+00   3.280012e-18   1.227337e-02   3.290276e-19   1307402
  6.057820e+00   3.006280e-18   1.227649e-02   3.197723e-19   1327028
  6.100333e+00   3.389609e-18   1.225988e-02   3.104010e-19   1343648
  6.142842e+00   3.548084e-18   1.228087e-02   3.010025e-19   1364096
  6.185363e+00   2.882700e-18   1.227580e-02   2.926167e-19   1382730
  6.227896e+00   2.417503e-18   1.227503e-02   2.839749e-19   1402164
  6.270416e+00   3.341586e-18   1.227264e-02   2.759566e-19   1420464
  6.312883e+00   2.264381e-18   1.225519e-02   2.674941e-19   1437368
  6.355387e+00   2.234403e-18   1.228857e-02   2.595238e-19   1461530
  6.397919e+00   1.961890e-18   1.226028e-02   2.524828e-19   1478264
  6.440432e+00   2.436658e-18   1.227561e-02   2.458015e-19   1499356
  6.482926e+00   2.874244e-18   1.226095e-02   2.383364e-19   1517016
  6.525439e+00   2.311007e-18   1.228340e-02   2.318216e-19   1540090
  6.567953e+00   1.924820e-18   1.226146e-02   2.250224e-19   1557360
  6.610434e+00   2.402852e-18   1.226770e-02   2.185738e-19   1577780
  6.652969e+00   2.384835e-18   1.230043e-02   2.126991e-19   1602578
  6.695499e+00   1.992126e-18   1.225417e-02   2.065848e-19   1617672
  6.737992e+00   1.786232e-18   1.227613e-02   2.009372e-19   1641016
  6.780486e+00   2.210187e-18   1.226032e-02   1.959364e-19   1659416
  6.822983e+00   1.727581e-18   1.227372e-02   1.901738e-19   1682670
  6.865529e+00   1.668011e-18   1.228276e-02   1.848876e-19   1705256
  6.908096e+00   1.387991e-18   1.228756e-02   1.801314e-19   1726312
  6.950582e+00   1.583154e-18   1.225056e-02   1.754181e-19   1741880
  6.993044e+00   1.748965e-18   1.226862e-02   1.706456e-19   1766454
  7.035588e+00   1.824212e-18   1.229242e-02   1.660372e-19   1791784
  7.078111e+00   1.096933e-18   1.225558e-02   1.619443e-19   1807712
  7.120554e+00   1.521774e-18   1.225110e-02   1.575671e-19   1829002
  7.163037e+00   1.390904e-18   1.226905e-02   1.531428e-19   1854216
  7.205602e+00   1.252553e-18   1.229852e-02   1.490282e-19   1880156
  7.248150e+00   1.053634e-18   1.227340e-02   1.452224e-19   1897568
  7.290651e+00   1.280489e-18   1.227390e-02   1.417911e-19   1920458
  7.333153e+00   1.320858e-18   1.226399e-02   1.381650e-19   1942208
  7.375659e+00   1.010292e-18   1.227125e-02   1.345343e-19   1965612
  7.418175e+00   1.022315e-18   1.227855e-02   1.309110e-19   1989000
  7.460671e+00   9.934535e-19   1.225786e-02   1.277733e-19   2009114
  7.503166e+00   1.136605e-18   1.226960e-02   1.245231e-19   2034464
  7.545695e+00   1.098109e-18   1.228070e-02   1.213193e-19   2058476
  7.588207e+00   6.430021e-19   1.227216e-02   1.184921e-19   2079648
  7.630693e+00   5.350916e-19   1.226356e-02   1.154102e-19   2102578
  7.673222e+00   7.545597e-19   1.228297e-02   1.121657e-19   2129928
  7.715766e+00   7.973774e-19   1.227893e-02   1.096483e-19   2152096
  7.758252e+00   6.766322e-19   1.225143e-02   1.069661e-19   2171142
  7.800741e+00   3.697783e-19   1.227660e-02   1.042631e-19   2200248
  7.843296e+00   7.038289e-19   1.228407e-02   1.014857e-19   2225216
  7.885842e+00   6.869508e-19   1.228377e-02   9.900964e-20   2248448
  7.928336e+00   1.816069e-19   1.225709e-02   9.676407e-20   2267942
  7.970840e+00   6.395334e-19   1.228420e-02   9.443317e-20   2298072
  8.013348e+00   3.843399e-19   1.225627e-02   9.213400e-20   2317272
  8.055842e+00   2.631481e-19   1.227899e-02   8.982006e-20   2345808
  8.098322e+00   8.818757e-20   1.224988e-02   8.786746e-20   2365650
  8.140823e+00   5.411703e-19   1.227972e-02   8.572872e-20   2396940
  8.183368e+00   3.791729e-19   1.227975e-02   8.356770e-20   2421272
  8.225892e+00   3.424466e-19   1.227360e-02   8.188573e-20   2444576
  8.268407e+00   2.628866e-19   1.227899e-02   7.980559e-20   2471490
  8.310912e+00   8.389064e-20   1.225942e-02   7.802226e-20   2493180
  8.353397e+00   2.180168e-19   1.227208e-02   7.600116e-20   2520952
  8.395888e+00   1.304034e-19   1.226128e-02   7.426538e-20   2544946
  8.438392e+00   2.637385e-19   1.227324e-02   7.253794e-20   2573856
  8.480922e+00   3.590197e-19   1.227611e-02   7.085499e-20   2600016
  8.523447e+00   1.608745e-19   1.227641e-02   6.923043e-20   2625484
  8.565959e+00   1.934762e-19   1.227232e-02   6.757559e-20   2651122
  8.608519e+00   2.517875e-19   1.229739e-02   6.606090e-20   2683488
  8.651014e+00   2.248953e-19   1.223786e-02   6.471052e-20   2696352
  8.693483e+00   2.036848e-19   1.228468e-02   6.291424e-20   2733020
  8.736008e+00   1.246030e-19   1.227012e-02   6.163904e-20   2757378
  8.778525e+00   1.791929e-19   1.227177e-02   6.031193e-20   2784864
  8.821036e+00   2.484278e-19   1.227124e-02   5.887860e-20   2811168
  8.863496e+00   2.595728e-19   1.224424e-02   5.767596e-20   2832274
  8.906020e+00   2.607846e-19   1.230244e-02   5.631518e-20   2873636
  8.948567e+00   2.536654e-19   1.225951e-02   5.506106e-20   2890496
  8.991066e+00   1.970911e-19   1.227940e-02   5.376735e-20   2921800
  9.033598e+00   4.351445e-19   1.228441e-02   5.264061e-20   2951298
  9.076126e+00   2.112478e-19   1.226510e-02   5.140484e-20   2975476
  9.118654e+00   1.847715e-19   1.228550e-02   5.029766e-20   3007728
  9.161142e+00   2.452947e-19   1.224754e-02   4.929367e-20   3025776
  9.203640e+00   3.342194e-19   1.229182e-02   4.806281e-20   3065762
  9.246160e+00   2.359461e-19   1.225283e-02   4.713861e-20   3084856
  9.288649e+00   1.513216e-19   1.227594e-02   4.608657e-20   3118044
  9.331129e+00   2.097326e-19   1.225728e-02   4.506835e-20   3141352
  9.373640e+00   1.424452e-19   1.228814e-02   4.405659e-20   3179274
  9.416185e+00   1.348921e-19   1.227073e-02   4.315403e-20   3204120
  9.458671e+00   1.437502e-19   1.225444e-02   4.225441e-20   3227900
  9.501151e+00   2.033483e-19   1.227489e-02   4.136026e-20   3262394
  9.543701e+00   9.403310e-20   1.228726e-02   4.032027e-20   3295680
  9.586236e+00   1.088429e-19   1.226866e-02   3.958676e-20   3319560
  9.628737e+00   1.642508e-19   1.227228e-02   3.871059e-20   3348972
  9.671240e+00   1.548856e-19   1.227416e-02   3.798347e-20   3379722
  9.713763e+00   2.196613e-19   1.227339e-02   3.711364e-20   3410720
  9.756299e+00   5.431318e-20   1.227807e-02   3.636547e-20   3441504
  9.798787e+00   2.274498e-19   1.225320e-02   3.563207e-20   3463624
  9.841266e+00   1.225687e-19   1.227217e-02   3.486428e-20   3499790
  9.883803e+00   9.007460e-20   1.228281e-02   3.414971e-20   3533560
  9.926350e+00   9.956873e-20   1.227932e-02   3.346394e-20   3561920
  9.968836e+00   8.136468e-20   1.225683e-02   3.279197e-20   3585208
  1.001132e+01   1.847804e-19   1.227674e-02   3.204470e-20   3622518
  1.005387e+01   9.656658e-20   1.228938e-02   3.139138e-20   3657584
  1.009637e+01   4.428381e-20   1.225003e-02   3.079057e-20   3676440
  1.013883e+01   9.417843e-20   1.226093e-02   3.017050e-20   3711282
  1.018134e+01   1.134490e-19   1.227505e-02   2.950289e-20   3747696
  1.022386e+01   6.844363e-20   1.226890e-02   2.892858e-20   3776188
  1.026640e+01   4.670193e-20   1.229793e-02   2.829794e-20   3815304
  1.030893e+01   1.589902e-20   1.225864e-02   2.775893e-20   3835370
  1.035143e+01   6.409921e-20   1.227570e-02   2.716565e-20   3873424
  1.039395e+01   6.845863e-20   1.227191e-02   2.666582e-20   3903420
  1.043647e+01   9.654639e-20   1.228014e-02   2.609754e-20   3937624
  1.047898e+01   9.915031e-20   1.226404e-02   2.562030e-20   3965658
  1.052150e+01   7.549650e-20   1.227921e-02   2.509959e-20   4002984
  1.056400e+01   7.272920e-20   1.226054e-02   2.461550e-20   4027928
  1.060647e+01   9.000454e-20   1.225976e-02   2.410492e-20   4059844
  1.064896e+01   1.348809e-19   1.227978e-02   2.363988e-20   4100338
  1.069151e+01   2.278208e-20   1.227651e-02   2.314635e-20   4132264
  1.073403e+01   1.111114e-19   1.227390e-02   2.266821e-20   4163216
  1.077652e+01   6.837427e-20   1.226459e-02   2.224254e-20   4193350
  1.081904e+01   6.388251e-20   1.228427e-02   2.178574e-20   4234456
  1.086156e+01   1.017977e-19   1.225632e-02   2.142385e-20   4257264
  1.090405e+01   4.500537e-20   1.227910e-02   2.092701e-20   4297352
  1.094656e+01   1.374011e-20   1.226998e-02   2.058382e-20   4328642
  1.098909e+01   5.583855e-20   1.228265e-02   2.017028e-20   4367948
  1.103158e+01   6.553814e-20   1.224720e-02   1.978360e-20   4388384
  1.107408e+01   8.334841e-20   1.228899e-02   1.940158e-20   4436648
  1.111661e+01   8.392045e-20   1.227199e-02   1.903070e-20   4465658
  1.115915e+01   1.186119e-19   1.227871e-02   1.868608e-20   4502948
  1.120165e+01   5.213004e-20   1.225915e-02   1.833046e-20   4528880
  1.124413e+01   5.415005e-20   1.226872e-02   1.796105e-20   4566290
  1.128665e+01   7.243623e-20   1.228262e-02   1.759791e-20   4606856
  1.132917e+01   3.659284e-20   1.226621e-02   1.727792e-20   4635380
  1.137166e+01   8.883913e-20   1.226853e-02   1.694947e-20   4670384
  1.141417e+01   6.315048e-20   1.227665e-02   1.663707e-20   4709258
  1.145672e+01   5.632356e-20   1.228130e-02   1.631667e-20   4747352
  1.149922e+01   6.244492e-20   1.225462e-02   1.601993e-20   4771664
  1.154171e+01   3.622242e-20   1.227440e-02   1.572664e-20   4813532
  1.158423e+01   3.106007e-20   1.228175e-02   1.539212e-20   4852322
  1.162677e+01   6.073337e-20   1.227605e-02   1.512993e-20   4886480
  1.166928e+01   9.671083e-20   1.226516e-02   1.484950e-20   4917248
  1.171175e+01   3.823143e-20   1.226039e-02   1.457520e-20   4950828
  1.175428e+01   5.742124e-20   1.229115e-02   1.429811e-20   5000170
  1.179682e+01   3.128152e-20   1.226743e-02   1.404470e-20   5026952
  1.183930e+01   4.671187e-20   1.225870e-02   1.379894e-20   5058752
  1.188178e+01   3.661594e-20   1.227096e-02   1.352317e-20   5100722
  1.192431e+01   5.668022e-20   1.227592e-02   1.327232e-20   5140124
  1.196682e+01   7.026318e-20   1.227175e-02   1.303323e-20   5174072
  1.200934e+01   6.530138e-20   1.227571e-02   1.279588e-20   5211608
  1.205185e+01   4.898668e-20   1.227167e-02   1.256580e-20   5247794
  1.209436e+01   6.970408e-20   1.226763e-02   1.234800e-20   5284196
  1.213689e+01   5.272325e-20   1.228663e-02   1.212468e-20   5328800
  1.217939e+01   2.588657e-20   1.225244e-02   1.190166e-20   5350872
  1.222188e+01   3.052651e-20   1.227843e-02   1.165897e-20   5400634
  1.226439e+01   2.467474e-20   1.226116e-02   1.147600e-20   5430968
  1.230690e+01   2.278822e-20   1.228074e-02   1.126023e-20   5475908
  1.234942e+01   5.926703e-20   1.227341e-02   1.107182e-20   5510016
  1.239194e+01   4.323133e-20   1.227878e-02   1.085707e-20   5552114
  1.243448e+01   6.606889e-20   1.227536e-02   1.067167e-20   5588944
  1.247700e+01   4.737962e-20   1.227081e-02   1.048315e-20   5623828
  1.251949e+01   3.946561e-20   1.226652e-02   1.030625e-20   5660722
  1.256199e+01   3.326191e-20   1.226569e-02   1.012184e-20   5699896
  1.260450e+01   3.365135e-20   1.227587e-02   9.926191e-21   5741936
  1.264701e+01   3.201637e-20   1.227604e-02   9.761972e-21   5779568
  1.268952e+01   7.290583e-20   1.227056e-02   9.596595e-21   5817222
  1.273202e+01   3.375299e-20   1.226405e-02   9.414266e-21   5854600
  1.277454e+01   3.726795e-20   1.227916e-02   9.244220e-21   5900040
  1.281705e+01   3.046339e-20   1.226601e-02   9.098577e-21   5931976
  1.285956e+01   3.023317e-20   1.228040e-02   8.920429e-21   5979390
  1.290207e+01   3.895235e-20   1.226129e-02   8.777953e-21   6010200
  1.294458e+01   3.937738e-20   1.227731e-02   8.627419e-21   6056496
  1.298708e+01   3.161887e-20   1.226484e-02   8.473965e-21   6089504
  1.302958e+01   4.066821e-20   1.227756e-02   8.327561e-21   6137114
  1.307210e+01   3.758730e-20   1.226880e-02   8.180248e-21   6173332
  1.311461e+01   1.937076e-20   1.227153e-02   8.040262e-21   6214128
  1.315711e+01   1.756611e-20   1.226922e-02   7.890372e-21   6253874
  1.319964e+01   2.465675e-21   1.227851e-02   7.764905e-21   6300104
  1.324216e+01   4.679191e-21   1.226546e-02   7.632413e-21   6332612
  1.328467e+01   1.520086e-20   1.228096e-02   7.490263e-21   6379768
  1.332719e+01   1.455784e-20   1.227439e-02   7.369717e-21   6418218
  1.336971e+01   1.931571e-20   1.227344e-02   7.249307e-21   6459880
  1.341221e+01   1.859141e-20   1.226446e-02   7.128424e-21   6495652
  1.345472e+01   4.107296e-21   1.228092e-02   7.006486e-21   6545296
  1.349724e+01   -1.216811e-21   1.226891e-02   6.877910e-21   6581570
  1.353974e+01   3.843313e-20   1.226098e-02   6.770817e-21   6618960
  1.358222e+01   2.608757e-22   1.226863e-02   6.652947e-21   6663352
  1.362471e+01   6.387502e-21   1.226151e-02   6.545675e-21   6701334
  1.366724e+01   -7.145698e-21   1.229005e-02   6.428783e-21   6759920
  1.370978e+01   1.252847e-20   1.226871e-02   6.332017e-21   6789696
  1.375229e+01   2.186827e-20   1.227982e-02   6.217695e-21   6837208
  1.379481e+01   1.177784e-20   1.226997e-02   6.107885e-21   6874966
  1.383733e+01   5.342817e-23   1.227445e-02   6.013411e-21   6920864
  1.387984e+01   1.074898e-21   1.226703e-02   5.906825e-21   6957816
  1.392234e+01   1.231648e-20   1.227258e-02   5.809818e-21   7002232
  1.396483e+01   6.973831e-21   1.226616e-02   5.722027e-21   7043114
  1.400736e+01   1.077569e-20   1.228161e-02   5.616970e-21   7096020
  1.404988e+01   -8.192210e-21   1.226958e-02   5.528681e-21   7130640
  1.409239e+01   -1.759725e-21   1.227310e-02   5.435640e-21   7175472
  1.413489e+01   1.031299e-20   1.226899e-02   5.348575e-21   7217786
  1.417741e+01   1.172658e-20   1.227600e-02   5.262551e-21   7265564
  1.421992e+01   1.740312e-20   1.226528e-02   5.170137e-21   7301288
  1.426240e+01   5.413649e-21   1.226550e-02   5.087722e-21   7345330
  1.430491e+01   2.467731e-21   1.227621e-02   5.003376e-21   7397048
  1.434743e+01   1.172653e-20   1.226815e-02   4.922441e-21   7435920
  1.438994e+01   2.156598e-20   1.227688e-02   4.840779e-21   7484140
  1.443245e+01   1.731106e-20   1.227057e-02   4.763769e-21   7525578
  1.447497e+01   1.417130e-20   1.227007e-02   4.683081e-21   7571376
  1.451748e+01   1.423130e-20   1.227392e-02   4.603018e-21   7617064
  1.456001e+01   2.618944e-20   1.227782e-02   4.531282e-21   7662092
  1.460251e+01   2.444432e-20   1.226530e-02   4.462900e-21   7699658
  1.464502e+01   2.411787e-20   1.227578e-02   4.389841e-21   7752416
  1.468755e+01   2.952778e-20   1.227763e-02   4.319318e-21   7797776
  1.473004e+01   1.375701e-20   1.226070e-02   4.253684e-21   7831720
  1.477255e+01   2.392579e-20   1.227889e-02   4.178119e-21   7889926
  1.481507e+01   2.907792e-20   1.227192e-02   4.110791e-21   7931480
  1.485759e+01   1.848674e-20   1.227300e-02   4.048909e-21   7976688
  1.490006e+01   2.281651e-20   1.225048e-02   3.988958e-21   8007786
  1.494256e+01   2.291340e-20   1.228133e-02   3.919128e-21   8074564
  1.498510e+01   1.471256e-20   1.228034e-02   3.854677e-21   8118904
  1.502762e+01   9.991105e-21   1.226783e-02   3.794580e-21   8155824
  1.507013e+01   1.674185e-20   1.228256e-02   3.737381e-21   8212802
  1.511265e+01   1.509770e-20   1.226047e-02   3.680228e-21   8245268
  1.515516e+01   1.911435e-20   1.228702e-02   3.620594e-21   8308816
  1.519769e+01   2.982028e-20   1.226520e-02   3.563752e-21   8340304
  1.524017e+01   2.104720e-20   1.226489e-02   3.507035e-21   8387738
  1.528267e+01   1.813361e-20   1.226883e-02   3.454216e-21   8437624
  1.532518e+01   1.706502e-20   1.227531e-02   3.392776e-21   8487796
  1.536768e+01   1.548190e-20   1.226572e-02   3.346653e-21   8527936
  1.541020e+01   3.907758e-21   1.227764e-02   3.287951e-21   8585122
  1.545272e+01   1.359824e-20   1.227170e-02   3.240725e-21   8628200
  1.549524e+01   1.646466e-20   1.227868e-02   3.186796e-21   8679484
  1.553776e+01   1.426950e-20   1.226928e-02   3.140910e-21   8721466
  1.558025e+01   9.934865e-21   1.226318e-02   3.092841e-21   8765840
  1.562277e+01   2.092328e-20   1.228142e-02   3.038635e-21   8825136
  1.566528e+01   1.833509e-20   1.226701e-02   2.995975e-21   8861768
  1.570779e+01   2.148742e-20   1.227728e-02   2.948200e-21   8919278
  1.575031e+01   1.681266e-20   1.226638e-02   2.905546e-21   8961008
  1.579282e+01   2.113566e-20   1.227512e-02   2.856847e-21   9014456
  1.583534e+01   1.982185e-20   1.227527e-02   2.814825e-21   9062240
  1.587786e+01   1.571951e-20   1.227311e-02   2.774269e-21   9110510
  1.592036e+01   8.330384e-21   1.226582e-02   2.731630e-21   9154048
  1.596285e+01   1.776636e-20   1.226281e-02   2.689438e-21   9198928
  1.600534e+01   6.856096e-21   1.227531e-02   2.646329e-21   9257194
  1.604787e+01   1.180242e-20   1.227745e-02   2.603129e-21   9310168
  1.609038e+01   1.255918e-20   1.226530e-02   2.568768e-21   9350316
  1.613289e+01   1.040838e-20   1.227684e-02   2.527034e-21   9407120
  1.617541e+01   9.945501e-21   1.227300e-02   2.487015e-21   9454642
  1.621793e+01   1.448863e-20   1.227362e-02   2.451048e-21   9506272
  1.626044e+01   1.574727e-20   1.226942e-02   2.412346e-21   9551228
  1.630294e+01   9.732524e-21   1.227038e-02   2.378038e-21   9600264
  1.634544e+01   1.305450e-20   1.227012e-02   2.342052e-21   9651458
  1.638796e+01   9.814391e-21   1.228049e-02   2.304575e-21   9711488
  1.643048e+01   1.343465e-20   1.226476e-02   2.273950e-21   9749144
  1.647299e+01   1.323410e-20   1.227613e-02   2.235397e-21   9807908
  1.651550e+01   8.276856e-21   1.227043e-02   2.203569e-21   9854786
  1.655803e+01   9.031712e-21   1.228107e-02   2.171372e-21   9914304
  1.660053e+01   8.994857e-21   1.225867e-02   2.141283e-21   9945544
  1.664301e+01   8.111217e-21   1.226718e-02   2.104969e-21   10003414
  1.668552e+01   1.514389e-20   1.227468e-02   2.074779e-21   10062032
  1.672804e+01   6.917392e-21   1.227657e-02   2.043383e-21   10114792
  1.677058e+01   1.019427e-20   1.228180e-02   2.012555e-21   10169936
  1.681307e+01   1.223434e-20   1.225060e-02   1.984135e-21   10196602
  1.685558e+01   7.063502e-21   1.228906e-02   1.952503e-21   10281156
  1.689811e+01   9.565289e-21   1.226275e-02   1.924998e-21   10309376
  1.694060e+01   1.061414e-20   1.227427e-02   1.895774e-21   10369856
  1.698310e+01   6.772582e-21   1.226425e-02   1.869003e-21   10415370
  1.702562e+01   9.587181e-21   1.228018e-02   1.841001e-21   10481988
  1.706815e+01   1.171408e-20   1.227822e-02   1.815111e-21   10531200
  1.711066e+01   7.637081e-21   1.226163e-02   1.786672e-21   10569416
  1.715315e+01   5.047641e-21   1.227286e-02   1.761956e-21   10633066
  1.719568e+01   1.022669e-20   1.227546e-02   1.734519e-21   10687548
  1.723821e+01   4.414689e-21   1.228168e-02   1.709978e-21   10743968
  1.728072e+01   6.272334e-21   1.226340e-02   1.686240e-21   10782130
  1.732321e+01   6.647526e-21   1.226438e-02   1.661853e-21   10837792
  1.736571e+01   3.100903e-21   1.227328e-02   1.636896e-21   10897368
  1.740823e+01   6.394744e-21   1.227857e-02   1.611764e-21   10953940
  1.745075e+01   9.190392e-24   1.227188e-02   1.590546e-21   11003274
  1.749325e+01   -2.375743e-22   1.226537e-02   1.567350e-21   11052800
  1.753577e+01   4.331081e-21   1.228039e-02   1.544195e-21   11118176
  1.757829e+01   1.343520e-21   1.227174e-02   1.522275e-21   11162268
  1.762078e+01   9.374888e-21   1.226447e-02   1.499811e-21   11211458
  1.766328e+01   8.155128e-21   1.226924e-02   1.478225e-21   11271888
  1.770579e+01   6.822020e-21   1.227456e-02   1.457086e-21   11329304
  1.774829e+01   4.871600e-21   1.226554e-02   1.437549e-21   11375026
  1.779081e+01   7.383633e-21   1.227704e-02   1.417931e-21   11442532
  1.783332e+01   5.827062e-21   1.226620e-02   1.396346e-21   11487264
  1.787583e+01   3.525187e-21   1.227239e-02   1.376508e-21   11545680
  1.791835e+01   4.900767e-21   1.227937e-02   1.357545e-21   11607058
  1.796089e+01   4.147666e-21   1.227970e-02   1.336723e-21   11664300
  1.800340e+01   1.349754e-22   1.226785e-02   1.318105e-21   11707488
  1.804590e+01   5.916510e-21   1.226647e-02   1.299968e-21   11759536
  1.808841e+01   2.933659e-21   1.228470e-02   1.280127e-21   11833690
  1.813095e+01   3.757884e-21   1.227017e-02   1.261705e-21   11877808
  1.817345e+01   4.538299e-21   1.226311e-02   1.244652e-21   11925836
  1.821595e+01   6.028757e-21   1.227560e-02   1.226666e-21   11992168
  1.825846e+01   2.591778e-21   1.227114e-02   1.210704e-21   12044554
  1.830097e+01   4.827418e-21   1.226867e-02   1.193241e-21   12098976
  1.834346e+01   1.335237e-21   1.226469e-02   1.176634e-21   12149996
  1.838595e+01   4.662589e-21   1.226815e-02   1.159298e-21   12209594
  1.842847e+01   4.740441e-21   1.227993e-02   1.143420e-21   12279272
  1.847101e+01   3.416152e-21   1.228002e-02   1.128209e-21   12336072
  1.851353e+01   -1.722169e-22   1.226966e-02   1.111807e-21   12381744
  1.855604e+01   1.983594e-21   1.227227e-02   1.096987e-21   12441590
  1.859855e+01   3.292470e-21   1.227023e-02   1.080605e-21   12497256
  1.864105e+01   3.425226e-21   1.226730e-02   1.065758e-21   12550032
  1.868353e+01   3.628120e-21   1.226474e-02   1.051519e-21   12603936
  1.872603e+01   2.073675e-21   1.227245e-02   1.037754e-21   12671230
  1.876857e+01   1.586724e-21   1.228331e-02   1.022918e-21   12740920
  1.881110e+01   4.302630e-21   1.227107e-02   1.009710e-21   12784560
  1.885359e+01   1.360140e-21   1.226358e-02   9.949758e-22   12834176
  1.889610e+01   2.986580e-21   1.227865e-02   9.811673e-22   12909006
  1.893863e+01   2.799787e-21   1.227235e-02   9.680665e-22   12959680
  1.898113e+01   3.371130e-21   1.227020e-02   9.548556e-22   13014232
  1.902364e+01   3.128064e-21   1.227262e-02   9.405182e-22   13076514
  1.906614e+01   3.942658e-21   1.226274e-02   9.292781e-22   13127112
  1.910866e+01   1.110342e-21   1.228266e-02   9.161032e-22   13205852
  1.915119e+01   2.697282e-21   1.227282e-02   9.034431e-22   13252032
  1.919369e+01   7.365612e-22   1.226787e-02   8.916408e-22   13307450
  1.923620e+01   2.639751e-21   1.227402e-02   8.796213e-22   13374160
  1.927872e+01   2.094450e-21   1.227027e-02   8.672961e-22   13426348
  1.932123e+01   2.997993e-21   1.227853e-02   8.560562e-22   13492760
  1.936373e+01   2.492639e-21   1.226457e-02   8.445069e-22   13539546
  1.940624e+01   3.119211e-21   1.227335e-02   8.334681e-22   13610704
  1.944875e+01   4.647047e-21   1.226734e-02   8.220089e-22   13662024
  1.949125e+01   3.200913e-21   1.227299e-02   8.105409e-22   13727492
  1.953377e+01   2.383327e-21   1.227644e-02   8.005187e-22   13793394
  1.957629e+01   4.328813e-21   1.226862e-02   7.902000e-22   13844456
  1.961880e+01   3.651509e-21   1.227171e-02   7.788151e-22   13905184
  1.966130e+01   2.257712e-21   1.227189e-02   7.683691e-22   13965958
  1.970381e+01   4.228414e-21   1.226859e-02   7.588639e-22   14025192
  1.974632e+01   6.424813e-22   1.227581e-02   7.486902e-22   14093768
  1.978884e+01   4.998124e-21   1.227382e-02   7.386191e-22   14150440
  1.983136e+01   6.767067e-21   1.227452e-02   7.288272e-22   14213450
  1.987387e+01   3.500948e-21   1.226691e-02   7.199400e-22   14267036
  1.991638e+01   2.235803e-21   1.227427e-02   7.100677e-22   14335032
  1.995889e+01   3.854758e-21   1.226837e-02   7.008299e-22   14387664
  2.000139e+01   4.098764e-21   1.227308e-02   6.919793e-22   14455698
  2.004391e+01   4.753009e-21   1.227471e-02   6.831280e-22   14520452
  2.008643e+01   2.009226e-21   1.227399e-02   6.738823e-22   14580272
  2.012893e+01   5.815488e-21   1.226246e-02   6.649049e-22   14628050
  2.017144e+01   4.354803e-21   1.228393e-02   6.563881e-22   14716744
  2.021396e+01   2.636154e-21   1.226163e-02   6.485935e-22   14751712
  2.025646e+01   5.139263e-21   1.227782e-02   6.393325e-22   14831620
  2.029896e+01   3.599224e-21   1.226188e-02   6.315963e-22   14875522
  2.034146e+01   4.813398e-21   1.227585e-02   6.240531e-22   14956720
  2.038398e+01   4.738320e-21   1.226799e-02   6.160851e-22   15008272
  2.042648e+01   3.348731e-21   1.227113e-02   6.075153e-22   15073780
  2.046899e+01   3.911063e-21   1.227601e-02   6.003533e-22   15144866
  2.051153e+01   3.593138e-21   1.228021e-02   5.926301e-22   15213872
  2.055406e+01   4.198696e-21   1.227172e-02   5.842458e-22   15263976
  2.059656e+01   4.698749e-21   1.226689e-02   5.774384e-22   15320236
  2.063907e+01   3.220539e-21   1.227747e-02   5.702237e-22   15398322
  2.068159e+01   4.876051e-21   1.226849e-02   5.635930e-22   15450864
  2.072409e+01   2.583870e-21   1.226949e-02   5.564296e-22   15513888
  2.076658e+01   3.412716e-21   1.226638e-02   5.496847e-22   15574626
  2.080910e+01   3.545755e-21   1.227957e-02   5.418952e-22   15657956
  2.085162e+01   3.198940e-21   1.226694e-02   5.358659e-22   15704248
  2.089412e+01   3.533580e-21   1.227405e-02   5.283574e-22   15774824
  2.093664e+01   3.547991e-21   1.227741e-02   5.221703e-22   15844898
  2.097916e+01   3.837300e-21   1.226797e-02   5.166772e-22   15898956
  2.102166e+01   4.115826e-21   1.226837e-02   5.095322e-22   15961768
  2.106416e+01   2.622016e-21   1.227392e-02   5.032866e-22   16032208
  2.110668e+01   3.340690e-21   1.227386e-02   4.975790e-22   16099530
  2.114918e+01   4.045925e-21   1.226342e-02   4.913472e-22   16152712
  2.119169e+01   4.230654e-21   1.227877e-02   4.849069e-22   16235740
  2.123421e+01   3.331745e-21   1.227090e-02   4.794428e-22   16288856
  2.127673e+01   3.525843e-21   1.227763e-02   4.740362e-22   16365074
  2.131925e+01   2.805400e-21   1.226826e-02   4.682650e-22   16418248
  2.136173e+01   2.518055e-21   1.226229e-02   4.630393e-22   16473180
  2.140423e+01   3.125751e-21   1.227796e-02   4.567582e-22   16560234
  2.144675e+01   2.649310e-21   1.226818e-02   4.519632e-22   16616088
  2.148927e+01   3.683169e-21   1.227653e-02   4.462846e-22   16693264
  2.153179e+01   3.471499e-21   1.227410e-02   4.407604e-22   16753864
  2.157431e+01   3.673712e-21   1.227428e-02   4.356979e-22   16820702
  2.161682e+01   2.486491e-21   1.226755e-02   4.306250e-22   16879288
  2.165933e+01   2.003847e-21   1.227311e-02   4.256009e-22   16951712
  2.170183e+01   2.298748e-21   1.226675e-02   4.206331e-22   17007560
  2.174434e+01   2.752253e-21   1.227813e-02   4.158010e-22   17092086
  2.178685e+01   2.542636e-21   1.226906e-02   4.113890e-22   17148392
  2.182937e+01   2.552067e-21   1.227478e-02   4.065531e-22   17222288
  2.187188e+01   1.234898e-21   1.227236e-02   4.013783e-22   17285096
  2.191439e+01   1.741384e-21   1.226620e-02   3.974289e-22   17344826
  2.195689e+01   2.255344e-21   1.227320e-02   3.926844e-22   17421236
  2.199941e+01   2.804363e-21   1.227792e-02   3.882833e-22   17494160
  2.204191e+01   1.712413e-21   1.226044e-02   3.843586e-22   17538122
  2.208440e+01   3.239924e-21   1.226939e-02   3.798535e-22   17620136
  2.212692e+01   3.168593e-21   1.227875e-02   3.751506e-22   17700428
  2.216945e+01   2.859164e-21   1.227393e-02   3.713109e-22   17760320
  2.221196e+01   2.585664e-21   1.227224e-02   3.672804e-22   17827562
  2.225448e+01   3.072003e-21   1.227165e-02   3.629177e-22   17895488
  2.229699e+01   2.985049e-21   1.227292e-02   3.593742e-22   17963576
  2.233950e+01   2.425969e-21   1.227046e-02   3.552115e-22   18027500
  2.238201e+01   3.285785e-21   1.227533e-02   3.516200e-22   18105650
  2.242451e+01   3.023564e-21   1.226508e-02   3.478651e-22   18160880
  2.246701e+01   2.692325e-21   1.226834e-02   3.440728e-22   18233144
  2.250951e+01   2.967620e-21   1.227149e-02   3.404543e-22   18307310
  2.255203e+01   2.633625e-21   1.227368e-02   3.371114e-22   18381680
  2.259456e+01   3.123166e-21   1.227489e-02   3.333923e-22   18450536
  2.263708e+01   1.729876e-21   1.227820e-02   3.302699e-22   18522128
  2.267959e+01   3.210890e-21   1.226827e-02   3.266823e-22   18578414
  2.272209e+01   2.435827e-21   1.227113e-02   3.232645e-22   18654304
  2.276460e+01   2.375650e-21   1.227056e-02   3.198941e-22   18722304
  2.280712e+01   2.705167e-21   1.227777e-02   3.164516e-22   18802472
  2.284964e+01   2.764989e-21   1.227092e-02   3.134010e-22   18864266
  2.289215e+01   3.094037e-21   1.226939e-02   3.106320e-22   18933260
  2.293465e+01   2.096580e-21   1.226719e-02   3.074780e-22   18997448
  2.297715e+01   1.954734e-21   1.227581e-02   3.043978e-22   19079816
  2.301967e+01   3.073047e-21   1.227098e-02   3.014495e-22   19145330
  2.306218e+01   2.938570e-21   1.227177e-02   2.983680e-22   19218276
  2.310469e+01   2.916598e-21   1.227113e-02   2.954336e-22   19286200
  2.314719e+01   2.956297e-21   1.226583e-02   2.929596e-22   19349738
  2.318971e+01   2.342098e-21   1.228286e-02   2.900812e-22   19450040
  2.323223e+01   3.528356e-21   1.226363e-02   2.872833e-22   19489688
  2.327473e+01   2.552665e-21   1.227521e-02   2.848465e-22   19576868
  2.331724e+01   2.655238e-21   1.226932e-02   2.822597e-22   19640282
  2.335976e+01   3.076299e-21   1.227873e-02   2.796433e-22   19728800
  2.340226e+01   2.851349e-21   1.226095e-02   2.775605e-22   19770152
  2.344476e+01   3.172474e-21   1.227487e-02   2.746977e-22   19863516
  2.348729e+01   2.535961e-21   1.227855e-02   2.723471e-22   19943594
  2.352981e+01   3.087120e-21   1.227039e-02   2.702207e-22   20003440
  2.357232e+01   2.385322e-21   1.227533e-02   2.676353e-22   20081768
  2.361483e+01   1.831402e-21   1.226475e-02   2.655749e-22   20136200
  2.365734e+01   2.401660e-21   1.228180e-02   2.633225e-22   20238094
  2.369985e+01   1.970551e-21   1.226458e-02   2.612355e-22   20282544
  2.374234e+01   1.976072e-21   1.226291e-02   2.592103e-22   20351720
  2.378483e+01   2.645394e-21   1.227389e-02   2.567507e-22   20444714
  2.382735e+01   1.754985e-21   1.227112e-02   2.549803e-22   20515116
  2.386988e+01   2.210954e-21   1.228059e-02   2.527365e-22   20602384
  2.391241e+01   1.744583e-21   1.227266e-02   2.509785e-22   20659872
  2.395491e+01   2.248429e-21   1.226837e-02   2.491561e-22   20727682
  2.399742e+01   2.036565e-21   1.227493e-02   2.473838e-22   20814416
  2.403994e+01   2.846093e-21   1.227261e-02   2.455254e-22   20881100
  2.408245e+01   2.239412e-21   1.227247e-02   2.437374e-22   20953688
  2.412495e+01   2.886451e-21   1.226662e-02   2.420826e-22   21021050
  2.416746e+01   2.458227e-21   1.227556e-02   2.404372e-22   21111632
  2.420998e+01   2.462891e-21   1.227336e-02   2.388542e-22   21179972
  2.425248e+01   3.024272e-21   1.226547e-02   2.371215e-22   21240488
  2.429499e+01   2.182855e-21   1.227368e-02   2.356883e-22   21331418
  2.433750e+01   2.348688e-21   1.226935e-02   2.340488e-22   21397304
  2.438000e+01   2.667970e-21   1.226962e-02   2.328562e-22   21469764
  2.442251e+01   2.867875e-21   1.227528e-02   2.311768e-22   21556122
  2.446502e+01   2.787533e-21   1.226591e-02   2.301625e-22   21618312
  2.450754e+01   2.467900e-21   1.227924e-02   2.281672e-22   21716096
  2.455007e+01   3.095603e-21   1.227488e-02   2.272195e-22   21781352
  2.459258e+01   2.864933e-21   1.226971e-02   2.259221e-22   21848870
  2.463508e+01   2.181647e-21   1.227061e-02   2.248593e-22   21927536
  2.467760e+01   2.586421e-21   1.227518e-02   2.235645e-22   22008944
  2.472011e+01   2.794405e-21   1.227146e-02   2.223962e-22   22076136
  2.476261e+01   2.541317e-21   1.226619e-02   2.214891e-22   22145270
  2.480513e+01   3.120209e-21   1.228149e-02   2.204752e-22   22250960
  2.484765e+01   2.858677e-21   1.226766e-02   2.193039e-22   22300864
  2.489015e+01   2.804393e-21   1.226874e-02   2.182808e-22   22378586
  2.493266e+01   2.589128e-21   1.227304e-02   2.173012e-22   22464104
  2.497518e+01   2.783978e-21   1.227483e-02   2.164870e-22   22542892
  2.501769e+01   2.693071e-21   1.226849e-02   2.157050e-22   22606008
  2.506019e+01   2.527424e-21   1.227168e-02   2.146617e-22   22690002
  2.510269e+01   2.890022e-21   1.226774e-02   2.141948e-22   22762216
  2.514519e+01   2.426038e-21   1.227552e-02   2.123507e-22   22815779
  2.518771e+01   1.690549e-21   1.227093e-02   2.086193e-22   22772312
  2.523022e+01   1.505893e-21   1.227169e-02   2.050876e-22   22733708
  2.527273e+01   1.365846e-21   1.227376e-02   2.012843e-22   22697672
  2.531524e+01   9.589544e-22   1.227003e-02   1.979313e-22   22651460
  2.535775e+01   6.995682e-22   1.227280e-02   1.944831e-22   22616024
  2.540027e+01   1.069915e-21   1.227723e-02   1.910630e-22   22583496
  2.544278e+01   4.705395e-22   1.226384e-02   1.876034e-22   22519252
  2.548527e+01   7.419368e-22   1.226879e-02   1.846805e-22   22488992
  2.552778e+01   5.274290e-22   1.227112e-02   1.816344e-22   22453172
  2.557030e+01   4.615013e-22   1.227642e-02   1.787022e-22   22420584
  2.561282e+01   3.495401e-22   1.227318e-02   1.757144e-22   22371700
  2.565533e+01   2.735747e-22   1.227319e-02   1.728431e-22   22329896
  2.569784e+01   2.269673e-22   1.227005e-02   1.699308e-22   22282876
  2.574035e+01   3.212398e-23   1.227559e-02   1.672117e-22   22250692
  2.578286e+01   4.286051e-22   1.226749e-02   1.645699e-22   22194436
  2.582536e+01   1.862735e-22   1.226799e-02   1.618371e-22   22153540
  2.586787e+01   1.690635e-22   1.227489e-02   1.593051e-22   22122584
  2.591039e+01   2.817742e-22   1.227183e-02   1.570730e-22   22073004
  2.595291e+01   6.744326e-22   1.227763e-02   1.543957e-22   22039640
  2.599542e+01   5.882299e-22   1.226443e-02   1.520750e-22   21971624
  2.603793e+01   3.905311e-22   1.228039e-02   1.497554e-22   21955708
  2.608042e+01   5.295752e-22   1.225538e-02   1.475606e-22   21867720
  2.612293e+01   6.663308e-22   1.228640e-02   1.451360e-22   21878900
  2.616545e+01   3.291617e-22   1.226374e-02   1.429274e-22   21794260
  2.620796e+01   2.243496e-22   1.227552e-02   1.409179e-22   21770256
  2.625048e+01   2.696843e-22   1.227204e-02   1.388233e-22   21718124
  2.629299e+01   5.408482e-22   1.227162e-02   1.369549e-22   21671096
  2.633550e+01   4.491251e-22   1.227173e-02   1.347133e-22   21625412
  2.637801e+01   -7.384843e-23   1.227628e-02   1.327937e-22   21587284
  2.642052e+01   3.703971e-22   1.226404e-02   1.309951e-22   21519648
  2.646302e+01   2.455474e-22   1.227517e-02   1.291444e-22   21493344
  2.650554e+01   2.862036e-22   1.227125e-02   1.273014e-22   21439360
  2.654805e+01   3.388062e-22   1.227471e-02   1.254956e-22   21398900
  2.659058e+01   2.544948e-22   1.227467e-02   1.236566e-22   21351488
  2.663308e+01   4.561240e-22   1.226610e-02   1.220119e-22   21288012
  2.667559e+01   2.743648e-23   1.227518e-02   1.201788e-22   21255052
  2.671810e+01   1.371397e-22   1.226960e-02   1.185489e-22   21196928
  2.676060e+01   2.194123e-22   1.226973e-02   1.169853e-22   21149036
  2.680311e+01   2.174014e-22   1.227206e-02   1.152658e-22   21105304
  2.684563e+01   4.661633e-23   1.227410e-02   1.137870e-22   21059992
  2.688815e+01   -3.150555e-22   1.227705e-02   1.122631e-22   21014904
  2.693067e+01   2.015138e-22   1.227014e-02   1.106859e-22   20953620
  2.697317e+01   4.096684e-22   1.226991e-02   1.092374e-22   20902948
  2.701568e+01   6.356035e-22   1.227225e-02   1.077464e-22   20856528
  2.705819e+01   1.214969e-22   1.227379e-02   1.063960e-22   20808868
  2.710070e+01   3.260057e-22   1.226639e-02   1.049410e-22   20746700
  2.714319e+01   9.837203e-23   1.226770e-02   1.036399e-22   20699040
  2.718571e+01   4.475659e-23   1.227944e-02   1.021816e-22   20667584
  2.722822e+01   1.319715e-22   1.225995e-02   1.009284e-22   20583320
  2.727072e+01   5.796082e-22   1.227843e-02   9.961775e-23   20562728
  2.731324e+01   3.101251e-22   1.227166e-02   9.835367e-23   20499120
  2.735575e+01   1.062498e-22   1.227335e-02   9.714273e-23   20448668
  2.739827e+01   1.801816e-22   1.227231e-02   9.578763e-23   20394408
  2.744078e+01   3.694372e-22   1.227328e-02   9.460142e-23   20344236
  2.748329e+01   7.084172e-23   1.227052e-02   9.333745e-23   20287988
  2.752580e+01   2.031284e-22   1.227218e-02   9.223315e-23   20237280
  2.756831e+01   2.406292e-22   1.226928e-02   9.103815e-23   20178328
  2.761083e+01   2.599581e-22   1.227861e-02   9.004496e-23   20139844
  2.765335e+01   2.314599e-22   1.226869e-02   8.894166e-23   20069748
  2.769585e+01   2.439173e-23   1.227006e-02   8.784659e-23   20016800
  2.773835e+01   3.542783e-22   1.227057e-02   8.672090e-23   19962224
  2.778087e+01   4.073415e-22   1.227954e-02   8.567227e-23   19923568
  2.782339e+01   2.386120e-22   1.226996e-02   8.464943e-23   19854300
  2.786590e+01   8.068340e-23   1.226862e-02   8.368721e-23   19797056
  2.790840e+01   2.845796e-22   1.227082e-02   8.265313e-23   19744940
  2.795091e+01   3.956031e-22   1.227270e-02   8.174819e-23   19691768
  2.799342e+01   1.364243e-22   1.226928e-02   8.074279e-23   19629548
  2.803593e+01   1.559130e-22   1.227096e-02   7.977621e-23   19575480
  2.807844e+01   2.943923e-22   1.227365e-02   7.890830e-23   19523296
  2.812096e+01   -5.143877e-23   1.227813e-02   7.801505e-23   19474344
  2.816347e+01   1.346446e-22   1.226244e-02   7.715934e-23   19392868
  2.820597e+01   5.256805e-23   1.227629e-02   7.614323e-23   19356176
  2.824849e+01   -1.100782e-23   1.227437e-02   7.534965e-23   19294916
  2.829102e+01   -3.555146e-23   1.227644e-02   7.448546e-23   19240856
  2.833353e+01   1.206050e-22   1.226827e-02   7.360204e-23   19170884
  2.837603e+01   4.024323e-23   1.226787e-02   7.281231e-23   19111352
  2.841853e+01   -9.840789e-23   1.227311e-02   7.199577e-23   19060016
  2.846104e+01   2.524312e-23   1.227199e-02   7.116520e-23   18999752
  2.850354e+01   2.851799e-23   1.226484e-02   7.039324e-23   18930272
  2.854604e+01   -1.271801e-23   1.227204e-02   6.960870e-23   18882340
  2.858856e+01   2.650263e-22   1.227653e-02   6.882472e-23   18829056
  2.863108e+01   9.491603e-23   1.226917e-02   6.816349e-23   18757640
  2.867359e+01   1.856826e-23   1.227679e-02   6.736532e-23   18709036
  2.871611e+01   7.706365e-23   1.226951e-02   6.669102e-23   18637668
  2.875862e+01   2.467158e-23   1.227659e-02   6.597793e-23   18587048
  2.880113e+01   1.957610e-22   1.226650e-02   6.523978e-23   18510972
  2.884363e+01   2.521869e-23   1.227092e-02   6.452620e-23   18456692
  2.888614e+01   1.910939e-22   1.227027e-02   6.388969e-23   18394084
  2.892866e+01   5.018093e-23   1.227644e-02   6.318329e-23   18341352
  2.897118e+01   4.443689e-23   1.227294e-02   6.259334e-23   18273884
  2.901369e+01   1.359951e-22   1.227214e-02   6.191992e-23   18211148
  2.905619e+01   1.567406e-22   1.226468e-02   6.129351e-23   18137692
  2.909870e+01   9.231678e-23   1.227635e-02   6.071087e-23   18091580
  2.914122e+01   -7.841686e-24   1.227406e-02   6.007322e-23   18024560
  2.918373e+01   1.621482e-22   1.226945e-02   5.942197e-23   17955116
  2.922624e+01   -1.513517e-23   1.227055e-02   5.889115e-23   17893232
  2.926875e+01   3.395306e-23   1.227337e-02   5.822438e-23   17832620
  2.931126e+01   8.981033e-23   1.227331e-02   5.766026e-23   17767864
  2.935378e+01   -2.737041e-23   1.227523e-02   5.708734e-23   17706956
  2.939629e+01   1.410860e-22   1.226779e-02   5.659675e-23   17632632
  2.943880e+01   1.507387e-22   1.227224e-02   5.597204e-23   17573524
  2.948131e+01   1.476910e-22   1.227160e-02   5.540511e-23   17506380
  2.952382e+01   8.559558e-23   1.227283e-02   5.492336e-23   17442548
  2.956632e+01   9.324047e-23   1.226611e-02   5.438660e-23   17368556
  2.960883e+01   1.630704e-22   1.227726e-02   5.385557e-23   17318260
  2.965135e+01   1.136129e-22   1.227176e-02   5.329207e-23   17243792
  2.969385e+01   7.568201e-23   1.226620e-02   5.283268e-23   17169716
  2.973635e+01   1.258296e-22   1.227104e-02   5.239290e-23   17109768
  2.977886e+01   -1.756685e-23   1.227205e-02   5.188414e-23   17044064
  2.982138e+01   1.646616e-22   1.227557e-02   5.141922e-23   16981560
  2.986389e+01   3.341979e-22   1.226672e-02   5.094563e-23   16902264
  2.990640e+01   1.461539e-22   1.227800e-02   5.039989e-23   16849940
  2.994892e+01   1.096361e-22   1.226984e-02   4.996535e-23   16770600
  2.999143e+01   1.099134e-22   1.227399e-02   4.954840e-23   16707512
  3.003394e+01   1.416213e-22   1.227053e-02   4.911547e-23   16634480
  3.007645e+01   2.396867e-22   1.227297e-02   4.868451e-23   16569424
  3.011897e+01   1.872484e-22   1.227100e-02   4.821904e-23   16497216
  3.016149e+01   7.446752e-23   1.227800e-02   4.780328e-23   16436416
  3.020400e+01   6.861076e-23   1.226813e-02   4.741312e-23   16353532
  3.024650e+01   -2.446852e-23   1.226850e-02   4.700110e-23   16284908
  3.028900e+01   7.394893e-24   1.227370e-02   4.659779e-23   16221948
  3.033152e+01   5.454143e-23   1.227445e-02   4.619505e-23   16152552
  3.037404e+01   6.044922e-23   1.227249e-02   4.577412e-23   16078864
  3.041655e+01   -1.114475e-22   1.227014e-02   4.541503e-23   16005296
  3.045906e+01   4.499594e-24   1.227320e-02   4.504904e-23   15938220
  3.050157e+01   5.186094e-23   1.226736e-02   4.465540e-23   15858440
  3.054407e+01   1.221796e-22   1.226949e-02   4.435343e-23   15789252
  3.058657e+01   1.074446e-22   1.227019e-02   4.394403e-23   15718944
  3.062908e+01   1.281362e-22   1.227179e-02   4.357891e-23   15648652
  3.067160e+01   7.604783e-23   1.227680e-02   4.317239e-23   15581944
  3.071412e+01   1.286251e-23   1.227604e-02   4.285339e-23   15508744
  3.075663e+01   1.200676e-23   1.226574e-02   4.255841e-23   15422472
  3.079914e+01   8.922554e-23   1.227551e-02   4.221482e-23   15361536
  3.084165e+01   9.317074e-23   1.226998e-02   4.186350e-23   15281048
  3.088415e+01   1.454749e-22   1.227023e-02   4.154451e-23   15207752
  3.092666e+01   8.226103e-23   1.227075e-02   4.126110e-23   15134800
  3.096917e+01   1.551120e-22   1.227038e-02   4.091587e-23   15059664
  3.101168e+01   1.455007e-22   1.227242e-02   4.060320e-23   14987020
  3.105420e+01   1.517164e-22   1.227903e-02   4.033957e-23   14919936
  3.109672e+01   1.650752e-22   1.226792e-02   4.004030e-23   14831776
  3.113923e+01   1.239929e-22   1.227679e-02   3.974531e-23   14767552
  3.118174e+01   1.312978e-22   1.226524e-02   3.947067e-23   14678336
  3.122425e+01   1.239922e-22   1.227632e-02   3.912760e-23   14615044
  3.126676e+01   1.053829e-22   1.226910e-02   3.887629e-23   14530200
  3.130927e+01   1.344290e-23   1.227171e-02   3.857401e-23   14457000
  3.135178e+01   5.061958e-23   1.227423e-02   3.830439e-23   14383440
  3.139429e+01   5.158045e-23   1.226801e-02   3.806785e-23   14299516
  3.143679e+01   1.243222e-23   1.227160e-02   3.778969e-23   14226024
  3.147930e+01   1.172038e-22   1.226889e-02   3.753259e-23   14145048
  3.152182e+01   1.114797e-22   1.228178e-02   3.729115e-23   14082144
  3.156433e+01   9.318241e-24   1.226157e-02   3.705470e-23   13981640
  3.160683e+01   4.010222e-23   1.227475e-02   3.680764e-23   13918460
  3.164935e+01   6.402626e-23   1.227481e-02   3.654021e-23   13839752
  3.169188e+01   8.237508e-23   1.227673e-02   3.634629e-23   13762736
  3.173439e+01   1.575760e-22   1.227147e-02   3.611317e-23   13677980
  3.177690e+01   7.252477e-23   1.226900e-02   3.588498e-23   13596196
  3.181940e+01   9.722550e-23   1.226988e-02   3.564058e-23   13517736
  3.186190e+01   -5.769934e-24   1.226579e-02   3.547742e-23   13433184
  3.190440e+01   -1.625132e-23   1.227449e-02   3.523059e-23   13362296
  3.194692e+01   -3.221713e-23   1.227398e-02   3.502683e-23   13281376
  3.198944e+01   -3.197072e-24   1.227645e-02   3.481645e-23   13203336
  3.203195e+01   5.817887e-23   1.226687e-02   3.458468e-23   13113016
  3.207445e+01   -4.140442e-24   1.227094e-02   3.439585e-23   13036400
  3.211696e+01   -1.087778e-23   1.226987e-02   3.419813e-23   12953648
  3.215948e+01   1.725247e-23   1.227674e-02   3.405192e-23   12879016
  3.220199e+01   -6.406783e-23   1.227015e-02   3.382718e-23   12790124
  3.224451e+01   -4.718451e-23   1.227599e-02   3.365101e-23   12714152
  3.228701e+01   -1.615657e-23   1.226430e-02   3.347589e-23   12619608
  3.232951e+01   2.411903e-23   1.227473e-02   3.327719e-23   12547232
  3.237204e+01   -1.889191e-23   1.228098e-02   3.310183e-23   12470568
  3.241455e+01   -4.372827e-25   1.226086e-02   3.292462e-23   12368136
  3.245705e+01   8.289823e-23   1.227647e-02   3.279695e-23   12300504
  3.249958e+01   -5.027245e-23   1.227251e-02   3.261053e-23   12212172
  3.254209e+01   2.526448e-23   1.227112e-02   3.242699e-23   12126228
  3.258459e+01   1.155533e-22   1.227235e-02   3.231322e-23   12043352
  3.262711e+01   3.740119e-23   1.227321e-02   3.213082e-23   11959896
  3.266960e+01   2.584113e-23   1.226107e-02   3.201922e-23   11863804
  3.271211e+01   -6.826044e-23   1.227575e-02   3.184089e-23   11792812
  3.275463e+01   -3.567692e-23   1.227439e-02   3.171620e-23   11705392
  3.279713e+01   8.427305e-23   1.226794e-02   3.156409e-23   11613836
  3.283965e+01   5.225383e-23   1.228215e-02   3.141730e-23   11541532
  3.288217e+01   5.483447e-23   1.226539e-02   3.133496e-23   11440232
  3.292468e+01   5.990796e-23   1.227538e-02   3.117260e-23   11363008
  3.296718e+01   5.083061e-23   1.226652e-02   3.107128e-23   11267848
  3.300970e+01   6.612491e-23   1.227722e-02   3.093337e-23   11190640
  3.305222e+01   3.325752e-23   1.227423e-02   3.082492e-23   11101084
  3.309472e+01   7.605250e-23   1.226241e-02   3.071739e-23   11003284
  3.313721e+01   8.157220e-23   1.227344e-02   3.056792e-23   10925424
  3.317973e+01   4.987408e-23   1.227067e-02   3.043017e-23   10834724
  3.322224e+01   -3.066475e-23   1.227484e-02   3.038312e-23   10750156
  3.326475e+01   3.007301e-23   1.226635e-02   3.025457e-23   10655280
  3.330725e+01   3.408565e-23   1.226924e-02   3.017022e-23   10569120
  3.334975e+01   -1.034872e-23   1.226867e-02   3.006609e-23   10479672
  3.339228e+01   5.378355e-23   1.228611e-02   2.993696e-23   10404504
  3.343481e+01   -2.456082e-23   1.227382e-02   2.987140e-23   10304108
  3.347732e+01   7.446529e-23   1.226797e-02   2.975595e-23   10209940
  3.351983e+01   5.656185e-23   1.227575e-02   2.965689e-23   10126584
  3.356234e+01   4.410952e-23   1.226442e-02   2.959476e-23   10027064
  3.360484e+01   5.356035e-23   1.227492e-02   2.949696e-23   9945072
  3.364734e+01   8.417748e-23   1.226340e-02   2.939619e-23   9844764
  3.368986e+01   5.993675e-23   1.228362e-02   2.936674e-23   9769940
  3.373238e+01   -3.904875e-25   1.226688e-02   2.921420e-23   9666072
  3.377488e+01   1.659808e-22   1.227051e-02   2.920066e-23   9577112
  3.381739e+01   1.076981e-22   1.227148e-02   2.905939e-23   9485848
  3.385991e+01   1.150594e-22   1.227527e-02   2.902178e-23   9396136
  3.390243e+01   3.991142e-25   1.227579e-02   2.896495e-23   9304408
  3.394493e+01   6.309166e-23   1.225842e-02   2.889179e-23   9199028
  3.398742e+01   8.263383e-23   1.227468e-02   2.881784e-23   9118288
  3.402993e+01   5.016899e-23   1.226747e-02   2.878200e-23   9019624
  3.407245e+01   4.360696e-23   1.228368e-02   2.866978e-23   8937420
  3.411497e+01   5.519327e-23   1.227061e-02   2.861123e-23   8835200
  3.415748e+01   1.023120e-22   1.226739e-02   2.859710e-23   8739332
  3.419998e+01   1.232440e-22   1.227099e-02   2.845753e-23   8648112
  3.424250e+01   1.105925e-22   1.227159e-02   2.845735e-23   8553372
  3.428501e+01   3.981633e-23   1.227728e-02   2.840784e-23   8461944
  3.432753e+01   -8.240168e-25   1.227227e-02   2.837857e-23   8363348
  3.437004e+01   1.236250e-22   1.227148e-02   2.830784e-23   8267792
  3.441254e+01   8.918946e-23   1.226640e-02   2.824453e-23   8169380
  3.445505e+01   6.943511e-23   1.227807e-02   2.818278e-23   8081008
  3.449756e+01   4.354783e-23   1.226310e-02   2.812154e-23   7975632
  3.454006e+01   4.285689e-24   1.227841e-02   2.805109e-23   7889116
  3.458257e+01   4.320304e-23   1.226405e-02   2.802755e-23   7784008
  3.462508e+01   7.949769e-23   1.227484e-02   2.794126e-23   7693848
  3.466759e+01   -6.859025e-25   1.226805e-02   2.790117e-23   7592468
  3.471010e+01   9.564366e-23   1.227572e-02   2.780585e-23   7499076
  3.475262e+01   1.061255e-22   1.227790e-02   2.775594e-23   7402880
  3.479514e+01   7.291705e-23   1.227043e-02   2.767419e-23   7300768
  3.483765e+01   -6.788218e-24   1.227061e-02   2.765498e-23   7203316
  3.488013e+01   8.009366e-23   1.225476e-02   2.754692e-23   7095724
  3.492265e+01   1.290053e-22   1.229466e-02   2.747310e-23   7019608
  3.496518e+01   1.021706e-22   1.226138e-02   2.732937e-23   6901916
  3.500769e+01   2.404459e-23   1.227882e-02   2.728976e-23   6812952
  3.505019e+01   6.018980e-23   1.226209e-02   2.714404e-23   6704548
  3.509270e+01   2.454650e-23   1.227587e-02   2.706268e-23   6612168
  3.513521e+01   1.226169e-23   1.227039e-02   2.692967e-23   6508628
  3.517773e+01   7.994639e-23   1.227711e-02   2.687445e-23   6412072
  3.522024e+01   7.458621e-24   1.226747e-02   2.667584e-23   6306660
  3.526274e+01   4.603129e-23   1.226997e-02   2.651372e-23   6207592
  3.530523e+01   3.013386e-23   1.226489e-02   2.637128e-23   6103860
  3.534774e+01   7.441154e-23   1.227430e-02   2.618179e-23   6007184
  3.539025e+01   -1.179914e-23   1.227513e-02   2.598156e-23   5905660
  3.543278e+01   1.092105e-22   1.227664e-02   2.571049e-23   5805132
  3.547529e+01   3.978257e-23   1.226925e-02   2.543018e-23   5700008
  3.551778e+01   2.379039e-23   1.226294e-02   2.520318e-23   5594856
  3.556030e+01   1.434917e-23   1.228122e-02   2.486729e-23   5502341
  3.560283e+01   3.005276e-23   1.227277e-02   2.466597e-23   5404852
  3.564533e+01   6.111504e-24   1.226768e-02   2.443605e-23   5313930
  3.568784e+01   -4.754054e-23   1.227261e-02   2.422110e-23   5230396
  3.573035e+01   -1.542496e-23   1.226815e-02   2.402997e-23   5145158
  3.577285e+01   -4.564040e-23   1.227058e-02   2.385683e-23   5064506
  3.581538e+01   -4.857018e-23   1.228142e-02   2.368636e-23   4989464
  3.585790e+01   3.960643e-23   1.226989e-02   2.352724e-23   4907486
  3.590041e+01   1.132144e-23   1.226982e-02   2.339381e-23   4831952
  3.594292e+01   -2.832620e-23   1.226933e-02   2.327239e-23   4757392
  3.598543e+01   -1.433762e-23   1.227425e-02   2.316620e-23   4685902
  3.602794e+01   -2.015739e-23   1.227136e-02   2.289943e-23   4612826
  3.607044e+01   2.434383e-23   1.227059e-02   2.283717e-23   4542436
  3.611296e+01   2.493528e-23   1.227508e-02   2.272135e-23   4475408
  3.615546e+01   5.406806e-23   1.226173e-02   2.261554e-23   4402686
  3.619797e+01   -1.202829e-23   1.227689e-02   2.246175e-23   4340854
  3.624049e+01   5.317168e-23   1.227466e-02   2.232742e-23   4273862
  3.628301e+01   -4.540894e-23   1.227237e-02   2.227500e-23   4208538
  3.632551e+01   3.087972e-23   1.226532e-02   2.218587e-23   4142584
  3.636801e+01   6.230758e-23   1.226978e-02   2.203795e-23   4081232
  3.641052e+01   2.294688e-23   1.227225e-02   2.197104e-23   4019668
  3.645304e+01   4.728296e-23   1.228203e-02   2.184774e-23   3961416
  3.649557e+01   -1.285024e-23   1.227387e-02   2.172451e-23   3898848
  3.653807e+01   -2.664917e-23   1.226366e-02   2.165584e-23   3836718
  3.658056e+01   -1.675979e-23   1.226607e-02   2.159384e-23   3779272
  3.662306e+01   -2.821549e-23   1.226675e-02   2.150493e-23   3721434
  3.666558e+01   -8.056197e-24   1.228126e-02   2.143655e-23   3668198
  3.670811e+01   1.464685e-23   1.227910e-02   2.133387e-23   3611346
  3.675062e+01   3.132682e-23   1.226582e-02   2.125792e-23   3552442
  3.679312e+01   -4.084325e-23   1.226935e-02   2.121361e-23   3498908
  3.683563e+01   6.605954e-23   1.227192e-02   2.111934e-23   3445382
  3.687814e+01   6.580898e-23   1.227356e-02   2.110877e-23   3392244
  3.692066e+01   5.558853e-23   1.227344e-02   2.099989e-23   3339634
  3.696317e+01   1.944595e-23   1.226899e-02   2.096369e-23   3286752
  3.700566e+01   2.550287e-24   1.226327e-02   2.087666e-23   3234180
  3.704816e+01   4.673707e-23   1.226838e-02   2.080461e-23   3184556
  3.709068e+01   2.351740e-23   1.228145e-02   2.079139e-23   3137238
  3.713322e+01   -1.537657e-24   1.228151e-02   2.073061e-23   3087670
  3.717574e+01   1.940741e-23   1.227426e-02   2.068504e-23   3037460
  3.721824e+01   4.816509e-23   1.225819e-02   2.068217e-23   2985736
  3.726072e+01   4.471756e-23   1.226565e-02   2.060226e-23   2939708
  3.730324e+01   4.207821e-23   1.228621e-02   2.056824e-23   2897012
  3.734577e+01   -2.224636e-24   1.227048e-02   2.050817e-23   2846890
  3.738827e+01   1.244287e-23   1.226277e-02   2.047262e-23   2799588
  3.743076e+01   -6.794860e-24   1.226558e-02   2.048432e-23   2754954
  3.747326e+01   3.867044e-23   1.227308e-02   2.043884e-23   2711500
  3.751579e+01   5.016599e-23   1.228240e-02   2.039634e-23   2669006
  3.755830e+01   -4.449148e-24   1.226335e-02   2.036330e-23   2621264
  3.760081e+01   4.166170e-23   1.227565e-02   2.033537e-23   2580726
  3.764332e+01   5.260892e-23   1.226856e-02   2.032814e-23   2536470
  3.768582e+01   2.595756e-23   1.226978e-02   2.032836e-23   2494370
  3.772834e+01   7.207149e-23   1.227534e-02   2.028835e-23   2453556
  3.777086e+01   2.697700e-23   1.228047e-02   2.026544e-23   2413246
  3.781339e+01   3.279374e-24   1.227197e-02   2.024249e-23   2370914
  3.785589e+01   2.929856e-23   1.226887e-02   2.031447e-23   2330126
  3.789840e+01   1.733594e-23   1.227428e-02   2.027967e-23   2291406
  3.794091e+01   5.106733e-23   1.226463e-02   2.019613e-23   2250410
  3.798340e+01   6.613623e-23   1.226403e-02   2.025508e-23   2211486
  3.802590e+01   8.863578e-24   1.227094e-02   2.023753e-23   2174194
  3.806841e+01   4.224811e-23   1.227271e-02   2.022429e-23   2136416
  3.811093e+01   2.859528e-23   1.227972e-02   2.028448e-23   2100070
  3.815344e+01   6.658532e-23   1.226224e-02   2.029591e-23   2060026
  3.819594e+01   6.186395e-23   1.227745e-02   2.023464e-23   2025910
  3.823846e+01   5.210664e-23   1.227012e-02   2.029073e-23   1988576
  3.828096e+01   4.109813e-23   1.226824e-02   2.031049e-23   1952610
  3.832347e+01   2.600029e-23   1.226944e-02   2.031367e-23   1917470
  3.836597e+01   2.144116e-23   1.226960e-02   2.037760e-23   1882484
  3.840848e+01   -3.479771e-24   1.227230e-02   2.040303e-23   1848262
  3.845101e+01   1.043722e-23   1.228531e-02   2.041137e-23   1816024
  3.849355e+01   1.151297e-23   1.227230e-02   2.042763e-23   1780418
  3.853605e+01   -2.035876e-23   1.226815e-02   2.045076e-23   1746576
  3.857856e+01   6.602489e-23   1.227451e-02   2.054254e-23   1714622
  3.862107e+01   -4.712201e-23   1.227068e-02   2.058191e-23   1681692
  3.866358e+01   1.033413e-23   1.226987e-02   2.061748e-23   1649574
  3.870606e+01   5.163346e-23   1.225405e-02   2.071661e-23   1615788
  3.874855e+01   1.151893e-23   1.227462e-02   2.072888e-23   1587064
  3.879108e+01   3.102924e-23   1.227930e-02   2.083349e-23   1556598
  3.883360e+01   -2.386498e-23   1.227389e-02   2.080064e-23   1525380
  3.887612e+01   7.305021e-23   1.227468e-02   2.090212e-23   1495360
  3.891863e+01   1.690391e-23   1.226450e-02   2.092839e-23   1464370
  3.896112e+01   2.069265e-23   1.227040e-02   2.098769e-23   1435656
  3.900363e+01   8.894280e-24   1.226801e-02   2.107673e-23   1406304
  3.904613e+01   7.999076e-23   1.226859e-02   2.116409e-23   1377628
  3.908864e+01   6.750022e-23   1.227348e-02   2.126908e-23   1349744
  3.913115e+01   9.163487e-23   1.227337e-02   2.135902e-23   1321682
  3.917367e+01   2.045663e-23   1.227639e-02   2.143135e-23   1294376
  3.921619e+01   1.136118e-23   1.227256e-02   2.143012e-23   1266768
  3.925869e+01   1.474966e-23   1.226510e-02   2.163591e-23   1239172
  3.930118e+01   1.694195e-23   1.226095e-02   2.171819e-23   1212224
  3.934367e+01   3.317132e-23   1.226955e-02   2.180226e-23   1186796
  3.938619e+01   1.208699e-23   1.227613e-02   2.186475e-23   1161432
  3.942870e+01   -3.591767e-24   1.227171e-02   2.198728e-23   1135408
  3.947122e+01   -9.424310e-25   1.227296e-02   2.210538e-23   1110324
  3.951374e+01   -2.940228e-23   1.227570e-02   2.219386e-23   1085680
  3.955625e+01   1.910397e-23   1.226737e-02   2.232892e-23   1060364
  3.959875e+01   5.239621e-23   1.227507e-02   2.244255e-23   1036736
  3.964128e+01   4.357090e-23   1.228225e-02   2.262791e-23   1013388
  3.968380e+01   3.698927e-23   1.226708e-02   2.272838e-23   988656
  3.972630e+01   2.605019e-23   1.226695e-02   2.281403e-23   965530
  3.976879e+01   3.048892e-23   1.225942e-02   2.308183e-23   942100
  3.981127e+01   6.473026e-24   1.226457e-02   2.316702e-23   919888
  3.985377e+01   -1.616595e-23   1.226597e-02   2.337881e-23   897628
  3.989627e+01   3.631799e-23   1.227002e-02   2.354556e-23   875856
  3.993878e+01   6.510418e-23   1.227840e-02   2.371375e-23   854736
  3.998132e+01   5.795095e-23   1.228018e-02   2.378471e-23   833510
  4.002385e+01   4.504248e-24   1.227248e-02   2.409803e-23   811976
  4.006635e+01   2.763165e-23   1.226626e-02   2.424244e-23   790844
  4.010884e+01   -3.893481e-24   1.226521e-02   2.446762e-23   770320
  4.015135e+01   -3.124439e-23   1.227665e-02   2.466260e-23   750838
  4.019387e+01   -3.846438e-25   1.227491e-02   2.492442e-23   730864
  4.023638e+01   3.307239e-23   1.226816e-02   2.517803e-23   710984
  4.027888e+01   -6.388867e-24   1.226909e-02   2.536733e-23   691894
  4.032138e+01   4.669806e-23   1.226442e-02   2.563053e-23   672776
  4.036388e+01   7.428339e-24   1.226826e-02   2.591472e-23   654372
  4.040638e+01   6.013126e-24   1.226215e-02   2.612507e-23   635682
  4.044886e+01   -2.179088e-24   1.225955e-02   2.634573e-23   617460
  4.049134e+01   6.268891e-23   1.226707e-02   2.658063e-23   600024
  4.053385e+01   -2.845944e-23   1.227362e-02   2.702637e-23   582830
  4.057638e+01   -4.722037e-25   1.228135e-02   2.723447e-23   566000
  4.061890e+01   4.142520e-23   1.226617e-02   2.767381e-23   548458
  4.066141e+01   -3.812119e-23   1.227047e-02   2.797564e-23   532084
  4.070391e+01   1.949597e-24   1.226296e-02   2.829054e-23   515440
  4.074640e+01   3.281717e-23   1.225813e-02   2.869354e-23   499174
  4.078887e+01   1.390456e-24   1.225821e-02   2.899421e-23   483368
  4.083136e+01   3.087460e-23   1.227023e-02   2.937446e-23   468270
  4.087389e+01   8.375019e-24   1.228696e-02   2.976576e-23   453568
  4.091643e+01   -3.619607e-23   1.227409e-02   3.016706e-23   438106
  4.095894e+01   1.731908e-23   1.227469e-02   3.063019e-23   423508
  4.100145e+01   -5.378880e-24   1.226141e-02   3.096554e-23   408754
  4.104393e+01   -4.807464e-23   1.225820e-02   3.161887e-23   394612
  4.108642e+01   1.509606e-24   1.225930e-02   3.198691e-23   380826
  4.112890e+01   -2.380498e-23   1.225454e-02   3.248288e-23   367086
  4.117139e+01   2.208302e-23   1.226090e-02   3.303788e-23   353904
  4.121389e+01   -8.512386e-23   1.227137e-02   3.351887e-23   341046
  4.125641e+01   -1.166473e-22   1.227131e-02   3.414856e-23   328144
  4.129892e+01   -9.196733e-23   1.227396e-02   3.461070e-23   315598
  4.134144e+01   -4.840262e-23   1.228177e-02   3.529542e-23   303466
  4.138397e+01   -9.542801e-23   1.228223e-02   3.604647e-23   291456
  4.142650e+01   -2.515727e-23   1.227604e-02   3.677813e-23   279614
  4.146899e+01   -1.200300e-22   1.225106e-02   3.737531e-23   267680
  4.151144e+01   -3.031598e-23   1.224457e-02   3.820182e-23   256438
  4.155391e+01   5.219612e-23   1.224802e-02   3.895792e-23   245618
  4.159638e+01   -4.994258e-23   1.223546e-02   3.983610e-23   234708
  4.163882e+01   5.683710e-24   1.223171e-02   4.054929e-23   224210
  4.168126e+01   -9.647194e-23   1.223403e-02   4.131715e-23   214046
  4.172371e+01   1.841579e-23   1.223949e-02   4.275672e-23   204152
  4.176619e+01   -3.809687e-23   1.225107e-02   4.372957e-23   194558
  4.180866e+01   -2.165537e-23   1.225135e-02   4.441015e-23   185018
  4.185115e+01   -6.503120e-23   1.226437e-02   4.572709e-23   175918
  4.189365e+01   -1.154905e-22   1.227339e-02   4.684543e-23   166992
  4.193617e+01   -5.148953e-23   1.228038e-02   4.788507e-23   158294
  4.197870e+01   -6.675402e-23   1.228439e-02   4.929663e-23   149842
  4.202124e+01   -4.257641e-23   1.227461e-02   5.106660e-23   141530
  4.206372e+01   8.452288e-23   1.224204e-02   5.231720e-23   133284
  4.210617e+01   -7.972346e-24   1.222942e-02   5.356071e-23   125546
  4.214861e+01   7.884317e-23   1.220458e-02   5.561267e-23   117950
  4.219103e+01   -3.002305e-23   1.219441e-02   5.735346e-23   110746
  4.223344e+01   -9.289461e-23   1.215920e-02   5.910277e-23   103572
  4.227581e+01   -1.233259e-22   1.214429e-02   6.104515e-23   96818
  4.231818e+01   -2.381775e-23   1.212533e-02   6.356956e-23   90262
  4.236054e+01   -1.340043e-22   1.210927e-02   6.520606e-23   83970
  4.240287e+01   6.108198e-23   1.207941e-02   6.854434e-23   77846
  4.244517e+01   -3.019282e-23   1.204821e-02   7.123581e-23   71984
  4.248745e+01   -1.417878e-22   1.202292e-02   7.421773e-23   66398
  4.252973e+01   -3.795064e-22   1.200147e-02   7.735160e-23   61058
  4.257200e+01   -7.965889e-23   1.198286e-02   8.090161e-23   55958
  4.261428e+01   -1.439583e-23   1.196279e-02   8.426278e-23   51082
  4.265654e+01   -2.460896e-22   1.192707e-02   8.833747e-23   46398
  4.269877e+01   -1.496202e-23   1.188372e-02   9.419100e-23   41954
  4.274096e+01   -3.068276e-22   1.182018e-02   9.920258e-23   37718
  4.278311e+01   -6.792062e-23   1.175253e-02   1.051249e-22   33736
  4.282524e+01   -3.696811e-22   1.169132e-02   1.129505e-22   30006
  4.286737e+01   -1.498316e-22   1.164907e-02   1.191723e-22   26522
  4.290955e+01   -2.281124e-22   1.162191e-02   1.243061e-22   23254
  4.295172e+01   -3.607509e-22   1.158330e-02   1.383408e-22   20178
  4.299391e+01   -1.333424e-22   1.156315e-02   1.445906e-22   17342
  4.303612e+01   -4.092471e-22   1.154632e-02   1.618187e-22   14714
  4.307837e+01   4.348416e-23   1.155162e-02   1.733308e-22   12310
  4.312059e+01   -3.533164e-22   1.152174e-02   1.884107e-22   10098
  4.316283e+01   -1.708812e-22   1.151731e-02   2.174007e-22   8126
  4.320507e+01   -5.646454e-22   1.151119e-02   2.526550e-22   6362
  4.324736e+01   -3.304225e-22   1.155455e-02   2.790220e-22   4822
  4.328956e+01   1.900770e-22   1.148980e-02   3.172693e-22   3474
  4.333169e+01   -6.240576e-22   1.147690e-02   4.247172e-22   2366
  4.337376e+01   -1.516773e-21   1.144014e-02   5.197732e-22   1466
  4.341590e+01   4.326378e-24   1.170054e-02   7.386772e-22   790
  4.345704e+01   -1.360913e-21   1.106884e-02   1.156974e-21   306
  4.349554e+01   -2.654358e-21   9.430857e-03   2.729373e-21   62
