# power spectrum of delta
# redshift z=1.494108
# k              Pk             sigma(k)       sigma(Pk)      count
  3.132125e-02   3.365175e-03   4.792454e-03   6.265017e-04   18
  6.745391e-02   3.804274e-02   1.159167e-02   3.790530e-03   152
  1.090113e-01   8.851229e-02   1.224347e-02   4.107748e-03   416
  1.497134e-01   1.459605e-01   1.165022e-02   5.456140e-03   770
  1.923472e-01   2.083960e-01   1.247860e-02   5.857858e-03   1364
  2.350444e-01   2.711338e-01   1.221820e-02   6.049716e-03   1976
  2.775930e-01   3.414892e-01   1.245022e-02   6.620058e-03   2792
  3.193857e-01   4.212740e-01   1.188722e-02   6.962846e-03   3578
  3.615292e-01   4.839776e-01   1.219808e-02   7.062920e-03   4724
  4.045273e-01   5.692521e-01   1.253838e-02   7.291692e-03   6032
  4.469941e-01   6.318110e-01   1.206640e-02   7.750999e-03   7072
  4.890810e-01   7.398439e-01   1.222555e-02   8.133896e-03   8634
  5.318886e-01   8.549863e-01   1.238102e-02   8.479373e-03   10336
  5.746708e-01   9.477627e-01   1.232804e-02   8.591043e-03   11940
  6.167490e-01   1.046245e+00   1.208586e-02   9.020985e-03   13490
  6.588740e-01   1.188251e+00   1.221778e-02   9.545695e-03   15656
  7.016595e-01   1.308855e+00   1.241043e-02   9.546219e-03   18008
  7.443680e-01   1.423372e+00   1.227786e-02   1.019468e-02   19964
  7.867827e-01   1.542860e+00   1.226437e-02   1.035830e-02   22354
  8.291404e-01   1.680656e+00   1.212327e-02   1.073166e-02   24648
  8.716536e-01   1.830935e+00   1.233244e-02   1.095899e-02   27592
  9.142068e-01   1.992229e+00   1.230127e-02   1.129252e-02   30152
  9.566749e-01   2.138455e+00   1.227622e-02   1.183415e-02   33046
  9.991233e-01   2.294960e+00   1.221538e-02   1.210776e-02   35992
  1.041693e+00   2.514621e+00   1.229906e-02   1.266138e-02   39304
  1.084289e+00   2.662648e+00   1.232858e-02   1.292761e-02   42608
  1.126820e+00   2.862115e+00   1.223307e-02   1.337914e-02   45758
  1.169340e+00   3.014963e+00   1.228914e-02   1.373164e-02   49536
  1.211695e+00   3.259155e+00   1.215683e-02   1.428693e-02   52488
  1.254054e+00   3.437096e+00   1.233851e-02   1.436480e-02   57034
  1.296605e+00   3.625502e+00   1.224458e-02   1.481998e-02   60648
  1.339187e+00   3.834368e+00   1.230532e-02   1.496352e-02   65044
  1.381689e+00   4.046643e+00   1.223104e-02   1.536951e-02   68720
  1.424202e+00   4.288212e+00   1.231312e-02   1.582710e-02   73538
  1.466870e+00   4.575725e+00   1.230776e-02   1.635646e-02   78080
  1.509304e+00   4.734540e+00   1.215944e-02   1.648916e-02   81572
  1.551677e+00   5.029853e+00   1.232495e-02   1.704001e-02   87248
  1.594353e+00   5.296148e+00   1.233837e-02   1.740063e-02   92266
  1.636929e+00   5.506340e+00   1.225268e-02   1.769273e-02   96696
  1.679216e+00   5.767394e+00   1.215041e-02   1.823522e-02   100904
  1.721516e+00   6.080097e+00   1.226207e-02   1.864768e-02   107036
  1.764192e+00   6.311082e+00   1.235795e-02   1.865241e-02   113362
  1.806923e+00   6.600669e+00   1.228837e-02   1.920362e-02   118176
  1.849351e+00   6.847256e+00   1.221864e-02   1.952869e-02   122944
  1.891857e+00   7.162285e+00   1.233203e-02   1.995618e-02   129902
  1.934420e+00   7.504333e+00   1.224691e-02   2.058651e-02   134944
  1.976863e+00   7.722582e+00   1.225992e-02   2.057441e-02   140952
  2.019285e+00   8.063167e+00   1.225865e-02   2.112437e-02   147072
  2.061737e+00   8.371605e+00   1.224320e-02   2.146773e-02   153382
  2.104357e+00   8.731982e+00   1.233049e-02   2.181075e-02   160952
  2.147003e+00   9.032190e+00   1.228118e-02   2.210543e-02   166640
  2.189431e+00   9.324277e+00   1.222861e-02   2.251095e-02   172448
  2.231915e+00   9.699918e+00   1.231031e-02   2.279068e-02   180594
  2.274471e+00   1.000755e+01   1.224284e-02   2.312744e-02   186556
  2.316888e+00   1.031045e+01   1.225358e-02   2.348572e-02   193528
  2.359297e+00   1.064584e+01   1.224273e-02   2.379427e-02   200626
  2.401844e+00   1.094250e+01   1.230642e-02   2.400678e-02   209256
  2.444460e+00   1.131339e+01   1.227865e-02   2.430044e-02   216020
  2.487004e+00   1.169524e+01   1.230299e-02   2.473695e-02   223768
  2.529444e+00   1.196925e+01   1.222313e-02   2.492761e-02   230234
  2.571955e+00   1.235707e+01   1.229969e-02   2.529322e-02   239800
  2.614499e+00   1.269046e+01   1.225221e-02   2.549753e-02   246568
  2.656957e+00   1.311418e+01   1.227331e-02   2.600271e-02   254828
  2.699414e+00   1.339962e+01   1.225769e-02   2.624270e-02   263074
  2.741981e+00   1.378642e+01   1.228604e-02   2.646638e-02   272312
  2.784554e+00   1.417394e+01   1.228079e-02   2.665936e-02   280376
  2.827093e+00   1.453638e+01   1.228600e-02   2.690215e-02   288884
  2.869605e+00   1.488582e+01   1.227401e-02   2.728712e-02   297602
  2.912071e+00   1.520864e+01   1.223046e-02   2.748056e-02   305520
  2.954561e+00   1.569936e+01   1.230079e-02   2.781125e-02   315976
  2.996984e+00   1.600250e+01   1.221089e-02   2.813802e-02   322778
  3.039488e+00   1.632558e+01   1.232008e-02   2.823537e-02   335372
  3.082114e+00   1.667155e+01   1.227327e-02   2.837049e-02   343464
  3.124654e+00   1.708714e+01   1.228282e-02   2.876968e-02   352912
  3.167174e+00   1.742814e+01   1.228199e-02   2.897318e-02   362666
  3.209689e+00   1.783759e+01   1.225476e-02   2.930311e-02   371884
  3.252186e+00   1.817743e+01   1.227971e-02   2.935156e-02   382280
  3.294633e+00   1.852399e+01   1.224302e-02   2.956546e-02   390888
  3.337059e+00   1.890200e+01   1.226867e-02   2.982534e-02   402234
  3.379565e+00   1.925140e+01   1.225933e-02   3.001142e-02   412576
  3.422105e+00   1.948495e+01   1.228715e-02   2.995355e-02   423732
  3.464636e+00   1.998996e+01   1.227257e-02   3.041375e-02   433624
  3.507180e+00   2.034660e+01   1.228881e-02   3.058615e-02   445154
  3.549739e+00   2.072848e+01   1.227656e-02   3.067613e-02   455584
  3.592238e+00   2.108020e+01   1.225887e-02   3.094864e-02   465588
  3.634685e+00   2.142749e+01   1.226065e-02   3.106722e-02   476762
  3.677219e+00   2.180063e+01   1.229242e-02   3.117841e-02   489552
  3.719789e+00   2.215967e+01   1.227853e-02   3.139848e-02   500328
  3.762251e+00   2.245707e+01   1.223705e-02   3.144873e-02   509852
  3.804741e+00   2.288900e+01   1.229735e-02   3.166342e-02   524234
  3.847275e+00   2.322067e+01   1.224781e-02   3.172601e-02   534104
  3.889779e+00   2.359509e+01   1.228211e-02   3.179654e-02   547048
  3.932320e+00   2.405906e+01   1.229545e-02   3.213800e-02   559328
  3.974872e+00   2.425350e+01   1.228346e-02   3.214902e-02   571326
  4.017355e+00   2.466015e+01   1.224147e-02   3.224611e-02   581920
  4.059804e+00   2.497335e+01   1.225835e-02   3.244584e-02   594832
  4.102282e+00   2.533144e+01   1.227222e-02   3.244673e-02   608048
  4.144825e+00   2.570208e+01   1.228101e-02   3.260682e-02   621526
  4.187356e+00   2.614915e+01   1.226445e-02   3.284592e-02   633240
  4.229822e+00   2.636549e+01   1.225981e-02   3.287188e-02   645472
  4.272346e+00   2.674840e+01   1.230137e-02   3.291563e-02   660906
  4.314903e+00   2.708307e+01   1.227030e-02   3.312581e-02   672856
  4.357425e+00   2.747235e+01   1.226838e-02   3.314435e-02   685980
  4.399921e+00   2.763620e+01   1.227191e-02   3.309609e-02   699256
  4.442476e+00   2.801102e+01   1.229990e-02   3.304790e-02   714730
  4.484986e+00   2.831372e+01   1.223739e-02   3.324483e-02   725152
  4.527452e+00   2.865616e+01   1.227054e-02   3.338855e-02   740420
  4.569941e+00   2.907041e+01   1.227636e-02   3.349239e-02   754312
  4.612456e+00   2.935908e+01   1.227959e-02   3.343597e-02   769114
  4.654996e+00   2.955225e+01   1.227684e-02   3.329975e-02   783488
  4.697459e+00   2.995104e+01   1.223560e-02   3.358071e-02   794968
  4.739925e+00   3.021949e+01   1.228043e-02   3.348964e-02   812366
  4.782438e+00   3.053121e+01   1.226054e-02   3.356773e-02   825976
  4.825000e+00   3.083417e+01   1.230088e-02   3.359265e-02   843352
  4.867591e+00   3.113262e+01   1.229290e-02   3.366146e-02   857280
  4.910094e+00   3.145468e+01   1.225276e-02   3.370670e-02   869542
  4.952587e+00   3.175419e+01   1.228301e-02   3.377308e-02   887128
  4.995087e+00   3.206201e+01   1.225266e-02   3.380578e-02   900032
  5.037553e+00   3.233281e+01   1.226951e-02   3.369864e-02   916560
  5.080018e+00   3.258395e+01   1.224713e-02   3.379689e-02   930922
  5.122540e+00   3.295580e+01   1.228718e-02   3.385423e-02   949844
  5.165149e+00   3.322312e+01   1.230776e-02   3.378085e-02   966736
  5.207698e+00   3.351644e+01   1.226328e-02   3.382379e-02   978776
  5.250149e+00   3.379875e+01   1.225655e-02   3.393609e-02   994522
  5.292642e+00   3.402800e+01   1.227563e-02   3.385784e-02   1012420
  5.335176e+00   3.429916e+01   1.228639e-02   3.376938e-02   1029408
  5.377640e+00   3.464360e+01   1.223362e-02   3.391718e-02   1041658
  5.420127e+00   3.491061e+01   1.228953e-02   3.385727e-02   1063520
  5.462635e+00   3.515835e+01   1.224276e-02   3.382481e-02   1075808
  5.505175e+00   3.540269e+01   1.232008e-02   3.374482e-02   1098956
  5.547712e+00   3.568653e+01   1.224668e-02   3.385632e-02   1109810
  5.590179e+00   3.595309e+01   1.226115e-02   3.386732e-02   1128608
  5.632713e+00   3.622317e+01   1.229436e-02   3.373314e-02   1148264
  5.675250e+00   3.655878e+01   1.227167e-02   3.394655e-02   1163252
  5.717744e+00   3.670352e+01   1.226828e-02   3.375805e-02   1181042
  5.760239e+00   3.694760e+01   1.225730e-02   3.384338e-02   1197848
  5.802769e+00   3.721990e+01   1.229495e-02   3.375435e-02   1218848
  5.845291e+00   3.740554e+01   1.225944e-02   3.369386e-02   1232916
  5.887780e+00   3.767028e+01   1.227538e-02   3.364731e-02   1253002
  5.930266e+00   3.787588e+01   1.224914e-02   3.365136e-02   1268576
  5.972763e+00   3.815867e+01   1.228621e-02   3.356616e-02   1290128
  6.015287e+00   3.844839e+01   1.227337e-02   3.366213e-02   1307402
  6.057820e+00   3.863892e+01   1.227649e-02   3.351493e-02   1327028
  6.100333e+00   3.886944e+01   1.225988e-02   3.355664e-02   1343648
  6.142842e+00   3.911301e+01   1.228087e-02   3.348017e-02   1364096
  6.185363e+00   3.927581e+01   1.227580e-02   3.335605e-02   1382730
  6.227896e+00   3.950951e+01   1.227503e-02   3.333252e-02   1402164
  6.270416e+00   3.979855e+01   1.227264e-02   3.339451e-02   1420464
  6.312883e+00   3.989973e+01   1.225519e-02   3.328250e-02   1437368
  6.355387e+00   4.010275e+01   1.228857e-02   3.317192e-02   1461530
  6.397919e+00   4.035667e+01   1.226028e-02   3.316568e-02   1478264
  6.440432e+00   4.051548e+01   1.227561e-02   3.301929e-02   1499356
  6.482926e+00   4.071259e+01   1.226095e-02   3.299090e-02   1517016
  6.525439e+00   4.093286e+01   1.228340e-02   3.290573e-02   1540090
  6.567953e+00   4.105091e+01   1.226146e-02   3.283537e-02   1557360
  6.610434e+00   4.131450e+01   1.226770e-02   3.293088e-02   1577780
  6.652969e+00   4.149641e+01   1.230043e-02   3.276728e-02   1602578
  6.695499e+00   4.170957e+01   1.225417e-02   3.285617e-02   1617672
  6.737992e+00   4.191351e+01   1.227613e-02   3.269968e-02   1641016
  6.780486e+00   4.206895e+01   1.226032e-02   3.268228e-02   1659416
  6.822983e+00   4.219921e+01   1.227372e-02   3.253428e-02   1682670
  6.865529e+00   4.241993e+01   1.228276e-02   3.243870e-02   1705256
  6.908096e+00   4.254487e+01   1.228756e-02   3.239497e-02   1726312
  6.950582e+00   4.280764e+01   1.225056e-02   3.238551e-02   1741880
  6.993044e+00   4.295073e+01   1.226862e-02   3.230691e-02   1766454
  7.035588e+00   4.316559e+01   1.229242e-02   3.224141e-02   1791784
  7.078111e+00   4.333598e+01   1.225558e-02   3.227325e-02   1807712
  7.120554e+00   4.346954e+01   1.225110e-02   3.218857e-02   1829002
  7.163037e+00   4.357498e+01   1.226905e-02   3.198666e-02   1854216
  7.205602e+00   4.377354e+01   1.229852e-02   3.191526e-02   1880156
  7.248150e+00   4.397255e+01   1.227340e-02   3.192230e-02   1897568
  7.290651e+00   4.402786e+01   1.227390e-02   3.183735e-02   1920458
  7.333153e+00   4.424542e+01   1.226399e-02   3.174316e-02   1942208
  7.375659e+00   4.431651e+01   1.227125e-02   3.164953e-02   1965612
  7.418175e+00   4.457821e+01   1.227855e-02   3.164730e-02   1989000
  7.460671e+00   4.467597e+01   1.225786e-02   3.147892e-02   2009114
  7.503166e+00   4.478197e+01   1.226960e-02   3.137836e-02   2034464
  7.545695e+00   4.497614e+01   1.228070e-02   3.134664e-02   2058476
  7.588207e+00   4.513010e+01   1.227216e-02   3.137228e-02   2079648
  7.630693e+00   4.522218e+01   1.226356e-02   3.118623e-02   2102578
  7.673222e+00   4.544903e+01   1.228297e-02   3.114216e-02   2129928
  7.715766e+00   4.543825e+01   1.227893e-02   3.097051e-02   2152096
  7.758252e+00   4.557957e+01   1.225143e-02   3.098530e-02   2171142
  7.800741e+00   4.574182e+01   1.227660e-02   3.086937e-02   2200248
  7.843296e+00   4.589264e+01   1.228407e-02   3.077828e-02   2225216
  7.885842e+00   4.594940e+01   1.228377e-02   3.064060e-02   2248448
  7.928336e+00   4.605896e+01   1.225709e-02   3.059836e-02   2267942
  7.970840e+00   4.626971e+01   1.228420e-02   3.058024e-02   2298072
  8.013348e+00   4.625787e+01   1.225627e-02   3.037618e-02   2317272
  8.055842e+00   4.647927e+01   1.227899e-02   3.036367e-02   2345808
  8.098322e+00   4.658757e+01   1.224988e-02   3.031782e-02   2365650
  8.140823e+00   4.674041e+01   1.227972e-02   3.020502e-02   2396940
  8.183368e+00   4.685147e+01   1.227975e-02   3.012708e-02   2421272
  8.225892e+00   4.691551e+01   1.227360e-02   2.997837e-02   2444576
  8.268407e+00   4.704449e+01   1.227899e-02   2.996801e-02   2471490
  8.310912e+00   4.716148e+01   1.225942e-02   2.991528e-02   2493180
  8.353397e+00   4.719237e+01   1.227208e-02   2.972687e-02   2520952
  8.395888e+00   4.732585e+01   1.226128e-02   2.971990e-02   2544946
  8.438392e+00   4.740713e+01   1.227324e-02   2.954170e-02   2573856
  8.480922e+00   4.745484e+01   1.227611e-02   2.940402e-02   2600016
  8.523447e+00   4.762410e+01   1.227641e-02   2.935957e-02   2625484
  8.565959e+00   4.771312e+01   1.227232e-02   2.932336e-02   2651122
  8.608519e+00   4.785399e+01   1.229739e-02   2.921041e-02   2683488
  8.651014e+00   4.784564e+01   1.223786e-02   2.914711e-02   2696352
  8.693483e+00   4.790350e+01   1.228468e-02   2.894303e-02   2733020
  8.736008e+00   4.802064e+01   1.227012e-02   2.894249e-02   2757378
  8.778525e+00   4.813759e+01   1.227177e-02   2.884750e-02   2784864
  8.821036e+00   4.818474e+01   1.227124e-02   2.873367e-02   2811168
  8.863496e+00   4.827342e+01   1.224424e-02   2.867216e-02   2832274
  8.906020e+00   4.839399e+01   1.230244e-02   2.856898e-02   2873636
  8.948567e+00   4.851521e+01   1.225951e-02   2.856792e-02   2890496
  8.991066e+00   4.852394e+01   1.227940e-02   2.838681e-02   2921800
  9.033598e+00   4.856178e+01   1.228441e-02   2.825377e-02   2951298
  9.076126e+00   4.865977e+01   1.226510e-02   2.823769e-02   2975476
  9.118654e+00   4.878726e+01   1.228550e-02   2.811038e-02   3007728
  9.161142e+00   4.880936e+01   1.224754e-02   2.810572e-02   3025776
  9.203640e+00   4.883509e+01   1.229182e-02   2.788149e-02   3065762
  9.246160e+00   4.899988e+01   1.225283e-02   2.790748e-02   3084856
  9.288649e+00   4.888903e+01   1.227594e-02   2.767198e-02   3118044
  9.331129e+00   4.903545e+01   1.225728e-02   2.768243e-02   3141352
  9.373640e+00   4.910102e+01   1.228814e-02   2.753499e-02   3179274
  9.416185e+00   4.912464e+01   1.227073e-02   2.744341e-02   3204120
  9.458671e+00   4.915405e+01   1.225444e-02   2.738532e-02   3227900
  9.501151e+00   4.922054e+01   1.227489e-02   2.721669e-02   3262394
  9.543701e+00   4.930280e+01   1.228726e-02   2.716074e-02   3295680
  9.586236e+00   4.931646e+01   1.226866e-02   2.708535e-02   3319560
  9.628737e+00   4.934482e+01   1.227228e-02   2.698801e-02   3348972
  9.671240e+00   4.942434e+01   1.227416e-02   2.689666e-02   3379722
  9.713763e+00   4.948467e+01   1.227339e-02   2.679260e-02   3410720
  9.756299e+00   4.952344e+01   1.227807e-02   2.668934e-02   3441504
  9.798787e+00   4.953211e+01   1.225320e-02   2.660454e-02   3463624
  9.841266e+00   4.952313e+01   1.227217e-02   2.648878e-02   3499790
  9.883803e+00   4.956453e+01   1.228281e-02   2.639264e-02   3533560
  9.926350e+00   4.966709e+01   1.227932e-02   2.636373e-02   3561920
  9.968836e+00   4.971465e+01   1.225683e-02   2.627158e-02   3585208
  1.001132e+01   4.970624e+01   1.227674e-02   2.611870e-02   3622518
  1.005387e+01   4.970402e+01   1.228938e-02   2.597307e-02   3657584
  1.009637e+01   4.970933e+01   1.225003e-02   2.594318e-02   3676440
  1.013883e+01   4.975949e+01   1.226093e-02   2.583111e-02   3711282
  1.018134e+01   4.985973e+01   1.227505e-02   2.575454e-02   3747696
  1.022386e+01   4.985753e+01   1.226890e-02   2.567954e-02   3776188
  1.026640e+01   4.985488e+01   1.229793e-02   2.554509e-02   3815304
  1.030893e+01   4.986755e+01   1.225864e-02   2.544946e-02   3835370
  1.035143e+01   4.984449e+01   1.227570e-02   2.530515e-02   3873424
  1.039395e+01   4.992461e+01   1.227191e-02   2.528774e-02   3903420
  1.043647e+01   4.991327e+01   1.228014e-02   2.515062e-02   3937624
  1.047898e+01   4.994825e+01   1.226404e-02   2.507653e-02   3965658
  1.052150e+01   4.993260e+01   1.227921e-02   2.496411e-02   4002984
  1.056400e+01   5.001166e+01   1.226054e-02   2.493315e-02   4027928
  1.060647e+01   5.001809e+01   1.225976e-02   2.479725e-02   4059844
  1.064896e+01   5.002636e+01   1.227978e-02   2.467994e-02   4100338
  1.069151e+01   4.998659e+01   1.227651e-02   2.460560e-02   4132264
  1.073403e+01   5.000196e+01   1.227390e-02   2.450472e-02   4163216
  1.077652e+01   4.997804e+01   1.226459e-02   2.443419e-02   4193350
  1.081904e+01   5.001085e+01   1.228427e-02   2.432725e-02   4234456
  1.086156e+01   5.004144e+01   1.225632e-02   2.425056e-02   4257264
  1.090405e+01   4.998383e+01   1.227910e-02   2.408395e-02   4297352
  1.094656e+01   4.994727e+01   1.226998e-02   2.400162e-02   4328642
  1.098909e+01   5.000313e+01   1.228265e-02   2.389500e-02   4367948
  1.103158e+01   4.997825e+01   1.224720e-02   2.385679e-02   4388384
  1.107408e+01   5.003979e+01   1.228899e-02   2.374338e-02   4436648
  1.111661e+01   4.995498e+01   1.227199e-02   2.361510e-02   4465658
  1.115915e+01   4.994447e+01   1.227871e-02   2.354508e-02   4502948
  1.120165e+01   4.992856e+01   1.225915e-02   2.346390e-02   4528880
  1.124413e+01   4.998189e+01   1.226872e-02   2.338618e-02   4566290
  1.128665e+01   5.002410e+01   1.228262e-02   2.329806e-02   4606856
  1.132917e+01   4.993524e+01   1.226621e-02   2.317959e-02   4635380
  1.137166e+01   4.995914e+01   1.226853e-02   2.314370e-02   4670384
  1.141417e+01   4.986914e+01   1.227665e-02   2.298659e-02   4709258
  1.145672e+01   4.982631e+01   1.228130e-02   2.286329e-02   4747352
  1.149922e+01   4.981675e+01   1.225462e-02   2.280448e-02   4771664
  1.154171e+01   4.983451e+01   1.227440e-02   2.270303e-02   4813532
  1.158423e+01   4.987968e+01   1.228175e-02   2.264551e-02   4852322
  1.162677e+01   4.981448e+01   1.227605e-02   2.253253e-02   4886480
  1.166928e+01   4.981886e+01   1.226516e-02   2.246009e-02   4917248
  1.171175e+01   4.975204e+01   1.226039e-02   2.234828e-02   4950828
  1.175428e+01   4.976142e+01   1.229115e-02   2.226231e-02   5000170
  1.179682e+01   4.979753e+01   1.226743e-02   2.220664e-02   5026952
  1.183930e+01   4.970357e+01   1.225870e-02   2.210991e-02   5058752
  1.188178e+01   4.970539e+01   1.227096e-02   2.202252e-02   5100722
  1.192431e+01   4.964554e+01   1.227592e-02   2.187476e-02   5140124
  1.196682e+01   4.959730e+01   1.227175e-02   2.180708e-02   5174072
  1.200934e+01   4.961200e+01   1.227571e-02   2.175397e-02   5211608
  1.205185e+01   4.956086e+01   1.227167e-02   2.163545e-02   5247794
  1.209436e+01   4.950554e+01   1.226763e-02   2.152633e-02   5284196
  1.213689e+01   4.957965e+01   1.228663e-02   2.148688e-02   5328800
  1.217939e+01   4.950702e+01   1.225244e-02   2.142372e-02   5350872
  1.222188e+01   4.948021e+01   1.227843e-02   2.130248e-02   5400634
  1.226439e+01   4.940427e+01   1.226116e-02   2.120157e-02   5430968
  1.230690e+01   4.937544e+01   1.228074e-02   2.111614e-02   5475908
  1.234942e+01   4.927776e+01   1.227341e-02   2.100052e-02   5510016
  1.239194e+01   4.928480e+01   1.227878e-02   2.091436e-02   5552114
  1.243448e+01   4.920425e+01   1.227536e-02   2.080616e-02   5588944
  1.247700e+01   4.921426e+01   1.227081e-02   2.074560e-02   5623828
  1.251949e+01   4.908136e+01   1.226652e-02   2.063764e-02   5660722
  1.256199e+01   4.912750e+01   1.226569e-02   2.058941e-02   5699896
  1.260450e+01   4.905595e+01   1.227587e-02   2.047897e-02   5741936
  1.264701e+01   4.902109e+01   1.227604e-02   2.039823e-02   5779568
  1.268952e+01   4.898327e+01   1.227056e-02   2.031653e-02   5817222
  1.273202e+01   4.887807e+01   1.226405e-02   2.019926e-02   5854600
  1.277454e+01   4.889511e+01   1.227916e-02   2.015206e-02   5900040
  1.281705e+01   4.878950e+01   1.226601e-02   2.002289e-02   5931976
  1.285956e+01   4.883554e+01   1.228040e-02   1.997836e-02   5979390
  1.290207e+01   4.873216e+01   1.226129e-02   1.985694e-02   6010200
  1.294458e+01   4.866598e+01   1.227731e-02   1.976664e-02   6056496
  1.298708e+01   4.860889e+01   1.226484e-02   1.968235e-02   6089504
  1.302958e+01   4.854905e+01   1.227756e-02   1.958328e-02   6137114
  1.307210e+01   4.852991e+01   1.226880e-02   1.952080e-02   6173332
  1.311461e+01   4.844824e+01   1.227153e-02   1.944554e-02   6214128
  1.315711e+01   4.839652e+01   1.226922e-02   1.936395e-02   6253874
  1.319964e+01   4.839397e+01   1.227851e-02   1.927356e-02   6300104
  1.324216e+01   4.834732e+01   1.226546e-02   1.920883e-02   6332612
  1.328467e+01   4.827210e+01   1.228096e-02   1.912159e-02   6379768
  1.332719e+01   4.816144e+01   1.227439e-02   1.900599e-02   6418218
  1.336971e+01   4.811249e+01   1.227344e-02   1.893421e-02   6459880
  1.341221e+01   4.807310e+01   1.226446e-02   1.887721e-02   6495652
  1.345472e+01   4.800315e+01   1.228092e-02   1.877090e-02   6545296
  1.349724e+01   4.793076e+01   1.226891e-02   1.868805e-02   6581570
  1.353974e+01   4.791806e+01   1.226098e-02   1.863503e-02   6618960
  1.358222e+01   4.780873e+01   1.226863e-02   1.852592e-02   6663352
  1.362471e+01   4.776448e+01   1.226151e-02   1.846703e-02   6701334
  1.366724e+01   4.774795e+01   1.229005e-02   1.836038e-02   6759920
  1.370978e+01   4.767768e+01   1.226871e-02   1.828746e-02   6789696
  1.375229e+01   4.759085e+01   1.227982e-02   1.821045e-02   6837208
  1.379481e+01   4.751192e+01   1.226997e-02   1.812830e-02   6874966
  1.383733e+01   4.748118e+01   1.227445e-02   1.804822e-02   6920864
  1.387984e+01   4.736590e+01   1.226703e-02   1.795720e-02   6957816
  1.392234e+01   4.727430e+01   1.227258e-02   1.787390e-02   7002232
  1.396483e+01   4.720012e+01   1.226616e-02   1.777123e-02   7043114
  1.400736e+01   4.722690e+01   1.228161e-02   1.772711e-02   7096020
  1.404988e+01   4.712365e+01   1.226958e-02   1.764323e-02   7130640
  1.409239e+01   4.704365e+01   1.227310e-02   1.755448e-02   7175472
  1.413489e+01   4.699656e+01   1.226899e-02   1.750209e-02   7217786
  1.417741e+01   4.689599e+01   1.227600e-02   1.739769e-02   7265564
  1.421992e+01   4.682260e+01   1.226528e-02   1.733171e-02   7301288
  1.426240e+01   4.674510e+01   1.226550e-02   1.724821e-02   7345330
  1.430491e+01   4.664754e+01   1.227621e-02   1.716420e-02   7397048
  1.434743e+01   4.657337e+01   1.226815e-02   1.709162e-02   7435920
  1.438994e+01   4.653238e+01   1.227688e-02   1.701023e-02   7484140
  1.443245e+01   4.640434e+01   1.227057e-02   1.692424e-02   7525578
  1.447497e+01   4.637086e+01   1.227007e-02   1.684957e-02   7571376
  1.451748e+01   4.622083e+01   1.227392e-02   1.673490e-02   7617064
  1.456001e+01   4.618602e+01   1.227782e-02   1.668767e-02   7662092
  1.460251e+01   4.611429e+01   1.226530e-02   1.662525e-02   7699658
  1.464502e+01   4.603273e+01   1.227578e-02   1.652658e-02   7752416
  1.468755e+01   4.596894e+01   1.227763e-02   1.647164e-02   7797776
  1.473004e+01   4.587701e+01   1.226070e-02   1.639175e-02   7831720
  1.477255e+01   4.578063e+01   1.227889e-02   1.630107e-02   7889926
  1.481507e+01   4.571583e+01   1.227192e-02   1.624214e-02   7931480
  1.485759e+01   4.562745e+01   1.227300e-02   1.616550e-02   7976688
  1.490006e+01   4.555770e+01   1.225048e-02   1.610591e-02   8007786
  1.494256e+01   4.543948e+01   1.228133e-02   1.599576e-02   8074564
  1.498510e+01   4.543104e+01   1.228034e-02   1.594436e-02   8118904
  1.502762e+01   4.530081e+01   1.226783e-02   1.587477e-02   8155824
  1.507013e+01   4.521693e+01   1.228256e-02   1.578935e-02   8212802
  1.511265e+01   4.514044e+01   1.226047e-02   1.572219e-02   8245268
  1.515516e+01   4.506766e+01   1.228702e-02   1.563004e-02   8308816
  1.519769e+01   4.490655e+01   1.226520e-02   1.554892e-02   8340304
  1.524017e+01   4.485593e+01   1.226489e-02   1.548823e-02   8387738
  1.528267e+01   4.479819e+01   1.226883e-02   1.541578e-02   8437624
  1.532518e+01   4.470323e+01   1.227531e-02   1.535291e-02   8487796
  1.536768e+01   4.463195e+01   1.226572e-02   1.528411e-02   8527936
  1.541020e+01   4.454241e+01   1.227764e-02   1.521775e-02   8585122
  1.545272e+01   4.443364e+01   1.227170e-02   1.512846e-02   8628200
  1.549524e+01   4.434712e+01   1.227868e-02   1.505747e-02   8679484
  1.553776e+01   4.426605e+01   1.226928e-02   1.498734e-02   8721466
  1.558025e+01   4.416344e+01   1.226318e-02   1.491677e-02   8765840
  1.562277e+01   4.405049e+01   1.228142e-02   1.482891e-02   8825136
  1.566528e+01   4.398082e+01   1.226701e-02   1.478125e-02   8861768
  1.570779e+01   4.390140e+01   1.227728e-02   1.469911e-02   8919278
  1.575031e+01   4.378165e+01   1.226638e-02   1.462943e-02   8961008
  1.579282e+01   4.372810e+01   1.227512e-02   1.456766e-02   9014456
  1.583534e+01   4.364225e+01   1.227527e-02   1.450383e-02   9062240
  1.587786e+01   4.351394e+01   1.227311e-02   1.443092e-02   9110510
  1.592036e+01   4.341637e+01   1.226582e-02   1.435541e-02   9154048
  1.596285e+01   4.336722e+01   1.226281e-02   1.430721e-02   9198928
  1.600534e+01   4.327158e+01   1.227531e-02   1.422201e-02   9257194
  1.604787e+01   4.316836e+01   1.227745e-02   1.415543e-02   9310168
  1.609038e+01   4.309772e+01   1.226530e-02   1.408512e-02   9350316
  1.613289e+01   4.294122e+01   1.227684e-02   1.400237e-02   9407120
  1.617541e+01   4.287398e+01   1.227300e-02   1.393569e-02   9454642
  1.621793e+01   4.282472e+01   1.227362e-02   1.389558e-02   9506272
  1.626044e+01   4.270306e+01   1.226942e-02   1.381019e-02   9551228
  1.630294e+01   4.264597e+01   1.227038e-02   1.375918e-02   9600264
  1.634544e+01   4.246674e+01   1.227012e-02   1.367873e-02   9651458
  1.638796e+01   4.239862e+01   1.228049e-02   1.360602e-02   9711488
  1.643048e+01   4.233996e+01   1.226476e-02   1.356619e-02   9749144
  1.647299e+01   4.222397e+01   1.227613e-02   1.348495e-02   9807908
  1.651550e+01   4.212795e+01   1.227043e-02   1.342311e-02   9854786
  1.655803e+01   4.203927e+01   1.228107e-02   1.335148e-02   9914304
  1.660053e+01   4.192396e+01   1.225867e-02   1.329755e-02   9945544
  1.664301e+01   4.179172e+01   1.226718e-02   1.321752e-02   10003414
  1.668552e+01   4.168884e+01   1.227468e-02   1.314504e-02   10062032
  1.672804e+01   4.160990e+01   1.227657e-02   1.309276e-02   10114792
  1.677058e+01   4.152267e+01   1.228180e-02   1.303288e-02   10169936
  1.681307e+01   4.139725e+01   1.225060e-02   1.296614e-02   10196602
  1.685558e+01   4.132593e+01   1.228906e-02   1.289871e-02   10281156
  1.689811e+01   4.120283e+01   1.226275e-02   1.283492e-02   10309376
  1.694060e+01   4.112597e+01   1.227427e-02   1.277844e-02   10369856
  1.698310e+01   4.101281e+01   1.226425e-02   1.271108e-02   10415370
  1.702562e+01   4.090823e+01   1.228018e-02   1.264111e-02   10481988
  1.706815e+01   4.082262e+01   1.227822e-02   1.257489e-02   10531200
  1.711066e+01   4.072489e+01   1.226163e-02   1.252213e-02   10569416
  1.715315e+01   4.064073e+01   1.227286e-02   1.246553e-02   10633066
  1.719568e+01   4.052071e+01   1.227546e-02   1.239211e-02   10687548
  1.723821e+01   4.042173e+01   1.228168e-02   1.234475e-02   10743968
  1.728072e+01   4.036476e+01   1.226340e-02   1.229549e-02   10782130
  1.732321e+01   4.024985e+01   1.226438e-02   1.222603e-02   10837792
  1.736571e+01   4.014058e+01   1.227328e-02   1.215115e-02   10897368
  1.740823e+01   4.005129e+01   1.227857e-02   1.210210e-02   10953940
  1.745075e+01   3.994955e+01   1.227188e-02   1.204506e-02   11003274
  1.749325e+01   3.984202e+01   1.226537e-02   1.199248e-02   11052800
  1.753577e+01   3.972348e+01   1.228039e-02   1.191685e-02   11118176
  1.757829e+01   3.964852e+01   1.227174e-02   1.186576e-02   11162268
  1.762078e+01   3.952650e+01   1.226447e-02   1.180934e-02   11211458
  1.766328e+01   3.938756e+01   1.226924e-02   1.174456e-02   11271888
  1.770579e+01   3.932390e+01   1.227456e-02   1.168881e-02   11329304
  1.774829e+01   3.924564e+01   1.226554e-02   1.164567e-02   11375026
  1.779081e+01   3.911630e+01   1.227704e-02   1.156061e-02   11442532
  1.783332e+01   3.901386e+01   1.226620e-02   1.151444e-02   11487264
  1.787583e+01   3.894780e+01   1.227239e-02   1.146259e-02   11545680
  1.791835e+01   3.881609e+01   1.227937e-02   1.139484e-02   11607058
  1.796089e+01   3.869313e+01   1.227970e-02   1.132625e-02   11664300
  1.800340e+01   3.865714e+01   1.226785e-02   1.130230e-02   11707488
  1.804590e+01   3.851406e+01   1.226647e-02   1.123768e-02   11759536
  1.808841e+01   3.840431e+01   1.228470e-02   1.116461e-02   11833690
  1.813095e+01   3.831517e+01   1.227017e-02   1.111891e-02   11877808
  1.817345e+01   3.823054e+01   1.226311e-02   1.107850e-02   11925836
  1.821595e+01   3.809921e+01   1.227560e-02   1.100069e-02   11992168
  1.825846e+01   3.798817e+01   1.227114e-02   1.095241e-02   12044554
  1.830097e+01   3.787255e+01   1.226867e-02   1.088542e-02   12098976
  1.834346e+01   3.779370e+01   1.226469e-02   1.085119e-02   12149996
  1.838595e+01   3.769267e+01   1.226815e-02   1.078858e-02   12209594
  1.842847e+01   3.759891e+01   1.227993e-02   1.073119e-02   12279272
  1.847101e+01   3.750086e+01   1.228002e-02   1.068001e-02   12336072
  1.851353e+01   3.739412e+01   1.226966e-02   1.063478e-02   12381744
  1.855604e+01   3.727802e+01   1.227227e-02   1.056967e-02   12441590
  1.859855e+01   3.716762e+01   1.227023e-02   1.052778e-02   12497256
  1.864105e+01   3.708831e+01   1.226730e-02   1.047744e-02   12550032
  1.868353e+01   3.699224e+01   1.226474e-02   1.042687e-02   12603936
  1.872603e+01   3.689300e+01   1.227245e-02   1.036418e-02   12671230
  1.876857e+01   3.679958e+01   1.228331e-02   1.031090e-02   12740920
  1.881110e+01   3.671001e+01   1.227107e-02   1.027107e-02   12784560
  1.885359e+01   3.659353e+01   1.226358e-02   1.021298e-02   12834176
  1.889610e+01   3.643586e+01   1.227865e-02   1.014195e-02   12909006
  1.893863e+01   3.638676e+01   1.227235e-02   1.011376e-02   12959680
  1.898113e+01   3.626041e+01   1.227020e-02   1.005895e-02   13014232
  1.902364e+01   3.614627e+01   1.227262e-02   9.994344e-03   13076514
  1.906614e+01   3.610202e+01   1.226274e-02   9.972890e-03   13127112
  1.910866e+01   3.598072e+01   1.228266e-02   9.906520e-03   13205852
  1.915119e+01   3.586540e+01   1.227282e-02   9.857695e-03   13252032
  1.919369e+01   3.577440e+01   1.226787e-02   9.813287e-03   13307450
  1.923620e+01   3.567576e+01   1.227402e-02   9.754533e-03   13374160
  1.927872e+01   3.557209e+01   1.227027e-02   9.708100e-03   13426348
  1.932123e+01   3.548307e+01   1.227853e-02   9.665982e-03   13492760
  1.936373e+01   3.536508e+01   1.226457e-02   9.612126e-03   13539546
  1.940624e+01   3.527399e+01   1.227335e-02   9.559162e-03   13610704
  1.944875e+01   3.517575e+01   1.226734e-02   9.520993e-03   13662024
  1.949125e+01   3.506663e+01   1.227299e-02   9.473650e-03   13727492
  1.953377e+01   3.498895e+01   1.227644e-02   9.431408e-03   13793394
  1.957629e+01   3.487575e+01   1.226862e-02   9.375917e-03   13844456
  1.961880e+01   3.477436e+01   1.227171e-02   9.329879e-03   13905184
  1.966130e+01   3.466897e+01   1.227189e-02   9.284962e-03   13965958
  1.970381e+01   3.458405e+01   1.226859e-02   9.236188e-03   14025192
  1.974632e+01   3.448264e+01   1.227581e-02   9.193451e-03   14093768
  1.978884e+01   3.437417e+01   1.227382e-02   9.142823e-03   14150440
  1.983136e+01   3.427524e+01   1.227452e-02   9.096851e-03   14213450
  1.987387e+01   3.418207e+01   1.226691e-02   9.056140e-03   14267036
  1.991638e+01   3.409561e+01   1.227427e-02   9.008297e-03   14335032
  1.995889e+01   3.399945e+01   1.226837e-02   8.966371e-03   14387664
  2.000139e+01   3.388855e+01   1.227308e-02   8.919752e-03   14455698
  2.004391e+01   3.382778e+01   1.227471e-02   8.878165e-03   14520452
  2.008643e+01   3.371583e+01   1.227399e-02   8.835120e-03   14580272
  2.012893e+01   3.361187e+01   1.226246e-02   8.795432e-03   14628050
  2.017144e+01   3.350066e+01   1.228393e-02   8.737743e-03   14716744
  2.021396e+01   3.341138e+01   1.226163e-02   8.702217e-03   14751712
  2.025646e+01   3.334633e+01   1.227782e-02   8.664760e-03   14831620
  2.029896e+01   3.325042e+01   1.226188e-02   8.627008e-03   14875522
  2.034146e+01   3.313085e+01   1.227585e-02   8.567126e-03   14956720
  2.038398e+01   3.303695e+01   1.226799e-02   8.530077e-03   15008272
  2.042648e+01   3.296332e+01   1.227113e-02   8.495825e-03   15073780
  2.046899e+01   3.285314e+01   1.227601e-02   8.448478e-03   15144866
  2.051153e+01   3.275667e+01   1.228021e-02   8.404240e-03   15213872
  2.055406e+01   3.268622e+01   1.227172e-02   8.372413e-03   15263976
  2.059656e+01   3.259588e+01   1.226689e-02   8.334383e-03   15320236
  2.063907e+01   3.250207e+01   1.227747e-02   8.291644e-03   15398322
  2.068159e+01   3.242875e+01   1.226849e-02   8.257597e-03   15450864
  2.072409e+01   3.230640e+01   1.226949e-02   8.211990e-03   15513888
  2.076658e+01   3.223903e+01   1.226638e-02   8.177836e-03   15574626
  2.080910e+01   3.213356e+01   1.227957e-02   8.128458e-03   15657956
  2.085162e+01   3.204152e+01   1.226694e-02   8.093613e-03   15704248
  2.089412e+01   3.193290e+01   1.227405e-02   8.051331e-03   15774824
  2.093664e+01   3.184683e+01   1.227741e-02   8.009572e-03   15844898
  2.097916e+01   3.174804e+01   1.226797e-02   7.976887e-03   15898956
  2.102166e+01   3.166553e+01   1.226837e-02   7.940311e-03   15961768
  2.106416e+01   3.157094e+01   1.227392e-02   7.894179e-03   16032208
  2.110668e+01   3.149080e+01   1.227386e-02   7.856556e-03   16099530
  2.114918e+01   3.142498e+01   1.226342e-02   7.823259e-03   16152712
  2.119169e+01   3.131041e+01   1.227877e-02   7.778807e-03   16235740
  2.123421e+01   3.121767e+01   1.227090e-02   7.744237e-03   16288856
  2.127673e+01   3.114911e+01   1.227763e-02   7.706927e-03   16365074
  2.131925e+01   3.105481e+01   1.226826e-02   7.671974e-03   16418248
  2.136173e+01   3.096599e+01   1.226229e-02   7.638493e-03   16473180
  2.140423e+01   3.089347e+01   1.227796e-02   7.605162e-03   16560234
  2.144675e+01   3.080388e+01   1.226818e-02   7.566006e-03   16616088
  2.148927e+01   3.070538e+01   1.227653e-02   7.523782e-03   16693264
  2.153179e+01   3.062876e+01   1.227410e-02   7.494729e-03   16753864
  2.157431e+01   3.056276e+01   1.227428e-02   7.463758e-03   16820702
  2.161682e+01   3.046644e+01   1.226755e-02   7.434928e-03   16879288
  2.165933e+01   3.037831e+01   1.227311e-02   7.392341e-03   16951712
  2.170183e+01   3.030383e+01   1.226675e-02   7.363889e-03   17007560
  2.174434e+01   3.022006e+01   1.227813e-02   7.323631e-03   17092086
  2.178685e+01   3.013330e+01   1.226906e-02   7.298647e-03   17148392
  2.182937e+01   3.008211e+01   1.227478e-02   7.268434e-03   17222288
  2.187188e+01   2.998287e+01   1.227236e-02   7.228792e-03   17285096
  2.191439e+01   2.990531e+01   1.226620e-02   7.201819e-03   17344826
  2.195689e+01   2.982518e+01   1.227320e-02   7.162975e-03   17421236
  2.199941e+01   2.975383e+01   1.227792e-02   7.137101e-03   17494160
  2.204191e+01   2.966379e+01   1.226044e-02   7.108120e-03   17538122
  2.208440e+01   2.959712e+01   1.226939e-02   7.071365e-03   17620136
  2.212692e+01   2.952450e+01   1.227875e-02   7.040547e-03   17700428
  2.216945e+01   2.944955e+01   1.227393e-02   7.009507e-03   17760320
  2.221196e+01   2.936846e+01   1.227224e-02   6.977146e-03   17827562
  2.225448e+01   2.930015e+01   1.227165e-02   6.946339e-03   17895488
  2.229699e+01   2.921632e+01   1.227292e-02   6.913825e-03   17963576
  2.233950e+01   2.913382e+01   1.227046e-02   6.885423e-03   18027500
  2.238201e+01   2.906638e+01   1.227533e-02   6.857159e-03   18105650
  2.242451e+01   2.900040e+01   1.226508e-02   6.834161e-03   18160880
  2.246701e+01   2.894646e+01   1.226834e-02   6.804941e-03   18233144
  2.250951e+01   2.885674e+01   1.227149e-02   6.775222e-03   18307310
  2.255203e+01   2.881121e+01   1.227368e-02   6.747601e-03   18381680
  2.259456e+01   2.872392e+01   1.227489e-02   6.715399e-03   18450536
  2.263708e+01   2.864417e+01   1.227820e-02   6.689412e-03   18522128
  2.267959e+01   2.861121e+01   1.226827e-02   6.670443e-03   18578414
  2.272209e+01   2.851656e+01   1.227113e-02   6.638104e-03   18654304
  2.276460e+01   2.846567e+01   1.227056e-02   6.616320e-03   18722304
  2.280712e+01   2.838756e+01   1.227777e-02   6.583664e-03   18802472
  2.284964e+01   2.833096e+01   1.227092e-02   6.562409e-03   18864266
  2.289215e+01   2.825662e+01   1.226939e-02   6.530562e-03   18933260
  2.293465e+01   2.820142e+01   1.226719e-02   6.510971e-03   18997448
  2.297715e+01   2.813278e+01   1.227581e-02   6.487900e-03   19079816
  2.301967e+01   2.807949e+01   1.227098e-02   6.460927e-03   19145330
  2.306218e+01   2.802912e+01   1.227177e-02   6.439359e-03   19218276
  2.310469e+01   2.797413e+01   1.227113e-02   6.417200e-03   19286200
  2.314719e+01   2.788337e+01   1.226583e-02   6.386790e-03   19349738
  2.318971e+01   2.785995e+01   1.228286e-02   6.372140e-03   19450040
  2.323223e+01   2.779652e+01   1.226363e-02   6.344056e-03   19489688
  2.327473e+01   2.773217e+01   1.227521e-02   6.318128e-03   19576868
  2.331724e+01   2.767254e+01   1.226932e-02   6.301085e-03   19640282
  2.335976e+01   2.763950e+01   1.227873e-02   6.283079e-03   19728800
  2.340226e+01   2.758419e+01   1.226095e-02   6.260804e-03   19770152
  2.344476e+01   2.752380e+01   1.227487e-02   6.237027e-03   19863516
  2.348729e+01   2.746725e+01   1.227855e-02   6.215361e-03   19943594
  2.352981e+01   2.742070e+01   1.227039e-02   6.198432e-03   20003440
  2.357232e+01   2.736674e+01   1.227533e-02   6.175199e-03   20081768
  2.361483e+01   2.733427e+01   1.226475e-02   6.160051e-03   20136200
  2.365734e+01   2.728886e+01   1.228180e-02   6.141547e-03   20238094
  2.369985e+01   2.723761e+01   1.226458e-02   6.121876e-03   20282544
  2.374234e+01   2.719058e+01   1.226291e-02   6.108358e-03   20351720
  2.378483e+01   2.715406e+01   1.227389e-02   6.085050e-03   20444714
  2.382735e+01   2.710281e+01   1.227112e-02   6.071774e-03   20515116
  2.386988e+01   2.706980e+01   1.228059e-02   6.056269e-03   20602384
  2.391241e+01   2.703345e+01   1.227266e-02   6.041902e-03   20659872
  2.395491e+01   2.699851e+01   1.226837e-02   6.024986e-03   20727682
  2.399742e+01   2.695361e+01   1.227493e-02   6.007028e-03   20814416
  2.403994e+01   2.692520e+01   1.227261e-02   5.991038e-03   20881100
  2.408245e+01   2.688079e+01   1.227247e-02   5.982382e-03   20953688
  2.412495e+01   2.684220e+01   1.226662e-02   5.962690e-03   21021050
  2.416746e+01   2.681888e+01   1.227556e-02   5.947199e-03   21111632
  2.420998e+01   2.677743e+01   1.227336e-02   5.933885e-03   21179972
  2.425248e+01   2.675985e+01   1.226547e-02   5.928407e-03   21240488
  2.429499e+01   2.672584e+01   1.227368e-02   5.914649e-03   21331418
  2.433750e+01   2.669342e+01   1.226935e-02   5.899719e-03   21397304
  2.438000e+01   2.666131e+01   1.226962e-02   5.888328e-03   21469764
  2.442251e+01   2.664350e+01   1.227528e-02   5.877676e-03   21556122
  2.446502e+01   2.660359e+01   1.226591e-02   5.866146e-03   21618312
  2.450754e+01   2.659977e+01   1.227924e-02   5.865175e-03   21716096
  2.455007e+01   2.658150e+01   1.227488e-02   5.851430e-03   21781352
  2.459258e+01   2.655890e+01   1.226971e-02   5.842198e-03   21848870
  2.463508e+01   2.655582e+01   1.227061e-02   5.840307e-03   21927536
  2.467760e+01   2.653798e+01   1.227518e-02   5.830326e-03   22008944
  2.472011e+01   2.650852e+01   1.227146e-02   5.822082e-03   22076136
  2.476261e+01   2.652678e+01   1.226619e-02   5.824703e-03   22145270
  2.480513e+01   2.649149e+01   1.228149e-02   5.809959e-03   22250960
  2.484765e+01   2.647334e+01   1.226766e-02   5.809291e-03   22300864
  2.489015e+01   2.647558e+01   1.226874e-02   5.807443e-03   22378586
  2.493266e+01   2.647436e+01   1.227304e-02   5.799391e-03   22464104
  2.497518e+01   2.647828e+01   1.227483e-02   5.802842e-03   22542892
  2.501769e+01   2.648343e+01   1.226849e-02   5.802249e-03   22606008
  2.506019e+01   2.646254e+01   1.227168e-02   5.800231e-03   22690002
  2.510269e+01   2.647528e+01   1.226774e-02   5.803736e-03   22762216
  2.514519e+01   2.643465e+01   1.227552e-02   5.788272e-03   22815779
  2.518771e+01   2.635341e+01   1.227093e-02   5.775908e-03   22772312
  2.523022e+01   2.625776e+01   1.227169e-02   5.758330e-03   22733708
  2.527273e+01   2.617266e+01   1.227376e-02   5.746933e-03   22697672
  2.531524e+01   2.606720e+01   1.227003e-02   5.723388e-03   22651460
  2.535775e+01   2.597736e+01   1.227280e-02   5.706341e-03   22616024
  2.540027e+01   2.588755e+01   1.227723e-02   5.692954e-03   22583496
  2.544278e+01   2.579750e+01   1.226384e-02   5.675881e-03   22519252
  2.548527e+01   2.571686e+01   1.226879e-02   5.661228e-03   22488992
  2.552778e+01   2.561005e+01   1.227112e-02   5.643699e-03   22453172
  2.557030e+01   2.553550e+01   1.227642e-02   5.629970e-03   22420584
  2.561282e+01   2.546312e+01   1.227318e-02   5.618478e-03   22371700
  2.565533e+01   2.535956e+01   1.227319e-02   5.601474e-03   22329896
  2.569784e+01   2.524994e+01   1.227005e-02   5.579231e-03   22282876
  2.574035e+01   2.518428e+01   1.227559e-02   5.569579e-03   22250692
  2.578286e+01   2.509835e+01   1.226749e-02   5.559813e-03   22194436
  2.582536e+01   2.502070e+01   1.226799e-02   5.542758e-03   22153540
  2.586787e+01   2.492345e+01   1.227489e-02   5.522644e-03   22122584
  2.591039e+01   2.482908e+01   1.227183e-02   5.510618e-03   22073004
  2.595291e+01   2.475960e+01   1.227763e-02   5.498026e-03   22039640
  2.599542e+01   2.467364e+01   1.226443e-02   5.487457e-03   21971624
  2.603793e+01   2.458133e+01   1.228039e-02   5.468199e-03   21955708
  2.608042e+01   2.451920e+01   1.225538e-02   5.464475e-03   21867720
  2.612293e+01   2.442648e+01   1.228640e-02   5.437788e-03   21878900
  2.616545e+01   2.432854e+01   1.226374e-02   5.428280e-03   21794260
  2.620796e+01   2.426307e+01   1.227552e-02   5.415769e-03   21770256
  2.625048e+01   2.419385e+01   1.227204e-02   5.405444e-03   21718124
  2.629299e+01   2.408763e+01   1.227162e-02   5.387437e-03   21671096
  2.633550e+01   2.401508e+01   1.227173e-02   5.378564e-03   21625412
  2.637801e+01   2.394622e+01   1.227628e-02   5.365561e-03   21587284
  2.642052e+01   2.385839e+01   1.226404e-02   5.350170e-03   21519648
  2.646302e+01   2.376252e+01   1.227517e-02   5.332057e-03   21493344
  2.650554e+01   2.369537e+01   1.227125e-02   5.323466e-03   21439360
  2.654805e+01   2.361509e+01   1.227471e-02   5.311579e-03   21398900
  2.659058e+01   2.353085e+01   1.227467e-02   5.295995e-03   21351488
  2.663308e+01   2.347015e+01   1.226610e-02   5.289632e-03   21288012
  2.667559e+01   2.338340e+01   1.227518e-02   5.274801e-03   21255052
  2.671810e+01   2.332148e+01   1.226960e-02   5.268455e-03   21196928
  2.676060e+01   2.321600e+01   1.226973e-02   5.247618e-03   21149036
  2.680311e+01   2.315555e+01   1.227206e-02   5.239678e-03   21105304
  2.684563e+01   2.308953e+01   1.227410e-02   5.231003e-03   21059992
  2.688815e+01   2.300565e+01   1.227705e-02   5.217854e-03   21014904
  2.693067e+01   2.291949e+01   1.227014e-02   5.198287e-03   20953620
  2.697317e+01   2.285210e+01   1.226991e-02   5.193357e-03   20902948
  2.701568e+01   2.277633e+01   1.227225e-02   5.180458e-03   20856528
  2.705819e+01   2.270062e+01   1.227379e-02   5.168718e-03   20808868
  2.710070e+01   2.262196e+01   1.226639e-02   5.157500e-03   20746700
  2.714319e+01   2.256217e+01   1.226770e-02   5.146758e-03   20699040
  2.718571e+01   2.247511e+01   1.227944e-02   5.131794e-03   20667584
  2.722822e+01   2.240331e+01   1.225995e-02   5.124716e-03   20583320
  2.727072e+01   2.234371e+01   1.227843e-02   5.112211e-03   20562728
  2.731324e+01   2.227267e+01   1.227166e-02   5.103824e-03   20499120
  2.735575e+01   2.218915e+01   1.227335e-02   5.089408e-03   20448668
  2.739827e+01   2.213326e+01   1.227231e-02   5.082389e-03   20394408
  2.744078e+01   2.204687e+01   1.227328e-02   5.072587e-03   20344236
  2.748329e+01   2.198862e+01   1.227052e-02   5.062357e-03   20287988
  2.752580e+01   2.191494e+01   1.227218e-02   5.054546e-03   20237280
  2.756831e+01   2.184554e+01   1.226928e-02   5.040777e-03   20178328
  2.761083e+01   2.177139e+01   1.227861e-02   5.025125e-03   20139844
  2.765335e+01   2.170988e+01   1.226869e-02   5.022109e-03   20069748
  2.769585e+01   2.164570e+01   1.227006e-02   5.012292e-03   20016800
  2.773835e+01   2.156758e+01   1.227057e-02   5.004912e-03   19962224
  2.778087e+01   2.150469e+01   1.227954e-02   4.995735e-03   19923568
  2.782339e+01   2.143234e+01   1.226996e-02   4.980617e-03   19854300
  2.786590e+01   2.137440e+01   1.226862e-02   4.972587e-03   19797056
  2.790840e+01   2.130287e+01   1.227082e-02   4.961310e-03   19744940
  2.795091e+01   2.124332e+01   1.227270e-02   4.955143e-03   19691768
  2.799342e+01   2.116623e+01   1.226928e-02   4.943954e-03   19629548
  2.803593e+01   2.110600e+01   1.227096e-02   4.938189e-03   19575480
  2.807844e+01   2.104503e+01   1.227365e-02   4.929078e-03   19523296
  2.812096e+01   2.098578e+01   1.227813e-02   4.922568e-03   19474344
  2.816347e+01   2.091016e+01   1.226244e-02   4.913125e-03   19392868
  2.820597e+01   2.086206e+01   1.227629e-02   4.904201e-03   19356176
  2.824849e+01   2.079730e+01   1.227437e-02   4.897736e-03   19294916
  2.829102e+01   2.072922e+01   1.227644e-02   4.888557e-03   19240856
  2.833353e+01   2.065913e+01   1.226827e-02   4.877455e-03   19170884
  2.837603e+01   2.059467e+01   1.226787e-02   4.870439e-03   19111352
  2.841853e+01   2.053260e+01   1.227311e-02   4.859975e-03   19060016
  2.846104e+01   2.048526e+01   1.227199e-02   4.858274e-03   18999752
  2.850354e+01   2.041702e+01   1.226484e-02   4.846820e-03   18930272
  2.854604e+01   2.035644e+01   1.227204e-02   4.842649e-03   18882340
  2.858856e+01   2.028609e+01   1.227653e-02   4.827459e-03   18829056
  2.863108e+01   2.024770e+01   1.226917e-02   4.827677e-03   18757640
  2.867359e+01   2.017601e+01   1.227679e-02   4.817225e-03   18709036
  2.871611e+01   2.012719e+01   1.226951e-02   4.814287e-03   18637668
  2.875862e+01   2.006361e+01   1.227659e-02   4.807753e-03   18587048
  2.880113e+01   2.001579e+01   1.226650e-02   4.802606e-03   18510972
  2.884363e+01   1.993973e+01   1.227092e-02   4.789281e-03   18456692
  2.888614e+01   1.987825e+01   1.227027e-02   4.783112e-03   18394084
  2.892866e+01   1.983247e+01   1.227644e-02   4.777814e-03   18341352
  2.897118e+01   1.976698e+01   1.227294e-02   4.770654e-03   18273884
  2.901369e+01   1.972947e+01   1.227214e-02   4.769359e-03   18211148
  2.905619e+01   1.965647e+01   1.226468e-02   4.764070e-03   18137692
  2.909870e+01   1.959756e+01   1.227635e-02   4.749920e-03   18091580
  2.914122e+01   1.954467e+01   1.227406e-02   4.747891e-03   18024560
  2.918373e+01   1.949140e+01   1.226945e-02   4.741778e-03   17955116
  2.922624e+01   1.943953e+01   1.227055e-02   4.735802e-03   17893232
  2.926875e+01   1.937992e+01   1.227337e-02   4.727771e-03   17832620
  2.931126e+01   1.932353e+01   1.227331e-02   4.723329e-03   17767864
  2.935378e+01   1.927120e+01   1.227523e-02   4.716299e-03   17706956
  2.939629e+01   1.922345e+01   1.226779e-02   4.717779e-03   17632632
  2.943880e+01   1.917105e+01   1.227224e-02   4.709055e-03   17573524
  2.948131e+01   1.911339e+01   1.227160e-02   4.704565e-03   17506380
  2.952382e+01   1.907285e+01   1.227283e-02   4.700909e-03   17442548
  2.956632e+01   1.902207e+01   1.226611e-02   4.699672e-03   17368556
  2.960883e+01   1.896482e+01   1.227726e-02   4.692145e-03   17318260
  2.965135e+01   1.893104e+01   1.227176e-02   4.690786e-03   17243792
  2.969385e+01   1.885826e+01   1.226620e-02   4.685410e-03   17169716
  2.973635e+01   1.881001e+01   1.227104e-02   4.682261e-03   17109768
  2.977886e+01   1.876683e+01   1.227205e-02   4.677287e-03   17044064
  2.982138e+01   1.871858e+01   1.227557e-02   4.675832e-03   16981560
  2.986389e+01   1.868052e+01   1.226672e-02   4.671742e-03   16902264
  2.990640e+01   1.861188e+01   1.227800e-02   4.663830e-03   16849940
  2.994892e+01   1.858075e+01   1.226984e-02   4.666536e-03   16770600
  2.999143e+01   1.853413e+01   1.227399e-02   4.662443e-03   16707512
  3.003394e+01   1.848614e+01   1.227053e-02   4.658001e-03   16634480
  3.007645e+01   1.843381e+01   1.227297e-02   4.652902e-03   16569424
  3.011897e+01   1.837922e+01   1.227100e-02   4.650362e-03   16497216
  3.016149e+01   1.833975e+01   1.227800e-02   4.646176e-03   16436416
  3.020400e+01   1.829875e+01   1.226813e-02   4.648636e-03   16353532
  3.024650e+01   1.823757e+01   1.226850e-02   4.642504e-03   16284908
  3.028900e+01   1.820607e+01   1.227370e-02   4.644056e-03   16221948
  3.033152e+01   1.817247e+01   1.227445e-02   4.645491e-03   16152552
  3.037404e+01   1.812546e+01   1.227249e-02   4.639653e-03   16078864
  3.041655e+01   1.808302e+01   1.227014e-02   4.639415e-03   16005296
  3.045906e+01   1.802422e+01   1.227320e-02   4.634568e-03   15938220
  3.050157e+01   1.799736e+01   1.226736e-02   4.639973e-03   15858440
  3.054407e+01   1.795469e+01   1.226949e-02   4.637689e-03   15789252
  3.058657e+01   1.790625e+01   1.227019e-02   4.635802e-03   15718944
  3.062908e+01   1.786900e+01   1.227179e-02   4.636495e-03   15648652
  3.067160e+01   1.783022e+01   1.227680e-02   4.633334e-03   15581944
  3.071412e+01   1.778326e+01   1.227604e-02   4.633103e-03   15508744
  3.075663e+01   1.775462e+01   1.226574e-02   4.637702e-03   15422472
  3.079914e+01   1.771177e+01   1.227551e-02   4.631337e-03   15361536
  3.084165e+01   1.767531e+01   1.226998e-02   4.635971e-03   15281048
  3.088415e+01   1.762754e+01   1.227023e-02   4.635845e-03   15207752
  3.092666e+01   1.758206e+01   1.227075e-02   4.634020e-03   15134800
  3.096917e+01   1.756794e+01   1.227038e-02   4.641536e-03   15059664
  3.101168e+01   1.751304e+01   1.227242e-02   4.637292e-03   14987020
  3.105420e+01   1.748750e+01   1.227903e-02   4.640529e-03   14919936
  3.109672e+01   1.744511e+01   1.226792e-02   4.644258e-03   14831776
  3.113923e+01   1.741136e+01   1.227679e-02   4.643774e-03   14767552
  3.118174e+01   1.738956e+01   1.226524e-02   4.650408e-03   14678336
  3.122425e+01   1.735415e+01   1.227632e-02   4.651659e-03   14615044
  3.126676e+01   1.729813e+01   1.226910e-02   4.648123e-03   14530200
  3.130927e+01   1.727221e+01   1.227171e-02   4.656184e-03   14457000
  3.135178e+01   1.724941e+01   1.227423e-02   4.660282e-03   14383440
  3.139429e+01   1.721493e+01   1.226801e-02   4.663330e-03   14299516
  3.143679e+01   1.718694e+01   1.227160e-02   4.669263e-03   14226024
  3.147930e+01   1.714521e+01   1.226889e-02   4.668932e-03   14145048
  3.152182e+01   1.712476e+01   1.228178e-02   4.675257e-03   14082144
  3.156433e+01   1.706611e+01   1.226157e-02   4.675773e-03   13981640
  3.160683e+01   1.705467e+01   1.227475e-02   4.683858e-03   13918460
  3.164935e+01   1.703111e+01   1.227481e-02   4.690128e-03   13839752
  3.169188e+01   1.698712e+01   1.227673e-02   4.691045e-03   13762736
  3.173439e+01   1.696782e+01   1.227147e-02   4.698556e-03   13677980
  3.177690e+01   1.693928e+01   1.226900e-02   4.708448e-03   13596196
  3.181940e+01   1.688956e+01   1.226988e-02   4.707871e-03   13517736
  3.186190e+01   1.686213e+01   1.226579e-02   4.715959e-03   13433184
  3.190440e+01   1.685272e+01   1.227449e-02   4.728354e-03   13362296
  3.194692e+01   1.682822e+01   1.227398e-02   4.733620e-03   13281376
  3.198944e+01   1.679812e+01   1.227645e-02   4.741335e-03   13203336
  3.203195e+01   1.676906e+01   1.226687e-02   4.744204e-03   13113016
  3.207445e+01   1.674636e+01   1.227094e-02   4.753575e-03   13036400
  3.211696e+01   1.672179e+01   1.226987e-02   4.762635e-03   12953648
  3.215948e+01   1.669131e+01   1.227674e-02   4.767195e-03   12879016
  3.220199e+01   1.666568e+01   1.227015e-02   4.776698e-03   12790124
  3.224451e+01   1.664698e+01   1.227599e-02   4.790127e-03   12714152
  3.228701e+01   1.663594e+01   1.226430e-02   4.800486e-03   12619608
  3.232951e+01   1.660217e+01   1.227473e-02   4.804732e-03   12547232
  3.237204e+01   1.658435e+01   1.228098e-02   4.814523e-03   12470568
  3.241455e+01   1.656224e+01   1.226086e-02   4.833566e-03   12368136
  3.245705e+01   1.653355e+01   1.227647e-02   4.839332e-03   12300504
  3.249958e+01   1.652047e+01   1.227251e-02   4.851526e-03   12212172
  3.254209e+01   1.650224e+01   1.227112e-02   4.865743e-03   12126228
  3.258459e+01   1.648739e+01   1.227235e-02   4.877837e-03   12043352
  3.262711e+01   1.646125e+01   1.227321e-02   4.886878e-03   11959896
  3.266960e+01   1.644386e+01   1.226107e-02   4.903158e-03   11863804
  3.271211e+01   1.642365e+01   1.227575e-02   4.911487e-03   11792812
  3.275463e+01   1.639770e+01   1.227439e-02   4.924286e-03   11705392
  3.279713e+01   1.637589e+01   1.226794e-02   4.936443e-03   11613836
  3.283965e+01   1.637011e+01   1.228215e-02   4.953150e-03   11541532
  3.288217e+01   1.634573e+01   1.226539e-02   4.967695e-03   11440232
  3.292468e+01   1.633749e+01   1.227538e-02   4.987718e-03   11363008
  3.296718e+01   1.630803e+01   1.226652e-02   4.996593e-03   11267848
  3.300970e+01   1.629739e+01   1.227722e-02   5.011393e-03   11190640
  3.305222e+01   1.628298e+01   1.227423e-02   5.031908e-03   11101084
  3.309472e+01   1.626548e+01   1.226241e-02   5.050159e-03   11003284
  3.313721e+01   1.624656e+01   1.227344e-02   5.064857e-03   10925424
  3.317973e+01   1.623838e+01   1.227067e-02   5.084708e-03   10834724
  3.322224e+01   1.621933e+01   1.227484e-02   5.099379e-03   10750156
  3.326475e+01   1.620366e+01   1.226635e-02   5.116129e-03   10655280
  3.330725e+01   1.619807e+01   1.226924e-02   5.134657e-03   10569120
  3.334975e+01   1.618360e+01   1.226867e-02   5.160629e-03   10479672
  3.339228e+01   1.616603e+01   1.228611e-02   5.172051e-03   10404504
  3.343481e+01   1.614980e+01   1.227382e-02   5.200834e-03   10304108
  3.347732e+01   1.614536e+01   1.226797e-02   5.218930e-03   10209940
  3.351983e+01   1.612736e+01   1.227575e-02   5.239935e-03   10126584
  3.356234e+01   1.611195e+01   1.226442e-02   5.260216e-03   10027064
  3.360484e+01   1.611392e+01   1.227492e-02   5.289386e-03   9945072
  3.364734e+01   1.608776e+01   1.226340e-02   5.308866e-03   9844764
  3.368986e+01   1.607868e+01   1.228362e-02   5.323420e-03   9769940
  3.373238e+01   1.608083e+01   1.226688e-02   5.358348e-03   9666072
  3.377488e+01   1.605695e+01   1.227051e-02   5.381507e-03   9577112
  3.381739e+01   1.604150e+01   1.227148e-02   5.400245e-03   9485848
  3.385991e+01   1.603086e+01   1.227527e-02   5.431971e-03   9396136
  3.390243e+01   1.602556e+01   1.227579e-02   5.457182e-03   9304408
  3.394493e+01   1.601198e+01   1.225842e-02   5.487245e-03   9199028
  3.398742e+01   1.600441e+01   1.227468e-02   5.513216e-03   9118288
  3.402993e+01   1.599185e+01   1.226747e-02   5.545197e-03   9019624
  3.407245e+01   1.598531e+01   1.228368e-02   5.569479e-03   8937420
  3.411497e+01   1.596065e+01   1.227061e-02   5.598444e-03   8835200
  3.415748e+01   1.595687e+01   1.226739e-02   5.636497e-03   8739332
  3.419998e+01   1.594745e+01   1.227099e-02   5.656706e-03   8648112
  3.424250e+01   1.593649e+01   1.227159e-02   5.687281e-03   8553372
  3.428501e+01   1.591129e+01   1.227728e-02   5.719002e-03   8461944
  3.432753e+01   1.591644e+01   1.227227e-02   5.753257e-03   8363348
  3.437004e+01   1.590768e+01   1.227148e-02   5.787298e-03   8267792
  3.441254e+01   1.588453e+01   1.226640e-02   5.821181e-03   8169380
  3.445505e+01   1.585937e+01   1.227807e-02   5.848026e-03   8081008
  3.449756e+01   1.585713e+01   1.226310e-02   5.890421e-03   7975632
  3.454006e+01   1.583103e+01   1.227841e-02   5.913261e-03   7889116
  3.458257e+01   1.581810e+01   1.226405e-02   5.954292e-03   7784008
  3.462508e+01   1.581848e+01   1.227484e-02   5.994708e-03   7693848
  3.466759e+01   1.578395e+01   1.226805e-02   6.021768e-03   7592468
  3.471010e+01   1.577176e+01   1.227572e-02   6.060621e-03   7499076
  3.475262e+01   1.575180e+01   1.227790e-02   6.104118e-03   7402880
  3.479514e+01   1.570599e+01   1.227043e-02   6.117167e-03   7300768
  3.483765e+01   1.569495e+01   1.227061e-02   6.169258e-03   7203316
  3.488013e+01   1.565671e+01   1.225476e-02   6.203728e-03   7095724
  3.492265e+01   1.565289e+01   1.229466e-02   6.237335e-03   7019608
  3.496518e+01   1.558594e+01   1.226138e-02   6.269829e-03   6901916
  3.500769e+01   1.558999e+01   1.227882e-02   6.311079e-03   6812952
  3.505019e+01   1.555786e+01   1.226209e-02   6.350787e-03   6704548
  3.509270e+01   1.550657e+01   1.227587e-02   6.369399e-03   6612168
  3.513521e+01   1.546092e+01   1.227039e-02   6.407618e-03   6508628
  3.517773e+01   1.542039e+01   1.227711e-02   6.439661e-03   6412072
  3.522024e+01   1.538251e+01   1.226747e-02   6.474412e-03   6306660
  3.526274e+01   1.532740e+01   1.226997e-02   6.508640e-03   6207592
  3.530523e+01   1.528883e+01   1.226489e-02   6.536491e-03   6103860
  3.534774e+01   1.521191e+01   1.227430e-02   6.562728e-03   6007184
  3.539025e+01   1.517830e+01   1.227513e-02   6.600989e-03   5905660
  3.543278e+01   1.509312e+01   1.227664e-02   6.613693e-03   5805132
  3.547529e+01   1.502696e+01   1.226925e-02   6.636259e-03   5700008
  3.551778e+01   1.495513e+01   1.226294e-02   6.654469e-03   5594856
  3.556030e+01   1.489164e+01   1.228122e-02   6.677691e-03   5502341
  3.560283e+01   1.481117e+01   1.227277e-02   6.691129e-03   5404852
  3.564533e+01   1.476019e+01   1.226768e-02   6.715887e-03   5313930
  3.568784e+01   1.470766e+01   1.227261e-02   6.735260e-03   5230396
  3.573035e+01   1.465386e+01   1.226815e-02   6.769251e-03   5145158
  3.577285e+01   1.459995e+01   1.227058e-02   6.782129e-03   5064506
  3.581538e+01   1.457690e+01   1.228142e-02   6.823894e-03   4989464
  3.585790e+01   1.452866e+01   1.226989e-02   6.851034e-03   4907486
  3.590041e+01   1.449319e+01   1.226982e-02   6.886609e-03   4831952
  3.594292e+01   1.443510e+01   1.226933e-02   6.913967e-03   4757392
  3.598543e+01   1.438967e+01   1.227425e-02   6.931422e-03   4685902
  3.602794e+01   1.433598e+01   1.227136e-02   6.961263e-03   4612826
  3.607044e+01   1.431857e+01   1.227059e-02   6.996595e-03   4542436
  3.611296e+01   1.427325e+01   1.227508e-02   7.025423e-03   4475408
  3.615546e+01   1.423999e+01   1.226173e-02   7.060765e-03   4402686
  3.619797e+01   1.422348e+01   1.227689e-02   7.113682e-03   4340854
  3.624049e+01   1.416651e+01   1.227466e-02   7.124437e-03   4273862
  3.628301e+01   1.413620e+01   1.227237e-02   7.162087e-03   4208538
  3.632551e+01   1.409967e+01   1.226532e-02   7.193546e-03   4142584
  3.636801e+01   1.408519e+01   1.226978e-02   7.230689e-03   4081232
  3.641052e+01   1.404179e+01   1.227225e-02   7.265538e-03   4019668
  3.645304e+01   1.402174e+01   1.228203e-02   7.298974e-03   3961416
  3.649557e+01   1.398973e+01   1.227387e-02   7.340099e-03   3898848
  3.653807e+01   1.397060e+01   1.226366e-02   7.389531e-03   3836718
  3.658056e+01   1.392464e+01   1.226607e-02   7.414798e-03   3779272
  3.662306e+01   1.391815e+01   1.226675e-02   7.465837e-03   3721434
  3.666558e+01   1.388376e+01   1.228126e-02   7.486034e-03   3668198
  3.670811e+01   1.384586e+01   1.227910e-02   7.527466e-03   3611346
  3.675062e+01   1.382786e+01   1.226582e-02   7.579212e-03   3552442
  3.679312e+01   1.380183e+01   1.226935e-02   7.610982e-03   3498908
  3.683563e+01   1.377201e+01   1.227192e-02   7.656632e-03   3445382
  3.687814e+01   1.375074e+01   1.227356e-02   7.702033e-03   3392244
  3.692066e+01   1.372747e+01   1.227344e-02   7.745635e-03   3339634
  3.696317e+01   1.371240e+01   1.226899e-02   7.793147e-03   3286752
  3.700566e+01   1.366708e+01   1.226327e-02   7.827274e-03   3234180
  3.704816e+01   1.365784e+01   1.226838e-02   7.875614e-03   3184556
  3.709068e+01   1.365332e+01   1.228145e-02   7.930904e-03   3137238
  3.713322e+01   1.361429e+01   1.228151e-02   7.969318e-03   3087670
  3.717574e+01   1.359454e+01   1.227426e-02   8.028664e-03   3037460
  3.721824e+01   1.358530e+01   1.225819e-02   8.082012e-03   2985736
  3.726072e+01   1.357324e+01   1.226565e-02   8.130330e-03   2939708
  3.730324e+01   1.355288e+01   1.228621e-02   8.189978e-03   2897012
  3.734577e+01   1.355254e+01   1.227048e-02   8.244967e-03   2846890
  3.738827e+01   1.348554e+01   1.226277e-02   8.263992e-03   2799588
  3.743076e+01   1.350489e+01   1.226558e-02   8.354295e-03   2754954
  3.747326e+01   1.349163e+01   1.227308e-02   8.400944e-03   2711500
  3.751579e+01   1.348639e+01   1.228240e-02   8.455986e-03   2669006
  3.755830e+01   1.346327e+01   1.226335e-02   8.508020e-03   2621264
  3.760081e+01   1.344364e+01   1.227565e-02   8.574091e-03   2580726
  3.764332e+01   1.342960e+01   1.226856e-02   8.625581e-03   2536470
  3.768582e+01   1.340724e+01   1.226978e-02   8.685791e-03   2494370
  3.772834e+01   1.340881e+01   1.227534e-02   8.756289e-03   2453556
  3.777086e+01   1.343176e+01   1.228047e-02   8.833583e-03   2413246
  3.781339e+01   1.338216e+01   1.227197e-02   8.873561e-03   2370914
  3.785589e+01   1.337134e+01   1.226887e-02   8.932058e-03   2330126
  3.789840e+01   1.335538e+01   1.227428e-02   9.014339e-03   2291406
  3.794091e+01   1.334966e+01   1.226463e-02   9.081533e-03   2250410
  3.798340e+01   1.331320e+01   1.226403e-02   9.138342e-03   2211486
  3.802590e+01   1.333545e+01   1.227094e-02   9.212709e-03   2174194
  3.806841e+01   1.332942e+01   1.227271e-02   9.289050e-03   2136416
  3.811093e+01   1.334303e+01   1.227972e-02   9.382069e-03   2100070
  3.815344e+01   1.332017e+01   1.226224e-02   9.453456e-03   2060026
  3.819594e+01   1.332690e+01   1.227745e-02   9.518722e-03   2025910
  3.823846e+01   1.330359e+01   1.227012e-02   9.599247e-03   1988576
  3.828096e+01   1.331900e+01   1.226824e-02   9.693779e-03   1952610
  3.832347e+01   1.329577e+01   1.226944e-02   9.750996e-03   1917470
  3.836597e+01   1.329954e+01   1.226960e-02   9.836899e-03   1882484
  3.840848e+01   1.330329e+01   1.227230e-02   9.937859e-03   1848262
  3.845101e+01   1.328449e+01   1.228531e-02   1.000878e-02   1816024
  3.849355e+01   1.329177e+01   1.227230e-02   1.010926e-02   1780418
  3.853605e+01   1.329296e+01   1.226815e-02   1.019063e-02   1746576
  3.857856e+01   1.331762e+01   1.227451e-02   1.031674e-02   1714622
  3.862107e+01   1.328360e+01   1.227068e-02   1.038786e-02   1681692
  3.866358e+01   1.330038e+01   1.226987e-02   1.049768e-02   1649574
  3.870606e+01   1.332860e+01   1.225405e-02   1.063770e-02   1615788
  3.874855e+01   1.329116e+01   1.227462e-02   1.069834e-02   1587064
  3.879108e+01   1.331992e+01   1.227930e-02   1.082352e-02   1556598
  3.883360e+01   1.333467e+01   1.227389e-02   1.092280e-02   1525380
  3.887612e+01   1.331723e+01   1.227468e-02   1.103779e-02   1495360
  3.891863e+01   1.336325e+01   1.226450e-02   1.117737e-02   1464370
  3.896112e+01   1.332159e+01   1.227040e-02   1.124007e-02   1435656
  3.900363e+01   1.335023e+01   1.226801e-02   1.137609e-02   1406304
  3.904613e+01   1.336479e+01   1.226859e-02   1.149890e-02   1377628
  3.908864e+01   1.337187e+01   1.227348e-02   1.160930e-02   1349744
  3.913115e+01   1.339212e+01   1.227337e-02   1.178266e-02   1321682
  3.917367e+01   1.338867e+01   1.227639e-02   1.189958e-02   1294376
  3.921619e+01   1.340423e+01   1.227256e-02   1.202418e-02   1266768
  3.925869e+01   1.339816e+01   1.226510e-02   1.217376e-02   1239172
  3.930118e+01   1.344786e+01   1.226095e-02   1.234948e-02   1212224
  3.934367e+01   1.345066e+01   1.226955e-02   1.245256e-02   1186796
  3.938619e+01   1.348165e+01   1.227613e-02   1.260244e-02   1161432
  3.942870e+01   1.345030e+01   1.227171e-02   1.271281e-02   1135408
  3.947122e+01   1.348986e+01   1.227296e-02   1.292860e-02   1110324
  3.951374e+01   1.350548e+01   1.227570e-02   1.310240e-02   1085680
  3.955625e+01   1.353309e+01   1.226737e-02   1.325616e-02   1060364
  3.959875e+01   1.352910e+01   1.227507e-02   1.341230e-02   1036736
  3.964128e+01   1.357985e+01   1.228225e-02   1.358242e-02   1013388
  3.968380e+01   1.360159e+01   1.226708e-02   1.377449e-02   988656
  3.972630e+01   1.362697e+01   1.226695e-02   1.399876e-02   965530
  3.976879e+01   1.361971e+01   1.225942e-02   1.410286e-02   942100
  3.981127e+01   1.364224e+01   1.226457e-02   1.427098e-02   919888
  3.985377e+01   1.367738e+01   1.226597e-02   1.452671e-02   897628
  3.989627e+01   1.370206e+01   1.227002e-02   1.471738e-02   875856
  3.993878e+01   1.370215e+01   1.227840e-02   1.488660e-02   854736
  3.998132e+01   1.374213e+01   1.228018e-02   1.515923e-02   833510
  4.002385e+01   1.377473e+01   1.227248e-02   1.541352e-02   811976
  4.006635e+01   1.382269e+01   1.226626e-02   1.563576e-02   790844
  4.010884e+01   1.383837e+01   1.226521e-02   1.588415e-02   770320
  4.015135e+01   1.387681e+01   1.227665e-02   1.605758e-02   750838
  4.019387e+01   1.390203e+01   1.227491e-02   1.632948e-02   730864
  4.023638e+01   1.395206e+01   1.226816e-02   1.660431e-02   710984
  4.027888e+01   1.400942e+01   1.226909e-02   1.691591e-02   691894
  4.032138e+01   1.399759e+01   1.226442e-02   1.714463e-02   672776
  4.036388e+01   1.401363e+01   1.226826e-02   1.738892e-02   654372
  4.040638e+01   1.406694e+01   1.226215e-02   1.761220e-02   635682
  4.044886e+01   1.412821e+01   1.225955e-02   1.812099e-02   617460
  4.049134e+01   1.413074e+01   1.226707e-02   1.824472e-02   600024
  4.053385e+01   1.419794e+01   1.227362e-02   1.862684e-02   582830
  4.057638e+01   1.424195e+01   1.228135e-02   1.896862e-02   566000
  4.061890e+01   1.428934e+01   1.226617e-02   1.936452e-02   548458
  4.066141e+01   1.431640e+01   1.227047e-02   1.967589e-02   532084
  4.070391e+01   1.438548e+01   1.226296e-02   2.014569e-02   515440
  4.074640e+01   1.433933e+01   1.225813e-02   2.033202e-02   499174
  4.078887e+01   1.443120e+01   1.225821e-02   2.078590e-02   483368
  4.083136e+01   1.448700e+01   1.227023e-02   2.123174e-02   468270
  4.087389e+01   1.461743e+01   1.228696e-02   2.164591e-02   453568
  4.091643e+01   1.464770e+01   1.227409e-02   2.212645e-02   438106
  4.095894e+01   1.471434e+01   1.227469e-02   2.263851e-02   423508
  4.100145e+01   1.469095e+01   1.226141e-02   2.297505e-02   408754
  4.104393e+01   1.475912e+01   1.225820e-02   2.349997e-02   394612
  4.108642e+01   1.474564e+01   1.225930e-02   2.389839e-02   380826
  4.112890e+01   1.493316e+01   1.225454e-02   2.465172e-02   367086
  4.117139e+01   1.495327e+01   1.226090e-02   2.515525e-02   353904
  4.121389e+01   1.500703e+01   1.227137e-02   2.566964e-02   341046
  4.125641e+01   1.511571e+01   1.227131e-02   2.648782e-02   328144
  4.129892e+01   1.511183e+01   1.227396e-02   2.686864e-02   315598
  4.134144e+01   1.522464e+01   1.228177e-02   2.761063e-02   303466
  4.138397e+01   1.528204e+01   1.228223e-02   2.832847e-02   291456
  4.142650e+01   1.526662e+01   1.227604e-02   2.882505e-02   279614
  4.146899e+01   1.538444e+01   1.225106e-02   2.980198e-02   267680
  4.151144e+01   1.548081e+01   1.224457e-02   3.059620e-02   256438
  4.155391e+01   1.557043e+01   1.224802e-02   3.142519e-02   245618
  4.159638e+01   1.555987e+01   1.223546e-02   3.208223e-02   234708
  4.163882e+01   1.573746e+01   1.223171e-02   3.335450e-02   224210
  4.168126e+01   1.584177e+01   1.223403e-02   3.418820e-02   214046
  4.172371e+01   1.590796e+01   1.223949e-02   3.516988e-02   204152
  4.176619e+01   1.593094e+01   1.225107e-02   3.600006e-02   194558
  4.180866e+01   1.604155e+01   1.225135e-02   3.730685e-02   185018
  4.185115e+01   1.612759e+01   1.226437e-02   3.836992e-02   175918
  4.189365e+01   1.621185e+01   1.227339e-02   3.969745e-02   166992
  4.193617e+01   1.628567e+01   1.228038e-02   4.064174e-02   158294
  4.197870e+01   1.644210e+01   1.228439e-02   4.246365e-02   149842
  4.202124e+01   1.651521e+01   1.227461e-02   4.395510e-02   141530
  4.206372e+01   1.655505e+01   1.224204e-02   4.535512e-02   133284
  4.210617e+01   1.660932e+01   1.222942e-02   4.691882e-02   125546
  4.214861e+01   1.686094e+01   1.220458e-02   4.924255e-02   117950
  4.219103e+01   1.680338e+01   1.219441e-02   5.085821e-02   110746
  4.223344e+01   1.697993e+01   1.215920e-02   5.316213e-02   103572
  4.227581e+01   1.718162e+01   1.214429e-02   5.531137e-02   96818
  4.231818e+01   1.732287e+01   1.212533e-02   5.749656e-02   90262
  4.236054e+01   1.736565e+01   1.210927e-02   5.963696e-02   83970
  4.240287e+01   1.754471e+01   1.207941e-02   6.257821e-02   77846
  4.244517e+01   1.756499e+01   1.204821e-02   6.466203e-02   71984
  4.248745e+01   1.774445e+01   1.202292e-02   6.858038e-02   66398
  4.252973e+01   1.788241e+01   1.200147e-02   7.194766e-02   61058
  4.257200e+01   1.794485e+01   1.198286e-02   7.563592e-02   55958
  4.261428e+01   1.803698e+01   1.196279e-02   7.974458e-02   51082
  4.265654e+01   1.814645e+01   1.192707e-02   8.513560e-02   46398
  4.269877e+01   1.820740e+01   1.188372e-02   8.839554e-02   41954
  4.274096e+01   1.843483e+01   1.182018e-02   9.430372e-02   37718
  4.278311e+01   1.835324e+01   1.175253e-02   1.007332e-01   33736
  4.282524e+01   1.858751e+01   1.169132e-02   1.083507e-01   30006
  4.286737e+01   1.873188e+01   1.164907e-02   1.149655e-01   26522
  4.290955e+01   1.940746e+01   1.162191e-02   1.277250e-01   23254
  4.295172e+01   1.927344e+01   1.158330e-02   1.364977e-01   20178
  4.299391e+01   1.931543e+01   1.156315e-02   1.468400e-01   17342
  4.303612e+01   1.951174e+01   1.154632e-02   1.633428e-01   14714
  4.307837e+01   1.921363e+01   1.155162e-02   1.731110e-01   12310
  4.312059e+01   1.954419e+01   1.152174e-02   1.944832e-01   10098
  4.316283e+01   2.035021e+01   1.151731e-02   2.299453e-01   8126
  4.320507e+01   2.010863e+01   1.151119e-02   2.608606e-01   6362
  4.324736e+01   2.059623e+01   1.155455e-02   2.967842e-01   4822
  4.328956e+01   2.124166e+01   1.148980e-02   3.671948e-01   3474
  4.333169e+01   2.173274e+01   1.147690e-02   4.390859e-01   2366
  4.337376e+01   2.120021e+01   1.144014e-02   5.509223e-01   1466
  4.341590e+01   2.296728e+01   1.170054e-02   8.391271e-01   790
  4.345704e+01   2.073616e+01   1.106884e-02   1.134029e+00   306
  4.349554e+01   1.824845e+01   9.430857e-03   2.147243e+00   62
