# cross spectrum of phi(z1) and phi(z2)
# redshift z=1.692244
# k              Pk             sigma(k)       sigma(Pk)      count
  3.132125e-02   7.013639e-11   4.792454e-03   1.929026e-11   18
  6.745391e-02   3.260139e-11   1.159167e-02   3.255462e-12   152
  1.090113e-01   1.146083e-11   1.224347e-02   5.629321e-13   416
  1.497134e-01   5.108195e-12   1.165022e-02   2.006357e-13   770
  1.923472e-01   2.667404e-12   1.247860e-02   7.895026e-14   1364
  2.350444e-01   1.489673e-12   1.221820e-02   3.453665e-14   1976
  2.775930e-01   9.559990e-13   1.245022e-02   1.885543e-14   2792
  3.193857e-01   6.552687e-13   1.188722e-02   1.095086e-14   3578
  3.615292e-01   4.518060e-13   1.219808e-02   6.684105e-15   4724
  4.045273e-01   3.351156e-13   1.253838e-02   4.363225e-15   6032
  4.469941e-01   2.451780e-13   1.206640e-02   3.111110e-15   7072
  4.890810e-01   1.970180e-13   1.222555e-02   2.220698e-15   8634
  5.318886e-01   1.588744e-13   1.238102e-02   1.635731e-15   10336
  5.746708e-01   1.280460e-13   1.232804e-02   1.180670e-15   11940
  6.167490e-01   1.043532e-13   1.208586e-02   9.295034e-16   13490
  6.588740e-01   8.956520e-14   1.221778e-02   7.400444e-16   15656
  7.016595e-01   7.463081e-14   1.241043e-02   5.615532e-16   18008
  7.443680e-01   6.265269e-14   1.227786e-02   4.744449e-16   19964
  7.867827e-01   5.422483e-14   1.226437e-02   3.853451e-16   22354
  8.291404e-01   4.631998e-14   1.212327e-02   3.135192e-16   24648
  8.716536e-01   4.041956e-14   1.233244e-02   2.546925e-16   27592
  9.142068e-01   3.587268e-14   1.230127e-02   2.189482e-16   30152
  9.566749e-01   3.132753e-14   1.227622e-02   1.870800e-16   33046
  9.991233e-01   2.797540e-14   1.221538e-02   1.591550e-16   35992
  1.041693e+00   2.510430e-14   1.229906e-02   1.370956e-16   39304
  1.084289e+00   2.226672e-14   1.232858e-02   1.193655e-16   42608
  1.126820e+00   1.998564e-14   1.223307e-02   1.041271e-16   45758
  1.169340e+00   1.770489e-14   1.228914e-02   8.962640e-17   49536
  1.211695e+00   1.626419e-14   1.215683e-02   8.072407e-17   52488
  1.254054e+00   1.467373e-14   1.233851e-02   7.006664e-17   57034
  1.296605e+00   1.332286e-14   1.224458e-02   6.210066e-17   60648
  1.339187e+00   1.203708e-14   1.230532e-02   5.470648e-17   65044
  1.381689e+00   1.103599e-14   1.223104e-02   4.939091e-17   68720
  1.424202e+00   1.018373e-14   1.231312e-02   4.468280e-17   73538
  1.466870e+00   9.323143e-15   1.230776e-02   4.028191e-17   78080
  1.509304e+00   8.473447e-15   1.215944e-02   3.615089e-17   81572
  1.551677e+00   7.854070e-15   1.232495e-02   3.311995e-17   87248
  1.594353e+00   7.224529e-15   1.233837e-02   2.981304e-17   92266
  1.636929e+00   6.560844e-15   1.225268e-02   2.678671e-17   96696
  1.679216e+00   6.125317e-15   1.215041e-02   2.475718e-17   100904
  1.721516e+00   5.650646e-15   1.226207e-02   2.292519e-17   107036
  1.764192e+00   5.229598e-15   1.235795e-02   2.069521e-17   113362
  1.806923e+00   4.849700e-15   1.228837e-02   1.908392e-17   118176
  1.849351e+00   4.501391e-15   1.221864e-02   1.755392e-17   122944
  1.891857e+00   4.167809e-15   1.233203e-02   1.623649e-17   129902
  1.934420e+00   3.872701e-15   1.224691e-02   1.505199e-17   134944
  1.976863e+00   3.564764e-15   1.225992e-02   1.389806e-17   140952
  2.019285e+00   3.324026e-15   1.225865e-02   1.289869e-17   147072
  2.061737e+00   3.103013e-15   1.224320e-02   1.204602e-17   153382
  2.104357e+00   2.874788e-15   1.233049e-02   1.107211e-17   160952
  2.147003e+00   2.662483e-15   1.228118e-02   1.031509e-17   166640
  2.189431e+00   2.457427e-15   1.222861e-02   9.602364e-18   172448
  2.231915e+00   2.314103e-15   1.231031e-02   9.002710e-18   180594
  2.274471e+00   2.136291e-15   1.224284e-02   8.408626e-18   186556
  2.316888e+00   2.015072e-15   1.225358e-02   7.949699e-18   193528
  2.359297e+00   1.856671e-15   1.224273e-02   7.474800e-18   200626
  2.401844e+00   1.744000e-15   1.230642e-02   6.983756e-18   209256
  2.444460e+00   1.620247e-15   1.227865e-02   6.533889e-18   216020
  2.487004e+00   1.518191e-15   1.230299e-02   6.172966e-18   223768
  2.529444e+00   1.433261e-15   1.222313e-02   5.826609e-18   230234
  2.571955e+00   1.315064e-15   1.229969e-02   5.431993e-18   239800
  2.614499e+00   1.227957e-15   1.225221e-02   5.142577e-18   246568
  2.656957e+00   1.173812e-15   1.227331e-02   4.909991e-18   254828
  2.699414e+00   1.068487e-15   1.225769e-02   4.600869e-18   263074
  2.741981e+00   1.000300e-15   1.228604e-02   4.350403e-18   272312
  2.784554e+00   9.457919e-16   1.228079e-02   4.155733e-18   280376
  2.827093e+00   8.769943e-16   1.228600e-02   3.930301e-18   288884
  2.869605e+00   8.144389e-16   1.227401e-02   3.722772e-18   297602
  2.912071e+00   7.685587e-16   1.223046e-02   3.540050e-18   305520
  2.954561e+00   7.144427e-16   1.230079e-02   3.361664e-18   315976
  2.996984e+00   6.650024e-16   1.221089e-02   3.193238e-18   322778
  3.039488e+00   6.247456e-16   1.232008e-02   3.037314e-18   335372
  3.082114e+00   5.791915e-16   1.227327e-02   2.907315e-18   343464
  3.124654e+00   5.386231e-16   1.228282e-02   2.768373e-18   352912
  3.167174e+00   5.052697e-16   1.228199e-02   2.638622e-18   362666
  3.209689e+00   4.684674e-16   1.225476e-02   2.522702e-18   371884
  3.252186e+00   4.369797e-16   1.227971e-02   2.399567e-18   382280
  3.294633e+00   4.047667e-16   1.224302e-02   2.294230e-18   390888
  3.337059e+00   3.785694e-16   1.226867e-02   2.188721e-18   402234
  3.379565e+00   3.524145e-16   1.225933e-02   2.104275e-18   412576
  3.422105e+00   3.297113e-16   1.228715e-02   1.996156e-18   423732
  3.464636e+00   3.075103e-16   1.227257e-02   1.933460e-18   433624
  3.507180e+00   2.855650e-16   1.228881e-02   1.843716e-18   445154
  3.549739e+00   2.675759e-16   1.227656e-02   1.773275e-18   455584
  3.592238e+00   2.524962e-16   1.225887e-02   1.698135e-18   465588
  3.634685e+00   2.288948e-16   1.226065e-02   1.635048e-18   476762
  3.677219e+00   2.203599e-16   1.229242e-02   1.564758e-18   489552
  3.719789e+00   2.015447e-16   1.227853e-02   1.502557e-18   500328
  3.762251e+00   1.883875e-16   1.223705e-02   1.443115e-18   509852
  3.804741e+00   1.782107e-16   1.229735e-02   1.386024e-18   524234
  3.847275e+00   1.664663e-16   1.224781e-02   1.340087e-18   534104
  3.889779e+00   1.510619e-16   1.228211e-02   1.277874e-18   547048
  3.932320e+00   1.434681e-16   1.229545e-02   1.238382e-18   559328
  3.974872e+00   1.340662e-16   1.228346e-02   1.191121e-18   571326
  4.017355e+00   1.252294e-16   1.224147e-02   1.147346e-18   581920
  4.059804e+00   1.184366e-16   1.225835e-02   1.106217e-18   594832
  4.102282e+00   1.076229e-16   1.227222e-02   1.065103e-18   608048
  4.144825e+00   1.027108e-16   1.228101e-02   1.027061e-18   621526
  4.187356e+00   9.600421e-17   1.226445e-02   9.906237e-19   633240
  4.229822e+00   8.892583e-17   1.225981e-02   9.568113e-19   645472
  4.272346e+00   8.487167e-17   1.230137e-02   9.229810e-19   660906
  4.314903e+00   7.721129e-17   1.227030e-02   8.894053e-19   672856
  4.357425e+00   7.292460e-17   1.226838e-02   8.599966e-19   685980
  4.399921e+00   6.754367e-17   1.227191e-02   8.308387e-19   699256
  4.442476e+00   6.146613e-17   1.229990e-02   7.982703e-19   714730
  4.484986e+00   6.019313e-17   1.223739e-02   7.751118e-19   725152
  4.527452e+00   5.251952e-17   1.227054e-02   7.476839e-19   740420
  4.569941e+00   5.208432e-17   1.227636e-02   7.256401e-19   754312
  4.612456e+00   4.713685e-17   1.227959e-02   7.000108e-19   769114
  4.654996e+00   4.579298e-17   1.227684e-02   6.771798e-19   783488
  4.697459e+00   4.052550e-17   1.223560e-02   6.573279e-19   794968
  4.739925e+00   3.884647e-17   1.228043e-02   6.334746e-19   812366
  4.782438e+00   3.575237e-17   1.226054e-02   6.162113e-19   825976
  4.825000e+00   3.201268e-17   1.230088e-02   5.926331e-19   843352
  4.867591e+00   3.264391e-17   1.229290e-02   5.757659e-19   857280
  4.910094e+00   3.011688e-17   1.225276e-02   5.585794e-19   869542
  4.952587e+00   2.613190e-17   1.228301e-02   5.415542e-19   887128
  4.995087e+00   2.520211e-17   1.225266e-02   5.237112e-19   900032
  5.037553e+00   2.399830e-17   1.226951e-02   5.085997e-19   916560
  5.080018e+00   2.244169e-17   1.224713e-02   4.916222e-19   930922
  5.122540e+00   2.118772e-17   1.228718e-02   4.776091e-19   949844
  5.165149e+00   1.963153e-17   1.230776e-02   4.626898e-19   966736
  5.207698e+00   1.894028e-17   1.226328e-02   4.483433e-19   978776
  5.250149e+00   1.696744e-17   1.225655e-02   4.358356e-19   994522
  5.292642e+00   1.684664e-17   1.227563e-02   4.227112e-19   1012420
  5.335176e+00   1.522513e-17   1.228639e-02   4.101084e-19   1029408
  5.377640e+00   1.431058e-17   1.223362e-02   3.992119e-19   1041658
  5.420127e+00   1.417298e-17   1.228953e-02   3.853771e-19   1063520
  5.462635e+00   1.243273e-17   1.224276e-02   3.755665e-19   1075808
  5.505175e+00   1.189864e-17   1.232008e-02   3.630123e-19   1098956
  5.547712e+00   1.045623e-17   1.224668e-02   3.545824e-19   1109810
  5.590179e+00   1.144052e-17   1.226115e-02   3.439346e-19   1128608
  5.632713e+00   1.014586e-17   1.229436e-02   3.343570e-19   1148264
  5.675250e+00   9.414336e-18   1.227167e-02   3.243065e-19   1163252
  5.717744e+00   8.944563e-18   1.226828e-02   3.149831e-19   1181042
  5.760239e+00   8.518824e-18   1.225730e-02   3.066323e-19   1197848
  5.802769e+00   8.593040e-18   1.229495e-02   2.975224e-19   1218848
  5.845291e+00   8.025948e-18   1.225944e-02   2.900436e-19   1232916
  5.887780e+00   6.942853e-18   1.227538e-02   2.816108e-19   1253002
  5.930266e+00   5.949985e-18   1.224914e-02   2.739348e-19   1268576
  5.972763e+00   6.049451e-18   1.228621e-02   2.657514e-19   1290128
  6.015287e+00   6.769963e-18   1.227337e-02   2.588647e-19   1307402
  6.057820e+00   5.568596e-18   1.227649e-02   2.523032e-19   1327028
  6.100333e+00   4.739140e-18   1.225988e-02   2.454911e-19   1343648
  6.142842e+00   4.935873e-18   1.228087e-02   2.382616e-19   1364096
  6.185363e+00   4.765201e-18   1.227580e-02   2.326928e-19   1382730
  6.227896e+00   4.368970e-18   1.227503e-02   2.260854e-19   1402164
  6.270416e+00   4.579028e-18   1.227264e-02   2.203071e-19   1420464
  6.312883e+00   3.915194e-18   1.225519e-02   2.140925e-19   1437368
  6.355387e+00   3.923602e-18   1.228857e-02   2.086869e-19   1461530
  6.397919e+00   3.527958e-18   1.226028e-02   2.031527e-19   1478264
  6.440432e+00   3.985210e-18   1.227561e-02   1.979748e-19   1499356
  6.482926e+00   3.527872e-18   1.226095e-02   1.927472e-19   1517016
  6.525439e+00   3.109545e-18   1.228340e-02   1.882792e-19   1540090
  6.567953e+00   3.177131e-18   1.226146e-02   1.832089e-19   1557360
  6.610434e+00   2.951093e-18   1.226770e-02   1.783846e-19   1577780
  6.652969e+00   2.701671e-18   1.230043e-02   1.739990e-19   1602578
  6.695499e+00   2.823546e-18   1.225417e-02   1.697820e-19   1617672
  6.737992e+00   2.396641e-18   1.227613e-02   1.655739e-19   1641016
  6.780486e+00   2.532493e-18   1.226032e-02   1.612588e-19   1659416
  6.822983e+00   2.445165e-18   1.227372e-02   1.571286e-19   1682670
  6.865529e+00   2.292715e-18   1.228276e-02   1.529808e-19   1705256
  6.908096e+00   2.336532e-18   1.228756e-02   1.490499e-19   1726312
  6.950582e+00   1.638505e-18   1.225056e-02   1.458634e-19   1741880
  6.993044e+00   1.730576e-18   1.226862e-02   1.418492e-19   1766454
  7.035588e+00   1.981218e-18   1.229242e-02   1.382971e-19   1791784
  7.078111e+00   2.015458e-18   1.225558e-02   1.357224e-19   1807712
  7.120554e+00   2.070773e-18   1.225110e-02   1.318346e-19   1829002
  7.163037e+00   1.496029e-18   1.226905e-02   1.287155e-19   1854216
  7.205602e+00   1.756812e-18   1.229852e-02   1.255319e-19   1880156
  7.248150e+00   1.330825e-18   1.227340e-02   1.223856e-19   1897568
  7.290651e+00   1.342836e-18   1.227390e-02   1.195080e-19   1920458
  7.333153e+00   1.424474e-18   1.226399e-02   1.168034e-19   1942208
  7.375659e+00   1.465580e-18   1.227125e-02   1.140412e-19   1965612
  7.418175e+00   1.269091e-18   1.227855e-02   1.112127e-19   1989000
  7.460671e+00   1.370917e-18   1.225786e-02   1.088329e-19   2009114
  7.503166e+00   1.152860e-18   1.226960e-02   1.059850e-19   2034464
  7.545695e+00   1.193556e-18   1.228070e-02   1.035093e-19   2058476
  7.588207e+00   7.703944e-19   1.227216e-02   1.013501e-19   2079648
  7.630693e+00   1.008410e-18   1.226356e-02   9.889461e-20   2102578
  7.673222e+00   1.008010e-18   1.228297e-02   9.642433e-20   2129928
  7.715766e+00   9.739183e-19   1.227893e-02   9.449843e-20   2152096
  7.758252e+00   1.003703e-18   1.225143e-02   9.234381e-20   2171142
  7.800741e+00   8.912052e-19   1.227660e-02   9.029832e-20   2200248
  7.843296e+00   1.074002e-18   1.228407e-02   8.803205e-20   2225216
  7.885842e+00   9.155401e-19   1.228377e-02   8.609790e-20   2248448
  7.928336e+00   9.558173e-19   1.225709e-02   8.419601e-20   2267942
  7.970840e+00   8.714073e-19   1.228420e-02   8.208130e-20   2298072
  8.013348e+00   7.542570e-19   1.225627e-02   8.035366e-20   2317272
  8.055842e+00   1.085212e-18   1.227899e-02   7.854578e-20   2345808
  8.098322e+00   7.547439e-19   1.224988e-02   7.686769e-20   2365650
  8.140823e+00   7.709235e-19   1.227972e-02   7.502853e-20   2396940
  8.183368e+00   8.231853e-19   1.227975e-02   7.343244e-20   2421272
  8.225892e+00   7.994014e-19   1.227360e-02   7.160248e-20   2444576
  8.268407e+00   7.271688e-19   1.227899e-02   7.011328e-20   2471490
  8.310912e+00   6.009552e-19   1.225942e-02   6.867156e-20   2493180
  8.353397e+00   7.149331e-19   1.227208e-02   6.714410e-20   2520952
  8.395888e+00   8.828133e-19   1.226128e-02   6.570284e-20   2544946
  8.438392e+00   5.692536e-19   1.227324e-02   6.430781e-20   2573856
  8.480922e+00   6.246787e-19   1.227611e-02   6.282469e-20   2600016
  8.523447e+00   6.205793e-19   1.227641e-02   6.152184e-20   2625484
  8.565959e+00   7.209896e-19   1.227232e-02   6.020584e-20   2651122
  8.608519e+00   6.809755e-19   1.229739e-02   5.889296e-20   2683488
  8.651014e+00   4.446187e-19   1.223786e-02   5.771041e-20   2696352
  8.693483e+00   4.974842e-19   1.228468e-02   5.644124e-20   2733020
  8.736008e+00   5.468942e-19   1.227012e-02   5.535704e-20   2757378
  8.778525e+00   6.573640e-19   1.227177e-02   5.410578e-20   2784864
  8.821036e+00   5.860315e-19   1.227124e-02   5.282331e-20   2811168
  8.863496e+00   3.974226e-19   1.224424e-02   5.199277e-20   2832274
  8.906020e+00   5.225878e-19   1.230244e-02   5.072625e-20   2873636
  8.948567e+00   4.128778e-19   1.225951e-02   4.970203e-20   2890496
  8.991066e+00   5.228342e-19   1.227940e-02   4.859542e-20   2921800
  9.033598e+00   5.598276e-19   1.228441e-02   4.754794e-20   2951298
  9.076126e+00   3.858622e-19   1.226510e-02   4.663721e-20   2975476
  9.118654e+00   5.556809e-19   1.228550e-02   4.563357e-20   3007728
  9.161142e+00   3.506661e-19   1.224754e-02   4.481504e-20   3025776
  9.203640e+00   4.771337e-19   1.229182e-02   4.377163e-20   3065762
  9.246160e+00   4.308448e-19   1.225283e-02   4.291839e-20   3084856
  9.288649e+00   3.728879e-19   1.227594e-02   4.202657e-20   3118044
  9.331129e+00   3.822165e-19   1.225728e-02   4.119250e-20   3141352
  9.373640e+00   3.327754e-19   1.228814e-02   4.029206e-20   3179274
  9.416185e+00   3.563644e-19   1.227073e-02   3.954881e-20   3204120
  9.458671e+00   4.215405e-19   1.225444e-02   3.878580e-20   3227900
  9.501151e+00   2.920257e-19   1.227489e-02   3.786952e-20   3262394
  9.543701e+00   3.420850e-19   1.228726e-02   3.717731e-20   3295680
  9.586236e+00   3.197686e-19   1.226866e-02   3.644473e-20   3319560
  9.628737e+00   3.417025e-19   1.227228e-02   3.573268e-20   3348972
  9.671240e+00   3.502648e-19   1.227416e-02   3.502405e-20   3379722
  9.713763e+00   3.459327e-19   1.227339e-02   3.433751e-20   3410720
  9.756299e+00   2.663551e-19   1.227807e-02   3.368367e-20   3441504
  9.798787e+00   3.177572e-19   1.225320e-02   3.301555e-20   3463624
  9.841266e+00   2.586693e-19   1.227217e-02   3.234437e-20   3499790
  9.883803e+00   3.493347e-19   1.228281e-02   3.171786e-20   3533560
  9.926350e+00   3.102656e-19   1.227932e-02   3.110302e-20   3561920
  9.968836e+00   3.408397e-19   1.225683e-02   3.053860e-20   3585208
  1.001132e+01   3.198817e-19   1.227674e-02   2.990536e-20   3622518
  1.005387e+01   2.282011e-19   1.228938e-02   2.932847e-20   3657584
  1.009637e+01   3.031777e-19   1.225003e-02   2.874168e-20   3676440
  1.013883e+01   2.621342e-19   1.226093e-02   2.820403e-20   3711282
  1.018134e+01   2.698072e-19   1.227505e-02   2.764617e-20   3747696
  1.022386e+01   2.984600e-19   1.226890e-02   2.712555e-20   3776188
  1.026640e+01   2.121331e-19   1.229793e-02   2.660791e-20   3815304
  1.030893e+01   3.323731e-19   1.225864e-02   2.612664e-20   3835370
  1.035143e+01   2.503952e-19   1.227570e-02   2.562745e-20   3873424
  1.039395e+01   2.803026e-19   1.227191e-02   2.511858e-20   3903420
  1.043647e+01   1.845268e-19   1.228014e-02   2.466624e-20   3937624
  1.047898e+01   2.451775e-19   1.226404e-02   2.419965e-20   3965658
  1.052150e+01   2.288528e-19   1.227921e-02   2.374174e-20   4002984
  1.056400e+01   2.552378e-19   1.226054e-02   2.331961e-20   4027928
  1.060647e+01   2.504696e-19   1.225976e-02   2.282917e-20   4059844
  1.064896e+01   2.030489e-19   1.227978e-02   2.241647e-20   4100338
  1.069151e+01   1.975307e-19   1.227651e-02   2.198072e-20   4132264
  1.073403e+01   2.813061e-19   1.227390e-02   2.158714e-20   4163216
  1.077652e+01   1.623898e-19   1.226459e-02   2.118425e-20   4193350
  1.081904e+01   1.875994e-19   1.228427e-02   2.074885e-20   4234456
  1.086156e+01   1.773583e-19   1.225632e-02   2.040200e-20   4257264
  1.090405e+01   1.732054e-19   1.227910e-02   2.004178e-20   4297352
  1.094656e+01   2.312450e-19   1.226998e-02   1.968437e-20   4328642
  1.098909e+01   1.850546e-19   1.228265e-02   1.931032e-20   4367948
  1.103158e+01   2.435627e-19   1.224720e-02   1.901252e-20   4388384
  1.107408e+01   2.010808e-19   1.228899e-02   1.860481e-20   4436648
  1.111661e+01   1.935690e-19   1.227199e-02   1.826943e-20   4465658
  1.115915e+01   1.966104e-19   1.227871e-02   1.792021e-20   4502948
  1.120165e+01   1.439570e-19   1.225915e-02   1.758836e-20   4528880
  1.124413e+01   1.614512e-19   1.226872e-02   1.730140e-20   4566290
  1.128665e+01   1.595940e-19   1.228262e-02   1.698500e-20   4606856
  1.132917e+01   1.500422e-19   1.226621e-02   1.668226e-20   4635380
  1.137166e+01   1.345999e-19   1.226853e-02   1.638226e-20   4670384
  1.141417e+01   1.585589e-19   1.227665e-02   1.608929e-20   4709258
  1.145672e+01   1.236780e-19   1.228130e-02   1.579475e-20   4747352
  1.149922e+01   1.471478e-19   1.225462e-02   1.552835e-20   4771664
  1.154171e+01   1.209150e-19   1.227440e-02   1.524440e-20   4813532
  1.158423e+01   6.013205e-20   1.228175e-02   1.497057e-20   4852322
  1.162677e+01   1.265857e-19   1.227605e-02   1.473264e-20   4886480
  1.166928e+01   1.340870e-19   1.226516e-02   1.444750e-20   4917248
  1.171175e+01   1.513133e-19   1.226039e-02   1.421802e-20   4950828
  1.175428e+01   7.431400e-20   1.229115e-02   1.394071e-20   5000170
  1.179682e+01   1.202340e-19   1.226743e-02   1.371118e-20   5026952
  1.183930e+01   9.871591e-20   1.225870e-02   1.347821e-20   5058752
  1.188178e+01   9.202531e-20   1.227096e-02   1.324229e-20   5100722
  1.192431e+01   1.039635e-19   1.227592e-02   1.300138e-20   5140124
  1.196682e+01   8.805118e-20   1.227175e-02   1.278711e-20   5174072
  1.200934e+01   9.761050e-20   1.227571e-02   1.256567e-20   5211608
  1.205185e+01   9.188435e-20   1.227167e-02   1.232686e-20   5247794
  1.209436e+01   1.065807e-19   1.226763e-02   1.213411e-20   5284196
  1.213689e+01   1.038181e-19   1.228663e-02   1.192337e-20   5328800
  1.217939e+01   8.029637e-20   1.225244e-02   1.171957e-20   5350872
  1.222188e+01   1.099266e-19   1.227843e-02   1.149866e-20   5400634
  1.226439e+01   8.775639e-20   1.226116e-02   1.132130e-20   5430968
  1.230690e+01   9.764879e-20   1.228074e-02   1.111043e-20   5475908
  1.234942e+01   8.821473e-20   1.227341e-02   1.094337e-20   5510016
  1.239194e+01   1.044071e-19   1.227878e-02   1.074894e-20   5552114
  1.243448e+01   7.119471e-20   1.227536e-02   1.056417e-20   5588944
  1.247700e+01   8.739602e-20   1.227081e-02   1.039229e-20   5623828
  1.251949e+01   7.144339e-20   1.226652e-02   1.021011e-20   5660722
  1.256199e+01   1.045231e-19   1.226569e-02   1.004262e-20   5699896
  1.260450e+01   8.890985e-20   1.227587e-02   9.874222e-21   5741936
  1.264701e+01   9.470799e-20   1.227604e-02   9.693844e-21   5779568
  1.268952e+01   9.820787e-20   1.227056e-02   9.553864e-21   5817222
  1.273202e+01   8.791808e-20   1.226405e-02   9.395511e-21   5854600
  1.277454e+01   6.760593e-20   1.227916e-02   9.222101e-21   5900040
  1.281705e+01   6.353492e-20   1.226601e-02   9.075212e-21   5931976
  1.285956e+01   6.890562e-20   1.228040e-02   8.929776e-21   5979390
  1.290207e+01   7.165785e-20   1.226129e-02   8.781776e-21   6010200
  1.294458e+01   4.309196e-20   1.227731e-02   8.639221e-21   6056496
  1.298708e+01   7.277059e-20   1.226484e-02   8.500521e-21   6089504
  1.302958e+01   7.056788e-20   1.227756e-02   8.346794e-21   6137114
  1.307210e+01   5.909556e-20   1.226880e-02   8.218380e-21   6173332
  1.311461e+01   6.316284e-20   1.227153e-02   8.087282e-21   6214128
  1.315711e+01   5.631320e-20   1.226922e-02   7.945780e-21   6253874
  1.319964e+01   4.772314e-20   1.227851e-02   7.815012e-21   6300104
  1.324216e+01   5.229345e-20   1.226546e-02   7.683893e-21   6332612
  1.328467e+01   6.699488e-20   1.228096e-02   7.559967e-21   6379768
  1.332719e+01   7.079197e-20   1.227439e-02   7.456275e-21   6418218
  1.336971e+01   5.729332e-20   1.227344e-02   7.326119e-21   6459880
  1.341221e+01   5.839546e-20   1.226446e-02   7.215831e-21   6495652
  1.345472e+01   6.269723e-20   1.228092e-02   7.094778e-21   6545296
  1.349724e+01   5.218149e-20   1.226891e-02   6.974000e-21   6581570
  1.353974e+01   4.388096e-20   1.226098e-02   6.864407e-21   6618960
  1.358222e+01   5.707631e-20   1.226863e-02   6.752396e-21   6663352
  1.362471e+01   5.984598e-20   1.226151e-02   6.653490e-21   6701334
  1.366724e+01   5.326137e-20   1.229005e-02   6.538886e-21   6759920
  1.370978e+01   3.341803e-20   1.226871e-02   6.438316e-21   6789696
  1.375229e+01   5.252222e-20   1.227982e-02   6.335261e-21   6837208
  1.379481e+01   4.186423e-20   1.226997e-02   6.232920e-21   6874966
  1.383733e+01   2.687596e-20   1.227445e-02   6.131117e-21   6920864
  1.387984e+01   3.075563e-20   1.226703e-02   6.038356e-21   6957816
  1.392234e+01   3.802409e-20   1.227258e-02   5.939628e-21   7002232
  1.396483e+01   3.775127e-20   1.226616e-02   5.846024e-21   7043114
  1.400736e+01   2.787854e-20   1.228161e-02   5.752437e-21   7096020
  1.404988e+01   3.310989e-20   1.226958e-02   5.665000e-21   7130640
  1.409239e+01   2.991128e-20   1.227310e-02   5.578019e-21   7175472
  1.413489e+01   2.122875e-20   1.226899e-02   5.488834e-21   7217786
  1.417741e+01   3.277723e-20   1.227600e-02   5.406186e-21   7265564
  1.421992e+01   2.782585e-20   1.226528e-02   5.322315e-21   7301288
  1.426240e+01   3.539761e-20   1.226550e-02   5.240904e-21   7345330
  1.430491e+01   3.282896e-20   1.227621e-02   5.160643e-21   7397048
  1.434743e+01   2.209969e-20   1.226815e-02   5.077424e-21   7435920
  1.438994e+01   2.592825e-20   1.227688e-02   4.998888e-21   7484140
  1.443245e+01   2.097410e-20   1.227057e-02   4.916362e-21   7525578
  1.447497e+01   2.471777e-20   1.227007e-02   4.847276e-21   7571376
  1.451748e+01   2.281944e-20   1.227392e-02   4.777526e-21   7617064
  1.456001e+01   2.211238e-20   1.227782e-02   4.704915e-21   7662092
  1.460251e+01   1.490627e-20   1.226530e-02   4.625688e-21   7699658
  1.464502e+01   1.350460e-20   1.227578e-02   4.558367e-21   7752416
  1.468755e+01   1.627601e-20   1.227763e-02   4.489825e-21   7797776
  1.473004e+01   1.376114e-20   1.226070e-02   4.415975e-21   7831720
  1.477255e+01   2.122738e-20   1.227889e-02   4.353535e-21   7889926
  1.481507e+01   1.000391e-20   1.227192e-02   4.289841e-21   7931480
  1.485759e+01   1.349119e-20   1.227300e-02   4.218660e-21   7976688
  1.490006e+01   1.783646e-20   1.225048e-02   4.165294e-21   8007786
  1.494256e+01   1.106306e-20   1.228133e-02   4.091263e-21   8074564
  1.498510e+01   2.343408e-20   1.228034e-02   4.031883e-21   8118904
  1.502762e+01   1.616657e-20   1.226783e-02   3.976962e-21   8155824
  1.507013e+01   1.408674e-20   1.228256e-02   3.911786e-21   8212802
  1.511265e+01   1.812178e-21   1.226047e-02   3.858810e-21   8245268
  1.515516e+01   1.351142e-20   1.228702e-02   3.793405e-21   8308816
  1.519769e+01   1.067179e-20   1.226520e-02   3.742803e-21   8340304
  1.524017e+01   1.521335e-20   1.226489e-02   3.689601e-21   8387738
  1.528267e+01   1.224984e-20   1.226883e-02   3.629049e-21   8437624
  1.532518e+01   2.035193e-20   1.227531e-02   3.576607e-21   8487796
  1.536768e+01   1.196902e-20   1.226572e-02   3.525491e-21   8527936
  1.541020e+01   1.422004e-20   1.227764e-02   3.472017e-21   8585122
  1.545272e+01   1.929556e-20   1.227170e-02   3.424208e-21   8628200
  1.549524e+01   1.148467e-20   1.227868e-02   3.370402e-21   8679484
  1.553776e+01   1.194139e-20   1.226928e-02   3.321149e-21   8721466
  1.558025e+01   1.898663e-20   1.226318e-02   3.273098e-21   8765840
  1.562277e+01   5.080747e-21   1.228142e-02   3.224240e-21   8825136
  1.566528e+01   7.257808e-21   1.226701e-02   3.176990e-21   8861768
  1.570779e+01   5.562624e-21   1.227728e-02   3.133011e-21   8919278
  1.575031e+01   9.323471e-21   1.226638e-02   3.084484e-21   8961008
  1.579282e+01   8.958807e-22   1.227512e-02   3.039058e-21   9014456
  1.583534e+01   1.219085e-20   1.227527e-02   2.995126e-21   9062240
  1.587786e+01   1.359511e-20   1.227311e-02   2.954585e-21   9110510
  1.592036e+01   9.170842e-21   1.226582e-02   2.913079e-21   9154048
  1.596285e+01   9.069456e-21   1.226281e-02   2.870032e-21   9198928
  1.600534e+01   1.639145e-20   1.227531e-02   2.829278e-21   9257194
  1.604787e+01   1.000788e-20   1.227745e-02   2.787186e-21   9310168
  1.609038e+01   8.107384e-21   1.226530e-02   2.748965e-21   9350316
  1.613289e+01   1.007589e-20   1.227684e-02   2.712548e-21   9407120
  1.617541e+01   1.683173e-20   1.227300e-02   2.670606e-21   9454642
  1.621793e+01   7.125146e-21   1.227362e-02   2.632631e-21   9506272
  1.626044e+01   9.306493e-21   1.226942e-02   2.596265e-21   9551228
  1.630294e+01   1.624633e-20   1.227038e-02   2.557730e-21   9600264
  1.634544e+01   8.808201e-21   1.227012e-02   2.521281e-21   9651458
  1.638796e+01   6.509588e-21   1.228049e-02   2.486018e-21   9711488
  1.643048e+01   5.944288e-21   1.226476e-02   2.449644e-21   9749144
  1.647299e+01   8.805612e-21   1.227613e-02   2.412855e-21   9807908
  1.651550e+01   1.055900e-20   1.227043e-02   2.382358e-21   9854786
  1.655803e+01   1.538356e-20   1.228107e-02   2.346775e-21   9914304
  1.660053e+01   1.168269e-20   1.225867e-02   2.318400e-21   9945544
  1.664301e+01   8.620748e-21   1.226718e-02   2.283478e-21   10003414
  1.668552e+01   1.039722e-20   1.227468e-02   2.250419e-21   10062032
  1.672804e+01   9.769454e-21   1.227657e-02   2.219859e-21   10114792
  1.677058e+01   7.723219e-21   1.228180e-02   2.187749e-21   10169936
  1.681307e+01   1.333289e-20   1.225060e-02   2.159680e-21   10196602
  1.685558e+01   1.240674e-20   1.228906e-02   2.126103e-21   10281156
  1.689811e+01   7.868579e-21   1.226275e-02   2.098951e-21   10309376
  1.694060e+01   1.343485e-20   1.227427e-02   2.068210e-21   10369856
  1.698310e+01   1.980690e-20   1.226425e-02   2.043231e-21   10415370
  1.702562e+01   1.255826e-20   1.228018e-02   2.011251e-21   10481988
  1.706815e+01   1.270101e-20   1.227822e-02   1.984972e-21   10531200
  1.711066e+01   8.215181e-21   1.226163e-02   1.957825e-21   10569416
  1.715315e+01   1.259269e-20   1.227286e-02   1.932530e-21   10633066
  1.719568e+01   1.248415e-20   1.227546e-02   1.902637e-21   10687548
  1.723821e+01   8.129856e-21   1.228168e-02   1.876364e-21   10743968
  1.728072e+01   6.703389e-21   1.226340e-02   1.853434e-21   10782130
  1.732321e+01   6.691649e-21   1.226438e-02   1.829939e-21   10837792
  1.736571e+01   1.240338e-20   1.227328e-02   1.801463e-21   10897368
  1.740823e+01   1.571163e-20   1.227857e-02   1.778621e-21   10953940
  1.745075e+01   1.065972e-20   1.227188e-02   1.753557e-21   11003274
  1.749325e+01   1.298128e-20   1.226537e-02   1.731116e-21   11052800
  1.753577e+01   1.024485e-20   1.228039e-02   1.706402e-21   11118176
  1.757829e+01   8.571999e-21   1.227174e-02   1.682949e-21   11162268
  1.762078e+01   7.140435e-21   1.226447e-02   1.661479e-21   11211458
  1.766328e+01   9.073675e-21   1.226924e-02   1.639862e-21   11271888
  1.770579e+01   1.103653e-20   1.227456e-02   1.616430e-21   11329304
  1.774829e+01   1.059394e-20   1.226554e-02   1.596140e-21   11375026
  1.779081e+01   1.259856e-20   1.227704e-02   1.572881e-21   11442532
  1.783332e+01   1.317031e-20   1.226620e-02   1.553471e-21   11487264
  1.787583e+01   9.390246e-21   1.227239e-02   1.531702e-21   11545680
  1.791835e+01   1.294166e-20   1.227937e-02   1.511360e-21   11607058
  1.796089e+01   1.181146e-20   1.227970e-02   1.490686e-21   11664300
  1.800340e+01   1.508103e-20   1.226785e-02   1.472048e-21   11707488
  1.804590e+01   9.395612e-21   1.226647e-02   1.452938e-21   11759536
  1.808841e+01   1.202935e-20   1.228470e-02   1.433081e-21   11833690
  1.813095e+01   1.402658e-20   1.227017e-02   1.414285e-21   11877808
  1.817345e+01   9.899921e-21   1.226311e-02   1.395294e-21   11925836
  1.821595e+01   1.060755e-20   1.227560e-02   1.378245e-21   11992168
  1.825846e+01   1.260808e-20   1.227114e-02   1.359174e-21   12044554
  1.830097e+01   1.048049e-20   1.226867e-02   1.342307e-21   12098976
  1.834346e+01   1.286361e-20   1.226469e-02   1.325307e-21   12149996
  1.838595e+01   1.095926e-20   1.226815e-02   1.307862e-21   12209594
  1.842847e+01   1.147742e-20   1.227993e-02   1.289783e-21   12279272
  1.847101e+01   1.292781e-20   1.228002e-02   1.272133e-21   12336072
  1.851353e+01   1.093492e-20   1.226966e-02   1.257853e-21   12381744
  1.855604e+01   1.295856e-20   1.227227e-02   1.239830e-21   12441590
  1.859855e+01   1.124902e-20   1.227023e-02   1.225304e-21   12497256
  1.864105e+01   1.073858e-20   1.226730e-02   1.209323e-21   12550032
  1.868353e+01   9.502692e-21   1.226474e-02   1.193553e-21   12603936
  1.872603e+01   1.130416e-20   1.227245e-02   1.178793e-21   12671230
  1.876857e+01   1.078251e-20   1.228331e-02   1.162581e-21   12740920
  1.881110e+01   1.093122e-20   1.227107e-02   1.148724e-21   12784560
  1.885359e+01   1.195893e-20   1.226358e-02   1.133589e-21   12834176
  1.889610e+01   7.405939e-21   1.227865e-02   1.119951e-21   12909006
  1.893863e+01   1.189844e-20   1.227235e-02   1.105222e-21   12959680
  1.898113e+01   1.230883e-20   1.227020e-02   1.090843e-21   13014232
  1.902364e+01   8.728067e-21   1.227262e-02   1.077069e-21   13076514
  1.906614e+01   9.135003e-21   1.226274e-02   1.064207e-21   13127112
  1.910866e+01   1.266768e-20   1.228266e-02   1.049852e-21   13205852
  1.915119e+01   1.129050e-20   1.227282e-02   1.037407e-21   13252032
  1.919369e+01   1.083823e-20   1.226787e-02   1.024169e-21   13307450
  1.923620e+01   1.488572e-20   1.227402e-02   1.011870e-21   13374160
  1.927872e+01   1.120616e-20   1.227027e-02   9.995079e-22   13426348
  1.932123e+01   9.801391e-21   1.227853e-02   9.851939e-22   13492760
  1.936373e+01   1.170825e-20   1.226457e-02   9.748890e-22   13539546
  1.940624e+01   6.909648e-21   1.227335e-02   9.614235e-22   13610704
  1.944875e+01   1.069802e-20   1.226734e-02   9.509196e-22   13662024
  1.949125e+01   1.112427e-20   1.227299e-02   9.390117e-22   13727492
  1.953377e+01   1.224793e-20   1.227644e-02   9.273038e-22   13793394
  1.957629e+01   1.282035e-20   1.226862e-02   9.154565e-22   13844456
  1.961880e+01   8.854780e-21   1.227171e-02   9.045946e-22   13905184
  1.966130e+01   1.111515e-20   1.227189e-02   8.932115e-22   13965958
  1.970381e+01   1.004764e-20   1.226859e-02   8.828515e-22   14025192
  1.974632e+01   1.062118e-20   1.227581e-02   8.716847e-22   14093768
  1.978884e+01   1.137398e-20   1.227382e-02   8.604978e-22   14150440
  1.983136e+01   1.220368e-20   1.227452e-02   8.498137e-22   14213450
  1.987387e+01   1.028287e-20   1.226691e-02   8.407717e-22   14267036
  1.991638e+01   1.151732e-20   1.227427e-02   8.304024e-22   14335032
  1.995889e+01   9.253535e-21   1.226837e-02   8.205218e-22   14387664
  2.000139e+01   1.046096e-20   1.227308e-02   8.102244e-22   14455698
  2.004391e+01   9.517493e-21   1.227471e-02   8.009784e-22   14520452
  2.008643e+01   1.080670e-20   1.227399e-02   7.906589e-22   14580272
  2.012893e+01   9.613466e-21   1.226246e-02   7.818065e-22   14628050
  2.017144e+01   8.813937e-21   1.228393e-02   7.719236e-22   14716744
  2.021396e+01   1.017143e-20   1.226163e-02   7.631065e-22   14751712
  2.025646e+01   1.092375e-20   1.227782e-02   7.535836e-22   14831620
  2.029896e+01   1.014986e-20   1.226188e-02   7.455890e-22   14875522
  2.034146e+01   8.770956e-21   1.227585e-02   7.370352e-22   14956720
  2.038398e+01   1.071538e-20   1.226799e-02   7.284589e-22   15008272
  2.042648e+01   7.639170e-21   1.227113e-02   7.191618e-22   15073780
  2.046899e+01   8.840039e-21   1.227601e-02   7.107963e-22   15144866
  2.051153e+01   7.728028e-21   1.228021e-02   7.028819e-22   15213872
  2.055406e+01   1.020239e-20   1.227172e-02   6.945227e-22   15263976
  2.059656e+01   7.771868e-21   1.226689e-02   6.865082e-22   15320236
  2.063907e+01   7.139635e-21   1.227747e-02   6.778997e-22   15398322
  2.068159e+01   7.294200e-21   1.226849e-02   6.707661e-22   15450864
  2.072409e+01   8.171882e-21   1.226949e-02   6.628696e-22   15513888
  2.076658e+01   7.466723e-21   1.226638e-02   6.555058e-22   15574626
  2.080910e+01   7.911950e-21   1.227957e-02   6.480589e-22   15657956
  2.085162e+01   8.652820e-21   1.226694e-02   6.410022e-22   15704248
  2.089412e+01   7.937746e-21   1.227405e-02   6.333304e-22   15774824
  2.093664e+01   8.404936e-21   1.227741e-02   6.264177e-22   15844898
  2.097916e+01   7.908829e-21   1.226797e-02   6.195331e-22   15898956
  2.102166e+01   7.290426e-21   1.226837e-02   6.123005e-22   15961768
  2.106416e+01   8.373829e-21   1.227392e-02   6.051281e-22   16032208
  2.110668e+01   8.965126e-21   1.227386e-02   5.989012e-22   16099530
  2.114918e+01   9.194072e-21   1.226342e-02   5.925792e-22   16152712
  2.119169e+01   6.943433e-21   1.227877e-02   5.854510e-22   16235740
  2.123421e+01   7.352488e-21   1.227090e-02   5.788946e-22   16288856
  2.127673e+01   7.625499e-21   1.227763e-02   5.731262e-22   16365074
  2.131925e+01   9.083617e-21   1.226826e-02   5.674177e-22   16418248
  2.136173e+01   8.920980e-21   1.226229e-02   5.608616e-22   16473180
  2.140423e+01   9.363871e-21   1.227796e-02   5.543802e-22   16560234
  2.144675e+01   8.953446e-21   1.226818e-02   5.484758e-22   16616088
  2.148927e+01   7.683216e-21   1.227653e-02   5.426907e-22   16693264
  2.153179e+01   7.460796e-21   1.227410e-02   5.364817e-22   16753864
  2.157431e+01   6.427198e-21   1.227428e-02   5.309545e-22   16820702
  2.161682e+01   7.462033e-21   1.226755e-02   5.257600e-22   16879288
  2.165933e+01   7.938734e-21   1.227311e-02   5.197691e-22   16951712
  2.170183e+01   8.186593e-21   1.226675e-02   5.142286e-22   17007560
  2.174434e+01   7.091579e-21   1.227813e-02   5.091121e-22   17092086
  2.178685e+01   7.310084e-21   1.226906e-02   5.041300e-22   17148392
  2.182937e+01   7.470934e-21   1.227478e-02   4.987221e-22   17222288
  2.187188e+01   7.874024e-21   1.227236e-02   4.933098e-22   17285096
  2.191439e+01   7.854272e-21   1.226620e-02   4.890167e-22   17344826
  2.195689e+01   7.269214e-21   1.227320e-02   4.840650e-22   17421236
  2.199941e+01   7.764079e-21   1.227792e-02   4.785018e-22   17494160
  2.204191e+01   7.850076e-21   1.226044e-02   4.740241e-22   17538122
  2.208440e+01   5.510263e-21   1.226939e-02   4.695825e-22   17620136
  2.212692e+01   7.780806e-21   1.227875e-02   4.644465e-22   17700428
  2.216945e+01   8.123300e-21   1.227393e-02   4.597439e-22   17760320
  2.221196e+01   6.607615e-21   1.227224e-02   4.554292e-22   17827562
  2.225448e+01   7.073276e-21   1.227165e-02   4.506212e-22   17895488
  2.229699e+01   7.095611e-21   1.227292e-02   4.463340e-22   17963576
  2.233950e+01   7.780152e-21   1.227046e-02   4.420115e-22   18027500
  2.238201e+01   7.728324e-21   1.227533e-02   4.380341e-22   18105650
  2.242451e+01   7.183906e-21   1.226508e-02   4.333555e-22   18160880
  2.246701e+01   8.247240e-21   1.226834e-02   4.292179e-22   18233144
  2.250951e+01   6.739879e-21   1.227149e-02   4.251145e-22   18307310
  2.255203e+01   6.841011e-21   1.227368e-02   4.217182e-22   18381680
  2.259456e+01   7.593696e-21   1.227489e-02   4.175052e-22   18450536
  2.263708e+01   6.313456e-21   1.227820e-02   4.136476e-22   18522128
  2.267959e+01   5.586992e-21   1.226827e-02   4.100017e-22   18578414
  2.272209e+01   6.157738e-21   1.227113e-02   4.066012e-22   18654304
  2.276460e+01   6.352278e-21   1.227056e-02   4.025088e-22   18722304
  2.280712e+01   7.877138e-21   1.227777e-02   3.985490e-22   18802472
  2.284964e+01   6.425056e-21   1.227092e-02   3.954963e-22   18864266
  2.289215e+01   6.179348e-21   1.226939e-02   3.923278e-22   18933260
  2.293465e+01   6.399575e-21   1.226719e-02   3.888016e-22   18997448
  2.297715e+01   5.913134e-21   1.227581e-02   3.850209e-22   19079816
  2.301967e+01   7.791655e-21   1.227098e-02   3.817146e-22   19145330
  2.306218e+01   7.167238e-21   1.227177e-02   3.786592e-22   19218276
  2.310469e+01   5.990466e-21   1.227113e-02   3.750410e-22   19286200
  2.314719e+01   6.864746e-21   1.226583e-02   3.720907e-22   19349738
  2.318971e+01   6.463280e-21   1.228286e-02   3.690981e-22   19450040
  2.323223e+01   5.785691e-21   1.226363e-02   3.663113e-22   19489688
  2.327473e+01   5.937628e-21   1.227521e-02   3.630666e-22   19576868
  2.331724e+01   6.999901e-21   1.226932e-02   3.601600e-22   19640282
  2.335976e+01   7.319636e-21   1.227873e-02   3.574147e-22   19728800
  2.340226e+01   6.936350e-21   1.226095e-02   3.548424e-22   19770152
  2.344476e+01   6.923184e-21   1.227487e-02   3.515316e-22   19863516
  2.348729e+01   6.553073e-21   1.227855e-02   3.489149e-22   19943594
  2.352981e+01   6.854560e-21   1.227039e-02   3.465891e-22   20003440
  2.357232e+01   7.111001e-21   1.227533e-02   3.437480e-22   20081768
  2.361483e+01   7.267783e-21   1.226475e-02   3.413298e-22   20136200
  2.365734e+01   6.726352e-21   1.228180e-02   3.386069e-22   20238094
  2.369985e+01   6.410965e-21   1.226458e-02   3.367663e-22   20282544
  2.374234e+01   7.317643e-21   1.226291e-02   3.341543e-22   20351720
  2.378483e+01   7.406850e-21   1.227389e-02   3.316106e-22   20444714
  2.382735e+01   6.160033e-21   1.227112e-02   3.292708e-22   20515116
  2.386988e+01   5.975048e-21   1.228059e-02   3.270357e-22   20602384
  2.391241e+01   5.766863e-21   1.227266e-02   3.248390e-22   20659872
  2.395491e+01   6.231756e-21   1.226837e-02   3.227916e-22   20727682
  2.399742e+01   6.293054e-21   1.227493e-02   3.209013e-22   20814416
  2.403994e+01   6.673744e-21   1.227261e-02   3.187628e-22   20881100
  2.408245e+01   5.887495e-21   1.227247e-02   3.167207e-22   20953688
  2.412495e+01   4.866909e-21   1.226662e-02   3.151426e-22   21021050
  2.416746e+01   5.698472e-21   1.227556e-02   3.130983e-22   21111632
  2.420998e+01   5.842856e-21   1.227336e-02   3.108715e-22   21179972
  2.425248e+01   5.701323e-21   1.226547e-02   3.095340e-22   21240488
  2.429499e+01   6.068583e-21   1.227368e-02   3.079787e-22   21331418
  2.433750e+01   6.045262e-21   1.226935e-02   3.060135e-22   21397304
  2.438000e+01   6.363480e-21   1.226962e-02   3.044752e-22   21469764
  2.442251e+01   6.396450e-21   1.227528e-02   3.026519e-22   21556122
  2.446502e+01   5.495632e-21   1.226591e-02   3.011060e-22   21618312
  2.450754e+01   6.512488e-21   1.227924e-02   2.992650e-22   21716096
  2.455007e+01   6.445749e-21   1.227488e-02   2.979433e-22   21781352
  2.459258e+01   6.092213e-21   1.226971e-02   2.969410e-22   21848870
  2.463508e+01   5.462173e-21   1.227061e-02   2.958067e-22   21927536
  2.467760e+01   6.103051e-21   1.227518e-02   2.939981e-22   22008944
  2.472011e+01   5.647182e-21   1.227146e-02   2.926483e-22   22076136
  2.476261e+01   5.453449e-21   1.226619e-02   2.916840e-22   22145270
  2.480513e+01   5.661532e-21   1.228149e-02   2.903269e-22   22250960
  2.484765e+01   5.006153e-21   1.226766e-02   2.892651e-22   22300864
  2.489015e+01   5.481526e-21   1.226874e-02   2.878815e-22   22378586
  2.493266e+01   5.003170e-21   1.227304e-02   2.872930e-22   22464104
  2.497518e+01   5.338212e-21   1.227483e-02   2.860119e-22   22542892
  2.501769e+01   5.829240e-21   1.226849e-02   2.852759e-22   22606008
  2.506019e+01   5.940884e-21   1.227168e-02   2.841583e-22   22690002
  2.510269e+01   5.219840e-21   1.226774e-02   2.837376e-22   22762216
  2.514519e+01   5.460450e-21   1.227552e-02   2.811434e-22   22815779
  2.518771e+01   4.126014e-21   1.227093e-02   2.764393e-22   22772312
  2.523022e+01   2.851729e-21   1.227169e-02   2.719015e-22   22733708
  2.527273e+01   1.945095e-21   1.227376e-02   2.674801e-22   22697672
  2.531524e+01   1.360668e-21   1.227003e-02   2.629648e-22   22651460
  2.535775e+01   1.292823e-21   1.227280e-02   2.587298e-22   22616024
  2.540027e+01   9.052098e-22   1.227723e-02   2.543134e-22   22583496
  2.544278e+01   4.928097e-22   1.226384e-02   2.505147e-22   22519252
  2.548527e+01   1.048970e-21   1.226879e-02   2.463304e-22   22488992
  2.552778e+01   8.554365e-22   1.227112e-02   2.425494e-22   22453172
  2.557030e+01   5.395437e-22   1.227642e-02   2.388062e-22   22420584
  2.561282e+01   6.506572e-22   1.227318e-02   2.349208e-22   22371700
  2.565533e+01   -4.861218e-23   1.227319e-02   2.314677e-22   22329896
  2.569784e+01   9.126571e-23   1.227005e-02   2.278916e-22   22282876
  2.574035e+01   3.396339e-22   1.227559e-02   2.244720e-22   22250692
  2.578286e+01   5.235331e-22   1.226749e-02   2.209886e-22   22194436
  2.582536e+01   6.732862e-22   1.226799e-02   2.177453e-22   22153540
  2.586787e+01   5.795601e-22   1.227489e-02   2.146643e-22   22122584
  2.591039e+01   4.297310e-22   1.227183e-02   2.112893e-22   22073004
  2.595291e+01   5.872528e-22   1.227763e-02   2.083732e-22   22039640
  2.599542e+01   2.051170e-22   1.226443e-02   2.051624e-22   21971624
  2.603793e+01   8.758909e-22   1.228039e-02   2.022034e-22   21955708
  2.608042e+01   8.584355e-22   1.225538e-02   1.995527e-22   21867720
  2.612293e+01   1.193894e-22   1.228640e-02   1.966368e-22   21878900
  2.616545e+01   4.025626e-22   1.226374e-02   1.938618e-22   21794260
  2.620796e+01   3.184801e-22   1.227552e-02   1.911863e-22   21770256
  2.625048e+01   4.639481e-22   1.227204e-02   1.883493e-22   21718124
  2.629299e+01   2.493099e-22   1.227162e-02   1.858499e-22   21671096
  2.633550e+01   2.312781e-22   1.227173e-02   1.833706e-22   21625412
  2.637801e+01   6.420876e-22   1.227628e-02   1.807828e-22   21587284
  2.642052e+01   6.161471e-22   1.226404e-02   1.783765e-22   21519648
  2.646302e+01   2.822334e-22   1.227517e-02   1.760508e-22   21493344
  2.650554e+01   3.987213e-22   1.227125e-02   1.736726e-22   21439360
  2.654805e+01   2.463360e-22   1.227471e-02   1.711844e-22   21398900
  2.659058e+01   6.017074e-22   1.227467e-02   1.693101e-22   21351488
  2.663308e+01   6.632471e-22   1.226610e-02   1.670997e-22   21288012
  2.667559e+01   4.191160e-22   1.227518e-02   1.646538e-22   21255052
  2.671810e+01   5.897914e-22   1.226960e-02   1.627544e-22   21196928
  2.676060e+01   8.176834e-22   1.226973e-02   1.606044e-22   21149036
  2.680311e+01   4.398335e-22   1.227206e-02   1.582863e-22   21105304
  2.684563e+01   8.453859e-22   1.227410e-02   1.565105e-22   21059992
  2.688815e+01   3.627914e-22   1.227705e-02   1.546882e-22   21014904
  2.693067e+01   5.527378e-22   1.227014e-02   1.528049e-22   20953620
  2.697317e+01   4.226535e-22   1.226991e-02   1.507669e-22   20902948
  2.701568e+01   4.460440e-22   1.227225e-02   1.488514e-22   20856528
  2.705819e+01   5.989624e-22   1.227379e-02   1.470767e-22   20808868
  2.710070e+01   7.485896e-22   1.226639e-02   1.453224e-22   20746700
  2.714319e+01   5.133012e-22   1.226770e-02   1.434751e-22   20699040
  2.718571e+01   2.389370e-22   1.227944e-02   1.417199e-22   20667584
  2.722822e+01   5.603720e-22   1.225995e-02   1.401132e-22   20583320
  2.727072e+01   4.551603e-22   1.227843e-02   1.383265e-22   20562728
  2.731324e+01   4.341412e-22   1.227166e-02   1.367827e-22   20499120
  2.735575e+01   2.538568e-22   1.227335e-02   1.351261e-22   20448668
  2.739827e+01   3.026720e-22   1.227231e-02   1.335733e-22   20394408
  2.744078e+01   3.335395e-22   1.227328e-02   1.320319e-22   20344236
  2.748329e+01   8.167397e-22   1.227052e-02   1.305904e-22   20287988
  2.752580e+01   5.878018e-22   1.227218e-02   1.289284e-22   20237280
  2.756831e+01   5.272006e-22   1.226928e-02   1.273792e-22   20178328
  2.761083e+01   1.915944e-22   1.227861e-02   1.259811e-22   20139844
  2.765335e+01   5.447603e-22   1.226869e-02   1.246212e-22   20069748
  2.769585e+01   5.277693e-22   1.227006e-02   1.232019e-22   20016800
  2.773835e+01   5.369820e-22   1.227057e-02   1.218563e-22   19962224
  2.778087e+01   3.910526e-22   1.227954e-02   1.205478e-22   19923568
  2.782339e+01   4.313206e-22   1.226996e-02   1.191470e-22   19854300
  2.786590e+01   6.941872e-22   1.226862e-02   1.179651e-22   19797056
  2.790840e+01   6.719741e-22   1.227082e-02   1.165642e-22   19744940
  2.795091e+01   2.503415e-22   1.227270e-02   1.153577e-22   19691768
  2.799342e+01   4.552998e-22   1.226928e-02   1.140030e-22   19629548
  2.803593e+01   1.216658e-22   1.227096e-02   1.129187e-22   19575480
  2.807844e+01   4.678265e-22   1.227365e-02   1.117142e-22   19523296
  2.812096e+01   6.541909e-22   1.227813e-02   1.104981e-22   19474344
  2.816347e+01   4.568410e-22   1.226244e-02   1.093275e-22   19392868
  2.820597e+01   1.569507e-22   1.227629e-02   1.080390e-22   19356176
  2.824849e+01   2.372409e-22   1.227437e-02   1.069944e-22   19294916
  2.829102e+01   3.984920e-22   1.227644e-02   1.059425e-22   19240856
  2.833353e+01   4.227759e-22   1.226827e-02   1.049210e-22   19170884
  2.837603e+01   6.162865e-22   1.226787e-02   1.038317e-22   19111352
  2.841853e+01   2.660683e-22   1.227311e-02   1.027107e-22   19060016
  2.846104e+01   5.706650e-22   1.227199e-02   1.016569e-22   18999752
  2.850354e+01   5.806003e-22   1.226484e-02   1.006775e-22   18930272
  2.854604e+01   4.160312e-22   1.227204e-02   9.970797e-23   18882340
  2.858856e+01   5.268525e-22   1.227653e-02   9.860965e-23   18829056
  2.863108e+01   7.248093e-22   1.226917e-02   9.767969e-23   18757640
  2.867359e+01   4.350788e-22   1.227679e-02   9.668864e-23   18709036
  2.871611e+01   2.451568e-22   1.226951e-02   9.576562e-23   18637668
  2.875862e+01   3.154239e-22   1.227659e-02   9.485114e-23   18587048
  2.880113e+01   3.863912e-22   1.226650e-02   9.401875e-23   18510972
  2.884363e+01   7.645846e-23   1.227092e-02   9.306435e-23   18456692
  2.888614e+01   5.633822e-22   1.227027e-02   9.220449e-23   18394084
  2.892866e+01   2.179934e-22   1.227644e-02   9.130882e-23   18341352
  2.897118e+01   2.721545e-22   1.227294e-02   9.051263e-23   18273884
  2.901369e+01   1.675225e-22   1.227214e-02   8.966204e-23   18211148
  2.905619e+01   2.674309e-22   1.226468e-02   8.883257e-23   18137692
  2.909870e+01   2.087467e-22   1.227635e-02   8.800408e-23   18091580
  2.914122e+01   3.418410e-22   1.227406e-02   8.715178e-23   18024560
  2.918373e+01   1.399857e-22   1.226945e-02   8.640414e-23   17955116
  2.922624e+01   1.550273e-22   1.227055e-02   8.558719e-23   17893232
  2.926875e+01   2.215209e-22   1.227337e-02   8.482021e-23   17832620
  2.931126e+01   2.226667e-22   1.227331e-02   8.410502e-23   17767864
  2.935378e+01   2.850520e-22   1.227523e-02   8.330319e-23   17706956
  2.939629e+01   2.643775e-22   1.226779e-02   8.267951e-23   17632632
  2.943880e+01   2.180323e-22   1.227224e-02   8.185631e-23   17573524
  2.948131e+01   3.471260e-22   1.227160e-02   8.116665e-23   17506380
  2.952382e+01   1.395518e-22   1.227283e-02   8.044371e-23   17442548
  2.956632e+01   2.331900e-22   1.226611e-02   7.977172e-23   17368556
  2.960883e+01   3.218779e-22   1.227726e-02   7.904786e-23   17318260
  2.965135e+01   3.823348e-22   1.227176e-02   7.841977e-23   17243792
  2.969385e+01   2.352916e-22   1.226620e-02   7.773567e-23   17169716
  2.973635e+01   1.646403e-22   1.227104e-02   7.706176e-23   17109768
  2.977886e+01   3.652540e-22   1.227205e-02   7.648151e-23   17044064
  2.982138e+01   1.723794e-22   1.227557e-02   7.581896e-23   16981560
  2.986389e+01   4.323210e-22   1.226672e-02   7.519236e-23   16902264
  2.990640e+01   3.369059e-22   1.227800e-02   7.457550e-23   16849940
  2.994892e+01   3.378729e-22   1.226984e-02   7.398137e-23   16770600
  2.999143e+01   3.467005e-22   1.227399e-02   7.336767e-23   16707512
  3.003394e+01   2.485286e-22   1.227053e-02   7.281292e-23   16634480
  3.007645e+01   2.185006e-22   1.227297e-02   7.225943e-23   16569424
  3.011897e+01   3.443847e-22   1.227100e-02   7.172340e-23   16497216
  3.016149e+01   1.305902e-22   1.227800e-02   7.110105e-23   16436416
  3.020400e+01   1.795497e-22   1.226813e-02   7.062663e-23   16353532
  3.024650e+01   3.730620e-22   1.226850e-02   7.002866e-23   16284908
  3.028900e+01   1.058049e-22   1.227370e-02   6.947630e-23   16221948
  3.033152e+01   2.271546e-22   1.227445e-02   6.901570e-23   16152552
  3.037404e+01   1.514186e-22   1.227249e-02   6.852423e-23   16078864
  3.041655e+01   1.164652e-22   1.227014e-02   6.793357e-23   16005296
  3.045906e+01   1.973114e-22   1.227320e-02   6.745692e-23   15938220
  3.050157e+01   4.401927e-23   1.226736e-02   6.698641e-23   15858440
  3.054407e+01   1.106427e-22   1.226949e-02   6.652708e-23   15789252
  3.058657e+01   2.984716e-22   1.227019e-02   6.605035e-23   15718944
  3.062908e+01   2.474407e-22   1.227179e-02   6.560844e-23   15648652
  3.067160e+01   2.440544e-22   1.227680e-02   6.509905e-23   15581944
  3.071412e+01   1.757750e-22   1.227604e-02   6.467095e-23   15508744
  3.075663e+01   3.353098e-22   1.226574e-02   6.423435e-23   15422472
  3.079914e+01   2.058224e-22   1.227551e-02   6.382283e-23   15361536
  3.084165e+01   2.987917e-22   1.226998e-02   6.335953e-23   15281048
  3.088415e+01   2.700729e-22   1.227023e-02   6.293588e-23   15207752
  3.092666e+01   2.136578e-22   1.227075e-02   6.256439e-23   15134800
  3.096917e+01   2.594670e-22   1.227038e-02   6.212707e-23   15059664
  3.101168e+01   2.732779e-22   1.227242e-02   6.164928e-23   14987020
  3.105420e+01   2.538223e-22   1.227903e-02   6.129078e-23   14919936
  3.109672e+01   3.778906e-22   1.226792e-02   6.093336e-23   14831776
  3.113923e+01   3.401164e-22   1.227679e-02   6.048308e-23   14767552
  3.118174e+01   2.249721e-22   1.226524e-02   6.013204e-23   14678336
  3.122425e+01   2.838131e-22   1.227632e-02   5.975611e-23   14615044
  3.126676e+01   1.497462e-22   1.226910e-02   5.939272e-23   14530200
  3.130927e+01   2.782370e-22   1.227171e-02   5.906542e-23   14457000
  3.135178e+01   2.400029e-22   1.227423e-02   5.867816e-23   14383440
  3.139429e+01   1.558279e-22   1.226801e-02   5.836802e-23   14299516
  3.143679e+01   2.461947e-22   1.227160e-02   5.795520e-23   14226024
  3.147930e+01   1.273262e-22   1.226889e-02   5.772469e-23   14145048
  3.152182e+01   1.050842e-22   1.228178e-02   5.731612e-23   14082144
  3.156433e+01   2.309253e-22   1.226157e-02   5.705963e-23   13981640
  3.160683e+01   3.713815e-23   1.227475e-02   5.671131e-23   13918460
  3.164935e+01   1.634455e-22   1.227481e-02   5.644822e-23   13839752
  3.169188e+01   2.284391e-22   1.227673e-02   5.609878e-23   13762736
  3.173439e+01   1.935947e-22   1.227147e-02   5.577536e-23   13677980
  3.177690e+01   1.292992e-22   1.226900e-02   5.552044e-23   13596196
  3.181940e+01   2.449233e-22   1.226988e-02   5.522912e-23   13517736
  3.186190e+01   1.304897e-22   1.226579e-02   5.492554e-23   13433184
  3.190440e+01   3.008902e-22   1.227449e-02   5.461853e-23   13362296
  3.194692e+01   2.592195e-22   1.227398e-02   5.436362e-23   13281376
  3.198944e+01   2.930684e-22   1.227645e-02   5.412298e-23   13203336
  3.203195e+01   2.784644e-22   1.226687e-02   5.383543e-23   13113016
  3.207445e+01   2.047916e-22   1.227094e-02   5.366752e-23   13036400
  3.211696e+01   2.096810e-22   1.226987e-02   5.337113e-23   12953648
  3.215948e+01   3.221463e-22   1.227674e-02   5.311162e-23   12879016
  3.220199e+01   9.508945e-23   1.227015e-02   5.291136e-23   12790124
  3.224451e+01   1.181155e-22   1.227599e-02   5.266093e-23   12714152
  3.228701e+01   2.459812e-22   1.226430e-02   5.241053e-23   12619608
  3.232951e+01   2.467791e-22   1.227473e-02   5.216615e-23   12547232
  3.237204e+01   2.414180e-22   1.228098e-02   5.199194e-23   12470568
  3.241455e+01   1.428322e-22   1.226086e-02   5.181687e-23   12368136
  3.245705e+01   2.207010e-22   1.227647e-02   5.154270e-23   12300504
  3.249958e+01   1.830998e-22   1.227251e-02   5.134080e-23   12212172
  3.254209e+01   1.536390e-22   1.227112e-02   5.110695e-23   12126228
  3.258459e+01   2.769769e-22   1.227235e-02   5.088649e-23   12043352
  3.262711e+01   6.732246e-23   1.227321e-02   5.073552e-23   11959896
  3.266960e+01   2.015618e-22   1.226107e-02   5.052565e-23   11863804
  3.271211e+01   2.052220e-22   1.227575e-02   5.031606e-23   11792812
  3.275463e+01   8.501360e-23   1.227439e-02   5.018967e-23   11705392
  3.279713e+01   8.214130e-23   1.226794e-02   5.003015e-23   11613836
  3.283965e+01   1.760617e-22   1.228215e-02   4.985857e-23   11541532
  3.288217e+01   2.868854e-22   1.226539e-02   4.970530e-23   11440232
  3.292468e+01   1.189880e-22   1.227538e-02   4.952554e-23   11363008
  3.296718e+01   1.380060e-22   1.226652e-02   4.934799e-23   11267848
  3.300970e+01   8.945282e-23   1.227722e-02   4.918475e-23   11190640
  3.305222e+01   1.037128e-22   1.227423e-02   4.904568e-23   11101084
  3.309472e+01   1.569283e-22   1.226241e-02   4.894227e-23   11003284
  3.313721e+01   1.485850e-22   1.227344e-02   4.882160e-23   10925424
  3.317973e+01   -1.353856e-22   1.227067e-02   4.860811e-23   10834724
  3.322224e+01   1.943969e-22   1.227484e-02   4.852930e-23   10750156
  3.326475e+01   1.706542e-22   1.226635e-02   4.831870e-23   10655280
  3.330725e+01   2.348587e-22   1.226924e-02   4.829713e-23   10569120
  3.334975e+01   2.392062e-22   1.226867e-02   4.816045e-23   10479672
  3.339228e+01   2.540160e-22   1.228611e-02   4.794085e-23   10404504
  3.343481e+01   2.763565e-22   1.227382e-02   4.794315e-23   10304108
  3.347732e+01   1.713169e-22   1.226797e-02   4.778593e-23   10209940
  3.351983e+01   1.937083e-22   1.227575e-02   4.773648e-23   10126584
  3.356234e+01   1.291183e-22   1.226442e-02   4.756744e-23   10027064
  3.360484e+01   3.300414e-22   1.227492e-02   4.755558e-23   9945072
  3.364734e+01   2.122365e-22   1.226340e-02   4.741961e-23   9844764
  3.368986e+01   1.968772e-22   1.228362e-02   4.731086e-23   9769940
  3.373238e+01   1.466574e-22   1.226688e-02   4.725358e-23   9666072
  3.377488e+01   1.404718e-22   1.227051e-02   4.714674e-23   9577112
  3.381739e+01   1.748307e-22   1.227148e-02   4.705679e-23   9485848
  3.385991e+01   1.831386e-22   1.227527e-02   4.696764e-23   9396136
  3.390243e+01   1.831312e-22   1.227579e-02   4.692393e-23   9304408
  3.394493e+01   1.765073e-22   1.225842e-02   4.686620e-23   9199028
  3.398742e+01   2.248877e-22   1.227468e-02   4.671169e-23   9118288
  3.402993e+01   3.058614e-22   1.226747e-02   4.670185e-23   9019624
  3.407245e+01   1.110712e-22   1.228368e-02   4.664996e-23   8937420
  3.411497e+01   1.724869e-22   1.227061e-02   4.649716e-23   8835200
  3.415748e+01   1.740850e-22   1.226739e-02   4.647083e-23   8739332
  3.419998e+01   5.739106e-23   1.227099e-02   4.639032e-23   8648112
  3.424250e+01   1.054812e-22   1.227159e-02   4.638768e-23   8553372
  3.428501e+01   1.922099e-22   1.227728e-02   4.630587e-23   8461944
  3.432753e+01   1.644793e-22   1.227227e-02   4.626982e-23   8363348
  3.437004e+01   8.703557e-23   1.227148e-02   4.619310e-23   8267792
  3.441254e+01   1.814626e-22   1.226640e-02   4.606518e-23   8169380
  3.445505e+01   1.711445e-22   1.227807e-02   4.604609e-23   8081008
  3.449756e+01   1.414239e-22   1.226310e-02   4.591239e-23   7975632
  3.454006e+01   2.119910e-22   1.227841e-02   4.591834e-23   7889116
  3.458257e+01   1.571951e-22   1.226405e-02   4.581045e-23   7784008
  3.462508e+01   1.191870e-22   1.227484e-02   4.580965e-23   7693848
  3.466759e+01   1.350278e-22   1.226805e-02   4.573944e-23   7592468
  3.471010e+01   1.192115e-22   1.227572e-02   4.566224e-23   7499076
  3.475262e+01   1.314684e-22   1.227790e-02   4.557305e-23   7402880
  3.479514e+01   1.565542e-22   1.227043e-02   4.543297e-23   7300768
  3.483765e+01   1.569982e-22   1.227061e-02   4.539846e-23   7203316
  3.488013e+01   1.432775e-22   1.225476e-02   4.522076e-23   7095724
  3.492265e+01   2.570815e-22   1.229466e-02   4.524210e-23   7019608
  3.496518e+01   2.025538e-23   1.226138e-02   4.499659e-23   6901916
  3.500769e+01   9.400181e-23   1.227882e-02   4.499857e-23   6812952
  3.505019e+01   1.806206e-22   1.226209e-02   4.474334e-23   6704548
  3.509270e+01   1.674896e-23   1.227587e-02   4.461284e-23   6612168
  3.513521e+01   1.665343e-22   1.227039e-02   4.445610e-23   6508628
  3.517773e+01   1.034571e-22   1.227711e-02   4.430215e-23   6412072
  3.522024e+01   7.130133e-24   1.226747e-02   4.407518e-23   6306660
  3.526274e+01   2.283313e-23   1.226997e-02   4.383556e-23   6207592
  3.530523e+01   1.133443e-22   1.226489e-02   4.356034e-23   6103860
  3.534774e+01   6.895935e-23   1.227430e-02   4.327718e-23   6007184
  3.539025e+01   6.221284e-23   1.227513e-02   4.316185e-23   5905660
  3.543278e+01   1.752822e-22   1.227664e-02   4.261942e-23   5805132
  3.547529e+01   3.502212e-23   1.226925e-02   4.225450e-23   5700008
  3.551778e+01   -5.492403e-23   1.226294e-02   4.186040e-23   5594856
  3.556030e+01   1.599335e-23   1.228122e-02   4.129791e-23   5502341
  3.560283e+01   -8.438770e-24   1.227277e-02   4.098910e-23   5404852
  3.564533e+01   1.088021e-22   1.226768e-02   4.056496e-23   5313930
  3.568784e+01   8.854513e-23   1.227261e-02   4.030676e-23   5230396
  3.573035e+01   1.049691e-22   1.226815e-02   3.998361e-23   5145158
  3.577285e+01   1.532163e-22   1.227058e-02   3.974147e-23   5064506
  3.581538e+01   6.661357e-23   1.228142e-02   3.959535e-23   4989464
  3.585790e+01   1.275176e-22   1.226989e-02   3.936008e-23   4907486
  3.590041e+01   7.664737e-23   1.226982e-02   3.911749e-23   4831952
  3.594292e+01   6.241676e-23   1.226933e-02   3.885732e-23   4757392
  3.598543e+01   6.973442e-23   1.227425e-02   3.870764e-23   4685902
  3.602794e+01   7.629321e-23   1.227136e-02   3.844753e-23   4612826
  3.607044e+01   -1.454743e-24   1.227059e-02   3.822677e-23   4542436
  3.611296e+01   1.152011e-22   1.227508e-02   3.805018e-23   4475408
  3.615546e+01   1.469653e-22   1.226173e-02   3.793074e-23   4402686
  3.619797e+01   4.960638e-23   1.227689e-02   3.780528e-23   4340854
  3.624049e+01   8.621584e-23   1.227466e-02   3.752764e-23   4273862
  3.628301e+01   3.566148e-23   1.227237e-02   3.755780e-23   4208538
  3.632551e+01   1.769462e-22   1.226532e-02   3.732133e-23   4142584
  3.636801e+01   1.387698e-22   1.226978e-02   3.713533e-23   4081232
  3.641052e+01   4.277705e-23   1.227225e-02   3.704018e-23   4019668
  3.645304e+01   1.153299e-22   1.228203e-02   3.685942e-23   3961416
  3.649557e+01   6.238930e-23   1.227387e-02   3.683508e-23   3898848
  3.653807e+01   3.791594e-23   1.226366e-02   3.662663e-23   3836718
  3.658056e+01   1.405201e-22   1.226607e-02   3.655801e-23   3779272
  3.662306e+01   4.757956e-23   1.226675e-02   3.648494e-23   3721434
  3.666558e+01   1.251558e-22   1.228126e-02   3.630259e-23   3668198
  3.670811e+01   3.171181e-23   1.227910e-02   3.618545e-23   3611346
  3.675062e+01   8.565152e-23   1.226582e-02   3.614567e-23   3552442
  3.679312e+01   7.438311e-23   1.226935e-02   3.605300e-23   3498908
  3.683563e+01   1.113066e-22   1.227192e-02   3.599110e-23   3445382
  3.687814e+01   1.774882e-22   1.227356e-02   3.588903e-23   3392244
  3.692066e+01   8.836789e-23   1.227344e-02   3.584915e-23   3339634
  3.696317e+01   -1.051951e-23   1.226899e-02   3.569523e-23   3286752
  3.700566e+01   -2.851090e-23   1.226327e-02   3.564871e-23   3234180
  3.704816e+01   9.599131e-24   1.226838e-02   3.557883e-23   3184556
  3.709068e+01   -5.592331e-23   1.228145e-02   3.554884e-23   3137238
  3.713322e+01   1.668222e-22   1.228151e-02   3.550162e-23   3087670
  3.717574e+01   5.398880e-23   1.227426e-02   3.549487e-23   3037460
  3.721824e+01   1.573502e-23   1.225819e-02   3.545064e-23   2985736
  3.726072e+01   1.051504e-22   1.226565e-02   3.535965e-23   2939708
  3.730324e+01   8.150125e-23   1.228621e-02   3.527910e-23   2897012
  3.734577e+01   4.693673e-23   1.227048e-02   3.528987e-23   2846890
  3.738827e+01   1.869234e-23   1.226277e-02   3.527119e-23   2799588
  3.743076e+01   3.740716e-23   1.226558e-02   3.522830e-23   2754954
  3.747326e+01   6.910346e-23   1.227308e-02   3.516879e-23   2711500
  3.751579e+01   4.813428e-23   1.228240e-02   3.524408e-23   2669006
  3.755830e+01   6.212366e-23   1.226335e-02   3.508815e-23   2621264
  3.760081e+01   9.250678e-23   1.227565e-02   3.523355e-23   2580726
  3.764332e+01   1.162180e-22   1.226856e-02   3.507716e-23   2536470
  3.768582e+01   6.255644e-23   1.226978e-02   3.525643e-23   2494370
  3.772834e+01   -9.950461e-23   1.227534e-02   3.519432e-23   2453556
  3.777086e+01   1.075533e-22   1.228047e-02   3.514663e-23   2413246
  3.781339e+01   -1.838495e-23   1.227197e-02   3.512488e-23   2370914
  3.785589e+01   8.702344e-23   1.226887e-02   3.523449e-23   2330126
  3.789840e+01   1.281085e-23   1.227428e-02   3.523649e-23   2291406
  3.794091e+01   2.703481e-23   1.226463e-02   3.515259e-23   2250410
  3.798340e+01   3.710501e-23   1.226403e-02   3.520347e-23   2211486
  3.802590e+01   2.597760e-23   1.227094e-02   3.530582e-23   2174194
  3.806841e+01   5.017913e-23   1.227271e-02   3.531175e-23   2136416
  3.811093e+01   1.812082e-23   1.227972e-02   3.538508e-23   2100070
  3.815344e+01   7.448184e-23   1.226224e-02   3.540083e-23   2060026
  3.819594e+01   1.247470e-22   1.227745e-02   3.543634e-23   2025910
  3.823846e+01   1.300025e-22   1.227012e-02   3.562059e-23   1988576
  3.828096e+01   1.089513e-22   1.226824e-02   3.561034e-23   1952610
  3.832347e+01   3.895942e-23   1.226944e-02   3.559670e-23   1917470
  3.836597e+01   -1.408583e-23   1.226960e-02   3.571025e-23   1882484
  3.840848e+01   -9.193847e-24   1.227230e-02   3.579145e-23   1848262
  3.845101e+01   2.969874e-24   1.228531e-02   3.584348e-23   1816024
  3.849355e+01   3.131308e-23   1.227230e-02   3.591657e-23   1780418
  3.853605e+01   3.139249e-23   1.226815e-02   3.602371e-23   1746576
  3.857856e+01   4.930214e-23   1.227451e-02   3.613224e-23   1714622
  3.862107e+01   3.369578e-23   1.227068e-02   3.631061e-23   1681692
  3.866358e+01   -5.077773e-23   1.226987e-02   3.628692e-23   1649574
  3.870606e+01   -9.216265e-23   1.225405e-02   3.653072e-23   1615788
  3.874855e+01   7.615820e-23   1.227462e-02   3.664125e-23   1587064
  3.879108e+01   -5.786613e-23   1.227930e-02   3.670350e-23   1556598
  3.883360e+01   8.639525e-23   1.227389e-02   3.680494e-23   1525380
  3.887612e+01   5.281471e-23   1.227468e-02   3.690064e-23   1495360
  3.891863e+01   -6.531400e-23   1.226450e-02   3.710728e-23   1464370
  3.896112e+01   1.402636e-23   1.227040e-02   3.723217e-23   1435656
  3.900363e+01   3.862231e-23   1.226801e-02   3.743626e-23   1406304
  3.904613e+01   -4.091705e-23   1.226859e-02   3.754368e-23   1377628
  3.908864e+01   -5.685378e-23   1.227348e-02   3.771375e-23   1349744
  3.913115e+01   2.751274e-23   1.227337e-02   3.786983e-23   1321682
  3.917367e+01   -1.548980e-22   1.227639e-02   3.809022e-23   1294376
  3.921619e+01   7.235441e-23   1.227256e-02   3.824244e-23   1266768
  3.925869e+01   6.188908e-23   1.226510e-02   3.848959e-23   1239172
  3.930118e+01   -6.149289e-23   1.226095e-02   3.866895e-23   1212224
  3.934367e+01   -3.430778e-23   1.226955e-02   3.884960e-23   1186796
  3.938619e+01   -3.914819e-23   1.227613e-02   3.916925e-23   1161432
  3.942870e+01   8.437233e-23   1.227171e-02   3.934890e-23   1135408
  3.947122e+01   6.225760e-23   1.227296e-02   3.949102e-23   1110324
  3.951374e+01   -2.118577e-24   1.227570e-02   3.980156e-23   1085680
  3.955625e+01   4.729137e-23   1.226737e-02   4.001230e-23   1060364
  3.959875e+01   1.032938e-22   1.227507e-02   4.044099e-23   1036736
  3.964128e+01   4.590531e-23   1.228225e-02   4.061089e-23   1013388
  3.968380e+01   -1.524758e-23   1.226708e-02   4.088641e-23   988656
  3.972630e+01   -7.797606e-25   1.226695e-02   4.125125e-23   965530
  3.976879e+01   1.238825e-23   1.225942e-02   4.162840e-23   942100
  3.981127e+01   4.896838e-23   1.226457e-02   4.189355e-23   919888
  3.985377e+01   4.990712e-23   1.226597e-02   4.206625e-23   897628
  3.989627e+01   -4.652360e-23   1.227002e-02   4.253980e-23   875856
  3.993878e+01   8.351495e-23   1.227840e-02   4.278503e-23   854736
  3.998132e+01   -3.388283e-24   1.228018e-02   4.305667e-23   833510
  4.002385e+01   6.003359e-23   1.227248e-02   4.349161e-23   811976
  4.006635e+01   9.576120e-23   1.226626e-02   4.400198e-23   790844
  4.010884e+01   -4.562611e-25   1.226521e-02   4.425208e-23   770320
  4.015135e+01   7.182083e-23   1.227665e-02   4.474728e-23   750838
  4.019387e+01   6.027285e-23   1.227491e-02   4.514552e-23   730864
  4.023638e+01   -3.708719e-24   1.226816e-02   4.563941e-23   710984
  4.027888e+01   3.231980e-23   1.226909e-02   4.596227e-23   691894
  4.032138e+01   -1.638471e-23   1.226442e-02   4.658945e-23   672776
  4.036388e+01   1.257049e-23   1.226826e-02   4.700487e-23   654372
  4.040638e+01   8.086756e-23   1.226215e-02   4.770808e-23   635682
  4.044886e+01   1.509908e-22   1.225955e-02   4.816537e-23   617460
  4.049134e+01   7.787854e-23   1.226707e-02   4.855509e-23   600024
  4.053385e+01   1.040817e-22   1.227362e-02   4.909453e-23   582830
  4.057638e+01   -3.917757e-23   1.228135e-02   4.977753e-23   566000
  4.061890e+01   1.379130e-22   1.226617e-02   5.035587e-23   548458
  4.066141e+01   3.703478e-23   1.227047e-02   5.117956e-23   532084
  4.070391e+01   8.280647e-24   1.226296e-02   5.156620e-23   515440
  4.074640e+01   1.315989e-22   1.225813e-02   5.237395e-23   499174
  4.078887e+01   -7.122860e-23   1.225821e-02   5.301478e-23   483368
  4.083136e+01   -4.948421e-23   1.227023e-02   5.370633e-23   468270
  4.087389e+01   5.670672e-23   1.228696e-02   5.450373e-23   453568
  4.091643e+01   -1.718821e-23   1.227409e-02   5.519026e-23   438106
  4.095894e+01   1.285568e-22   1.227469e-02   5.607574e-23   423508
  4.100145e+01   8.873047e-23   1.226141e-02   5.710779e-23   408754
  4.104393e+01   -1.171239e-22   1.225820e-02   5.791641e-23   394612
  4.108642e+01   5.865079e-23   1.225930e-02   5.890845e-23   380826
  4.112890e+01   2.829860e-23   1.225454e-02   5.950636e-23   367086
  4.117139e+01   1.423478e-22   1.226090e-02   6.064499e-23   353904
  4.121389e+01   1.126561e-22   1.227137e-02   6.166403e-23   341046
  4.125641e+01   7.722579e-23   1.227131e-02   6.268037e-23   328144
  4.129892e+01   7.467223e-23   1.227396e-02   6.400957e-23   315598
  4.134144e+01   8.180718e-23   1.228177e-02   6.540585e-23   303466
  4.138397e+01   4.848393e-23   1.228223e-02   6.656021e-23   291456
  4.142650e+01   1.180301e-22   1.227604e-02   6.756778e-23   279614
  4.146899e+01   1.555069e-22   1.225106e-02   6.889334e-23   267680
  4.151144e+01   7.215753e-23   1.224457e-02   7.060293e-23   256438
  4.155391e+01   1.908851e-23   1.224802e-02   7.197712e-23   245618
  4.159638e+01   -9.002665e-23   1.223546e-02   7.316120e-23   234708
  4.163882e+01   2.137955e-22   1.223171e-02   7.537037e-23   224210
  4.168126e+01   1.818450e-22   1.223403e-02   7.682967e-23   214046
  4.172371e+01   5.112606e-23   1.223949e-02   7.913333e-23   204152
  4.176619e+01   -6.750914e-23   1.225107e-02   8.068194e-23   194558
  4.180866e+01   6.040449e-23   1.225135e-02   8.269880e-23   185018
  4.185115e+01   1.468341e-22   1.226437e-02   8.480778e-23   175918
  4.189365e+01   2.041234e-22   1.227339e-02   8.629616e-23   166992
  4.193617e+01   6.642122e-23   1.228038e-02   8.912561e-23   158294
  4.197870e+01   2.783950e-23   1.228439e-02   9.168909e-23   149842
  4.202124e+01   2.857852e-22   1.227461e-02   9.419349e-23   141530
  4.206372e+01   1.568895e-22   1.224204e-02   9.653349e-23   133284
  4.210617e+01   7.141240e-23   1.222942e-02   1.004559e-22   125546
  4.214861e+01   -6.732822e-23   1.220458e-02   1.026775e-22   117950
  4.219103e+01   -2.084520e-22   1.219441e-02   1.065994e-22   110746
  4.223344e+01   4.177361e-22   1.215920e-02   1.099531e-22   103572
  4.227581e+01   -5.065864e-23   1.214429e-02   1.143375e-22   96818
  4.231818e+01   6.238133e-23   1.212533e-02   1.168527e-22   90262
  4.236054e+01   4.053156e-22   1.210927e-02   1.231025e-22   83970
  4.240287e+01   1.285487e-22   1.207941e-02   1.266703e-22   77846
  4.244517e+01   -1.494422e-22   1.204821e-02   1.323972e-22   71984
  4.248745e+01   -9.304817e-23   1.202292e-02   1.388556e-22   66398
  4.252973e+01   -1.761008e-22   1.200147e-02   1.431136e-22   61058
  4.257200e+01   1.929074e-23   1.198286e-02   1.494003e-22   55958
  4.261428e+01   2.874583e-22   1.196279e-02   1.545464e-22   51082
  4.265654e+01   -3.145510e-23   1.192707e-02   1.669591e-22   46398
  4.269877e+01   -1.548310e-22   1.188372e-02   1.766824e-22   41954
  4.274096e+01   -5.896589e-23   1.182018e-02   1.823086e-22   37718
  4.278311e+01   -4.668442e-23   1.175253e-02   1.939280e-22   33736
  4.282524e+01   1.770372e-22   1.169132e-02   2.079290e-22   30006
  4.286737e+01   1.255350e-22   1.164907e-02   2.127128e-22   26522
  4.290955e+01   1.132053e-22   1.162191e-02   2.365545e-22   23254
  4.295172e+01   -3.421200e-23   1.158330e-02   2.561724e-22   20178
  4.299391e+01   4.062345e-22   1.156315e-02   2.657257e-22   17342
  4.303612e+01   -8.111878e-22   1.154632e-02   2.985408e-22   14714
  4.307837e+01   -5.038391e-22   1.155162e-02   3.239944e-22   12310
  4.312059e+01   8.321238e-22   1.152174e-02   3.679382e-22   10098
  4.316283e+01   -2.646241e-22   1.151731e-02   4.032141e-22   8126
  4.320507e+01   -1.086603e-21   1.151119e-02   4.553102e-22   6362
  4.324736e+01   -1.149380e-22   1.155455e-02   5.312252e-22   4822
  4.328956e+01   4.445318e-22   1.148980e-02   6.144626e-22   3474
  4.333169e+01   1.253354e-22   1.147690e-02   7.439603e-22   2366
  4.337376e+01   1.273683e-22   1.144014e-02   9.550262e-22   1466
  4.341590e+01   3.811188e-22   1.170054e-02   1.332888e-21   790
  4.345704e+01   -9.008116e-22   1.106884e-02   1.906580e-21   306
  4.349554e+01   -6.522405e-21   9.430857e-03   3.731204e-21   62
