# cross spectrum of phi(z1) and phi(z2)
# redshift z=0.897999
# k              Pk             sigma(k)       sigma(Pk)      count
  3.132125e-02   6.789103e-11   4.792454e-03   1.868072e-11   18
  6.745391e-02   3.141675e-11   1.159167e-02   3.140887e-12   152
  1.090113e-01   1.099037e-11   1.224347e-02   5.429799e-13   416
  1.497134e-01   4.874391e-12   1.165022e-02   1.936169e-13   770
  1.923472e-01   2.525983e-12   1.247860e-02   7.537139e-14   1364
  2.350444e-01   1.408563e-12   1.221820e-02   3.345509e-14   1976
  2.775930e-01   8.872663e-13   1.245022e-02   1.824677e-14   2792
  3.193857e-01   6.028321e-13   1.188722e-02   1.062558e-14   3578
  3.615292e-01   4.039539e-13   1.219808e-02   6.478952e-15   4724
  4.045273e-01   2.917523e-13   1.253838e-02   4.191357e-15   6032
  4.469941e-01   2.063093e-13   1.206640e-02   2.937742e-15   7072
  4.890810e-01   1.620656e-13   1.222555e-02   2.104704e-15   8634
  5.318886e-01   1.256685e-13   1.238102e-02   1.538756e-15   10336
  5.746708e-01   9.660666e-14   1.232804e-02   1.103059e-15   11940
  6.167490e-01   7.463978e-14   1.208586e-02   8.660416e-16   13490
  6.588740e-01   6.193040e-14   1.221778e-02   6.890348e-16   15656
  7.016595e-01   4.980729e-14   1.241043e-02   5.227947e-16   18008
  7.443680e-01   3.973772e-14   1.227786e-02   4.327628e-16   19964
  7.867827e-01   3.184844e-14   1.226437e-02   3.451551e-16   22354
  8.291404e-01   2.555774e-14   1.212327e-02   2.869533e-16   24648
  8.716536e-01   2.089813e-14   1.233244e-02   2.351337e-16   27592
  9.142068e-01   1.700906e-14   1.230127e-02   1.970216e-16   30152
  9.566749e-01   1.384952e-14   1.227622e-02   1.694847e-16   33046
  9.991233e-01   1.137273e-14   1.221538e-02   1.433397e-16   35992
  1.041693e+00   9.466023e-15   1.229906e-02   1.250400e-16   39304
  1.084289e+00   7.774677e-15   1.232858e-02   1.066011e-16   42608
  1.126820e+00   6.468345e-15   1.223307e-02   9.470043e-17   45758
  1.169340e+00   5.110763e-15   1.228914e-02   8.260598e-17   49536
  1.211695e+00   4.369477e-15   1.215683e-02   7.372176e-17   52488
  1.254054e+00   3.546078e-15   1.233851e-02   6.497736e-17   57034
  1.296605e+00   2.764098e-15   1.224458e-02   5.802212e-17   60648
  1.339187e+00   2.403458e-15   1.230532e-02   5.211186e-17   65044
  1.381689e+00   1.935847e-15   1.223104e-02   4.664208e-17   68720
  1.424202e+00   1.626555e-15   1.231312e-02   4.188338e-17   73538
  1.466870e+00   1.403370e-15   1.230776e-02   3.812881e-17   78080
  1.509304e+00   1.003378e-15   1.215944e-02   3.474719e-17   81572
  1.551677e+00   9.407708e-16   1.232495e-02   3.157930e-17   87248
  1.594353e+00   7.232086e-16   1.233837e-02   2.863012e-17   92266
  1.636929e+00   6.219679e-16   1.225268e-02   2.646322e-17   96696
  1.679216e+00   4.840499e-16   1.215041e-02   2.448893e-17   100904
  1.721516e+00   3.338790e-16   1.226207e-02   2.247056e-17   107036
  1.764192e+00   2.782436e-16   1.235795e-02   2.076796e-17   113362
  1.806923e+00   2.703622e-16   1.228837e-02   1.913964e-17   118176
  1.849351e+00   1.902467e-16   1.221864e-02   1.787693e-17   122944
  1.891857e+00   1.458852e-16   1.233203e-02   1.630309e-17   129902
  1.934420e+00   1.287078e-16   1.224691e-02   1.521115e-17   134944
  1.976863e+00   9.104748e-17   1.225992e-02   1.421110e-17   140952
  2.019285e+00   9.744402e-17   1.225865e-02   1.316636e-17   147072
  2.061737e+00   7.661500e-17   1.224320e-02   1.230362e-17   153382
  2.104357e+00   6.488913e-17   1.233049e-02   1.148002e-17   160952
  2.147003e+00   4.420521e-17   1.228118e-02   1.074769e-17   166640
  2.189431e+00   5.093527e-17   1.222861e-02   1.005490e-17   172448
  2.231915e+00   2.154001e-17   1.231031e-02   9.393346e-18   180594
  2.274471e+00   2.608589e-17   1.224284e-02   8.840327e-18   186556
  2.316888e+00   3.157907e-17   1.225358e-02   8.301601e-18   193528
  2.359297e+00   1.980567e-17   1.224273e-02   7.859867e-18   200626
  2.401844e+00   4.310627e-17   1.230642e-02   7.364694e-18   209256
  2.444460e+00   1.709668e-17   1.227865e-02   6.939451e-18   216020
  2.487004e+00   2.184600e-17   1.230299e-02   6.521790e-18   223768
  2.529444e+00   2.115933e-17   1.222313e-02   6.195296e-18   230234
  2.571955e+00   1.382671e-17   1.229969e-02   5.819344e-18   239800
  2.614499e+00   2.474685e-17   1.225221e-02   5.495712e-18   246568
  2.656957e+00   5.409020e-18   1.227331e-02   5.203788e-18   254828
  2.699414e+00   1.527155e-17   1.225769e-02   4.913782e-18   263074
  2.741981e+00   8.505211e-18   1.228604e-02   4.649049e-18   272312
  2.784554e+00   3.494535e-18   1.228079e-02   4.428877e-18   280376
  2.827093e+00   1.110860e-17   1.228600e-02   4.233075e-18   288884
  2.869605e+00   1.059840e-17   1.227401e-02   4.023719e-18   297602
  2.912071e+00   1.114354e-17   1.223046e-02   3.813439e-18   305520
  2.954561e+00   5.583902e-18   1.230079e-02   3.605335e-18   315976
  2.996984e+00   5.368109e-18   1.221089e-02   3.457218e-18   322778
  3.039488e+00   1.327319e-17   1.232008e-02   3.274310e-18   335372
  3.082114e+00   -3.938900e-19   1.227327e-02   3.130766e-18   343464
  3.124654e+00   5.058706e-18   1.228282e-02   2.990510e-18   352912
  3.167174e+00   8.392115e-18   1.228199e-02   2.840562e-18   362666
  3.209689e+00   7.099161e-18   1.225476e-02   2.718360e-18   371884
  3.252186e+00   3.770155e-18   1.227971e-02   2.591479e-18   382280
  3.294633e+00   7.819375e-18   1.224302e-02   2.473799e-18   390888
  3.337059e+00   3.180241e-18   1.226867e-02   2.371858e-18   402234
  3.379565e+00   1.150396e-18   1.225933e-02   2.265424e-18   412576
  3.422105e+00   1.986236e-18   1.228715e-02   2.163209e-18   423732
  3.464636e+00   -2.005772e-18   1.227257e-02   2.077310e-18   433624
  3.507180e+00   4.462881e-18   1.228881e-02   1.973003e-18   445154
  3.549739e+00   -2.928451e-18   1.227656e-02   1.899271e-18   455584
  3.592238e+00   4.634694e-18   1.225887e-02   1.822043e-18   465588
  3.634685e+00   1.852483e-18   1.226065e-02   1.754945e-18   476762
  3.677219e+00   -7.114462e-20   1.229242e-02   1.669402e-18   489552
  3.719789e+00   1.567901e-18   1.227853e-02   1.606896e-18   500328
  3.762251e+00   2.921614e-18   1.223705e-02   1.546030e-18   509852
  3.804741e+00   3.083267e-18   1.229735e-02   1.483942e-18   524234
  3.847275e+00   -1.738594e-19   1.224781e-02   1.427885e-18   534104
  3.889779e+00   -1.515683e-18   1.228211e-02   1.367348e-18   547048
  3.932320e+00   1.260125e-18   1.229545e-02   1.314082e-18   559328
  3.974872e+00   1.345810e-18   1.228346e-02   1.270360e-18   571326
  4.017355e+00   1.817158e-18   1.224147e-02   1.217990e-18   581920
  4.059804e+00   3.614754e-18   1.225835e-02   1.173810e-18   594832
  4.102282e+00   -7.025521e-19   1.227222e-02   1.132562e-18   608048
  4.144825e+00   3.891542e-18   1.228101e-02   1.085575e-18   621526
  4.187356e+00   4.834011e-18   1.226445e-02   1.044897e-18   633240
  4.229822e+00   1.367703e-18   1.225981e-02   1.009615e-18   645472
  4.272346e+00   -1.938960e-19   1.230137e-02   9.728853e-19   660906
  4.314903e+00   -2.290584e-19   1.227030e-02   9.376854e-19   672856
  4.357425e+00   8.290817e-19   1.226838e-02   9.016617e-19   685980
  4.399921e+00   1.979887e-18   1.227191e-02   8.703901e-19   699256
  4.442476e+00   -3.705122e-19   1.229990e-02   8.366503e-19   714730
  4.484986e+00   1.034587e-18   1.223739e-02   8.134967e-19   725152
  4.527452e+00   5.208667e-19   1.227054e-02   7.832310e-19   740420
  4.569941e+00   3.394897e-19   1.227636e-02   7.568028e-19   754312
  4.612456e+00   2.419592e-18   1.227959e-02   7.307085e-19   769114
  4.654996e+00   9.652587e-19   1.227684e-02   7.060301e-19   783488
  4.697459e+00   5.932274e-19   1.223560e-02   6.836343e-19   794968
  4.739925e+00   -9.956245e-19   1.228043e-02   6.597625e-19   812366
  4.782438e+00   -1.539893e-18   1.226054e-02   6.389621e-19   825976
  4.825000e+00   -6.537561e-19   1.230088e-02   6.177201e-19   843352
  4.867591e+00   2.941106e-20   1.229290e-02   5.964588e-19   857280
  4.910094e+00   1.488680e-18   1.225276e-02   5.788669e-19   869542
  4.952587e+00   -1.200243e-18   1.228301e-02   5.581634e-19   887128
  4.995087e+00   2.128371e-19   1.225266e-02   5.418678e-19   900032
  5.037553e+00   -4.490034e-19   1.226951e-02   5.235726e-19   916560
  5.080018e+00   2.562353e-19   1.224713e-02   5.077088e-19   930922
  5.122540e+00   7.309483e-19   1.228718e-02   4.921751e-19   949844
  5.165149e+00   6.372401e-19   1.230776e-02   4.760205e-19   966736
  5.207698e+00   -5.827871e-19   1.226328e-02   4.631329e-19   978776
  5.250149e+00   5.373827e-19   1.225655e-02   4.481621e-19   994522
  5.292642e+00   -2.371260e-19   1.227563e-02   4.334900e-19   1012420
  5.335176e+00   -3.128625e-19   1.228639e-02   4.201811e-19   1029408
  5.377640e+00   3.327027e-19   1.223362e-02   4.080572e-19   1041658
  5.420127e+00   -2.334974e-19   1.228953e-02   3.954987e-19   1063520
  5.462635e+00   1.321622e-19   1.224276e-02   3.855707e-19   1075808
  5.505175e+00   -1.196654e-18   1.232008e-02   3.711871e-19   1098956
  5.547712e+00   -8.848489e-19   1.224668e-02   3.617004e-19   1109810
  5.590179e+00   -3.344442e-19   1.226115e-02   3.506691e-19   1128608
  5.632713e+00   9.003970e-20   1.229436e-02   3.410096e-19   1148264
  5.675250e+00   9.334148e-20   1.227167e-02   3.303791e-19   1163252
  5.717744e+00   -1.725375e-19   1.226828e-02   3.214972e-19   1181042
  5.760239e+00   -2.499968e-19   1.225730e-02   3.125245e-19   1197848
  5.802769e+00   -5.076246e-19   1.229495e-02   3.027419e-19   1218848
  5.845291e+00   -3.947128e-20   1.225944e-02   2.946235e-19   1232916
  5.887780e+00   5.216212e-19   1.227538e-02   2.853835e-19   1253002
  5.930266e+00   -1.494564e-19   1.224914e-02   2.785757e-19   1268576
  5.972763e+00   -1.155200e-19   1.228621e-02   2.698826e-19   1290128
  6.015287e+00   5.170241e-19   1.227337e-02   2.629097e-19   1307402
  6.057820e+00   3.311159e-19   1.227649e-02   2.555510e-19   1327028
  6.100333e+00   -2.203615e-19   1.225988e-02   2.482508e-19   1343648
  6.142842e+00   5.004212e-19   1.228087e-02   2.416870e-19   1364096
  6.185363e+00   2.951217e-19   1.227580e-02   2.349380e-19   1382730
  6.227896e+00   1.165573e-19   1.227503e-02   2.283604e-19   1402164
  6.270416e+00   1.030776e-18   1.227264e-02   2.227536e-19   1420464
  6.312883e+00   4.568572e-19   1.225519e-02   2.161586e-19   1437368
  6.355387e+00   1.153401e-19   1.228857e-02   2.104992e-19   1461530
  6.397919e+00   1.016755e-19   1.226028e-02   2.047780e-19   1478264
  6.440432e+00   9.092882e-19   1.227561e-02   1.999779e-19   1499356
  6.482926e+00   4.474566e-19   1.226095e-02   1.943887e-19   1517016
  6.525439e+00   5.117912e-19   1.228340e-02   1.891959e-19   1540090
  6.567953e+00   1.096085e-19   1.226146e-02   1.847092e-19   1557360
  6.610434e+00   5.300657e-19   1.226770e-02   1.795232e-19   1577780
  6.652969e+00   5.765301e-19   1.230043e-02   1.748326e-19   1602578
  6.695499e+00   5.823000e-19   1.225417e-02   1.708642e-19   1617672
  6.737992e+00   3.222868e-19   1.227613e-02   1.662986e-19   1641016
  6.780486e+00   2.341285e-19   1.226032e-02   1.615625e-19   1659416
  6.822983e+00   7.148722e-19   1.227372e-02   1.576864e-19   1682670
  6.865529e+00   -5.531221e-19   1.228276e-02   1.533179e-19   1705256
  6.908096e+00   1.574494e-19   1.228756e-02   1.497233e-19   1726312
  6.950582e+00   3.300488e-19   1.225056e-02   1.460608e-19   1741880
  6.993044e+00   3.010065e-19   1.226862e-02   1.425529e-19   1766454
  7.035588e+00   3.274715e-19   1.229242e-02   1.393100e-19   1791784
  7.078111e+00   -9.832098e-20   1.225558e-02   1.356952e-19   1807712
  7.120554e+00   -8.440790e-20   1.225110e-02   1.319914e-19   1829002
  7.163037e+00   -2.674916e-19   1.226905e-02   1.291481e-19   1854216
  7.205602e+00   1.255043e-19   1.229852e-02   1.255482e-19   1880156
  7.248150e+00   -1.994890e-19   1.227340e-02   1.227626e-19   1897568
  7.290651e+00   4.175138e-19   1.227390e-02   1.196439e-19   1920458
  7.333153e+00   -1.560920e-19   1.226399e-02   1.168645e-19   1942208
  7.375659e+00   4.956559e-21   1.227125e-02   1.139830e-19   1965612
  7.418175e+00   2.221125e-21   1.227855e-02   1.114976e-19   1989000
  7.460671e+00   -3.568659e-19   1.225786e-02   1.086660e-19   2009114
  7.503166e+00   -5.476740e-21   1.226960e-02   1.061558e-19   2034464
  7.545695e+00   -4.827685e-19   1.228070e-02   1.035890e-19   2058476
  7.588207e+00   -6.406969e-20   1.227216e-02   1.012640e-19   2079648
  7.630693e+00   -2.376381e-19   1.226356e-02   9.884229e-20   2102578
  7.673222e+00   1.282839e-19   1.228297e-02   9.623639e-20   2129928
  7.715766e+00   -1.178040e-19   1.227893e-02   9.425658e-20   2152096
  7.758252e+00   -3.049494e-19   1.225143e-02   9.214460e-20   2171142
  7.800741e+00   -2.633078e-19   1.227660e-02   8.988354e-20   2200248
  7.843296e+00   -3.654427e-20   1.228407e-02   8.774009e-20   2225216
  7.885842e+00   -2.697740e-19   1.228377e-02   8.581358e-20   2248448
  7.928336e+00   -2.195047e-19   1.225709e-02   8.393145e-20   2267942
  7.970840e+00   -2.114220e-19   1.228420e-02   8.190580e-20   2298072
  8.013348e+00   -2.789656e-19   1.225627e-02   7.992205e-20   2317272
  8.055842e+00   -2.156156e-19   1.227899e-02   7.816908e-20   2345808
  8.098322e+00   -2.949905e-19   1.224988e-02   7.642925e-20   2365650
  8.140823e+00   -1.963208e-19   1.227972e-02   7.483004e-20   2396940
  8.183368e+00   -2.284106e-19   1.227975e-02   7.315484e-20   2421272
  8.225892e+00   -2.264077e-19   1.227360e-02   7.134757e-20   2444576
  8.268407e+00   -5.286648e-20   1.227899e-02   6.978778e-20   2471490
  8.310912e+00   -1.681292e-19   1.225942e-02   6.829654e-20   2493180
  8.353397e+00   -6.909866e-20   1.227208e-02   6.687534e-20   2520952
  8.395888e+00   -2.454906e-19   1.226128e-02   6.533509e-20   2544946
  8.438392e+00   -1.182208e-19   1.227324e-02   6.386199e-20   2573856
  8.480922e+00   -1.102046e-19   1.227611e-02   6.250205e-20   2600016
  8.523447e+00   -2.899741e-19   1.227641e-02   6.109221e-20   2625484
  8.565959e+00   -2.038783e-19   1.227232e-02   5.976713e-20   2651122
  8.608519e+00   -1.647837e-19   1.229739e-02   5.851078e-20   2683488
  8.651014e+00   -9.578572e-20   1.223786e-02   5.726689e-20   2696352
  8.693483e+00   -1.211342e-19   1.228468e-02   5.609460e-20   2733020
  8.736008e+00   2.820787e-20   1.227012e-02   5.477754e-20   2757378
  8.778525e+00   -1.116331e-20   1.227177e-02   5.371488e-20   2784864
  8.821036e+00   -3.751757e-20   1.227124e-02   5.248802e-20   2811168
  8.863496e+00   -1.274512e-19   1.224424e-02   5.152087e-20   2832274
  8.906020e+00   1.223896e-20   1.230244e-02   5.011979e-20   2873636
  8.948567e+00   -1.005477e-19   1.225951e-02   4.924591e-20   2890496
  8.991066e+00   -1.131593e-19   1.227940e-02   4.816310e-20   2921800
  9.033598e+00   -4.076593e-20   1.228441e-02   4.715637e-20   2951298
  9.076126e+00   4.091821e-20   1.226510e-02   4.617772e-20   2975476
  9.118654e+00   2.125744e-20   1.228550e-02   4.513863e-20   3007728
  9.161142e+00   -5.178824e-20   1.224754e-02   4.436731e-20   3025776
  9.203640e+00   -1.605837e-19   1.229182e-02   4.333678e-20   3065762
  9.246160e+00   -1.284940e-19   1.225283e-02   4.259287e-20   3084856
  9.288649e+00   -2.761699e-20   1.227594e-02   4.159013e-20   3118044
  9.331129e+00   -5.256961e-20   1.225728e-02   4.076228e-20   3141352
  9.373640e+00   1.033283e-20   1.228814e-02   3.990457e-20   3179274
  9.416185e+00   -1.152548e-20   1.227073e-02   3.908734e-20   3204120
  9.458671e+00   6.636823e-20   1.225444e-02   3.833497e-20   3227900
  9.501151e+00   2.131259e-20   1.227489e-02   3.749310e-20   3262394
  9.543701e+00   -6.016961e-21   1.228726e-02   3.675694e-20   3295680
  9.586236e+00   -4.536986e-21   1.226866e-02   3.606641e-20   3319560
  9.628737e+00   -5.592904e-20   1.227228e-02   3.534485e-20   3348972
  9.671240e+00   -2.502869e-20   1.227416e-02   3.456819e-20   3379722
  9.713763e+00   7.837523e-21   1.227339e-02   3.388451e-20   3410720
  9.756299e+00   -4.477852e-20   1.227807e-02   3.324040e-20   3441504
  9.798787e+00   -1.754454e-20   1.225320e-02   3.257259e-20   3463624
  9.841266e+00   -1.623584e-20   1.227217e-02   3.194155e-20   3499790
  9.883803e+00   -9.221285e-21   1.228281e-02   3.125622e-20   3533560
  9.926350e+00   4.441695e-20   1.227932e-02   3.067388e-20   3561920
  9.968836e+00   -9.022106e-20   1.225683e-02   3.011576e-20   3585208
  1.001132e+01   -6.924978e-20   1.227674e-02   2.950357e-20   3622518
  1.005387e+01   1.514144e-20   1.228938e-02   2.892233e-20   3657584
  1.009637e+01   1.010242e-19   1.225003e-02   2.836665e-20   3676440
  1.013883e+01   -4.911231e-20   1.226093e-02   2.781917e-20   3711282
  1.018134e+01   -1.886454e-20   1.227505e-02   2.726740e-20   3747696
  1.022386e+01   2.416763e-20   1.226890e-02   2.674486e-20   3776188
  1.026640e+01   8.184170e-21   1.229793e-02   2.619482e-20   3815304
  1.030893e+01   -2.390289e-20   1.225864e-02   2.571633e-20   3835370
  1.035143e+01   2.598496e-20   1.227570e-02   2.523418e-20   3873424
  1.039395e+01   -4.347038e-20   1.227191e-02   2.473725e-20   3903420
  1.043647e+01   3.881630e-20   1.228014e-02   2.427519e-20   3937624
  1.047898e+01   9.540267e-21   1.226404e-02   2.379877e-20   3965658
  1.052150e+01   -1.764759e-20   1.227921e-02   2.338595e-20   4002984
  1.056400e+01   2.621795e-20   1.226054e-02   2.290519e-20   4027928
  1.060647e+01   -2.192521e-20   1.225976e-02   2.247881e-20   4059844
  1.064896e+01   1.553828e-20   1.227978e-02   2.204017e-20   4100338
  1.069151e+01   2.305128e-20   1.227651e-02   2.165233e-20   4132264
  1.073403e+01   2.166904e-20   1.227390e-02   2.121577e-20   4163216
  1.077652e+01   -9.881651e-21   1.226459e-02   2.085770e-20   4193350
  1.081904e+01   3.353269e-21   1.228427e-02   2.045755e-20   4234456
  1.086156e+01   6.261453e-20   1.225632e-02   2.005714e-20   4257264
  1.090405e+01   3.535758e-20   1.227910e-02   1.970863e-20   4297352
  1.094656e+01   2.200391e-20   1.226998e-02   1.932721e-20   4328642
  1.098909e+01   3.278806e-20   1.228265e-02   1.895334e-20   4367948
  1.103158e+01   2.844639e-20   1.224720e-02   1.861020e-20   4388384
  1.107408e+01   -3.024683e-20   1.228899e-02   1.827160e-20   4436648
  1.111661e+01   -2.254983e-20   1.227199e-02   1.792647e-20   4465658
  1.115915e+01   -1.778046e-20   1.227871e-02   1.757626e-20   4502948
  1.120165e+01   2.969477e-20   1.225915e-02   1.731131e-20   4528880
  1.124413e+01   -2.343458e-21   1.226872e-02   1.695843e-20   4566290
  1.128665e+01   2.689692e-21   1.228262e-02   1.667400e-20   4606856
  1.132917e+01   -1.027915e-20   1.226621e-02   1.638077e-20   4635380
  1.137166e+01   4.331792e-21   1.226853e-02   1.608827e-20   4670384
  1.141417e+01   -8.953861e-21   1.227665e-02   1.579554e-20   4709258
  1.145672e+01   1.742077e-20   1.228130e-02   1.547285e-20   4747352
  1.149922e+01   -3.544202e-21   1.225462e-02   1.523359e-20   4771664
  1.154171e+01   2.056314e-20   1.227440e-02   1.493903e-20   4813532
  1.158423e+01   2.015368e-20   1.228175e-02   1.467766e-20   4852322
  1.162677e+01   2.094088e-20   1.227605e-02   1.442072e-20   4886480
  1.166928e+01   5.610262e-20   1.226516e-02   1.416019e-20   4917248
  1.171175e+01   3.574471e-20   1.226039e-02   1.391952e-20   4950828
  1.175428e+01   -2.943879e-20   1.229115e-02   1.363874e-20   5000170
  1.179682e+01   5.581154e-20   1.226743e-02   1.342582e-20   5026952
  1.183930e+01   4.463698e-20   1.225870e-02   1.317431e-20   5058752
  1.188178e+01   7.911543e-20   1.227096e-02   1.294811e-20   5100722
  1.192431e+01   3.592256e-20   1.227592e-02   1.270944e-20   5140124
  1.196682e+01   4.326928e-20   1.227175e-02   1.250205e-20   5174072
  1.200934e+01   4.230674e-20   1.227571e-02   1.228240e-20   5211608
  1.205185e+01   4.855704e-20   1.227167e-02   1.205959e-20   5247794
  1.209436e+01   1.482178e-20   1.226763e-02   1.185854e-20   5284196
  1.213689e+01   1.765960e-20   1.228663e-02   1.164973e-20   5328800
  1.217939e+01   2.868763e-20   1.225244e-02   1.147280e-20   5350872
  1.222188e+01   4.701626e-20   1.227843e-02   1.126108e-20   5400634
  1.226439e+01   1.732110e-20   1.226116e-02   1.105509e-20   5430968
  1.230690e+01   1.629914e-20   1.228074e-02   1.084842e-20   5475908
  1.234942e+01   3.768217e-20   1.227341e-02   1.067984e-20   5510016
  1.239194e+01   3.369430e-20   1.227878e-02   1.049853e-20   5552114
  1.243448e+01   2.407310e-20   1.227536e-02   1.031484e-20   5588944
  1.247700e+01   1.484417e-20   1.227081e-02   1.015073e-20   5623828
  1.251949e+01   1.035108e-20   1.226652e-02   9.980763e-21   5660722
  1.256199e+01   9.176847e-21   1.226569e-02   9.804603e-21   5699896
  1.260450e+01   1.618374e-20   1.227587e-02   9.639234e-21   5741936
  1.264701e+01   3.727391e-22   1.227604e-02   9.467430e-21   5779568
  1.268952e+01   1.450316e-20   1.227056e-02   9.310011e-21   5817222
  1.273202e+01   1.279352e-20   1.226405e-02   9.143934e-21   5854600
  1.277454e+01   7.120545e-21   1.227916e-02   8.991449e-21   5900040
  1.281705e+01   1.972500e-20   1.226601e-02   8.851912e-21   5931976
  1.285956e+01   1.279126e-20   1.228040e-02   8.704226e-21   5979390
  1.290207e+01   1.036967e-20   1.226129e-02   8.566440e-21   6010200
  1.294458e+01   -3.521086e-21   1.227731e-02   8.415078e-21   6056496
  1.298708e+01   7.441073e-21   1.226484e-02   8.266523e-21   6089504
  1.302958e+01   2.131911e-20   1.227756e-02   8.130251e-21   6137114
  1.307210e+01   1.262897e-20   1.226880e-02   7.997034e-21   6173332
  1.311461e+01   1.463111e-20   1.227153e-02   7.870950e-21   6214128
  1.315711e+01   1.308678e-20   1.226922e-02   7.733329e-21   6253874
  1.319964e+01   1.877043e-21   1.227851e-02   7.606996e-21   6300104
  1.324216e+01   1.545427e-20   1.226546e-02   7.478669e-21   6332612
  1.328467e+01   1.413145e-20   1.228096e-02   7.356454e-21   6379768
  1.332719e+01   1.643350e-22   1.227439e-02   7.234817e-21   6418218
  1.336971e+01   1.591705e-20   1.227344e-02   7.118416e-21   6459880
  1.341221e+01   6.084391e-21   1.226446e-02   7.006176e-21   6495652
  1.345472e+01   9.003682e-21   1.228092e-02   6.885439e-21   6545296
  1.349724e+01   -5.353537e-21   1.226891e-02   6.777329e-21   6581570
  1.353974e+01   2.758915e-21   1.226098e-02   6.669733e-21   6618960
  1.358222e+01   -5.025515e-21   1.226863e-02   6.565953e-21   6663352
  1.362471e+01   2.143445e-20   1.226151e-02   6.458520e-21   6701334
  1.366724e+01   7.734612e-22   1.229005e-02   6.350873e-21   6759920
  1.370978e+01   5.999625e-21   1.226871e-02   6.251621e-21   6789696
  1.375229e+01   1.777579e-20   1.227982e-02   6.142099e-21   6837208
  1.379481e+01   1.227903e-20   1.226997e-02   6.047202e-21   6874966
  1.383733e+01   5.459848e-21   1.227445e-02   5.949904e-21   6920864
  1.387984e+01   3.841168e-22   1.226703e-02   5.858971e-21   6957816
  1.392234e+01   2.436312e-21   1.227258e-02   5.761118e-21   7002232
  1.396483e+01   -7.149219e-21   1.226616e-02   5.674708e-21   7043114
  1.400736e+01   9.146453e-21   1.228161e-02   5.576200e-21   7096020
  1.404988e+01   2.357796e-22   1.226958e-02   5.493353e-21   7130640
  1.409239e+01   -1.039064e-23   1.227310e-02   5.400973e-21   7175472
  1.413489e+01   5.834859e-21   1.226899e-02   5.320737e-21   7217786
  1.417741e+01   -6.837331e-22   1.227600e-02   5.239426e-21   7265564
  1.421992e+01   1.304290e-20   1.226528e-02   5.153942e-21   7301288
  1.426240e+01   -5.878305e-21   1.226550e-02   5.071182e-21   7345330
  1.430491e+01   -7.002295e-21   1.227621e-02   4.990683e-21   7397048
  1.434743e+01   5.191608e-21   1.226815e-02   4.911943e-21   7435920
  1.438994e+01   -2.406117e-21   1.227688e-02   4.837607e-21   7484140
  1.443245e+01   7.228010e-21   1.227057e-02   4.761888e-21   7525578
  1.447497e+01   1.351598e-20   1.227007e-02   4.689342e-21   7571376
  1.451748e+01   3.449145e-21   1.227392e-02   4.616981e-21   7617064
  1.456001e+01   5.183266e-21   1.227782e-02   4.542205e-21   7662092
  1.460251e+01   2.102285e-20   1.226530e-02   4.468670e-21   7699658
  1.464502e+01   8.630965e-21   1.227578e-02   4.403030e-21   7752416
  1.468755e+01   1.326325e-20   1.227763e-02   4.335117e-21   7797776
  1.473004e+01   1.201780e-20   1.226070e-02   4.272067e-21   7831720
  1.477255e+01   5.392694e-21   1.227889e-02   4.203835e-21   7889926
  1.481507e+01   8.871812e-21   1.227192e-02   4.138067e-21   7931480
  1.485759e+01   6.756771e-21   1.227300e-02   4.072277e-21   7976688
  1.490006e+01   8.992837e-21   1.225048e-02   4.022015e-21   8007786
  1.494256e+01   4.064263e-21   1.228133e-02   3.950775e-21   8074564
  1.498510e+01   2.156588e-20   1.228034e-02   3.889973e-21   8118904
  1.502762e+01   1.439530e-20   1.226783e-02   3.833105e-21   8155824
  1.507013e+01   7.622289e-21   1.228256e-02   3.772777e-21   8212802
  1.511265e+01   2.714445e-22   1.226047e-02   3.721171e-21   8245268
  1.515516e+01   6.763856e-22   1.228702e-02   3.662546e-21   8308816
  1.519769e+01   1.018847e-20   1.226520e-02   3.606920e-21   8340304
  1.524017e+01   -7.361178e-21   1.226489e-02   3.552923e-21   8387738
  1.528267e+01   4.861605e-21   1.226883e-02   3.497853e-21   8437624
  1.532518e+01   3.034393e-21   1.227531e-02   3.444086e-21   8487796
  1.536768e+01   6.704594e-21   1.226572e-02   3.395175e-21   8527936
  1.541020e+01   -6.729313e-21   1.227764e-02   3.341689e-21   8585122
  1.545272e+01   -6.765896e-22   1.227170e-02   3.294376e-21   8628200
  1.549524e+01   -4.379391e-23   1.227868e-02   3.238068e-21   8679484
  1.553776e+01   3.959072e-21   1.226928e-02   3.192546e-21   8721466
  1.558025e+01   4.844426e-21   1.226318e-02   3.145281e-21   8765840
  1.562277e+01   6.224130e-21   1.228142e-02   3.099607e-21   8825136
  1.566528e+01   -1.648533e-22   1.226701e-02   3.054382e-21   8861768
  1.570779e+01   5.390176e-21   1.227728e-02   3.010921e-21   8919278
  1.575031e+01   1.781875e-21   1.226638e-02   2.963967e-21   8961008
  1.579282e+01   -2.380252e-21   1.227512e-02   2.918992e-21   9014456
  1.583534e+01   -1.068985e-20   1.227527e-02   2.874579e-21   9062240
  1.587786e+01   -1.044988e-21   1.227311e-02   2.833843e-21   9110510
  1.592036e+01   -4.822254e-21   1.226582e-02   2.794851e-21   9154048
  1.596285e+01   1.984110e-21   1.226281e-02   2.750555e-21   9198928
  1.600534e+01   1.108051e-21   1.227531e-02   2.711540e-21   9257194
  1.604787e+01   5.753627e-21   1.227745e-02   2.672851e-21   9310168
  1.609038e+01   -6.865800e-21   1.226530e-02   2.632858e-21   9350316
  1.613289e+01   -3.003100e-21   1.227684e-02   2.593047e-21   9407120
  1.617541e+01   -8.764693e-21   1.227300e-02   2.555666e-21   9454642
  1.621793e+01   7.410293e-22   1.227362e-02   2.520836e-21   9506272
  1.626044e+01   -6.462991e-21   1.226942e-02   2.482363e-21   9551228
  1.630294e+01   1.176644e-21   1.227038e-02   2.447193e-21   9600264
  1.634544e+01   -6.281917e-23   1.227012e-02   2.412590e-21   9651458
  1.638796e+01   -2.900256e-21   1.228049e-02   2.377296e-21   9711488
  1.643048e+01   -6.016272e-23   1.226476e-02   2.343745e-21   9749144
  1.647299e+01   -7.866823e-21   1.227613e-02   2.307242e-21   9807908
  1.651550e+01   1.743158e-21   1.227043e-02   2.276074e-21   9854786
  1.655803e+01   -2.740290e-22   1.228107e-02   2.244453e-21   9914304
  1.660053e+01   -4.086296e-21   1.225867e-02   2.213882e-21   9945544
  1.664301e+01   -4.448327e-21   1.226718e-02   2.180055e-21   10003414
  1.668552e+01   1.477618e-22   1.227468e-02   2.150820e-21   10062032
  1.672804e+01   -2.484520e-21   1.227657e-02   2.118477e-21   10114792
  1.677058e+01   -7.676014e-21   1.228180e-02   2.087063e-21   10169936
  1.681307e+01   -6.400599e-21   1.225060e-02   2.058520e-21   10196602
  1.685558e+01   -2.020061e-21   1.228906e-02   2.027804e-21   10281156
  1.689811e+01   -5.434107e-21   1.226275e-02   2.000641e-21   10309376
  1.694060e+01   -5.782628e-22   1.227427e-02   1.970034e-21   10369856
  1.698310e+01   -4.080358e-21   1.226425e-02   1.945524e-21   10415370
  1.702562e+01   -4.284036e-21   1.228018e-02   1.918076e-21   10481988
  1.706815e+01   -3.545131e-22   1.227822e-02   1.890462e-21   10531200
  1.711066e+01   -7.831204e-22   1.226163e-02   1.865055e-21   10569416
  1.715315e+01   -8.073193e-22   1.227286e-02   1.836370e-21   10633066
  1.719568e+01   -1.376037e-21   1.227546e-02   1.811359e-21   10687548
  1.723821e+01   -5.917025e-21   1.228168e-02   1.787139e-21   10743968
  1.728072e+01   -6.903507e-21   1.226340e-02   1.762618e-21   10782130
  1.732321e+01   -1.145899e-21   1.226438e-02   1.737342e-21   10837792
  1.736571e+01   7.488275e-22   1.227328e-02   1.712008e-21   10897368
  1.740823e+01   -3.758035e-21   1.227857e-02   1.688970e-21   10953940
  1.745075e+01   -3.317536e-21   1.227188e-02   1.665229e-21   11003274
  1.749325e+01   -1.557347e-21   1.226537e-02   1.641362e-21   11052800
  1.753577e+01   -3.933342e-22   1.228039e-02   1.617665e-21   11118176
  1.757829e+01   3.005978e-21   1.227174e-02   1.597412e-21   11162268
  1.762078e+01   6.256601e-22   1.226447e-02   1.575358e-21   11211458
  1.766328e+01   -1.213209e-21   1.226924e-02   1.554686e-21   11271888
  1.770579e+01   -7.741644e-22   1.227456e-02   1.532871e-21   11329304
  1.774829e+01   1.371894e-21   1.226554e-02   1.512743e-21   11375026
  1.779081e+01   -8.261499e-22   1.227704e-02   1.491862e-21   11442532
  1.783332e+01   1.382344e-21   1.226620e-02   1.470699e-21   11487264
  1.787583e+01   -8.394061e-22   1.227239e-02   1.452254e-21   11545680
  1.791835e+01   5.292461e-22   1.227937e-02   1.430284e-21   11607058
  1.796089e+01   -4.448184e-22   1.227970e-02   1.411111e-21   11664300
  1.800340e+01   3.848417e-22   1.226785e-02   1.393370e-21   11707488
  1.804590e+01   -2.092503e-21   1.226647e-02   1.373756e-21   11759536
  1.808841e+01   1.596609e-21   1.228470e-02   1.353629e-21   11833690
  1.813095e+01   7.298102e-22   1.227017e-02   1.337929e-21   11877808
  1.817345e+01   -9.229720e-22   1.226311e-02   1.319530e-21   11925836
  1.821595e+01   3.739554e-21   1.227560e-02   1.300474e-21   11992168
  1.825846e+01   -3.253915e-22   1.227114e-02   1.284054e-21   12044554
  1.830097e+01   2.283576e-21   1.226867e-02   1.266577e-21   12098976
  1.834346e+01   -4.024126e-21   1.226469e-02   1.250068e-21   12149996
  1.838595e+01   2.427105e-22   1.226815e-02   1.233231e-21   12209594
  1.842847e+01   -3.312788e-21   1.227993e-02   1.216279e-21   12279272
  1.847101e+01   2.523320e-21   1.228002e-02   1.200422e-21   12336072
  1.851353e+01   2.224317e-21   1.226966e-02   1.185170e-21   12381744
  1.855604e+01   -1.836250e-21   1.227227e-02   1.168053e-21   12441590
  1.859855e+01   -8.773432e-22   1.227023e-02   1.154573e-21   12497256
  1.864105e+01   4.237051e-22   1.226730e-02   1.138979e-21   12550032
  1.868353e+01   -1.460449e-21   1.226474e-02   1.123681e-21   12603936
  1.872603e+01   -6.570686e-22   1.227245e-02   1.109055e-21   12671230
  1.876857e+01   4.706757e-22   1.228331e-02   1.093672e-21   12740920
  1.881110e+01   -2.941567e-21   1.227107e-02   1.080475e-21   12784560
  1.885359e+01   2.387301e-21   1.226358e-02   1.065616e-21   12834176
  1.889610e+01   5.048117e-22   1.227865e-02   1.051324e-21   12909006
  1.893863e+01   2.377178e-21   1.227235e-02   1.038923e-21   12959680
  1.898113e+01   -1.429865e-21   1.227020e-02   1.025705e-21   13014232
  1.902364e+01   1.730836e-21   1.227262e-02   1.011715e-21   13076514
  1.906614e+01   -2.262045e-22   1.226274e-02   9.991271e-22   13127112
  1.910866e+01   4.615802e-22   1.228266e-02   9.851673e-22   13205852
  1.915119e+01   1.518692e-21   1.227282e-02   9.739895e-22   13252032
  1.919369e+01   5.806730e-22   1.226787e-02   9.609086e-22   13307450
  1.923620e+01   -9.008996e-22   1.227402e-02   9.483432e-22   13374160
  1.927872e+01   -2.479980e-22   1.227027e-02   9.360946e-22   13426348
  1.932123e+01   -1.681918e-21   1.227853e-02   9.242830e-22   13492760
  1.936373e+01   4.160173e-22   1.226457e-02   9.121005e-22   13539546
  1.940624e+01   4.236951e-22   1.227335e-02   9.009712e-22   13610704
  1.944875e+01   -2.122391e-21   1.226734e-02   8.891815e-22   13662024
  1.949125e+01   6.500177e-22   1.227299e-02   8.771022e-22   13727492
  1.953377e+01   -3.748831e-24   1.227644e-02   8.664149e-22   13793394
  1.957629e+01   2.220067e-22   1.226862e-02   8.559240e-22   13844456
  1.961880e+01   1.042824e-21   1.227171e-02   8.453280e-22   13905184
  1.966130e+01   1.050321e-22   1.227189e-02   8.340792e-22   13965958
  1.970381e+01   2.120850e-21   1.226859e-02   8.239465e-22   14025192
  1.974632e+01   1.050860e-21   1.227581e-02   8.126310e-22   14093768
  1.978884e+01   -1.024148e-22   1.227382e-02   8.038455e-22   14150440
  1.983136e+01   -3.078227e-23   1.227452e-02   7.929797e-22   14213450
  1.987387e+01   7.929380e-22   1.226691e-02   7.836854e-22   14267036
  1.991638e+01   2.510635e-21   1.227427e-02   7.744009e-22   14335032
  1.995889e+01   1.256518e-21   1.226837e-02   7.643525e-22   14387664
  2.000139e+01   5.788629e-22   1.227308e-02   7.545532e-22   14455698
  2.004391e+01   1.428201e-21   1.227471e-02   7.454766e-22   14520452
  2.008643e+01   1.735970e-21   1.227399e-02   7.368471e-22   14580272
  2.012893e+01   -1.290470e-22   1.226246e-02   7.281453e-22   14628050
  2.017144e+01   -4.565484e-22   1.228393e-02   7.184169e-22   14716744
  2.021396e+01   -1.629218e-21   1.226163e-02   7.101084e-22   14751712
  2.025646e+01   1.649822e-21   1.227782e-02   7.008754e-22   14831620
  2.029896e+01   2.722032e-21   1.226188e-02   6.928017e-22   14875522
  2.034146e+01   9.129408e-22   1.227585e-02   6.843037e-22   14956720
  2.038398e+01   -1.163909e-22   1.226799e-02   6.760773e-22   15008272
  2.042648e+01   6.562106e-22   1.227113e-02   6.681601e-22   15073780
  2.046899e+01   5.141559e-22   1.227601e-02   6.595870e-22   15144866
  2.051153e+01   1.050752e-21   1.228021e-02   6.517510e-22   15213872
  2.055406e+01   1.022577e-22   1.227172e-02   6.444764e-22   15263976
  2.059656e+01   2.816188e-21   1.226689e-02   6.365698e-22   15320236
  2.063907e+01   2.901358e-22   1.227747e-02   6.298721e-22   15398322
  2.068159e+01   -5.096848e-23   1.226849e-02   6.215111e-22   15450864
  2.072409e+01   2.021296e-21   1.226949e-02   6.142310e-22   15513888
  2.076658e+01   -3.415611e-22   1.226638e-02   6.075695e-22   15574626
  2.080910e+01   1.003572e-21   1.227957e-02   5.998986e-22   15657956
  2.085162e+01   -7.020771e-23   1.226694e-02   5.931022e-22   15704248
  2.089412e+01   -1.991721e-22   1.227405e-02   5.864215e-22   15774824
  2.093664e+01   2.374023e-21   1.227741e-02   5.790668e-22   15844898
  2.097916e+01   4.434695e-23   1.226797e-02   5.727476e-22   15898956
  2.102166e+01   3.645324e-22   1.226837e-02   5.666931e-22   15961768
  2.106416e+01   7.533476e-22   1.227392e-02   5.592296e-22   16032208
  2.110668e+01   1.080711e-21   1.227386e-02   5.529786e-22   16099530
  2.114918e+01   1.114869e-21   1.226342e-02   5.468051e-22   16152712
  2.119169e+01   1.225212e-21   1.227877e-02   5.405003e-22   16235740
  2.123421e+01   6.259405e-22   1.227090e-02   5.342965e-22   16288856
  2.127673e+01   -6.391634e-22   1.227763e-02   5.290398e-22   16365074
  2.131925e+01   1.060046e-21   1.226826e-02   5.226447e-22   16418248
  2.136173e+01   1.117500e-21   1.226229e-02   5.167921e-22   16473180
  2.140423e+01   1.229268e-21   1.227796e-02   5.108839e-22   16560234
  2.144675e+01   1.256735e-21   1.226818e-02   5.051527e-22   16616088
  2.148927e+01   1.272672e-21   1.227653e-02   4.998206e-22   16693264
  2.153179e+01   2.073103e-22   1.227410e-02   4.939381e-22   16753864
  2.157431e+01   -2.590310e-22   1.227428e-02   4.886805e-22   16820702
  2.161682e+01   1.067718e-21   1.226755e-02   4.839393e-22   16879288
  2.165933e+01   7.917988e-22   1.227311e-02   4.781915e-22   16951712
  2.170183e+01   8.789232e-22   1.226675e-02   4.731747e-22   17007560
  2.174434e+01   2.077659e-22   1.227813e-02   4.676809e-22   17092086
  2.178685e+01   7.192432e-22   1.226906e-02   4.630207e-22   17148392
  2.182937e+01   9.590611e-22   1.227478e-02   4.577800e-22   17222288
  2.187188e+01   3.577974e-22   1.227236e-02   4.526367e-22   17285096
  2.191439e+01   1.055714e-21   1.226620e-02   4.484272e-22   17344826
  2.195689e+01   1.540644e-21   1.227320e-02   4.434959e-22   17421236
  2.199941e+01   6.066151e-22   1.227792e-02   4.388937e-22   17494160
  2.204191e+01   6.704263e-22   1.226044e-02   4.342795e-22   17538122
  2.208440e+01   3.296026e-22   1.226939e-02   4.294940e-22   17620136
  2.212692e+01   2.192593e-22   1.227875e-02   4.251817e-22   17700428
  2.216945e+01   4.315742e-22   1.227393e-02   4.208643e-22   17760320
  2.221196e+01   1.717126e-21   1.227224e-02   4.167909e-22   17827562
  2.225448e+01   6.731411e-22   1.227165e-02   4.126290e-22   17895488
  2.229699e+01   1.324717e-21   1.227292e-02   4.082818e-22   17963576
  2.233950e+01   9.116886e-22   1.227046e-02   4.044726e-22   18027500
  2.238201e+01   1.066502e-21   1.227533e-02   4.005271e-22   18105650
  2.242451e+01   6.526297e-22   1.226508e-02   3.961771e-22   18160880
  2.246701e+01   1.333023e-21   1.226834e-02   3.923518e-22   18233144
  2.250951e+01   1.322219e-21   1.227149e-02   3.884610e-22   18307310
  2.255203e+01   1.286947e-21   1.227368e-02   3.849124e-22   18381680
  2.259456e+01   9.573515e-22   1.227489e-02   3.810438e-22   18450536
  2.263708e+01   1.895312e-22   1.227820e-02   3.772611e-22   18522128
  2.267959e+01   1.062131e-21   1.226827e-02   3.741100e-22   18578414
  2.272209e+01   6.299209e-22   1.227113e-02   3.704184e-22   18654304
  2.276460e+01   1.190580e-21   1.227056e-02   3.665332e-22   18722304
  2.280712e+01   2.820739e-22   1.227777e-02   3.631347e-22   18802472
  2.284964e+01   7.286041e-22   1.227092e-02   3.600254e-22   18864266
  2.289215e+01   1.050973e-21   1.226939e-02   3.568341e-22   18933260
  2.293465e+01   1.498706e-21   1.226719e-02   3.537981e-22   18997448
  2.297715e+01   1.065828e-21   1.227581e-02   3.503378e-22   19079816
  2.301967e+01   2.053402e-22   1.227098e-02   3.472549e-22   19145330
  2.306218e+01   2.133728e-21   1.227177e-02   3.440861e-22   19218276
  2.310469e+01   1.479232e-21   1.227113e-02   3.410708e-22   19286200
  2.314719e+01   1.018531e-21   1.226583e-02   3.380455e-22   19349738
  2.318971e+01   5.014790e-22   1.228286e-02   3.350519e-22   19450040
  2.323223e+01   9.627206e-22   1.226363e-02   3.321839e-22   19489688
  2.327473e+01   2.526028e-22   1.227521e-02   3.293708e-22   19576868
  2.331724e+01   6.045354e-22   1.226932e-02   3.268447e-22   19640282
  2.335976e+01   1.651643e-21   1.227873e-02   3.237193e-22   19728800
  2.340226e+01   6.081609e-22   1.226095e-02   3.215910e-22   19770152
  2.344476e+01   -5.845162e-22   1.227487e-02   3.190010e-22   19863516
  2.348729e+01   6.600031e-22   1.227855e-02   3.161724e-22   19943594
  2.352981e+01   3.345513e-23   1.227039e-02   3.137945e-22   20003440
  2.357232e+01   -1.990235e-22   1.227533e-02   3.111932e-22   20081768
  2.361483e+01   7.919235e-22   1.226475e-02   3.085530e-22   20136200
  2.365734e+01   9.542956e-22   1.228180e-02   3.065281e-22   20238094
  2.369985e+01   2.244958e-22   1.226458e-02   3.041667e-22   20282544
  2.374234e+01   1.861694e-22   1.226291e-02   3.021148e-22   20351720
  2.378483e+01   3.284525e-22   1.227389e-02   2.994919e-22   20444714
  2.382735e+01   2.535733e-22   1.227112e-02   2.975606e-22   20515116
  2.386988e+01   4.503626e-23   1.228059e-02   2.954812e-22   20602384
  2.391241e+01   -6.602645e-22   1.227266e-02   2.934104e-22   20659872
  2.395491e+01   4.713758e-22   1.226837e-02   2.917159e-22   20727682
  2.399742e+01   2.013157e-25   1.227493e-02   2.898121e-22   20814416
  2.403994e+01   1.299208e-22   1.227261e-02   2.873671e-22   20881100
  2.408245e+01   -2.180819e-22   1.227247e-02   2.855350e-22   20953688
  2.412495e+01   -2.542775e-22   1.226662e-02   2.840612e-22   21021050
  2.416746e+01   7.192360e-22   1.227556e-02   2.823310e-22   21111632
  2.420998e+01   -2.599542e-23   1.227336e-02   2.799490e-22   21179972
  2.425248e+01   6.998581e-22   1.226547e-02   2.783978e-22   21240488
  2.429499e+01   2.121058e-22   1.227368e-02   2.770848e-22   21331418
  2.433750e+01   4.127902e-23   1.226935e-02   2.755986e-22   21397304
  2.438000e+01   -1.489786e-22   1.226962e-02   2.739949e-22   21469764
  2.442251e+01   -2.747699e-22   1.227528e-02   2.722698e-22   21556122
  2.446502e+01   5.490475e-22   1.226591e-02   2.709815e-22   21618312
  2.450754e+01   3.750369e-22   1.227924e-02   2.693359e-22   21716096
  2.455007e+01   1.482408e-22   1.227488e-02   2.679100e-22   21781352
  2.459258e+01   -4.339226e-22   1.226971e-02   2.670187e-22   21848870
  2.463508e+01   -1.411251e-22   1.227061e-02   2.654409e-22   21927536
  2.467760e+01   2.664018e-22   1.227518e-02   2.640324e-22   22008944
  2.472011e+01   -3.625525e-22   1.227146e-02   2.628678e-22   22076136
  2.476261e+01   -1.091919e-22   1.226619e-02   2.619887e-22   22145270
  2.480513e+01   2.629504e-22   1.228149e-02   2.605677e-22   22250960
  2.484765e+01   2.503670e-22   1.226766e-02   2.597180e-22   22300864
  2.489015e+01   -1.274239e-22   1.226874e-02   2.584725e-22   22378586
  2.493266e+01   7.629172e-23   1.227304e-02   2.577473e-22   22464104
  2.497518e+01   7.099420e-22   1.227483e-02   2.567868e-22   22542892
  2.501769e+01   2.652243e-22   1.226849e-02   2.556829e-22   22606008
  2.506019e+01   5.204073e-22   1.227168e-02   2.551989e-22   22690002
  2.510269e+01   -1.798143e-23   1.226774e-02   2.539228e-22   22762216
  2.514519e+01   5.851180e-22   1.227552e-02   2.521910e-22   22815779
  2.518771e+01   -1.269937e-22   1.227093e-02   2.479538e-22   22772312
  2.523022e+01   -4.686471e-22   1.227169e-02   2.435848e-22   22733708
  2.527273e+01   8.201945e-23   1.227376e-02   2.396593e-22   22697672
  2.531524e+01   4.327762e-22   1.227003e-02   2.354449e-22   22651460
  2.535775e+01   3.068053e-22   1.227280e-02   2.316138e-22   22616024
  2.540027e+01   4.966798e-22   1.227723e-02   2.274004e-22   22583496
  2.544278e+01   1.973842e-22   1.226384e-02   2.240370e-22   22519252
  2.548527e+01   -2.123279e-22   1.226879e-02   2.204335e-22   22488992
  2.552778e+01   6.681100e-22   1.227112e-02   2.167049e-22   22453172
  2.557030e+01   -5.014004e-22   1.227642e-02   2.134222e-22   22420584
  2.561282e+01   -1.450478e-22   1.227318e-02   2.101378e-22   22371700
  2.565533e+01   6.485681e-22   1.227319e-02   2.066951e-22   22329896
  2.569784e+01   9.831845e-22   1.227005e-02   2.033078e-22   22282876
  2.574035e+01   5.308756e-22   1.227559e-02   2.002883e-22   22250692
  2.578286e+01   1.064277e-21   1.226749e-02   1.973871e-22   22194436
  2.582536e+01   4.253738e-22   1.226799e-02   1.942420e-22   22153540
  2.586787e+01   1.029967e-21   1.227489e-02   1.910505e-22   22122584
  2.591039e+01   1.902263e-22   1.227183e-02   1.882721e-22   22073004
  2.595291e+01   6.137852e-23   1.227763e-02   1.854645e-22   22039640
  2.599542e+01   2.495398e-22   1.226443e-02   1.828958e-22   21971624
  2.603793e+01   5.354716e-22   1.228039e-02   1.799538e-22   21955708
  2.608042e+01   2.766985e-22   1.225538e-02   1.774269e-22   21867720
  2.612293e+01   4.397225e-22   1.228640e-02   1.747841e-22   21878900
  2.616545e+01   -8.231453e-23   1.226374e-02   1.722605e-22   21794260
  2.620796e+01   3.500875e-22   1.227552e-02   1.699480e-22   21770256
  2.625048e+01   2.528826e-22   1.227204e-02   1.675376e-22   21718124
  2.629299e+01   5.823764e-22   1.227162e-02   1.651324e-22   21671096
  2.633550e+01   -1.194310e-22   1.227173e-02   1.628285e-22   21625412
  2.637801e+01   -2.917608e-24   1.227628e-02   1.604195e-22   21587284
  2.642052e+01   2.302777e-23   1.226404e-02   1.583272e-22   21519648
  2.646302e+01   -1.364445e-22   1.227517e-02   1.561761e-22   21493344
  2.650554e+01   3.654641e-22   1.227125e-02   1.540133e-22   21439360
  2.654805e+01   2.001583e-22   1.227471e-02   1.519209e-22   21398900
  2.659058e+01   7.973991e-22   1.227467e-02   1.499311e-22   21351488
  2.663308e+01   8.796767e-24   1.226610e-02   1.478091e-22   21288012
  2.667559e+01   3.147367e-22   1.227518e-02   1.458459e-22   21255052
  2.671810e+01   2.980832e-22   1.226960e-02   1.438584e-22   21196928
  2.676060e+01   1.381146e-22   1.226973e-02   1.420841e-22   21149036
  2.680311e+01   2.126115e-22   1.227206e-02   1.401353e-22   21105304
  2.684563e+01   1.091335e-22   1.227410e-02   1.383016e-22   21059992
  2.688815e+01   1.696990e-22   1.227705e-02   1.365534e-22   21014904
  2.693067e+01   3.055040e-22   1.227014e-02   1.349380e-22   20953620
  2.697317e+01   3.222983e-22   1.226991e-02   1.332018e-22   20902948
  2.701568e+01   -1.236249e-22   1.227225e-02   1.315041e-22   20856528
  2.705819e+01   -9.216521e-23   1.227379e-02   1.297783e-22   20808868
  2.710070e+01   -2.571135e-22   1.226639e-02   1.282367e-22   20746700
  2.714319e+01   5.147326e-23   1.226770e-02   1.266511e-22   20699040
  2.718571e+01   6.230853e-23   1.227944e-02   1.250076e-22   20667584
  2.722822e+01   4.598330e-22   1.225995e-02   1.235691e-22   20583320
  2.727072e+01   3.300330e-22   1.227843e-02   1.219273e-22   20562728
  2.731324e+01   2.016418e-22   1.227166e-02   1.203912e-22   20499120
  2.735575e+01   2.191568e-23   1.227335e-02   1.189489e-22   20448668
  2.739827e+01   2.562075e-22   1.227231e-02   1.174903e-22   20394408
  2.744078e+01   1.734564e-22   1.227328e-02   1.160810e-22   20344236
  2.748329e+01   5.300385e-22   1.227052e-02   1.148673e-22   20287988
  2.752580e+01   4.856814e-22   1.227218e-02   1.134144e-22   20237280
  2.756831e+01   3.600360e-22   1.226928e-02   1.121116e-22   20178328
  2.761083e+01   1.246638e-22   1.227861e-02   1.107032e-22   20139844
  2.765335e+01   4.230186e-22   1.226869e-02   1.094016e-22   20069748
  2.769585e+01   3.463934e-22   1.227006e-02   1.082376e-22   20016800
  2.773835e+01   2.572131e-22   1.227057e-02   1.070171e-22   19962224
  2.778087e+01   3.193527e-22   1.227954e-02   1.057774e-22   19923568
  2.782339e+01   4.947472e-22   1.226996e-02   1.045249e-22   19854300
  2.786590e+01   2.637149e-22   1.226862e-02   1.034142e-22   19797056
  2.790840e+01   3.187039e-22   1.227082e-02   1.023373e-22   19744940
  2.795091e+01   2.860776e-22   1.227270e-02   1.010034e-22   19691768
  2.799342e+01   -6.863874e-23   1.226928e-02   9.993917e-23   19629548
  2.803593e+01   2.289974e-22   1.227096e-02   9.888164e-23   19575480
  2.807844e+01   2.096791e-22   1.227365e-02   9.769729e-23   19523296
  2.812096e+01   -1.638079e-22   1.227813e-02   9.665997e-23   19474344
  2.816347e+01   -5.709918e-23   1.226244e-02   9.564048e-23   19392868
  2.820597e+01   1.427750e-22   1.227629e-02   9.454624e-23   19356176
  2.824849e+01   2.420608e-22   1.227437e-02   9.359414e-23   19294916
  2.829102e+01   2.511660e-22   1.227644e-02   9.260053e-23   19240856
  2.833353e+01   2.091901e-22   1.226827e-02   9.169236e-23   19170884
  2.837603e+01   5.479412e-23   1.226787e-02   9.068093e-23   19111352
  2.841853e+01   5.344505e-23   1.227311e-02   8.959553e-23   19060016
  2.846104e+01   -1.375323e-22   1.227199e-02   8.875452e-23   18999752
  2.850354e+01   9.628040e-23   1.226484e-02   8.786524e-23   18930272
  2.854604e+01   -2.819303e-23   1.227204e-02   8.682891e-23   18882340
  2.858856e+01   -1.077756e-22   1.227653e-02   8.600488e-23   18829056
  2.863108e+01   9.285526e-24   1.226917e-02   8.511745e-23   18757640
  2.867359e+01   1.565713e-22   1.227679e-02   8.421723e-23   18709036
  2.871611e+01   2.439330e-22   1.226951e-02   8.345639e-23   18637668
  2.875862e+01   1.426063e-22   1.227659e-02   8.260410e-23   18587048
  2.880113e+01   5.593901e-23   1.226650e-02   8.177751e-23   18510972
  2.884363e+01   1.465318e-22   1.227092e-02   8.095750e-23   18456692
  2.888614e+01   -8.107946e-24   1.227027e-02   8.014934e-23   18394084
  2.892866e+01   7.661006e-23   1.227644e-02   7.936794e-23   18341352
  2.897118e+01   4.468712e-23   1.227294e-02   7.860062e-23   18273884
  2.901369e+01   5.398101e-24   1.227214e-02   7.787822e-23   18211148
  2.905619e+01   -2.339530e-23   1.226468e-02   7.714051e-23   18137692
  2.909870e+01   1.057776e-22   1.227635e-02   7.636477e-23   18091580
  2.914122e+01   2.633898e-22   1.227406e-02   7.566863e-23   18024560
  2.918373e+01   3.778374e-23   1.226945e-02   7.498461e-23   17955116
  2.922624e+01   1.964612e-22   1.227055e-02   7.424029e-23   17893232
  2.926875e+01   -7.687484e-23   1.227337e-02   7.358064e-23   17832620
  2.931126e+01   1.362016e-22   1.227331e-02   7.292503e-23   17767864
  2.935378e+01   5.462118e-23   1.227523e-02   7.217787e-23   17706956
  2.939629e+01   -7.770951e-23   1.226779e-02   7.159922e-23   17632632
  2.943880e+01   -2.113065e-22   1.227224e-02   7.089982e-23   17573524
  2.948131e+01   -4.515370e-23   1.227160e-02   7.024899e-23   17506380
  2.952382e+01   1.672075e-23   1.227283e-02   6.961858e-23   17442548
  2.956632e+01   -7.535274e-24   1.226611e-02   6.898702e-23   17368556
  2.960883e+01   -1.707803e-22   1.227726e-02   6.842455e-23   17318260
  2.965135e+01   -4.791252e-23   1.227176e-02   6.780244e-23   17243792
  2.969385e+01   -2.340652e-22   1.226620e-02   6.724713e-23   17169716
  2.973635e+01   -1.266388e-22   1.227104e-02   6.664443e-23   17109768
  2.977886e+01   8.134621e-24   1.227205e-02   6.607931e-23   17044064
  2.982138e+01   1.009248e-22   1.227557e-02   6.554189e-23   16981560
  2.986389e+01   -6.768944e-23   1.226672e-02   6.495981e-23   16902264
  2.990640e+01   7.535331e-23   1.227800e-02   6.438731e-23   16849940
  2.994892e+01   2.325607e-22   1.226984e-02   6.384549e-23   16770600
  2.999143e+01   -1.068736e-23   1.227399e-02   6.335589e-23   16707512
  3.003394e+01   -2.417092e-23   1.227053e-02   6.284507e-23   16634480
  3.007645e+01   3.443863e-23   1.227297e-02   6.225051e-23   16569424
  3.011897e+01   1.258141e-22   1.227100e-02   6.180993e-23   16497216
  3.016149e+01   6.746713e-24   1.227800e-02   6.128730e-23   16436416
  3.020400e+01   2.186215e-22   1.226813e-02   6.081071e-23   16353532
  3.024650e+01   1.048676e-22   1.226850e-02   6.033162e-23   16284908
  3.028900e+01   5.201912e-23   1.227370e-02   5.987238e-23   16221948
  3.033152e+01   1.525958e-23   1.227445e-02   5.934026e-23   16152552
  3.037404e+01   2.653168e-22   1.227249e-02   5.892494e-23   16078864
  3.041655e+01   1.870660e-22   1.227014e-02   5.845085e-23   16005296
  3.045906e+01   1.186470e-22   1.227320e-02   5.792210e-23   15938220
  3.050157e+01   7.855172e-23   1.226736e-02   5.754652e-23   15858440
  3.054407e+01   1.580916e-22   1.226949e-02   5.712126e-23   15789252
  3.058657e+01   9.437753e-24   1.227019e-02   5.672036e-23   15718944
  3.062908e+01   9.516248e-23   1.227179e-02   5.623879e-23   15648652
  3.067160e+01   4.028716e-24   1.227680e-02   5.585434e-23   15581944
  3.071412e+01   6.557000e-23   1.227604e-02   5.540313e-23   15508744
  3.075663e+01   9.715318e-23   1.226574e-02   5.510942e-23   15422472
  3.079914e+01   -4.637885e-23   1.227551e-02   5.465897e-23   15361536
  3.084165e+01   -3.341189e-24   1.226998e-02   5.426886e-23   15281048
  3.088415e+01   4.871831e-23   1.227023e-02   5.392884e-23   15207752
  3.092666e+01   -1.012200e-22   1.227075e-02   5.358877e-23   15134800
  3.096917e+01   -9.347508e-23   1.227038e-02   5.313575e-23   15059664
  3.101168e+01   -1.308121e-23   1.227242e-02   5.277440e-23   14987020
  3.105420e+01   -5.808962e-23   1.227903e-02   5.244037e-23   14919936
  3.109672e+01   -7.564755e-23   1.226792e-02   5.210622e-23   14831776
  3.113923e+01   1.102637e-23   1.227679e-02   5.175012e-23   14767552
  3.118174e+01   -1.128495e-22   1.226524e-02   5.139322e-23   14678336
  3.122425e+01   2.382667e-23   1.227632e-02   5.107818e-23   14615044
  3.126676e+01   -1.504295e-24   1.226910e-02   5.073168e-23   14530200
  3.130927e+01   7.514949e-23   1.227171e-02   5.042829e-23   14457000
  3.135178e+01   -1.514110e-22   1.227423e-02   5.009904e-23   14383440
  3.139429e+01   -6.587001e-23   1.226801e-02   4.972408e-23   14299516
  3.143679e+01   -1.046062e-22   1.227160e-02   4.951648e-23   14226024
  3.147930e+01   4.835721e-23   1.226889e-02   4.918651e-23   14145048
  3.152182e+01   -1.105414e-23   1.228178e-02   4.886493e-23   14082144
  3.156433e+01   1.129256e-23   1.226157e-02   4.862393e-23   13981640
  3.160683e+01   -7.033162e-23   1.227475e-02   4.831401e-23   13918460
  3.164935e+01   -1.274308e-22   1.227481e-02   4.804007e-23   13839752
  3.169188e+01   2.409169e-23   1.227673e-02   4.775184e-23   13762736
  3.173439e+01   2.767998e-23   1.227147e-02   4.745748e-23   13677980
  3.177690e+01   -6.602062e-23   1.226900e-02   4.727274e-23   13596196
  3.181940e+01   2.312787e-23   1.226988e-02   4.698770e-23   13517736
  3.186190e+01   5.178212e-23   1.226579e-02   4.673396e-23   13433184
  3.190440e+01   3.893373e-23   1.227449e-02   4.645583e-23   13362296
  3.194692e+01   6.167204e-23   1.227398e-02   4.620179e-23   13281376
  3.198944e+01   4.087626e-24   1.227645e-02   4.599303e-23   13203336
  3.203195e+01   -3.319403e-24   1.226687e-02   4.571503e-23   13113016
  3.207445e+01   7.207992e-23   1.227094e-02   4.551232e-23   13036400
  3.211696e+01   -2.468092e-23   1.226987e-02   4.531514e-23   12953648
  3.215948e+01   6.875725e-23   1.227674e-02   4.505747e-23   12879016
  3.220199e+01   -8.952918e-23   1.227015e-02   4.484916e-23   12790124
  3.224451e+01   -6.930680e-23   1.227599e-02   4.459743e-23   12714152
  3.228701e+01   7.268506e-24   1.226430e-02   4.445170e-23   12619608
  3.232951e+01   -9.615040e-23   1.227473e-02   4.417337e-23   12547232
  3.237204e+01   5.200085e-23   1.228098e-02   4.403400e-23   12470568
  3.241455e+01   -9.053793e-25   1.226086e-02   4.379667e-23   12368136
  3.245705e+01   1.506193e-23   1.227647e-02   4.359577e-23   12300504
  3.249958e+01   9.973562e-24   1.227251e-02   4.344409e-23   12212172
  3.254209e+01   -5.984988e-23   1.227112e-02   4.324741e-23   12126228
  3.258459e+01   -2.149210e-23   1.227235e-02   4.302581e-23   12043352
  3.262711e+01   4.890702e-24   1.227321e-02   4.287570e-23   11959896
  3.266960e+01   7.609780e-24   1.226107e-02   4.275189e-23   11863804
  3.271211e+01   -1.609889e-23   1.227575e-02   4.253496e-23   11792812
  3.275463e+01   6.608741e-23   1.227439e-02   4.239750e-23   11705392
  3.279713e+01   5.274347e-23   1.226794e-02   4.221082e-23   11613836
  3.283965e+01   -2.869921e-23   1.228215e-02   4.209235e-23   11541532
  3.288217e+01   -1.721674e-23   1.226539e-02   4.196164e-23   11440232
  3.292468e+01   4.877448e-23   1.227538e-02   4.175237e-23   11363008
  3.296718e+01   -2.182184e-23   1.226652e-02   4.165636e-23   11267848
  3.300970e+01   -6.973795e-23   1.227722e-02   4.146145e-23   11190640
  3.305222e+01   8.155946e-23   1.227423e-02   4.129219e-23   11101084
  3.309472e+01   -4.287283e-24   1.226241e-02   4.125954e-23   11003284
  3.313721e+01   -7.011477e-23   1.227344e-02   4.108861e-23   10925424
  3.317973e+01   -1.087796e-22   1.227067e-02   4.099008e-23   10834724
  3.322224e+01   -4.677582e-23   1.227484e-02   4.086048e-23   10750156
  3.326475e+01   -2.010525e-23   1.226635e-02   4.071802e-23   10655280
  3.330725e+01   1.870807e-23   1.226924e-02   4.064605e-23   10569120
  3.334975e+01   2.640428e-23   1.226867e-02   4.046491e-23   10479672
  3.339228e+01   1.138873e-22   1.228611e-02   4.038653e-23   10404504
  3.343481e+01   5.882665e-23   1.227382e-02   4.031422e-23   10304108
  3.347732e+01   2.772115e-23   1.226797e-02   4.012166e-23   10209940
  3.351983e+01   2.529670e-23   1.227575e-02   4.012213e-23   10126584
  3.356234e+01   -7.305376e-23   1.226442e-02   4.001963e-23   10027064
  3.360484e+01   -5.519528e-23   1.227492e-02   3.990487e-23   9945072
  3.364734e+01   -4.001883e-23   1.226340e-02   3.979094e-23   9844764
  3.368986e+01   -9.875714e-23   1.228362e-02   3.970750e-23   9769940
  3.373238e+01   1.826095e-23   1.226688e-02   3.965791e-23   9666072
  3.377488e+01   -3.039036e-24   1.227051e-02   3.952253e-23   9577112
  3.381739e+01   -4.010750e-23   1.227148e-02   3.949924e-23   9485848
  3.385991e+01   -3.260984e-23   1.227527e-02   3.940580e-23   9396136
  3.390243e+01   -4.220217e-23   1.227579e-02   3.931024e-23   9304408
  3.394493e+01   -1.131964e-23   1.225842e-02   3.925408e-23   9199028
  3.398742e+01   -3.915970e-23   1.227468e-02   3.914794e-23   9118288
  3.402993e+01   -1.094774e-23   1.226747e-02   3.912141e-23   9019624
  3.407245e+01   -2.364117e-23   1.228368e-02   3.907864e-23   8937420
  3.411497e+01   -3.553954e-23   1.227061e-02   3.898425e-23   8835200
  3.415748e+01   -7.698951e-23   1.226739e-02   3.891562e-23   8739332
  3.419998e+01   2.342222e-23   1.227099e-02   3.884987e-23   8648112
  3.424250e+01   2.413843e-23   1.227159e-02   3.883268e-23   8553372
  3.428501e+01   -4.562242e-23   1.227728e-02   3.869109e-23   8461944
  3.432753e+01   -8.698953e-23   1.227227e-02   3.868255e-23   8363348
  3.437004e+01   -1.051095e-22   1.227148e-02   3.867383e-23   8267792
  3.441254e+01   -9.892137e-23   1.226640e-02   3.856341e-23   8169380
  3.445505e+01   -1.048220e-22   1.227807e-02   3.845423e-23   8081008
  3.449756e+01   -3.991509e-23   1.226310e-02   3.847066e-23   7975632
  3.454006e+01   -1.057920e-22   1.227841e-02   3.838500e-23   7889116
  3.458257e+01   -5.686878e-24   1.226405e-02   3.825768e-23   7784008
  3.462508e+01   -4.737152e-23   1.227484e-02   3.822567e-23   7693848
  3.466759e+01   -1.790998e-23   1.226805e-02   3.818255e-23   7592468
  3.471010e+01   -3.158282e-23   1.227572e-02   3.804197e-23   7499076
  3.475262e+01   -2.672829e-23   1.227790e-02   3.798646e-23   7402880
  3.479514e+01   5.144729e-24   1.227043e-02   3.784909e-23   7300768
  3.483765e+01   1.071802e-22   1.227061e-02   3.787506e-23   7203316
  3.488013e+01   5.981826e-23   1.225476e-02   3.771232e-23   7095724
  3.492265e+01   1.374663e-23   1.229466e-02   3.769671e-23   7019608
  3.496518e+01   -4.411043e-23   1.226138e-02   3.749793e-23   6901916
  3.500769e+01   -1.188961e-23   1.227882e-02   3.750259e-23   6812952
  3.505019e+01   5.940991e-23   1.226209e-02   3.732553e-23   6704548
  3.509270e+01   -5.175334e-23   1.227587e-02   3.718307e-23   6612168
  3.513521e+01   6.178921e-24   1.227039e-02   3.698357e-23   6508628
  3.517773e+01   -1.003959e-23   1.227711e-02   3.688282e-23   6412072
  3.522024e+01   -2.019452e-23   1.226747e-02   3.665444e-23   6306660
  3.526274e+01   4.614702e-23   1.226997e-02   3.651878e-23   6207592
  3.530523e+01   -7.001268e-24   1.226489e-02   3.626601e-23   6103860
  3.534774e+01   -1.903271e-23   1.227430e-02   3.597402e-23   6007184
  3.539025e+01   1.031255e-23   1.227513e-02   3.583637e-23   5905660
  3.543278e+01   2.177215e-23   1.227664e-02   3.539295e-23   5805132
  3.547529e+01   6.312851e-23   1.226925e-02   3.516725e-23   5700008
  3.551778e+01   1.005491e-22   1.226294e-02   3.472358e-23   5594856
  3.556030e+01   1.341667e-23   1.228122e-02   3.436932e-23   5502341
  3.560283e+01   4.446941e-23   1.227277e-02   3.403331e-23   5404852
  3.564533e+01   6.028296e-23   1.226768e-02   3.375396e-23   5313930
  3.568784e+01   -1.400360e-24   1.227261e-02   3.346502e-23   5230396
  3.573035e+01   1.029148e-22   1.226815e-02   3.321155e-23   5145158
  3.577285e+01   6.670967e-23   1.227058e-02   3.300472e-23   5064506
  3.581538e+01   7.266707e-23   1.228142e-02   3.277870e-23   4989464
  3.585790e+01   5.013377e-23   1.226989e-02   3.253614e-23   4907486
  3.590041e+01   8.000358e-23   1.226982e-02   3.240264e-23   4831952
  3.594292e+01   7.457164e-23   1.226933e-02   3.221058e-23   4757392
  3.598543e+01   6.371310e-23   1.227425e-02   3.200903e-23   4685902
  3.602794e+01   9.787463e-23   1.227136e-02   3.184943e-23   4612826
  3.607044e+01   4.259519e-23   1.227059e-02   3.167563e-23   4542436
  3.611296e+01   -3.636377e-24   1.227508e-02   3.157136e-23   4475408
  3.615546e+01   4.261636e-23   1.226173e-02   3.138306e-23   4402686
  3.619797e+01   9.186809e-23   1.227689e-02   3.116521e-23   4340854
  3.624049e+01   3.755486e-23   1.227466e-02   3.098050e-23   4273862
  3.628301e+01   6.986622e-23   1.227237e-02   3.097813e-23   4208538
  3.632551e+01   -2.368672e-23   1.226532e-02   3.081546e-23   4142584
  3.636801e+01   4.499731e-23   1.226978e-02   3.071425e-23   4081232
  3.641052e+01   2.173653e-23   1.227225e-02   3.059154e-23   4019668
  3.645304e+01   1.171948e-22   1.228203e-02   3.044453e-23   3961416
  3.649557e+01   -7.477798e-23   1.227387e-02   3.033158e-23   3898848
  3.653807e+01   -1.416879e-23   1.226366e-02   3.019195e-23   3836718
  3.658056e+01   1.152007e-23   1.226607e-02   3.012705e-23   3779272
  3.662306e+01   -1.373245e-23   1.226675e-02   3.003724e-23   3721434
  3.666558e+01   -1.085477e-23   1.228126e-02   2.991485e-23   3668198
  3.670811e+01   -2.564986e-23   1.227910e-02   2.983144e-23   3611346
  3.675062e+01   7.699388e-23   1.226582e-02   2.974748e-23   3552442
  3.679312e+01   2.442800e-23   1.226935e-02   2.965269e-23   3498908
  3.683563e+01   -1.648456e-23   1.227192e-02   2.962578e-23   3445382
  3.687814e+01   1.955423e-23   1.227356e-02   2.955606e-23   3392244
  3.692066e+01   2.935820e-23   1.227344e-02   2.946176e-23   3339634
  3.696317e+01   -3.519150e-23   1.226899e-02   2.929696e-23   3286752
  3.700566e+01   3.565032e-23   1.226327e-02   2.929923e-23   3234180
  3.704816e+01   2.484985e-23   1.226838e-02   2.927560e-23   3184556
  3.709068e+01   3.126130e-24   1.228145e-02   2.920901e-23   3137238
  3.713322e+01   -4.517546e-23   1.228151e-02   2.912921e-23   3087670
  3.717574e+01   -4.955220e-23   1.227426e-02   2.913268e-23   3037460
  3.721824e+01   -1.889303e-23   1.225819e-02   2.902430e-23   2985736
  3.726072e+01   4.058485e-23   1.226565e-02   2.899535e-23   2939708
  3.730324e+01   6.112080e-23   1.228621e-02   2.890850e-23   2897012
  3.734577e+01   6.501392e-24   1.227048e-02   2.890216e-23   2846890
  3.738827e+01   7.417594e-23   1.226277e-02   2.889317e-23   2799588
  3.743076e+01   7.226720e-23   1.226558e-02   2.889526e-23   2754954
  3.747326e+01   -4.057073e-23   1.227308e-02   2.884130e-23   2711500
  3.751579e+01   -9.227476e-24   1.228240e-02   2.883719e-23   2669006
  3.755830e+01   2.202018e-23   1.226335e-02   2.878985e-23   2621264
  3.760081e+01   -3.858150e-23   1.227565e-02   2.879919e-23   2580726
  3.764332e+01   -5.455316e-23   1.226856e-02   2.882147e-23   2536470
  3.768582e+01   -1.447820e-23   1.226978e-02   2.874021e-23   2494370
  3.772834e+01   -8.395567e-24   1.227534e-02   2.874970e-23   2453556
  3.777086e+01   -5.293212e-23   1.228047e-02   2.877060e-23   2413246
  3.781339e+01   -9.933185e-23   1.227197e-02   2.881947e-23   2370914
  3.785589e+01   -3.717640e-23   1.226887e-02   2.882076e-23   2330126
  3.789840e+01   4.616570e-24   1.227428e-02   2.874137e-23   2291406
  3.794091e+01   -3.203692e-23   1.226463e-02   2.878750e-23   2250410
  3.798340e+01   -3.154588e-23   1.226403e-02   2.884709e-23   2211486
  3.802590e+01   -5.160018e-23   1.227094e-02   2.883966e-23   2174194
  3.806841e+01   -5.199594e-24   1.227271e-02   2.884529e-23   2136416
  3.811093e+01   2.874911e-23   1.227972e-02   2.896161e-23   2100070
  3.815344e+01   5.200508e-24   1.226224e-02   2.892116e-23   2060026
  3.819594e+01   3.357322e-23   1.227745e-02   2.896789e-23   2025910
  3.823846e+01   8.699776e-23   1.227012e-02   2.891597e-23   1988576
  3.828096e+01   -2.527553e-23   1.226824e-02   2.904127e-23   1952610
  3.832347e+01   -2.414444e-23   1.226944e-02   2.903368e-23   1917470
  3.836597e+01   -4.320118e-24   1.226960e-02   2.914319e-23   1882484
  3.840848e+01   4.424978e-23   1.227230e-02   2.910628e-23   1848262
  3.845101e+01   -9.401210e-23   1.228531e-02   2.920614e-23   1816024
  3.849355e+01   -1.711239e-23   1.227230e-02   2.923044e-23   1780418
  3.853605e+01   4.343050e-23   1.226815e-02   2.931103e-23   1746576
  3.857856e+01   1.994436e-23   1.227451e-02   2.946339e-23   1714622
  3.862107e+01   -1.505765e-23   1.227068e-02   2.947159e-23   1681692
  3.866358e+01   3.990630e-24   1.226987e-02   2.968954e-23   1649574
  3.870606e+01   3.415933e-23   1.225405e-02   2.968118e-23   1615788
  3.874855e+01   2.223120e-23   1.227462e-02   2.974901e-23   1587064
  3.879108e+01   -3.432931e-23   1.227930e-02   2.983823e-23   1556598
  3.883360e+01   -1.383488e-24   1.227389e-02   3.003447e-23   1525380
  3.887612e+01   -2.499085e-23   1.227468e-02   3.005569e-23   1495360
  3.891863e+01   2.393629e-23   1.226450e-02   3.016356e-23   1464370
  3.896112e+01   -5.238142e-23   1.227040e-02   3.017114e-23   1435656
  3.900363e+01   4.155414e-23   1.226801e-02   3.043183e-23   1406304
  3.904613e+01   2.976519e-23   1.226859e-02   3.056986e-23   1377628
  3.908864e+01   1.682630e-23   1.227348e-02   3.062391e-23   1349744
  3.913115e+01   -4.461908e-23   1.227337e-02   3.070595e-23   1321682
  3.917367e+01   -1.803814e-24   1.227639e-02   3.091640e-23   1294376
  3.921619e+01   -2.821480e-24   1.227256e-02   3.098848e-23   1266768
  3.925869e+01   -5.226712e-23   1.226510e-02   3.120941e-23   1239172
  3.930118e+01   4.038293e-23   1.226095e-02   3.136036e-23   1212224
  3.934367e+01   -7.376696e-24   1.226955e-02   3.146094e-23   1186796
  3.938619e+01   -3.648352e-23   1.227613e-02   3.165637e-23   1161432
  3.942870e+01   8.158136e-23   1.227171e-02   3.193100e-23   1135408
  3.947122e+01   1.819972e-23   1.227296e-02   3.201822e-23   1110324
  3.951374e+01   -8.103487e-23   1.227570e-02   3.230299e-23   1085680
  3.955625e+01   4.933738e-23   1.226737e-02   3.244985e-23   1060364
  3.959875e+01   1.858769e-23   1.227507e-02   3.264762e-23   1036736
  3.964128e+01   -7.940776e-24   1.228225e-02   3.283848e-23   1013388
  3.968380e+01   4.190797e-23   1.226708e-02   3.304631e-23   988656
  3.972630e+01   -9.962877e-24   1.226695e-02   3.332354e-23   965530
  3.976879e+01   -1.111277e-22   1.225942e-02   3.357066e-23   942100
  3.981127e+01   -6.964439e-23   1.226457e-02   3.381615e-23   919888
  3.985377e+01   1.769908e-23   1.226597e-02   3.408735e-23   897628
  3.989627e+01   4.208471e-23   1.227002e-02   3.433169e-23   875856
  3.993878e+01   5.847731e-23   1.227840e-02   3.453372e-23   854736
  3.998132e+01   8.055662e-23   1.228018e-02   3.479184e-23   833510
  4.002385e+01   1.307325e-23   1.227248e-02   3.520378e-23   811976
  4.006635e+01   6.773938e-23   1.226626e-02   3.540165e-23   790844
  4.010884e+01   -5.690983e-23   1.226521e-02   3.570898e-23   770320
  4.015135e+01   1.295990e-23   1.227665e-02   3.605709e-23   750838
  4.019387e+01   8.821444e-24   1.227491e-02   3.633270e-23   730864
  4.023638e+01   1.488838e-23   1.226816e-02   3.678247e-23   710984
  4.027888e+01   -2.102712e-23   1.226909e-02   3.713533e-23   691894
  4.032138e+01   7.626801e-24   1.226442e-02   3.740438e-23   672776
  4.036388e+01   2.044623e-23   1.226826e-02   3.796168e-23   654372
  4.040638e+01   1.029234e-22   1.226215e-02   3.818631e-23   635682
  4.044886e+01   -1.339751e-23   1.225955e-02   3.864422e-23   617460
  4.049134e+01   -1.689749e-23   1.226707e-02   3.897544e-23   600024
  4.053385e+01   -3.974070e-24   1.227362e-02   3.963003e-23   582830
  4.057638e+01   3.782184e-23   1.228135e-02   3.993169e-23   566000
  4.061890e+01   2.051046e-23   1.226617e-02   4.045235e-23   548458
  4.066141e+01   -7.049641e-23   1.227047e-02   4.110327e-23   532084
  4.070391e+01   1.104194e-23   1.226296e-02   4.143485e-23   515440
  4.074640e+01   1.170423e-22   1.225813e-02   4.192913e-23   499174
  4.078887e+01   -1.357446e-24   1.225821e-02   4.272775e-23   483368
  4.083136e+01   1.305075e-22   1.227023e-02   4.320748e-23   468270
  4.087389e+01   1.156779e-22   1.228696e-02   4.372892e-23   453568
  4.091643e+01   7.609878e-23   1.227409e-02   4.441776e-23   438106
  4.095894e+01   -4.514496e-24   1.227469e-02   4.514493e-23   423508
  4.100145e+01   -3.403934e-23   1.226141e-02   4.566989e-23   408754
  4.104393e+01   -5.677837e-23   1.225820e-02   4.626645e-23   394612
  4.108642e+01   -9.383566e-23   1.225930e-02   4.723775e-23   380826
  4.112890e+01   3.228154e-23   1.225454e-02   4.808980e-23   367086
  4.117139e+01   -1.862807e-23   1.226090e-02   4.875886e-23   353904
  4.121389e+01   -1.284946e-22   1.227137e-02   4.943128e-23   341046
  4.125641e+01   4.610994e-23   1.227131e-02   5.046074e-23   328144
  4.129892e+01   -1.790258e-23   1.227396e-02   5.121537e-23   315598
  4.134144e+01   -2.053770e-23   1.228177e-02   5.244751e-23   303466
  4.138397e+01   -3.088740e-23   1.228223e-02   5.329133e-23   291456
  4.142650e+01   -1.239656e-22   1.227604e-02   5.411078e-23   279614
  4.146899e+01   7.405619e-23   1.225106e-02   5.514493e-23   267680
  4.151144e+01   8.376762e-23   1.224457e-02   5.630492e-23   256438
  4.155391e+01   7.746084e-23   1.224802e-02   5.754072e-23   245618
  4.159638e+01   -1.350723e-22   1.223546e-02   5.869349e-23   234708
  4.163882e+01   -1.063851e-22   1.223171e-02   6.010647e-23   224210
  4.168126e+01   -1.496297e-24   1.223403e-02   6.150841e-23   214046
  4.172371e+01   -4.258827e-23   1.223949e-02   6.288437e-23   204152
  4.176619e+01   5.940887e-23   1.225107e-02   6.444457e-23   194558
  4.180866e+01   2.508816e-23   1.225135e-02   6.607491e-23   185018
  4.185115e+01   5.875477e-23   1.226437e-02   6.782824e-23   175918
  4.189365e+01   -9.977373e-23   1.227339e-02   6.939014e-23   166992
  4.193617e+01   -2.010167e-22   1.228038e-02   7.091078e-23   158294
  4.197870e+01   7.646240e-23   1.228439e-02   7.305587e-23   149842
  4.202124e+01   1.029612e-22   1.227461e-02   7.542081e-23   141530
  4.206372e+01   2.697915e-23   1.224204e-02   7.753339e-23   133284
  4.210617e+01   2.301355e-23   1.222942e-02   7.933083e-23   125546
  4.214861e+01   -1.436949e-22   1.220458e-02   8.211327e-23   117950
  4.219103e+01   2.599006e-22   1.219441e-02   8.449632e-23   110746
  4.223344e+01   -4.405867e-23   1.215920e-02   8.784149e-23   103572
  4.227581e+01   -5.363808e-24   1.214429e-02   9.025541e-23   96818
  4.231818e+01   -1.404514e-23   1.212533e-02   9.387350e-23   90262
  4.236054e+01   -2.326566e-23   1.210927e-02   9.874835e-23   83970
  4.240287e+01   -9.847515e-23   1.207941e-02   1.019360e-22   77846
  4.244517e+01   2.252281e-23   1.204821e-02   1.053502e-22   71984
  4.248745e+01   1.893170e-22   1.202292e-02   1.096027e-22   66398
  4.252973e+01   2.150038e-22   1.200147e-02   1.158806e-22   61058
  4.257200e+01   -1.588774e-22   1.198286e-02   1.200128e-22   55958
  4.261428e+01   -5.801197e-23   1.196279e-02   1.259386e-22   51082
  4.265654e+01   4.597957e-23   1.192707e-02   1.328377e-22   46398
  4.269877e+01   -7.648417e-24   1.188372e-02   1.393372e-22   41954
  4.274096e+01   -7.936553e-23   1.182018e-02   1.488817e-22   37718
  4.278311e+01   6.694801e-23   1.175253e-02   1.539788e-22   33736
  4.282524e+01   -2.685300e-22   1.169132e-02   1.661598e-22   30006
  4.286737e+01   -3.002844e-22   1.164907e-02   1.733824e-22   26522
  4.290955e+01   -5.175733e-22   1.162191e-02   1.869705e-22   23254
  4.295172e+01   -4.638386e-22   1.158330e-02   2.009141e-22   20178
  4.299391e+01   -8.552143e-23   1.156315e-02   2.180092e-22   17342
  4.303612e+01   -3.306192e-22   1.154632e-02   2.343369e-22   14714
  4.307837e+01   -1.005739e-22   1.155162e-02   2.591980e-22   12310
  4.312059e+01   6.169629e-22   1.152174e-02   2.929278e-22   10098
  4.316283e+01   2.089053e-22   1.151731e-02   3.205249e-22   8126
  4.320507e+01   2.615358e-22   1.151119e-02   3.661174e-22   6362
  4.324736e+01   -1.424884e-22   1.155455e-02   4.192319e-22   4822
  4.328956e+01   -3.272902e-22   1.148980e-02   4.836395e-22   3474
  4.333169e+01   3.291858e-22   1.147690e-02   6.044122e-22   2366
  4.337376e+01   -1.295515e-21   1.144014e-02   8.043655e-22   1466
  4.341590e+01   -1.525367e-21   1.170054e-02   1.084739e-21   790
  4.345704e+01   -8.375818e-22   1.106884e-02   2.055700e-21   306
  4.349554e+01   -7.430147e-22   9.430857e-03   4.055000e-21   62
