# cross spectrum of phi(z1) and phi(z2)
# redshift z=0.496948
# k              Pk             sigma(k)       sigma(Pk)      count
  3.132125e-02   6.474319e-11   4.792454e-03   1.782271e-11   18
  6.745391e-02   2.981451e-11   1.159167e-02   2.984377e-12   152
  1.090113e-01   1.036988e-11   1.224347e-02   5.155822e-13   416
  1.497134e-01   4.576643e-12   1.165022e-02   1.837006e-13   770
  1.923472e-01   2.353269e-12   1.247860e-02   7.079358e-14   1364
  2.350444e-01   1.310671e-12   1.221820e-02   3.194806e-14   1976
  2.775930e-01   8.096540e-13   1.245022e-02   1.739862e-14   2792
  3.193857e-01   5.453139e-13   1.188722e-02   1.018989e-14   3578
  3.615292e-01   3.560964e-13   1.219808e-02   6.267589e-15   4724
  4.045273e-01   2.505158e-13   1.253838e-02   4.035150e-15   6032
  4.469941e-01   1.708627e-13   1.206640e-02   2.791116e-15   7072
  4.890810e-01   1.314490e-13   1.222555e-02   2.023749e-15   8634
  5.318886e-01   9.780562e-14   1.238102e-02   1.468598e-15   10336
  5.746708e-01   7.075523e-14   1.232804e-02   1.062075e-15   11940
  6.167490e-01   5.181991e-14   1.208586e-02   8.461677e-16   13490
  6.588740e-01   4.111588e-14   1.221778e-02   6.743281e-16   15656
  7.016595e-01   3.260529e-14   1.241043e-02   5.166358e-16   18008
  7.443680e-01   2.460235e-14   1.227786e-02   4.250411e-16   19964
  7.867827e-01   1.831826e-14   1.226437e-02   3.429522e-16   22354
  8.291404e-01   1.390129e-14   1.212327e-02   2.898633e-16   24648
  8.716536e-01   1.048301e-14   1.233244e-02   2.427361e-16   27592
  9.142068e-01   7.672338e-15   1.230127e-02   2.041076e-16   30152
  9.566749e-01   5.824823e-15   1.227622e-02   1.769625e-16   33046
  9.991233e-01   4.079666e-15   1.221538e-02   1.526491e-16   35992
  1.041693e+00   3.289353e-15   1.229906e-02   1.333961e-16   39304
  1.084289e+00   2.486259e-15   1.232858e-02   1.150295e-16   42608
  1.126820e+00   1.986117e-15   1.223307e-02   1.031935e-16   45758
  1.169340e+00   1.445860e-15   1.228914e-02   8.967509e-17   49536
  1.211695e+00   1.098000e-15   1.215683e-02   7.983448e-17   52488
  1.254054e+00   7.376391e-16   1.233851e-02   7.167530e-17   57034
  1.296605e+00   4.717453e-16   1.224458e-02   6.443685e-17   60648
  1.339187e+00   3.619137e-16   1.230532e-02   5.766033e-17   65044
  1.381689e+00   2.331503e-16   1.223104e-02   5.238060e-17   68720
  1.424202e+00   1.526110e-16   1.231312e-02   4.706568e-17   73538
  1.466870e+00   2.093537e-16   1.230776e-02   4.228950e-17   78080
  1.509304e+00   9.777732e-17   1.215944e-02   3.882992e-17   81572
  1.551677e+00   1.015957e-16   1.232495e-02   3.534773e-17   87248
  1.594353e+00   1.813857e-17   1.233837e-02   3.230681e-17   92266
  1.636929e+00   7.306574e-17   1.225268e-02   2.960436e-17   96696
  1.679216e+00   1.468671e-17   1.215041e-02   2.741919e-17   100904
  1.721516e+00   1.617509e-18   1.226207e-02   2.516210e-17   107036
  1.764192e+00   9.047891e-18   1.235795e-02   2.317688e-17   113362
  1.806923e+00   -4.212437e-17   1.228837e-02   2.150167e-17   118176
  1.849351e+00   -2.866332e-17   1.221864e-02   2.001320e-17   122944
  1.891857e+00   -8.733989e-18   1.233203e-02   1.826393e-17   129902
  1.934420e+00   -7.592985e-18   1.224691e-02   1.699886e-17   134944
  1.976863e+00   -4.440583e-19   1.225992e-02   1.588674e-17   140952
  2.019285e+00   -2.676292e-18   1.225865e-02   1.469106e-17   147072
  2.061737e+00   3.199413e-17   1.224320e-02   1.365729e-17   153382
  2.104357e+00   -1.827736e-18   1.233049e-02   1.270943e-17   160952
  2.147003e+00   1.816716e-19   1.228118e-02   1.194488e-17   166640
  2.189431e+00   8.799216e-18   1.222861e-02   1.117816e-17   172448
  2.231915e+00   7.212431e-18   1.231031e-02   1.051139e-17   180594
  2.274471e+00   -5.283426e-18   1.224284e-02   9.799228e-18   186556
  2.316888e+00   6.040865e-18   1.225358e-02   9.220475e-18   193528
  2.359297e+00   -2.333014e-18   1.224273e-02   8.698284e-18   200626
  2.401844e+00   -1.452799e-17   1.230642e-02   8.127837e-18   209256
  2.444460e+00   4.630170e-18   1.227865e-02   7.700650e-18   216020
  2.487004e+00   6.516251e-18   1.230299e-02   7.234410e-18   223768
  2.529444e+00   -3.041289e-18   1.222313e-02   6.832348e-18   230234
  2.571955e+00   -5.286061e-18   1.229969e-02   6.398568e-18   239800
  2.614499e+00   5.762976e-19   1.225221e-02   6.098592e-18   246568
  2.656957e+00   2.873234e-18   1.227331e-02   5.759533e-18   254828
  2.699414e+00   -3.506804e-18   1.225769e-02   5.425913e-18   263074
  2.741981e+00   -1.294488e-18   1.228604e-02   5.145280e-18   272312
  2.784554e+00   -3.468079e-18   1.228079e-02   4.870482e-18   280376
  2.827093e+00   -7.270449e-18   1.228600e-02   4.629051e-18   288884
  2.869605e+00   -2.110734e-18   1.227401e-02   4.389567e-18   297602
  2.912071e+00   8.538645e-18   1.223046e-02   4.193602e-18   305520
  2.954561e+00   -9.115019e-18   1.230079e-02   3.948728e-18   315976
  2.996984e+00   2.449063e-18   1.221089e-02   3.771011e-18   322778
  3.039488e+00   6.604207e-18   1.232008e-02   3.572725e-18   335372
  3.082114e+00   -6.413720e-18   1.227327e-02   3.401321e-18   343464
  3.124654e+00   -1.147490e-18   1.228282e-02   3.241326e-18   352912
  3.167174e+00   6.405678e-18   1.228199e-02   3.090581e-18   362666
  3.209689e+00   6.059905e-18   1.225476e-02   2.943210e-18   371884
  3.252186e+00   2.291783e-18   1.227971e-02   2.811864e-18   382280
  3.294633e+00   -1.787745e-18   1.224302e-02   2.686941e-18   390888
  3.337059e+00   4.436081e-19   1.226867e-02   2.567128e-18   402234
  3.379565e+00   5.883103e-18   1.225933e-02   2.455398e-18   412576
  3.422105e+00   1.745519e-18   1.228715e-02   2.346286e-18   423732
  3.464636e+00   -7.461606e-19   1.227257e-02   2.243640e-18   433624
  3.507180e+00   5.494699e-18   1.228881e-02   2.143816e-18   445154
  3.549739e+00   7.719132e-18   1.227656e-02   2.047430e-18   455584
  3.592238e+00   6.541659e-18   1.225887e-02   1.964265e-18   465588
  3.634685e+00   1.335800e-18   1.226065e-02   1.888128e-18   476762
  3.677219e+00   4.710533e-18   1.229242e-02   1.802417e-18   489552
  3.719789e+00   1.581394e-18   1.227853e-02   1.730734e-18   500328
  3.762251e+00   -1.151830e-19   1.223705e-02   1.667024e-18   509852
  3.804741e+00   4.024912e-18   1.229735e-02   1.593539e-18   524234
  3.847275e+00   6.467046e-18   1.224781e-02   1.534105e-18   534104
  3.889779e+00   1.537417e-18   1.228211e-02   1.467980e-18   547048
  3.932320e+00   1.778481e-19   1.229545e-02   1.415919e-18   559328
  3.974872e+00   3.087493e-18   1.228346e-02   1.354882e-18   571326
  4.017355e+00   1.013807e-18   1.224147e-02   1.307679e-18   581920
  4.059804e+00   -5.789138e-19   1.225835e-02   1.253947e-18   594832
  4.102282e+00   -3.132522e-18   1.227222e-02   1.204961e-18   608048
  4.144825e+00   -1.966186e-18   1.228101e-02   1.162318e-18   621526
  4.187356e+00   2.489649e-18   1.226445e-02   1.123706e-18   633240
  4.229822e+00   -8.953729e-19   1.225981e-02   1.080292e-18   645472
  4.272346e+00   2.777477e-18   1.230137e-02   1.041510e-18   660906
  4.314903e+00   2.389647e-19   1.227030e-02   1.005567e-18   672856
  4.357425e+00   1.285541e-18   1.226838e-02   9.638229e-19   685980
  4.399921e+00   1.532960e-19   1.227191e-02   9.300980e-19   699256
  4.442476e+00   9.069870e-19   1.229990e-02   8.922268e-19   714730
  4.484986e+00   -1.152963e-18   1.223739e-02   8.669688e-19   725152
  4.527452e+00   -9.178620e-19   1.227054e-02   8.356884e-19   740420
  4.569941e+00   -2.132062e-19   1.227636e-02   8.074704e-19   754312
  4.612456e+00   1.600526e-18   1.227959e-02   7.791328e-19   769114
  4.654996e+00   2.809144e-19   1.227684e-02   7.511840e-19   783488
  4.697459e+00   1.207223e-18   1.223560e-02   7.259527e-19   794968
  4.739925e+00   1.613794e-18   1.228043e-02   7.006070e-19   812366
  4.782438e+00   1.645355e-18   1.226054e-02   6.799491e-19   825976
  4.825000e+00   5.609380e-19   1.230088e-02   6.547744e-19   843352
  4.867591e+00   2.250529e-19   1.229290e-02   6.322668e-19   857280
  4.910094e+00   7.241861e-19   1.225276e-02   6.140316e-19   869542
  4.952587e+00   1.552173e-18   1.228301e-02   5.929906e-19   887128
  4.995087e+00   8.490799e-19   1.225266e-02   5.731746e-19   900032
  5.037553e+00   2.128242e-18   1.226951e-02   5.549001e-19   916560
  5.080018e+00   8.666377e-19   1.224713e-02   5.380012e-19   930922
  5.122540e+00   1.255072e-18   1.228718e-02   5.202123e-19   949844
  5.165149e+00   1.724087e-18   1.230776e-02   5.030178e-19   966736
  5.207698e+00   5.077569e-19   1.226328e-02   4.875963e-19   978776
  5.250149e+00   1.324324e-18   1.225655e-02   4.710763e-19   994522
  5.292642e+00   2.985548e-18   1.227563e-02   4.569342e-19   1012420
  5.335176e+00   -6.437167e-20   1.228639e-02   4.430146e-19   1029408
  5.377640e+00   1.057942e-18   1.223362e-02   4.309350e-19   1041658
  5.420127e+00   7.625603e-19   1.228953e-02   4.170794e-19   1063520
  5.462635e+00   1.107417e-18   1.224276e-02   4.057516e-19   1075808
  5.505175e+00   8.616455e-19   1.232008e-02   3.917662e-19   1098956
  5.547712e+00   1.508943e-18   1.224668e-02   3.813779e-19   1109810
  5.590179e+00   3.117096e-19   1.226115e-02   3.695421e-19   1128608
  5.632713e+00   1.452221e-18   1.229436e-02   3.584007e-19   1148264
  5.675250e+00   8.302495e-19   1.227167e-02   3.485095e-19   1163252
  5.717744e+00   6.373119e-19   1.226828e-02   3.388116e-19   1181042
  5.760239e+00   4.902882e-19   1.225730e-02   3.276928e-19   1197848
  5.802769e+00   9.619161e-19   1.229495e-02   3.177698e-19   1218848
  5.845291e+00   9.547945e-19   1.225944e-02   3.087390e-19   1232916
  5.887780e+00   3.000446e-19   1.227538e-02   3.001227e-19   1253002
  5.930266e+00   5.837771e-19   1.224914e-02   2.915180e-19   1268576
  5.972763e+00   4.554665e-19   1.228621e-02   2.826800e-19   1290128
  6.015287e+00   5.491462e-19   1.227337e-02   2.757811e-19   1307402
  6.057820e+00   6.636578e-19   1.227649e-02   2.681084e-19   1327028
  6.100333e+00   4.441077e-19   1.225988e-02   2.601401e-19   1343648
  6.142842e+00   6.981593e-20   1.228087e-02   2.527144e-19   1364096
  6.185363e+00   7.825795e-19   1.227580e-02   2.455463e-19   1382730
  6.227896e+00   2.767707e-19   1.227503e-02   2.393961e-19   1402164
  6.270416e+00   -6.126151e-19   1.227264e-02   2.328168e-19   1420464
  6.312883e+00   -7.059904e-19   1.225519e-02   2.265660e-19   1437368
  6.355387e+00   -5.029786e-19   1.228857e-02   2.199706e-19   1461530
  6.397919e+00   -1.104518e-18   1.226028e-02   2.141072e-19   1478264
  6.440432e+00   8.227619e-20   1.227561e-02   2.085042e-19   1499356
  6.482926e+00   -2.339058e-19   1.226095e-02   2.022276e-19   1517016
  6.525439e+00   -7.227546e-19   1.228340e-02   1.974641e-19   1540090
  6.567953e+00   -7.531169e-20   1.226146e-02   1.926482e-19   1557360
  6.610434e+00   -5.136967e-19   1.226770e-02   1.872507e-19   1577780
  6.652969e+00   1.029046e-19   1.230043e-02   1.821903e-19   1602578
  6.695499e+00   -5.272448e-19   1.225417e-02   1.774360e-19   1617672
  6.737992e+00   -4.075097e-19   1.227613e-02   1.730043e-19   1641016
  6.780486e+00   -4.720032e-19   1.226032e-02   1.686542e-19   1659416
  6.822983e+00   -6.758317e-20   1.227372e-02   1.639523e-19   1682670
  6.865529e+00   -2.665790e-19   1.228276e-02   1.597905e-19   1705256
  6.908096e+00   -3.098370e-19   1.228756e-02   1.559585e-19   1726312
  6.950582e+00   1.926879e-19   1.225056e-02   1.519129e-19   1741880
  6.993044e+00   -2.710305e-19   1.226862e-02   1.476004e-19   1766454
  7.035588e+00   -1.949212e-19   1.229242e-02   1.437626e-19   1791784
  7.078111e+00   -3.182213e-19   1.225558e-02   1.407216e-19   1807712
  7.120554e+00   2.458386e-19   1.225110e-02   1.370453e-19   1829002
  7.163037e+00   5.822655e-19   1.226905e-02   1.335879e-19   1854216
  7.205602e+00   4.685080e-19   1.229852e-02   1.301845e-19   1880156
  7.248150e+00   4.897400e-19   1.227340e-02   1.270504e-19   1897568
  7.290651e+00   6.439281e-19   1.227390e-02   1.238386e-19   1920458
  7.333153e+00   1.176791e-19   1.226399e-02   1.205241e-19   1942208
  7.375659e+00   4.319676e-19   1.227125e-02   1.180005e-19   1965612
  7.418175e+00   4.370488e-19   1.227855e-02   1.148654e-19   1989000
  7.460671e+00   4.793856e-19   1.225786e-02   1.121170e-19   2009114
  7.503166e+00   2.745289e-19   1.226960e-02   1.094893e-19   2034464
  7.545695e+00   3.424866e-19   1.228070e-02   1.066802e-19   2058476
  7.588207e+00   3.580375e-19   1.227216e-02   1.042651e-19   2079648
  7.630693e+00   9.722829e-20   1.226356e-02   1.016939e-19   2102578
  7.673222e+00   2.262140e-19   1.228297e-02   9.934407e-20   2129928
  7.715766e+00   3.738490e-20   1.227893e-02   9.701387e-20   2152096
  7.758252e+00   2.429372e-19   1.225143e-02   9.486599e-20   2171142
  7.800741e+00   2.562139e-19   1.227660e-02   9.255433e-20   2200248
  7.843296e+00   1.777929e-19   1.228407e-02   9.022599e-20   2225216
  7.885842e+00   7.426367e-20   1.228377e-02   8.822915e-20   2248448
  7.928336e+00   -6.682953e-20   1.225709e-02   8.632199e-20   2267942
  7.970840e+00   6.272167e-20   1.228420e-02   8.411984e-20   2298072
  8.013348e+00   2.535599e-20   1.225627e-02   8.230873e-20   2317272
  8.055842e+00   8.885402e-20   1.227899e-02   8.021666e-20   2345808
  8.098322e+00   1.675410e-20   1.224988e-02   7.857620e-20   2365650
  8.140823e+00   8.769602e-20   1.227972e-02   7.675564e-20   2396940
  8.183368e+00   -5.767880e-21   1.227975e-02   7.500501e-20   2421272
  8.225892e+00   1.046328e-19   1.227360e-02   7.305066e-20   2444576
  8.268407e+00   -1.388421e-19   1.227899e-02   7.142234e-20   2471490
  8.310912e+00   -1.057947e-19   1.225942e-02   7.004948e-20   2493180
  8.353397e+00   -8.514647e-20   1.227208e-02   6.846689e-20   2520952
  8.395888e+00   4.173807e-20   1.226128e-02   6.683171e-20   2544946
  8.438392e+00   -7.963404e-20   1.227324e-02   6.533771e-20   2573856
  8.480922e+00   8.329018e-20   1.227611e-02   6.396741e-20   2600016
  8.523447e+00   -3.986611e-20   1.227641e-02   6.250291e-20   2625484
  8.565959e+00   4.950031e-21   1.227232e-02   6.112430e-20   2651122
  8.608519e+00   -2.604281e-19   1.229739e-02   5.966177e-20   2683488
  8.651014e+00   8.406940e-21   1.223786e-02   5.852477e-20   2696352
  8.693483e+00   -1.200088e-19   1.228468e-02   5.722719e-20   2733020
  8.736008e+00   -1.442055e-19   1.227012e-02   5.597533e-20   2757378
  8.778525e+00   -9.066054e-20   1.227177e-02   5.474691e-20   2784864
  8.821036e+00   -3.111029e-20   1.227124e-02   5.359906e-20   2811168
  8.863496e+00   -2.333859e-20   1.224424e-02   5.249236e-20   2832274
  8.906020e+00   -6.636617e-21   1.230244e-02   5.123752e-20   2873636
  8.948567e+00   3.170159e-20   1.225951e-02   5.011863e-20   2890496
  8.991066e+00   5.309646e-20   1.227940e-02   4.906825e-20   2921800
  9.033598e+00   1.252132e-19   1.228441e-02   4.800631e-20   2951298
  9.076126e+00   7.440830e-20   1.226510e-02   4.709721e-20   2975476
  9.118654e+00   -8.254760e-20   1.228550e-02   4.593164e-20   3007728
  9.161142e+00   9.563501e-20   1.224754e-02   4.512094e-20   3025776
  9.203640e+00   -5.710482e-21   1.229182e-02   4.406698e-20   3065762
  9.246160e+00   7.991138e-20   1.225283e-02   4.327893e-20   3084856
  9.288649e+00   1.205204e-19   1.227594e-02   4.232781e-20   3118044
  9.331129e+00   -4.030257e-20   1.225728e-02   4.147365e-20   3141352
  9.373640e+00   6.244414e-20   1.228814e-02   4.054424e-20   3179274
  9.416185e+00   -7.464740e-20   1.227073e-02   3.971724e-20   3204120
  9.458671e+00   4.960372e-20   1.225444e-02   3.894301e-20   3227900
  9.501151e+00   3.345474e-20   1.227489e-02   3.807255e-20   3262394
  9.543701e+00   3.869424e-21   1.228726e-02   3.725887e-20   3295680
  9.586236e+00   -2.545378e-20   1.226866e-02   3.657360e-20   3319560
  9.628737e+00   -5.040427e-20   1.227228e-02   3.574635e-20   3348972
  9.671240e+00   -6.759935e-20   1.227416e-02   3.501939e-20   3379722
  9.713763e+00   5.564980e-20   1.227339e-02   3.437337e-20   3410720
  9.756299e+00   4.563656e-21   1.227807e-02   3.364661e-20   3441504
  9.798787e+00   5.795611e-20   1.225320e-02   3.296712e-20   3463624
  9.841266e+00   -1.234732e-20   1.227217e-02   3.227948e-20   3499790
  9.883803e+00   4.027498e-22   1.228281e-02   3.162412e-20   3533560
  9.926350e+00   -5.078475e-20   1.227932e-02   3.100693e-20   3561920
  9.968836e+00   1.814424e-20   1.225683e-02   3.040560e-20   3585208
  1.001132e+01   9.697275e-22   1.227674e-02   2.980177e-20   3622518
  1.005387e+01   8.181181e-20   1.228938e-02   2.920843e-20   3657584
  1.009637e+01   3.787417e-20   1.225003e-02   2.865025e-20   3676440
  1.013883e+01   -2.501780e-20   1.226093e-02   2.808198e-20   3711282
  1.018134e+01   1.135025e-20   1.227505e-02   2.748540e-20   3747696
  1.022386e+01   1.526168e-20   1.226890e-02   2.699619e-20   3776188
  1.026640e+01   2.701380e-20   1.229793e-02   2.641761e-20   3815304
  1.030893e+01   -3.626240e-20   1.225864e-02   2.598546e-20   3835370
  1.035143e+01   6.511457e-21   1.227570e-02   2.543658e-20   3873424
  1.039395e+01   2.930869e-20   1.227191e-02   2.494646e-20   3903420
  1.043647e+01   -1.828002e-20   1.228014e-02   2.443499e-20   3937624
  1.047898e+01   -9.164487e-20   1.226404e-02   2.398828e-20   3965658
  1.052150e+01   -6.281071e-20   1.227921e-02   2.351428e-20   4002984
  1.056400e+01   -7.262539e-20   1.226054e-02   2.309269e-20   4027928
  1.060647e+01   -4.969045e-20   1.225976e-02   2.266642e-20   4059844
  1.064896e+01   1.386164e-20   1.227978e-02   2.218028e-20   4100338
  1.069151e+01   -9.072840e-20   1.227651e-02   2.178156e-20   4132264
  1.073403e+01   -6.366650e-20   1.227390e-02   2.135966e-20   4163216
  1.077652e+01   2.063271e-20   1.226459e-02   2.094344e-20   4193350
  1.081904e+01   -1.548685e-20   1.228427e-02   2.055000e-20   4234456
  1.086156e+01   1.890431e-20   1.225632e-02   2.021105e-20   4257264
  1.090405e+01   -2.527377e-20   1.227910e-02   1.979376e-20   4297352
  1.094656e+01   -1.627888e-20   1.226998e-02   1.941843e-20   4328642
  1.098909e+01   -4.351357e-20   1.228265e-02   1.903497e-20   4367948
  1.103158e+01   -1.885751e-20   1.224720e-02   1.873135e-20   4388384
  1.107408e+01   -1.890592e-20   1.228899e-02   1.833549e-20   4436648
  1.111661e+01   -4.044534e-20   1.227199e-02   1.798894e-20   4465658
  1.115915e+01   -3.590950e-21   1.227871e-02   1.765102e-20   4502948
  1.120165e+01   3.287635e-21   1.225915e-02   1.734294e-20   4528880
  1.124413e+01   3.569199e-20   1.226872e-02   1.703632e-20   4566290
  1.128665e+01   2.437912e-20   1.228262e-02   1.672374e-20   4606856
  1.132917e+01   2.366126e-20   1.226621e-02   1.640071e-20   4635380
  1.137166e+01   3.464910e-20   1.226853e-02   1.611398e-20   4670384
  1.141417e+01   4.172961e-20   1.227665e-02   1.579637e-20   4709258
  1.145672e+01   2.189953e-20   1.228130e-02   1.551612e-20   4747352
  1.149922e+01   4.522799e-20   1.225462e-02   1.522536e-20   4771664
  1.154171e+01   -2.086910e-21   1.227440e-02   1.494332e-20   4813532
  1.158423e+01   2.545609e-20   1.228175e-02   1.466113e-20   4852322
  1.162677e+01   2.231702e-20   1.227605e-02   1.441438e-20   4886480
  1.166928e+01   8.417880e-22   1.226516e-02   1.415347e-20   4917248
  1.171175e+01   -1.631832e-20   1.226039e-02   1.391503e-20   4950828
  1.175428e+01   1.009099e-20   1.229115e-02   1.362479e-20   5000170
  1.179682e+01   1.806403e-20   1.226743e-02   1.340692e-20   5026952
  1.183930e+01   9.295496e-21   1.225870e-02   1.317317e-20   5058752
  1.188178e+01   1.511282e-20   1.227096e-02   1.292486e-20   5100722
  1.192431e+01   2.861951e-21   1.227592e-02   1.269119e-20   5140124
  1.196682e+01   1.021478e-20   1.227175e-02   1.246468e-20   5174072
  1.200934e+01   -1.282675e-20   1.227571e-02   1.225124e-20   5211608
  1.205185e+01   7.733598e-21   1.227167e-02   1.203630e-20   5247794
  1.209436e+01   -1.077600e-20   1.226763e-02   1.182951e-20   5284196
  1.213689e+01   1.037300e-20   1.228663e-02   1.161562e-20   5328800
  1.217939e+01   -2.357927e-20   1.225244e-02   1.142673e-20   5350872
  1.222188e+01   -1.374397e-21   1.227843e-02   1.119844e-20   5400634
  1.226439e+01   4.507909e-21   1.226116e-02   1.100707e-20   5430968
  1.230690e+01   -9.676260e-21   1.228074e-02   1.080055e-20   5475908
  1.234942e+01   1.683296e-20   1.227341e-02   1.062807e-20   5510016
  1.239194e+01   1.011309e-20   1.227878e-02   1.043253e-20   5552114
  1.243448e+01   1.842384e-20   1.227536e-02   1.025655e-20   5588944
  1.247700e+01   -6.813860e-21   1.227081e-02   1.007835e-20   5623828
  1.251949e+01   -1.247655e-20   1.226652e-02   9.896458e-21   5660722
  1.256199e+01   8.324946e-21   1.226569e-02   9.731924e-21   5699896
  1.260450e+01   3.964372e-24   1.227587e-02   9.568110e-21   5741936
  1.264701e+01   2.930295e-20   1.227604e-02   9.401403e-21   5779568
  1.268952e+01   -1.019908e-20   1.227056e-02   9.244468e-21   5817222
  1.273202e+01   -4.475109e-21   1.226405e-02   9.088403e-21   5854600
  1.277454e+01   -1.559141e-20   1.227916e-02   8.919637e-21   5900040
  1.281705e+01   -1.549289e-20   1.226601e-02   8.779907e-21   5931976
  1.285956e+01   -1.497595e-20   1.228040e-02   8.632313e-21   5979390
  1.290207e+01   -8.850629e-21   1.226129e-02   8.483168e-21   6010200
  1.294458e+01   -1.419445e-20   1.227731e-02   8.343839e-21   6056496
  1.298708e+01   -4.281322e-21   1.226484e-02   8.194604e-21   6089504
  1.302958e+01   -6.151802e-21   1.227756e-02   8.049459e-21   6137114
  1.307210e+01   1.462282e-21   1.226880e-02   7.922599e-21   6173332
  1.311461e+01   -1.618708e-20   1.227153e-02   7.781949e-21   6214128
  1.315711e+01   -9.110849e-21   1.226922e-02   7.653020e-21   6253874
  1.319964e+01   -1.688476e-20   1.227851e-02   7.526589e-21   6300104
  1.324216e+01   -4.034737e-21   1.226546e-02   7.397326e-21   6332612
  1.328467e+01   6.627127e-21   1.228096e-02   7.266515e-21   6379768
  1.332719e+01   1.820654e-21   1.227439e-02   7.153535e-21   6418218
  1.336971e+01   -1.852270e-20   1.227344e-02   7.041080e-21   6459880
  1.341221e+01   -1.563663e-20   1.226446e-02   6.924927e-21   6495652
  1.345472e+01   -1.274397e-20   1.228092e-02   6.795548e-21   6545296
  1.349724e+01   1.797768e-22   1.226891e-02   6.694387e-21   6581570
  1.353974e+01   8.586539e-21   1.226098e-02   6.585538e-21   6618960
  1.358222e+01   7.139013e-21   1.226863e-02   6.467918e-21   6663352
  1.362471e+01   -3.590223e-21   1.226151e-02   6.371159e-21   6701334
  1.366724e+01   -4.530831e-21   1.229005e-02   6.256083e-21   6759920
  1.370978e+01   4.274537e-21   1.226871e-02   6.158474e-21   6789696
  1.375229e+01   -1.860712e-21   1.227982e-02   6.053704e-21   6837208
  1.379481e+01   -1.127374e-20   1.226997e-02   5.957906e-21   6874966
  1.383733e+01   -6.817551e-21   1.227445e-02   5.859413e-21   6920864
  1.387984e+01   -1.477309e-21   1.226703e-02   5.764435e-21   6957816
  1.392234e+01   6.292846e-22   1.227258e-02   5.668107e-21   7002232
  1.396483e+01   -5.342063e-21   1.226616e-02   5.579598e-21   7043114
  1.400736e+01   -1.627437e-21   1.228161e-02   5.488422e-21   7096020
  1.404988e+01   -8.421675e-21   1.226958e-02   5.400717e-21   7130640
  1.409239e+01   -1.033950e-20   1.227310e-02   5.314229e-21   7175472
  1.413489e+01   -6.604169e-21   1.226899e-02   5.221019e-21   7217786
  1.417741e+01   -1.218602e-20   1.227600e-02   5.145526e-21   7265564
  1.421992e+01   -9.397351e-21   1.226528e-02   5.062078e-21   7301288
  1.426240e+01   -1.530472e-20   1.226550e-02   4.984209e-21   7345330
  1.430491e+01   -1.378666e-20   1.227621e-02   4.898384e-21   7397048
  1.434743e+01   -1.088731e-20   1.226815e-02   4.819476e-21   7435920
  1.438994e+01   -6.606675e-21   1.227688e-02   4.742351e-21   7484140
  1.443245e+01   5.542407e-21   1.227057e-02   4.671313e-21   7525578
  1.447497e+01   -1.083184e-21   1.227007e-02   4.598224e-21   7571376
  1.451748e+01   5.557457e-21   1.227392e-02   4.521393e-21   7617064
  1.456001e+01   6.748869e-21   1.227782e-02   4.453541e-21   7662092
  1.460251e+01   3.469497e-22   1.226530e-02   4.382820e-21   7699658
  1.464502e+01   -9.870432e-21   1.227578e-02   4.310633e-21   7752416
  1.468755e+01   -4.523310e-21   1.227763e-02   4.244851e-21   7797776
  1.473004e+01   1.987743e-21   1.226070e-02   4.179061e-21   7831720
  1.477255e+01   -3.279235e-21   1.227889e-02   4.108923e-21   7889926
  1.481507e+01   -4.661915e-21   1.227192e-02   4.045928e-21   7931480
  1.485759e+01   2.052443e-21   1.227300e-02   3.986528e-21   7976688
  1.490006e+01   2.159477e-21   1.225048e-02   3.927326e-21   8007786
  1.494256e+01   8.546473e-21   1.228133e-02   3.857200e-21   8074564
  1.498510e+01   -4.551379e-23   1.228034e-02   3.799570e-21   8118904
  1.502762e+01   -1.107319e-20   1.226783e-02   3.743317e-21   8155824
  1.507013e+01   9.761242e-22   1.228256e-02   3.683795e-21   8212802
  1.511265e+01   -4.327915e-21   1.226047e-02   3.628053e-21   8245268
  1.515516e+01   -3.660191e-21   1.228702e-02   3.568020e-21   8308816
  1.519769e+01   -1.347095e-21   1.226520e-02   3.516094e-21   8340304
  1.524017e+01   -4.763406e-21   1.226489e-02   3.467096e-21   8387738
  1.528267e+01   -3.856886e-21   1.226883e-02   3.409798e-21   8437624
  1.532518e+01   -7.550836e-21   1.227531e-02   3.358552e-21   8487796
  1.536768e+01   2.403247e-21   1.226572e-02   3.307957e-21   8527936
  1.541020e+01   -7.403114e-21   1.227764e-02   3.255904e-21   8585122
  1.545272e+01   -3.872186e-21   1.227170e-02   3.206257e-21   8628200
  1.549524e+01   2.136020e-21   1.227868e-02   3.156291e-21   8679484
  1.553776e+01   4.115278e-22   1.226928e-02   3.105939e-21   8721466
  1.558025e+01   1.304580e-21   1.226318e-02   3.061928e-21   8765840
  1.562277e+01   -3.600752e-21   1.228142e-02   3.010771e-21   8825136
  1.566528e+01   -1.319933e-21   1.226701e-02   2.971919e-21   8861768
  1.570779e+01   -2.900818e-21   1.227728e-02   2.923133e-21   8919278
  1.575031e+01   -1.161539e-21   1.226638e-02   2.877938e-21   8961008
  1.579282e+01   -1.061823e-20   1.227512e-02   2.834935e-21   9014456
  1.583534e+01   -4.820271e-21   1.227527e-02   2.792282e-21   9062240
  1.587786e+01   -3.407694e-21   1.227311e-02   2.753416e-21   9110510
  1.592036e+01   -2.293530e-21   1.226582e-02   2.712125e-21   9154048
  1.596285e+01   1.652311e-21   1.226281e-02   2.667545e-21   9198928
  1.600534e+01   -3.414309e-21   1.227531e-02   2.634432e-21   9257194
  1.604787e+01   4.475944e-21   1.227745e-02   2.590581e-21   9310168
  1.609038e+01   -7.402741e-21   1.226530e-02   2.552959e-21   9350316
  1.613289e+01   6.691783e-21   1.227684e-02   2.512928e-21   9407120
  1.617541e+01   -6.002193e-21   1.227300e-02   2.478303e-21   9454642
  1.621793e+01   2.432300e-23   1.227362e-02   2.438228e-21   9506272
  1.626044e+01   -9.846898e-22   1.226942e-02   2.404507e-21   9551228
  1.630294e+01   3.055198e-21   1.227038e-02   2.369616e-21   9600264
  1.634544e+01   2.890014e-21   1.227012e-02   2.334203e-21   9651458
  1.638796e+01   -1.681330e-21   1.228049e-02   2.298073e-21   9711488
  1.643048e+01   3.276767e-21   1.226476e-02   2.264128e-21   9749144
  1.647299e+01   3.265518e-21   1.227613e-02   2.231704e-21   9807908
  1.651550e+01   5.770319e-21   1.227043e-02   2.200351e-21   9854786
  1.655803e+01   -1.966113e-21   1.228107e-02   2.164420e-21   9914304
  1.660053e+01   4.458425e-21   1.225867e-02   2.136675e-21   9945544
  1.664301e+01   -6.858702e-22   1.226718e-02   2.105557e-21   10003414
  1.668552e+01   1.523768e-22   1.227468e-02   2.074005e-21   10062032
  1.672804e+01   1.682858e-21   1.227657e-02   2.042735e-21   10114792
  1.677058e+01   7.145387e-21   1.228180e-02   2.012303e-21   10169936
  1.681307e+01   -1.863958e-21   1.225060e-02   1.988688e-21   10196602
  1.685558e+01   3.217578e-21   1.228906e-02   1.955743e-21   10281156
  1.689811e+01   -2.046388e-21   1.226275e-02   1.930056e-21   10309376
  1.694060e+01   1.225813e-21   1.227427e-02   1.900330e-21   10369856
  1.698310e+01   -4.707300e-22   1.226425e-02   1.873600e-21   10415370
  1.702562e+01   1.959199e-21   1.228018e-02   1.847419e-21   10481988
  1.706815e+01   -3.591721e-21   1.227822e-02   1.821128e-21   10531200
  1.711066e+01   7.026672e-22   1.226163e-02   1.795520e-21   10569416
  1.715315e+01   8.486593e-22   1.227286e-02   1.768531e-21   10633066
  1.719568e+01   -4.275535e-21   1.227546e-02   1.743297e-21   10687548
  1.723821e+01   2.870215e-21   1.228168e-02   1.717168e-21   10743968
  1.728072e+01   -4.786906e-21   1.226340e-02   1.695507e-21   10782130
  1.732321e+01   -2.403588e-21   1.226438e-02   1.669977e-21   10837792
  1.736571e+01   -2.442690e-21   1.227328e-02   1.647066e-21   10897368
  1.740823e+01   1.956534e-21   1.227857e-02   1.622731e-21   10953940
  1.745075e+01   2.759524e-21   1.227188e-02   1.599764e-21   11003274
  1.749325e+01   5.617356e-21   1.226537e-02   1.578509e-21   11052800
  1.753577e+01   5.140973e-22   1.228039e-02   1.554414e-21   11118176
  1.757829e+01   5.557489e-23   1.227174e-02   1.533596e-21   11162268
  1.762078e+01   4.676185e-21   1.226447e-02   1.513013e-21   11211458
  1.766328e+01   1.294439e-21   1.226924e-02   1.491355e-21   11271888
  1.770579e+01   2.116369e-21   1.227456e-02   1.470590e-21   11329304
  1.774829e+01   1.561826e-21   1.226554e-02   1.450874e-21   11375026
  1.779081e+01   -2.826754e-21   1.227704e-02   1.428502e-21   11442532
  1.783332e+01   2.481202e-21   1.226620e-02   1.411067e-21   11487264
  1.787583e+01   2.533698e-21   1.227239e-02   1.390316e-21   11545680
  1.791835e+01   5.819947e-22   1.227937e-02   1.369552e-21   11607058
  1.796089e+01   -1.130820e-21   1.227970e-02   1.351421e-21   11664300
  1.800340e+01   1.880871e-21   1.226785e-02   1.334424e-21   11707488
  1.804590e+01   2.565193e-21   1.226647e-02   1.313429e-21   11759536
  1.808841e+01   -1.361618e-21   1.228470e-02   1.295107e-21   11833690
  1.813095e+01   -2.851627e-21   1.227017e-02   1.278926e-21   11877808
  1.817345e+01   -2.352107e-21   1.226311e-02   1.261874e-21   11925836
  1.821595e+01   1.730572e-21   1.227560e-02   1.243687e-21   11992168
  1.825846e+01   -1.354507e-21   1.227114e-02   1.227023e-21   12044554
  1.830097e+01   -8.342481e-22   1.226867e-02   1.210756e-21   12098976
  1.834346e+01   2.885957e-21   1.226469e-02   1.195350e-21   12149996
  1.838595e+01   -1.890256e-21   1.226815e-02   1.177175e-21   12209594
  1.842847e+01   3.586101e-22   1.227993e-02   1.161932e-21   12279272
  1.847101e+01   -9.219793e-22   1.228002e-02   1.145096e-21   12336072
  1.851353e+01   -1.318853e-21   1.226966e-02   1.130865e-21   12381744
  1.855604e+01   5.049566e-21   1.227227e-02   1.113623e-21   12441590
  1.859855e+01   1.910906e-21   1.227023e-02   1.100015e-21   12497256
  1.864105e+01   1.042266e-22   1.226730e-02   1.086025e-21   12550032
  1.868353e+01   2.886209e-21   1.226474e-02   1.070580e-21   12603936
  1.872603e+01   1.510558e-21   1.227245e-02   1.056724e-21   12671230
  1.876857e+01   -1.635509e-22   1.228331e-02   1.042060e-21   12740920
  1.881110e+01   -7.439376e-23   1.227107e-02   1.027862e-21   12784560
  1.885359e+01   2.575409e-21   1.226358e-02   1.015529e-21   12834176
  1.889610e+01   -2.491780e-21   1.227865e-02   1.000741e-21   12909006
  1.893863e+01   2.145570e-22   1.227235e-02   9.873148e-22   12959680
  1.898113e+01   1.925863e-22   1.227020e-02   9.748156e-22   13014232
  1.902364e+01   2.647049e-22   1.227262e-02   9.611983e-22   13076514
  1.906614e+01   1.379551e-21   1.226274e-02   9.494291e-22   13127112
  1.910866e+01   -5.262614e-23   1.228266e-02   9.366190e-22   13205852
  1.915119e+01   -1.063698e-21   1.227282e-02   9.242270e-22   13252032
  1.919369e+01   1.849651e-21   1.226787e-02   9.120469e-22   13307450
  1.923620e+01   -1.711688e-21   1.227402e-02   9.003091e-22   13374160
  1.927872e+01   -3.654951e-22   1.227027e-02   8.892750e-22   13426348
  1.932123e+01   -2.997276e-22   1.227853e-02   8.770581e-22   13492760
  1.936373e+01   1.203316e-21   1.226457e-02   8.652586e-22   13539546
  1.940624e+01   1.476029e-21   1.227335e-02   8.540916e-22   13610704
  1.944875e+01   -6.711358e-22   1.226734e-02   8.438811e-22   13662024
  1.949125e+01   6.990298e-22   1.227299e-02   8.316362e-22   13727492
  1.953377e+01   1.014044e-21   1.227644e-02   8.218906e-22   13793394
  1.957629e+01   1.171048e-21   1.226862e-02   8.108383e-22   13844456
  1.961880e+01   -1.706308e-21   1.227171e-02   8.009460e-22   13905184
  1.966130e+01   7.977546e-22   1.227189e-02   7.901206e-22   13965958
  1.970381e+01   -4.036988e-24   1.226859e-02   7.804335e-22   14025192
  1.974632e+01   3.915445e-22   1.227581e-02   7.696468e-22   14093768
  1.978884e+01   1.088600e-21   1.227382e-02   7.599932e-22   14150440
  1.983136e+01   -4.764296e-23   1.227452e-02   7.502007e-22   14213450
  1.987387e+01   3.069602e-21   1.226691e-02   7.415844e-22   14267036
  1.991638e+01   2.490089e-22   1.227427e-02   7.312265e-22   14335032
  1.995889e+01   2.261785e-21   1.226837e-02   7.220605e-22   14387664
  2.000139e+01   -8.903252e-23   1.227308e-02   7.128973e-22   14455698
  2.004391e+01   8.807190e-22   1.227471e-02   7.039143e-22   14520452
  2.008643e+01   -1.254362e-21   1.227399e-02   6.949620e-22   14580272
  2.012893e+01   -1.601603e-22   1.226246e-02   6.867015e-22   14628050
  2.017144e+01   -3.798275e-22   1.228393e-02   6.772377e-22   14716744
  2.021396e+01   -5.493605e-22   1.226163e-02   6.695645e-22   14751712
  2.025646e+01   -8.438353e-22   1.227782e-02   6.605055e-22   14831620
  2.029896e+01   -1.747658e-22   1.226188e-02   6.529577e-22   14875522
  2.034146e+01   7.978755e-22   1.227585e-02   6.444772e-22   14956720
  2.038398e+01   -5.825129e-22   1.226799e-02   6.367190e-22   15008272
  2.042648e+01   2.766465e-22   1.227113e-02   6.281962e-22   15073780
  2.046899e+01   -2.279334e-22   1.227601e-02   6.211813e-22   15144866
  2.051153e+01   7.207338e-22   1.228021e-02   6.134633e-22   15213872
  2.055406e+01   -7.648347e-22   1.227172e-02   6.061456e-22   15263976
  2.059656e+01   -1.825502e-22   1.226689e-02   5.986661e-22   15320236
  2.063907e+01   -5.314203e-22   1.227747e-02   5.909796e-22   15398322
  2.068159e+01   -2.022347e-22   1.226849e-02   5.839159e-22   15450864
  2.072409e+01   -2.041454e-21   1.226949e-02   5.772934e-22   15513888
  2.076658e+01   4.948526e-23   1.226638e-02   5.704487e-22   15574626
  2.080910e+01   2.658874e-22   1.227957e-02   5.631634e-22   15657956
  2.085162e+01   -1.301490e-21   1.226694e-02   5.570871e-22   15704248
  2.089412e+01   -3.817007e-23   1.227405e-02   5.496007e-22   15774824
  2.093664e+01   2.647180e-23   1.227741e-02   5.427375e-22   15844898
  2.097916e+01   1.536641e-21   1.226797e-02   5.371791e-22   15898956
  2.102166e+01   -3.306694e-22   1.226837e-02   5.306744e-22   15961768
  2.106416e+01   7.742824e-23   1.227392e-02   5.243542e-22   16032208
  2.110668e+01   -1.694976e-22   1.227386e-02   5.177885e-22   16099530
  2.114918e+01   -8.108782e-23   1.226342e-02   5.120906e-22   16152712
  2.119169e+01   -4.114014e-22   1.227877e-02   5.060032e-22   16235740
  2.123421e+01   -3.916780e-22   1.227090e-02   4.999353e-22   16288856
  2.127673e+01   1.457367e-22   1.227763e-02   4.944829e-22   16365074
  2.131925e+01   -8.723240e-23   1.226826e-02   4.884229e-22   16418248
  2.136173e+01   3.291857e-22   1.226229e-02   4.832736e-22   16473180
  2.140423e+01   -2.076747e-22   1.227796e-02   4.772697e-22   16560234
  2.144675e+01   -9.765011e-22   1.226818e-02   4.721718e-22   16616088
  2.148927e+01   2.436536e-22   1.227653e-02   4.664839e-22   16693264
  2.153179e+01   4.044904e-22   1.227410e-02   4.611302e-22   16753864
  2.157431e+01   1.664715e-21   1.227428e-02   4.560611e-22   16820702
  2.161682e+01   2.225080e-22   1.226755e-02   4.510056e-22   16879288
  2.165933e+01   9.668532e-22   1.227311e-02   4.459587e-22   16951712
  2.170183e+01   1.275275e-21   1.226675e-02   4.406694e-22   17007560
  2.174434e+01   1.298497e-21   1.227813e-02   4.360450e-22   17092086
  2.178685e+01   5.136092e-22   1.226906e-02   4.315313e-22   17148392
  2.182937e+01   3.405778e-22   1.227478e-02   4.264547e-22   17222288
  2.187188e+01   1.896855e-21   1.227236e-02   4.218777e-22   17285096
  2.191439e+01   -4.189808e-22   1.226620e-02   4.173794e-22   17344826
  2.195689e+01   5.630591e-24   1.227320e-02   4.128229e-22   17421236
  2.199941e+01   6.651050e-22   1.227792e-02   4.077056e-22   17494160
  2.204191e+01   3.937610e-22   1.226044e-02   4.035427e-22   17538122
  2.208440e+01   2.202882e-22   1.226939e-02   3.995935e-22   17620136
  2.212692e+01   4.147601e-22   1.227875e-02   3.948052e-22   17700428
  2.216945e+01   -3.447243e-22   1.227393e-02   3.908133e-22   17760320
  2.221196e+01   -2.399935e-22   1.227224e-02   3.869546e-22   17827562
  2.225448e+01   2.320883e-22   1.227165e-02   3.832291e-22   17895488
  2.229699e+01   4.206377e-23   1.227292e-02   3.789965e-22   17963576
  2.233950e+01   -2.168610e-22   1.227046e-02   3.748381e-22   18027500
  2.238201e+01   -5.348981e-22   1.227533e-02   3.711905e-22   18105650
  2.242451e+01   2.118915e-22   1.226508e-02   3.672707e-22   18160880
  2.246701e+01   -7.910830e-22   1.226834e-02   3.637508e-22   18233144
  2.250951e+01   3.813823e-22   1.227149e-02   3.596855e-22   18307310
  2.255203e+01   7.581475e-22   1.227368e-02   3.565750e-22   18381680
  2.259456e+01   5.146790e-22   1.227489e-02   3.523941e-22   18450536
  2.263708e+01   5.402405e-22   1.227820e-02   3.488877e-22   18522128
  2.267959e+01   -3.023976e-22   1.226827e-02   3.457638e-22   18578414
  2.272209e+01   -1.859977e-22   1.227113e-02   3.426963e-22   18654304
  2.276460e+01   6.896854e-22   1.227056e-02   3.389165e-22   18722304
  2.280712e+01   -4.852196e-22   1.227777e-02   3.356835e-22   18802472
  2.284964e+01   -3.143555e-23   1.227092e-02   3.328893e-22   18864266
  2.289215e+01   1.396621e-22   1.226939e-02   3.296218e-22   18933260
  2.293465e+01   1.887663e-22   1.226719e-02   3.264032e-22   18997448
  2.297715e+01   1.867713e-22   1.227581e-02   3.233203e-22   19079816
  2.301967e+01   -2.762678e-22   1.227098e-02   3.205737e-22   19145330
  2.306218e+01   1.503039e-22   1.227177e-02   3.177812e-22   19218276
  2.310469e+01   1.791799e-22   1.227113e-02   3.148418e-22   19286200
  2.314719e+01   -4.216924e-22   1.226583e-02   3.118529e-22   19349738
  2.318971e+01   3.290583e-24   1.228286e-02   3.091499e-22   19450040
  2.323223e+01   7.866133e-22   1.226363e-02   3.065016e-22   19489688
  2.327473e+01   -2.336010e-23   1.227521e-02   3.037749e-22   19576868
  2.331724e+01   1.511869e-22   1.226932e-02   3.009933e-22   19640282
  2.335976e+01   -2.886680e-23   1.227873e-02   2.985677e-22   19728800
  2.340226e+01   -2.496662e-22   1.226095e-02   2.959175e-22   19770152
  2.344476e+01   -7.063278e-22   1.227487e-02   2.931821e-22   19863516
  2.348729e+01   -9.135271e-23   1.227855e-02   2.906790e-22   19943594
  2.352981e+01   -5.171152e-22   1.227039e-02   2.885968e-22   20003440
  2.357232e+01   -4.390560e-23   1.227533e-02   2.861966e-22   20081768
  2.361483e+01   -6.159325e-22   1.226475e-02   2.841920e-22   20136200
  2.365734e+01   6.062571e-22   1.228180e-02   2.816680e-22   20238094
  2.369985e+01   2.299599e-22   1.226458e-02   2.797113e-22   20282544
  2.374234e+01   1.008623e-22   1.226291e-02   2.772369e-22   20351720
  2.378483e+01   -8.617427e-22   1.227389e-02   2.750614e-22   20444714
  2.382735e+01   3.623535e-22   1.227112e-02   2.734942e-22   20515116
  2.386988e+01   1.638328e-22   1.228059e-02   2.712478e-22   20602384
  2.391241e+01   1.391353e-22   1.227266e-02   2.691252e-22   20659872
  2.395491e+01   -3.130927e-22   1.226837e-02   2.673050e-22   20727682
  2.399742e+01   1.243960e-22   1.227493e-02   2.656310e-22   20814416
  2.403994e+01   -1.551384e-22   1.227261e-02   2.636759e-22   20881100
  2.408245e+01   1.380391e-22   1.227247e-02   2.617218e-22   20953688
  2.412495e+01   2.275365e-22   1.226662e-02   2.603040e-22   21021050
  2.416746e+01   -1.976046e-25   1.227556e-02   2.585325e-22   21111632
  2.420998e+01   -2.703793e-22   1.227336e-02   2.567375e-22   21179972
  2.425248e+01   8.578795e-24   1.226547e-02   2.551187e-22   21240488
  2.429499e+01   3.317623e-22   1.227368e-02   2.537280e-22   21331418
  2.433750e+01   1.360202e-21   1.226935e-02   2.520247e-22   21397304
  2.438000e+01   3.627494e-22   1.226962e-02   2.507861e-22   21469764
  2.442251e+01   -1.248623e-22   1.227528e-02   2.492006e-22   21556122
  2.446502e+01   1.854427e-23   1.226591e-02   2.479481e-22   21618312
  2.450754e+01   2.739630e-22   1.227924e-02   2.462096e-22   21716096
  2.455007e+01   -1.722465e-22   1.227488e-02   2.448282e-22   21781352
  2.459258e+01   3.565091e-22   1.226971e-02   2.439756e-22   21848870
  2.463508e+01   5.270533e-22   1.227061e-02   2.426920e-22   21927536
  2.467760e+01   1.486662e-23   1.227518e-02   2.414779e-22   22008944
  2.472011e+01   -6.159596e-22   1.227146e-02   2.401153e-22   22076136
  2.476261e+01   3.755074e-22   1.226619e-02   2.394527e-22   22145270
  2.480513e+01   5.804809e-22   1.228149e-02   2.377705e-22   22250960
  2.484765e+01   1.473117e-24   1.226766e-02   2.371882e-22   22300864
  2.489015e+01   -4.646068e-23   1.226874e-02   2.360072e-22   22378586
  2.493266e+01   2.966392e-22   1.227304e-02   2.350275e-22   22464104
  2.497518e+01   3.592910e-22   1.227483e-02   2.341586e-22   22542892
  2.501769e+01   -4.757226e-22   1.226849e-02   2.334313e-22   22606008
  2.506019e+01   -2.620764e-22   1.227168e-02   2.325310e-22   22690002
  2.510269e+01   5.747514e-22   1.226774e-02   2.319162e-22   22762216
  2.514519e+01   9.601806e-23   1.227552e-02   2.297725e-22   22815779
  2.518771e+01   -7.989789e-24   1.227093e-02   2.259716e-22   22772312
  2.523022e+01   -2.498499e-22   1.227169e-02   2.221896e-22   22733708
  2.527273e+01   2.145102e-22   1.227376e-02   2.182552e-22   22697672
  2.531524e+01   -3.065621e-22   1.227003e-02   2.145534e-22   22651460
  2.535775e+01   -7.880974e-22   1.227280e-02   2.110729e-22   22616024
  2.540027e+01   1.427023e-23   1.227723e-02   2.072753e-22   22583496
  2.544278e+01   -4.999297e-22   1.226384e-02   2.037552e-22   22519252
  2.548527e+01   1.110052e-22   1.226879e-02   2.003781e-22   22488992
  2.552778e+01   -3.587048e-22   1.227112e-02   1.973393e-22   22453172
  2.557030e+01   -1.404852e-22   1.227642e-02   1.938740e-22   22420584
  2.561282e+01   2.342534e-22   1.227318e-02   1.907645e-22   22371700
  2.565533e+01   1.139321e-22   1.227319e-02   1.875992e-22   22329896
  2.569784e+01   -1.834604e-22   1.227005e-02   1.847451e-22   22282876
  2.574035e+01   -4.066003e-22   1.227559e-02   1.817158e-22   22250692
  2.578286e+01   -4.503675e-22   1.226749e-02   1.788279e-22   22194436
  2.582536e+01   -6.073806e-22   1.226799e-02   1.760962e-22   22153540
  2.586787e+01   -4.608331e-22   1.227489e-02   1.733056e-22   22122584
  2.591039e+01   -1.953159e-23   1.227183e-02   1.706318e-22   22073004
  2.595291e+01   -1.659838e-22   1.227763e-02   1.681135e-22   22039640
  2.599542e+01   -8.049408e-23   1.226443e-02   1.654859e-22   21971624
  2.603793e+01   2.140073e-22   1.228039e-02   1.630933e-22   21955708
  2.608042e+01   2.959191e-22   1.225538e-02   1.607768e-22   21867720
  2.612293e+01   7.707045e-23   1.228640e-02   1.582513e-22   21878900
  2.616545e+01   1.626110e-22   1.226374e-02   1.559256e-22   21794260
  2.620796e+01   -2.823663e-23   1.227552e-02   1.536644e-22   21770256
  2.625048e+01   5.449439e-23   1.227204e-02   1.513772e-22   21718124
  2.629299e+01   1.523588e-22   1.227162e-02   1.493062e-22   21671096
  2.633550e+01   3.138444e-22   1.227173e-02   1.471573e-22   21625412
  2.637801e+01   2.398645e-22   1.227628e-02   1.449582e-22   21587284
  2.642052e+01   3.031033e-22   1.226404e-02   1.430388e-22   21519648
  2.646302e+01   1.082651e-22   1.227517e-02   1.409835e-22   21493344
  2.650554e+01   1.082738e-22   1.227125e-02   1.388856e-22   21439360
  2.654805e+01   1.180358e-22   1.227471e-02   1.370207e-22   21398900
  2.659058e+01   -1.377546e-23   1.227467e-02   1.352028e-22   21351488
  2.663308e+01   3.306868e-23   1.226610e-02   1.333920e-22   21288012
  2.667559e+01   7.476971e-23   1.227518e-02   1.315366e-22   21255052
  2.671810e+01   5.607506e-23   1.226960e-02   1.296724e-22   21196928
  2.676060e+01   -6.899257e-23   1.226973e-02   1.279788e-22   21149036
  2.680311e+01   2.233484e-22   1.227206e-02   1.261983e-22   21105304
  2.684563e+01   -3.297719e-22   1.227410e-02   1.246503e-22   21059992
  2.688815e+01   4.842059e-23   1.227705e-02   1.228174e-22   21014904
  2.693067e+01   -5.837474e-23   1.227014e-02   1.213651e-22   20953620
  2.697317e+01   -1.208726e-22   1.226991e-02   1.196747e-22   20902948
  2.701568e+01   -1.012153e-22   1.227225e-02   1.180959e-22   20856528
  2.705819e+01   1.320375e-22   1.227379e-02   1.165376e-22   20808868
  2.710070e+01   -7.569414e-23   1.226639e-02   1.150772e-22   20746700
  2.714319e+01   -7.836637e-23   1.226770e-02   1.135374e-22   20699040
  2.718571e+01   -3.963991e-23   1.227944e-02   1.121296e-22   20667584
  2.722822e+01   1.247410e-22   1.225995e-02   1.107398e-22   20583320
  2.727072e+01   3.381672e-23   1.227843e-02   1.092029e-22   20562728
  2.731324e+01   -1.902387e-22   1.227166e-02   1.079081e-22   20499120
  2.735575e+01   4.477391e-23   1.227335e-02   1.066639e-22   20448668
  2.739827e+01   1.113177e-22   1.227231e-02   1.053374e-22   20394408
  2.744078e+01   -7.866008e-25   1.227328e-02   1.040062e-22   20344236
  2.748329e+01   2.622826e-22   1.227052e-02   1.027691e-22   20287988
  2.752580e+01   1.418402e-23   1.227218e-02   1.015475e-22   20237280
  2.756831e+01   -1.656940e-23   1.226928e-02   1.003466e-22   20178328
  2.761083e+01   1.534485e-22   1.227861e-02   9.900692e-23   20139844
  2.765335e+01   2.007118e-22   1.226869e-02   9.791641e-23   20069748
  2.769585e+01   8.221242e-23   1.227006e-02   9.674169e-23   20016800
  2.773835e+01   1.124609e-22   1.227057e-02   9.556479e-23   19962224
  2.778087e+01   7.246565e-23   1.227954e-02   9.443444e-23   19923568
  2.782339e+01   3.527460e-22   1.226996e-02   9.335848e-23   19854300
  2.786590e+01   9.143026e-23   1.226862e-02   9.228084e-23   19797056
  2.790840e+01   -7.128669e-23   1.227082e-02   9.122048e-23   19744940
  2.795091e+01   4.399186e-23   1.227270e-02   9.009438e-23   19691768
  2.799342e+01   1.011851e-22   1.226928e-02   8.909338e-23   19629548
  2.803593e+01   -2.546949e-23   1.227096e-02   8.819711e-23   19575480
  2.807844e+01   1.329481e-22   1.227365e-02   8.710971e-23   19523296
  2.812096e+01   1.060382e-22   1.227813e-02   8.623433e-23   19474344
  2.816347e+01   2.314658e-22   1.226244e-02   8.523948e-23   19392868
  2.820597e+01   3.331968e-23   1.227629e-02   8.419186e-23   19356176
  2.824849e+01   -1.616110e-22   1.227437e-02   8.331761e-23   19294916
  2.829102e+01   -6.325872e-23   1.227644e-02   8.239430e-23   19240856
  2.833353e+01   3.074843e-22   1.226827e-02   8.153664e-23   19170884
  2.837603e+01   -1.307555e-22   1.226787e-02   8.060053e-23   19111352
  2.841853e+01   9.135249e-23   1.227311e-02   7.971308e-23   19060016
  2.846104e+01   -9.461050e-23   1.227199e-02   7.888784e-23   18999752
  2.850354e+01   -6.460225e-23   1.226484e-02   7.807036e-23   18930272
  2.854604e+01   1.731799e-23   1.227204e-02   7.721377e-23   18882340
  2.858856e+01   -6.964997e-23   1.227653e-02   7.641469e-23   18829056
  2.863108e+01   2.234400e-23   1.226917e-02   7.552621e-23   18757640
  2.867359e+01   -1.636903e-22   1.227679e-02   7.474310e-23   18709036
  2.871611e+01   2.331949e-23   1.226951e-02   7.397943e-23   18637668
  2.875862e+01   7.073564e-23   1.227659e-02   7.317280e-23   18587048
  2.880113e+01   -2.048552e-22   1.226650e-02   7.245765e-23   18510972
  2.884363e+01   -5.886899e-23   1.227092e-02   7.173055e-23   18456692
  2.888614e+01   1.215063e-22   1.227027e-02   7.101472e-23   18394084
  2.892866e+01   -2.043416e-23   1.227644e-02   7.030831e-23   18341352
  2.897118e+01   -1.629192e-22   1.227294e-02   6.960554e-23   18273884
  2.901369e+01   2.319856e-22   1.227214e-02   6.891401e-23   18211148
  2.905619e+01   -8.533765e-23   1.226468e-02   6.821713e-23   18137692
  2.909870e+01   4.735043e-23   1.227635e-02   6.753406e-23   18091580
  2.914122e+01   1.201508e-23   1.227406e-02   6.688371e-23   18024560
  2.918373e+01   9.227560e-23   1.226945e-02   6.621099e-23   17955116
  2.922624e+01   -1.312432e-24   1.227055e-02   6.555188e-23   17893232
  2.926875e+01   5.382112e-23   1.227337e-02   6.497160e-23   17832620
  2.931126e+01   -1.017015e-23   1.227331e-02   6.430885e-23   17767864
  2.935378e+01   1.589185e-22   1.227523e-02   6.367832e-23   17706956
  2.939629e+01   -8.174996e-23   1.226779e-02   6.313408e-23   17632632
  2.943880e+01   3.987565e-23   1.227224e-02   6.251682e-23   17573524
  2.948131e+01   -2.117902e-23   1.227160e-02   6.196563e-23   17506380
  2.952382e+01   2.676760e-23   1.227283e-02   6.133974e-23   17442548
  2.956632e+01   -8.994643e-23   1.226611e-02   6.078944e-23   17368556
  2.960883e+01   1.201618e-22   1.227726e-02   6.023572e-23   17318260
  2.965135e+01   2.256418e-23   1.227176e-02   5.971768e-23   17243792
  2.969385e+01   -1.081602e-22   1.226620e-02   5.910620e-23   17169716
  2.973635e+01   1.583565e-23   1.227104e-02   5.858698e-23   17109768
  2.977886e+01   7.534183e-23   1.227205e-02   5.809474e-23   17044064
  2.982138e+01   -2.951574e-23   1.227557e-02   5.755565e-23   16981560
  2.986389e+01   5.175510e-23   1.226672e-02   5.706245e-23   16902264
  2.990640e+01   5.075882e-24   1.227800e-02   5.655557e-23   16849940
  2.994892e+01   -2.415297e-22   1.226984e-02   5.610157e-23   16770600
  2.999143e+01   1.031515e-22   1.227399e-02   5.560053e-23   16707512
  3.003394e+01   -3.943299e-23   1.227053e-02   5.512101e-23   16634480
  3.007645e+01   -4.673794e-24   1.227297e-02   5.464678e-23   16569424
  3.011897e+01   -1.068142e-22   1.227100e-02   5.415310e-23   16497216
  3.016149e+01   -2.387582e-23   1.227800e-02   5.366959e-23   16436416
  3.020400e+01   2.645003e-23   1.226813e-02   5.329085e-23   16353532
  3.024650e+01   -9.817604e-23   1.226850e-02   5.282317e-23   16284908
  3.028900e+01   9.826360e-23   1.227370e-02   5.239634e-23   16221948
  3.033152e+01   5.989322e-23   1.227445e-02   5.204370e-23   16152552
  3.037404e+01   5.148915e-23   1.227249e-02   5.153999e-23   16078864
  3.041655e+01   8.508631e-23   1.227014e-02   5.112925e-23   16005296
  3.045906e+01   3.796587e-23   1.227320e-02   5.070791e-23   15938220
  3.050157e+01   4.203731e-23   1.226736e-02   5.035061e-23   15858440
  3.054407e+01   -7.019365e-23   1.226949e-02   4.994539e-23   15789252
  3.058657e+01   8.212222e-23   1.227019e-02   4.957180e-23   15718944
  3.062908e+01   1.533452e-22   1.227179e-02   4.918936e-23   15648652
  3.067160e+01   2.500470e-23   1.227680e-02   4.878371e-23   15581944
  3.071412e+01   1.547889e-23   1.227604e-02   4.843990e-23   15508744
  3.075663e+01   4.903960e-23   1.226574e-02   4.807425e-23   15422472
  3.079914e+01   5.931249e-23   1.227551e-02   4.770064e-23   15361536
  3.084165e+01   8.886925e-23   1.226998e-02   4.736439e-23   15281048
  3.088415e+01   4.193500e-23   1.227023e-02   4.697512e-23   15207752
  3.092666e+01   1.315449e-22   1.227075e-02   4.666512e-23   15134800
  3.096917e+01   -2.049079e-24   1.227038e-02   4.637499e-23   15059664
  3.101168e+01   4.410667e-23   1.227242e-02   4.600038e-23   14987020
  3.105420e+01   2.236035e-22   1.227903e-02   4.565534e-23   14919936
  3.109672e+01   1.362288e-22   1.226792e-02   4.537630e-23   14831776
  3.113923e+01   8.254664e-23   1.227679e-02   4.506662e-23   14767552
  3.118174e+01   8.464928e-23   1.226524e-02   4.475981e-23   14678336
  3.122425e+01   1.215470e-22   1.227632e-02   4.439666e-23   14615044
  3.126676e+01   9.131553e-23   1.226910e-02   4.412312e-23   14530200
  3.130927e+01   4.355163e-23   1.227171e-02   4.382836e-23   14457000
  3.135178e+01   -3.456548e-23   1.227423e-02   4.354832e-23   14383440
  3.139429e+01   2.124549e-22   1.226801e-02   4.330285e-23   14299516
  3.143679e+01   1.002590e-22   1.227160e-02   4.303224e-23   14226024
  3.147930e+01   4.073416e-23   1.226889e-02   4.271972e-23   14145048
  3.152182e+01   5.233051e-23   1.228178e-02   4.241690e-23   14082144
  3.156433e+01   1.535419e-23   1.226157e-02   4.218422e-23   13981640
  3.160683e+01   7.384823e-23   1.227475e-02   4.194794e-23   13918460
  3.164935e+01   -2.347246e-23   1.227481e-02   4.166314e-23   13839752
  3.169188e+01   2.545791e-23   1.227673e-02   4.141047e-23   13762736
  3.173439e+01   2.297379e-23   1.227147e-02   4.118091e-23   13677980
  3.177690e+01   6.595909e-23   1.226900e-02   4.096314e-23   13596196
  3.181940e+01   -5.383119e-23   1.226988e-02   4.070104e-23   13517736
  3.186190e+01   5.925844e-23   1.226579e-02   4.046467e-23   13433184
  3.190440e+01   2.367227e-24   1.227449e-02   4.023653e-23   13362296
  3.194692e+01   4.845630e-23   1.227398e-02   3.997372e-23   13281376
  3.198944e+01   1.004940e-23   1.227645e-02   3.979843e-23   13203336
  3.203195e+01   1.035707e-22   1.226687e-02   3.952676e-23   13113016
  3.207445e+01   5.251391e-23   1.227094e-02   3.932152e-23   13036400
  3.211696e+01   8.331034e-23   1.226987e-02   3.910420e-23   12953648
  3.215948e+01   9.103366e-23   1.227674e-02   3.891186e-23   12879016
  3.220199e+01   3.637427e-23   1.227015e-02   3.870724e-23   12790124
  3.224451e+01   -1.380254e-23   1.227599e-02   3.853084e-23   12714152
  3.228701e+01   -6.547219e-24   1.226430e-02   3.839082e-23   12619608
  3.232951e+01   -2.893758e-23   1.227473e-02   3.814426e-23   12547232
  3.237204e+01   -7.931180e-24   1.228098e-02   3.800798e-23   12470568
  3.241455e+01   4.920174e-23   1.226086e-02   3.780389e-23   12368136
  3.245705e+01   4.507508e-23   1.227647e-02   3.762579e-23   12300504
  3.249958e+01   -2.319275e-24   1.227251e-02   3.742512e-23   12212172
  3.254209e+01   -6.084091e-24   1.227112e-02   3.727958e-23   12126228
  3.258459e+01   7.097684e-23   1.227235e-02   3.714479e-23   12043352
  3.262711e+01   3.591520e-23   1.227321e-02   3.693408e-23   11959896
  3.266960e+01   -8.201411e-23   1.226107e-02   3.679177e-23   11863804
  3.271211e+01   -2.723155e-24   1.227575e-02   3.665418e-23   11792812
  3.275463e+01   -4.266336e-23   1.227439e-02   3.648855e-23   11705392
  3.279713e+01   9.919183e-23   1.226794e-02   3.632932e-23   11613836
  3.283965e+01   7.452552e-23   1.228215e-02   3.618613e-23   11541532
  3.288217e+01   2.997446e-23   1.226539e-02   3.604527e-23   11440232
  3.292468e+01   1.428281e-22   1.227538e-02   3.589812e-23   11363008
  3.296718e+01   9.201395e-23   1.226652e-02   3.578315e-23   11267848
  3.300970e+01   9.306910e-23   1.227722e-02   3.562362e-23   11190640
  3.305222e+01   4.918526e-23   1.227423e-02   3.552498e-23   11101084
  3.309472e+01   -7.851257e-23   1.226241e-02   3.539030e-23   11003284
  3.313721e+01   1.668881e-23   1.227344e-02   3.528619e-23   10925424
  3.317973e+01   2.870840e-23   1.227067e-02   3.513893e-23   10834724
  3.322224e+01   4.880367e-23   1.227484e-02   3.505543e-23   10750156
  3.326475e+01   3.109211e-23   1.226635e-02   3.494129e-23   10655280
  3.330725e+01   -5.020451e-23   1.226924e-02   3.490047e-23   10569120
  3.334975e+01   -1.748455e-24   1.226867e-02   3.473129e-23   10479672
  3.339228e+01   7.516760e-24   1.228611e-02   3.460714e-23   10404504
  3.343481e+01   6.122324e-23   1.227382e-02   3.448621e-23   10304108
  3.347732e+01   -5.836979e-23   1.226797e-02   3.447148e-23   10209940
  3.351983e+01   6.137150e-23   1.227575e-02   3.439239e-23   10126584
  3.356234e+01   8.323256e-23   1.226442e-02   3.426601e-23   10027064
  3.360484e+01   -2.433587e-23   1.227492e-02   3.416158e-23   9945072
  3.364734e+01   -8.041009e-23   1.226340e-02   3.407347e-23   9844764
  3.368986e+01   6.806615e-23   1.228362e-02   3.397701e-23   9769940
  3.373238e+01   -3.809203e-23   1.226688e-02   3.390571e-23   9666072
  3.377488e+01   -5.446147e-23   1.227051e-02   3.381562e-23   9577112
  3.381739e+01   1.659902e-22   1.227148e-02   3.379305e-23   9485848
  3.385991e+01   -4.780548e-23   1.227527e-02   3.367940e-23   9396136
  3.390243e+01   4.273224e-23   1.227579e-02   3.362657e-23   9304408
  3.394493e+01   1.947937e-23   1.225842e-02   3.356935e-23   9199028
  3.398742e+01   2.010039e-23   1.227468e-02   3.348152e-23   9118288
  3.402993e+01   -9.002257e-23   1.226747e-02   3.341487e-23   9019624
  3.407245e+01   3.364710e-23   1.228368e-02   3.332434e-23   8937420
  3.411497e+01   -1.710709e-24   1.227061e-02   3.327988e-23   8835200
  3.415748e+01   -9.244312e-23   1.226739e-02   3.319132e-23   8739332
  3.419998e+01   8.632080e-24   1.227099e-02   3.314637e-23   8648112
  3.424250e+01   -1.836733e-23   1.227159e-02   3.311526e-23   8553372
  3.428501e+01   1.302399e-23   1.227728e-02   3.302675e-23   8461944
  3.432753e+01   -3.057737e-23   1.227227e-02   3.300436e-23   8363348
  3.437004e+01   3.372713e-23   1.227148e-02   3.293188e-23   8267792
  3.441254e+01   -9.716484e-24   1.226640e-02   3.282255e-23   8169380
  3.445505e+01   -3.381017e-23   1.227807e-02   3.279761e-23   8081008
  3.449756e+01   -5.290810e-23   1.226310e-02   3.271069e-23   7975632
  3.454006e+01   1.296539e-24   1.227841e-02   3.268646e-23   7889116
  3.458257e+01   2.466387e-23   1.226405e-02   3.259662e-23   7784008
  3.462508e+01   -1.711066e-23   1.227484e-02   3.257359e-23   7693848
  3.466759e+01   -1.265835e-22   1.226805e-02   3.249943e-23   7592468
  3.471010e+01   -2.363530e-23   1.227572e-02   3.239944e-23   7499076
  3.475262e+01   1.070941e-22   1.227790e-02   3.234412e-23   7402880
  3.479514e+01   2.778796e-23   1.227043e-02   3.224769e-23   7300768
  3.483765e+01   -6.173995e-23   1.227061e-02   3.223754e-23   7203316
  3.488013e+01   8.290783e-23   1.225476e-02   3.205825e-23   7095724
  3.492265e+01   -4.551071e-23   1.229466e-02   3.200601e-23   7019608
  3.496518e+01   2.930564e-23   1.226138e-02   3.193451e-23   6901916
  3.500769e+01   5.216180e-23   1.227882e-02   3.186463e-23   6812952
  3.505019e+01   1.817942e-23   1.226209e-02   3.168766e-23   6704548
  3.509270e+01   3.702594e-23   1.227587e-02   3.162653e-23   6612168
  3.513521e+01   -3.063164e-23   1.227039e-02   3.143031e-23   6508628
  3.517773e+01   -4.310982e-23   1.227711e-02   3.127985e-23   6412072
  3.522024e+01   2.654668e-23   1.226747e-02   3.118622e-23   6306660
  3.526274e+01   -4.832500e-23   1.226997e-02   3.095509e-23   6207592
  3.530523e+01   -6.017838e-23   1.226489e-02   3.081400e-23   6103860
  3.534774e+01   -2.240723e-23   1.227430e-02   3.060972e-23   6007184
  3.539025e+01   -1.897631e-23   1.227513e-02   3.038418e-23   5905660
  3.543278e+01   -1.873083e-23   1.227664e-02   3.008162e-23   5805132
  3.547529e+01   3.937069e-23   1.226925e-02   2.985243e-23   5700008
  3.551778e+01   8.822824e-23   1.226294e-02   2.946164e-23   5594856
  3.556030e+01   -2.077208e-23   1.228122e-02   2.914861e-23   5502341
  3.560283e+01   6.558021e-23   1.227277e-02   2.886712e-23   5404852
  3.564533e+01   5.040766e-23   1.226768e-02   2.856829e-23   5313930
  3.568784e+01   3.179878e-24   1.227261e-02   2.833044e-23   5230396
  3.573035e+01   4.810061e-23   1.226815e-02   2.814013e-23   5145158
  3.577285e+01   -5.908659e-23   1.227058e-02   2.792909e-23   5064506
  3.581538e+01   1.286524e-23   1.228142e-02   2.779358e-23   4989464
  3.585790e+01   -5.153635e-23   1.226989e-02   2.759567e-23   4907486
  3.590041e+01   1.482651e-23   1.226982e-02   2.744753e-23   4831952
  3.594292e+01   1.268175e-23   1.226933e-02   2.721165e-23   4757392
  3.598543e+01   -8.466739e-24   1.227425e-02   2.710602e-23   4685902
  3.602794e+01   -3.767073e-23   1.227136e-02   2.687446e-23   4612826
  3.607044e+01   -5.293933e-23   1.227059e-02   2.674898e-23   4542436
  3.611296e+01   -2.640203e-23   1.227508e-02   2.660179e-23   4475408
  3.615546e+01   -7.423960e-23   1.226173e-02   2.648674e-23   4402686
  3.619797e+01   -1.091786e-22   1.227689e-02   2.638430e-23   4340854
  3.624049e+01   -2.059373e-23   1.227466e-02   2.621552e-23   4273862
  3.628301e+01   -1.100002e-22   1.227237e-02   2.612599e-23   4208538
  3.632551e+01   -1.464316e-23   1.226532e-02   2.603073e-23   4142584
  3.636801e+01   -1.330798e-23   1.226978e-02   2.589890e-23   4081232
  3.641052e+01   6.235377e-24   1.227225e-02   2.577608e-23   4019668
  3.645304e+01   4.436708e-23   1.228203e-02   2.567534e-23   3961416
  3.649557e+01   -4.299997e-23   1.227387e-02   2.558274e-23   3898848
  3.653807e+01   6.737979e-23   1.226366e-02   2.545124e-23   3836718
  3.658056e+01   1.039980e-22   1.226607e-02   2.541060e-23   3779272
  3.662306e+01   1.034492e-23   1.226675e-02   2.535949e-23   3721434
  3.666558e+01   -8.984509e-24   1.228126e-02   2.518697e-23   3668198
  3.670811e+01   4.845276e-25   1.227910e-02   2.513049e-23   3611346
  3.675062e+01   -1.694325e-23   1.226582e-02   2.502469e-23   3552442
  3.679312e+01   -2.509001e-23   1.226935e-02   2.494555e-23   3498908
  3.683563e+01   1.559469e-23   1.227192e-02   2.488239e-23   3445382
  3.687814e+01   -9.537492e-24   1.227356e-02   2.485760e-23   3392244
  3.692066e+01   -2.840651e-23   1.227344e-02   2.474141e-23   3339634
  3.696317e+01   -4.033497e-23   1.226899e-02   2.469492e-23   3286752
  3.700566e+01   8.049121e-23   1.226327e-02   2.464146e-23   3234180
  3.704816e+01   1.930851e-24   1.226838e-02   2.456035e-23   3184556
  3.709068e+01   -4.011791e-23   1.228145e-02   2.453399e-23   3137238
  3.713322e+01   -2.200809e-24   1.228151e-02   2.448362e-23   3087670
  3.717574e+01   1.227610e-23   1.227426e-02   2.441246e-23   3037460
  3.721824e+01   -4.218600e-23   1.225819e-02   2.438251e-23   2985736
  3.726072e+01   -7.859060e-24   1.226565e-02   2.432821e-23   2939708
  3.730324e+01   -4.051081e-23   1.228621e-02   2.435768e-23   2897012
  3.734577e+01   1.300687e-23   1.227048e-02   2.425950e-23   2846890
  3.738827e+01   3.954630e-23   1.226277e-02   2.425586e-23   2799588
  3.743076e+01   2.659828e-23   1.226558e-02   2.422365e-23   2754954
  3.747326e+01   -3.530597e-23   1.227308e-02   2.415803e-23   2711500
  3.751579e+01   7.766967e-23   1.228240e-02   2.418733e-23   2669006
  3.755830e+01   -1.222794e-24   1.226335e-02   2.410062e-23   2621264
  3.760081e+01   -2.357058e-24   1.227565e-02   2.414987e-23   2580726
  3.764332e+01   -2.822793e-23   1.226856e-02   2.402837e-23   2536470
  3.768582e+01   3.624757e-23   1.226978e-02   2.405567e-23   2494370
  3.772834e+01   -3.604292e-23   1.227534e-02   2.403275e-23   2453556
  3.777086e+01   -4.347332e-23   1.228047e-02   2.402712e-23   2413246
  3.781339e+01   7.951849e-24   1.227197e-02   2.402449e-23   2370914
  3.785589e+01   -8.610481e-24   1.226887e-02   2.403461e-23   2330126
  3.789840e+01   2.381826e-23   1.227428e-02   2.408624e-23   2291406
  3.794091e+01   2.580711e-23   1.226463e-02   2.400431e-23   2250410
  3.798340e+01   -4.228508e-23   1.226403e-02   2.401947e-23   2211486
  3.802590e+01   4.045296e-23   1.227094e-02   2.405180e-23   2174194
  3.806841e+01   -2.215007e-23   1.227271e-02   2.401366e-23   2136416
  3.811093e+01   8.553163e-24   1.227972e-02   2.412486e-23   2100070
  3.815344e+01   -2.762387e-23   1.226224e-02   2.405523e-23   2060026
  3.819594e+01   -7.175717e-23   1.227745e-02   2.410149e-23   2025910
  3.823846e+01   1.075282e-24   1.227012e-02   2.413865e-23   1988576
  3.828096e+01   6.437485e-23   1.226824e-02   2.417809e-23   1952610
  3.832347e+01   6.512912e-24   1.226944e-02   2.418582e-23   1917470
  3.836597e+01   -2.201102e-23   1.226960e-02   2.423012e-23   1882484
  3.840848e+01   -6.237102e-24   1.227230e-02   2.422571e-23   1848262
  3.845101e+01   5.977573e-23   1.228531e-02   2.425638e-23   1816024
  3.849355e+01   -2.417831e-23   1.227230e-02   2.434465e-23   1780418
  3.853605e+01   -4.906394e-24   1.226815e-02   2.440417e-23   1746576
  3.857856e+01   2.818300e-23   1.227451e-02   2.444417e-23   1714622
  3.862107e+01   -1.828291e-23   1.227068e-02   2.453571e-23   1681692
  3.866358e+01   -3.023450e-23   1.226987e-02   2.456948e-23   1649574
  3.870606e+01   -5.224992e-24   1.225405e-02   2.465997e-23   1615788
  3.874855e+01   2.758614e-23   1.227462e-02   2.471112e-23   1587064
  3.879108e+01   -4.204700e-24   1.227930e-02   2.478569e-23   1556598
  3.883360e+01   2.360508e-23   1.227389e-02   2.483324e-23   1525380
  3.887612e+01   1.854928e-23   1.227468e-02   2.490373e-23   1495360
  3.891863e+01   1.940843e-23   1.226450e-02   2.499120e-23   1464370
  3.896112e+01   1.063272e-23   1.227040e-02   2.508003e-23   1435656
  3.900363e+01   1.491934e-23   1.226801e-02   2.520695e-23   1406304
  3.904613e+01   -3.098319e-23   1.226859e-02   2.528640e-23   1377628
  3.908864e+01   -4.941820e-24   1.227348e-02   2.537929e-23   1349744
  3.913115e+01   7.660584e-24   1.227337e-02   2.549432e-23   1321682
  3.917367e+01   7.425889e-23   1.227639e-02   2.559112e-23   1294376
  3.921619e+01   9.026304e-24   1.227256e-02   2.571608e-23   1266768
  3.925869e+01   -5.057988e-24   1.226510e-02   2.580119e-23   1239172
  3.930118e+01   -1.743549e-23   1.226095e-02   2.595674e-23   1212224
  3.934367e+01   2.417391e-23   1.226955e-02   2.606033e-23   1186796
  3.938619e+01   -1.422892e-23   1.227613e-02   2.622788e-23   1161432
  3.942870e+01   7.890285e-24   1.227171e-02   2.633757e-23   1135408
  3.947122e+01   6.433974e-23   1.227296e-02   2.646027e-23   1110324
  3.951374e+01   3.914194e-23   1.227570e-02   2.659742e-23   1085680
  3.955625e+01   2.524793e-23   1.226737e-02   2.681521e-23   1060364
  3.959875e+01   -5.993447e-24   1.227507e-02   2.700747e-23   1036736
  3.964128e+01   7.658824e-24   1.228225e-02   2.708956e-23   1013388
  3.968380e+01   -6.175171e-23   1.226708e-02   2.730287e-23   988656
  3.972630e+01   2.527533e-23   1.226695e-02   2.748936e-23   965530
  3.976879e+01   -1.168511e-23   1.225942e-02   2.771205e-23   942100
  3.981127e+01   -2.891276e-23   1.226457e-02   2.788825e-23   919888
  3.985377e+01   5.142966e-24   1.226597e-02   2.808065e-23   897628
  3.989627e+01   -6.860186e-23   1.227002e-02   2.828018e-23   875856
  3.993878e+01   -1.612674e-23   1.227840e-02   2.855496e-23   854736
  3.998132e+01   3.582624e-23   1.228018e-02   2.869196e-23   833510
  4.002385e+01   2.096428e-23   1.227248e-02   2.898147e-23   811976
  4.006635e+01   4.804905e-23   1.226626e-02   2.925296e-23   790844
  4.010884e+01   -7.354579e-23   1.226521e-02   2.944208e-23   770320
  4.015135e+01   3.511487e-23   1.227665e-02   2.980242e-23   750838
  4.019387e+01   5.302104e-23   1.227491e-02   3.005584e-23   730864
  4.023638e+01   5.961012e-23   1.226816e-02   3.035463e-23   710984
  4.027888e+01   7.739653e-24   1.226909e-02   3.049402e-23   691894
  4.032138e+01   2.769537e-23   1.226442e-02   3.095595e-23   672776
  4.036388e+01   -2.879803e-23   1.226826e-02   3.119796e-23   654372
  4.040638e+01   -7.204974e-23   1.226215e-02   3.150028e-23   635682
  4.044886e+01   1.451621e-24   1.225955e-02   3.187928e-23   617460
  4.049134e+01   2.671663e-23   1.226707e-02   3.235048e-23   600024
  4.053385e+01   -9.423507e-24   1.227362e-02   3.255720e-23   582830
  4.057638e+01   -2.717342e-23   1.228135e-02   3.294841e-23   566000
  4.061890e+01   -1.337318e-23   1.226617e-02   3.341216e-23   548458
  4.066141e+01   5.864444e-23   1.227047e-02   3.370680e-23   532084
  4.070391e+01   -8.920301e-24   1.226296e-02   3.420626e-23   515440
  4.074640e+01   -5.567580e-24   1.225813e-02   3.467024e-23   499174
  4.078887e+01   2.485178e-23   1.225821e-02   3.512012e-23   483368
  4.083136e+01   8.047564e-23   1.227023e-02   3.560944e-23   468270
  4.087389e+01   -9.241070e-23   1.228696e-02   3.589753e-23   453568
  4.091643e+01   4.113014e-23   1.227409e-02   3.650866e-23   438106
  4.095894e+01   -7.959252e-23   1.227469e-02   3.706863e-23   423508
  4.100145e+01   8.988786e-23   1.226141e-02   3.750327e-23   408754
  4.104393e+01   -1.195781e-23   1.225820e-02   3.822872e-23   394612
  4.108642e+01   6.602464e-23   1.225930e-02   3.879490e-23   380826
  4.112890e+01   7.767735e-25   1.225454e-02   3.932730e-23   367086
  4.117139e+01   -4.738407e-23   1.226090e-02   4.017363e-23   353904
  4.121389e+01   -1.383410e-22   1.227137e-02   4.063987e-23   341046
  4.125641e+01   -6.260642e-23   1.227131e-02   4.162062e-23   328144
  4.129892e+01   5.779448e-23   1.227396e-02   4.204902e-23   315598
  4.134144e+01   6.597578e-23   1.228177e-02   4.315631e-23   303466
  4.138397e+01   -9.923750e-24   1.228223e-02   4.372851e-23   291456
  4.142650e+01   -8.464893e-24   1.227604e-02   4.443416e-23   279614
  4.146899e+01   3.038691e-24   1.225106e-02   4.530319e-23   267680
  4.151144e+01   -1.553389e-23   1.224457e-02   4.647275e-23   256438
  4.155391e+01   -5.217489e-23   1.224802e-02   4.730434e-23   245618
  4.159638e+01   -3.495541e-23   1.223546e-02   4.824273e-23   234708
  4.163882e+01   -9.895823e-23   1.223171e-02   4.964543e-23   224210
  4.168126e+01   -4.990059e-23   1.223403e-02   5.098877e-23   214046
  4.172371e+01   -5.568389e-23   1.223949e-02   5.170031e-23   204152
  4.176619e+01   9.491369e-23   1.225107e-02   5.290541e-23   194558
  4.180866e+01   -8.900071e-23   1.225135e-02   5.416228e-23   185018
  4.185115e+01   1.452813e-22   1.226437e-02   5.576463e-23   175918
  4.189365e+01   9.940979e-24   1.227339e-02   5.693370e-23   166992
  4.193617e+01   -8.617730e-23   1.228038e-02   5.883413e-23   158294
  4.197870e+01   1.415352e-22   1.228439e-02   6.036782e-23   149842
  4.202124e+01   9.043179e-23   1.227461e-02   6.219477e-23   141530
  4.206372e+01   1.629580e-23   1.224204e-02   6.385809e-23   133284
  4.210617e+01   6.553512e-23   1.222942e-02   6.566814e-23   125546
  4.214861e+01   2.188969e-23   1.220458e-02   6.804121e-23   117950
  4.219103e+01   4.816300e-23   1.219441e-02   6.951960e-23   110746
  4.223344e+01   -7.599033e-23   1.215920e-02   7.315460e-23   103572
  4.227581e+01   1.565908e-22   1.214429e-02   7.493569e-23   96818
  4.231818e+01   9.420913e-23   1.212533e-02   7.781583e-23   90262
  4.236054e+01   -7.050845e-23   1.210927e-02   8.099094e-23   83970
  4.240287e+01   -9.200378e-24   1.207941e-02   8.389872e-23   77846
  4.244517e+01   4.434364e-24   1.204821e-02   8.693159e-23   71984
  4.248745e+01   1.505056e-23   1.202292e-02   9.051360e-23   66398
  4.252973e+01   -2.562856e-22   1.200147e-02   9.444913e-23   61058
  4.257200e+01   -1.485084e-22   1.198286e-02   9.875769e-23   55958
  4.261428e+01   -7.829257e-23   1.196279e-02   1.035335e-22   51082
  4.265654e+01   -7.023204e-23   1.192707e-02   1.083203e-22   46398
  4.269877e+01   -1.690084e-22   1.188372e-02   1.147830e-22   41954
  4.274096e+01   1.013971e-22   1.182018e-02   1.197091e-22   37718
  4.278311e+01   -1.184631e-22   1.175253e-02   1.271494e-22   33736
  4.282524e+01   -2.005616e-22   1.169132e-02   1.367331e-22   30006
  4.286737e+01   1.064398e-22   1.164907e-02   1.461570e-22   26522
  4.290955e+01   -2.972372e-22   1.162191e-02   1.562795e-22   23254
  4.295172e+01   -4.334945e-22   1.158330e-02   1.659217e-22   20178
  4.299391e+01   2.659807e-22   1.156315e-02   1.761789e-22   17342
  4.303612e+01   -9.451686e-23   1.154632e-02   1.927387e-22   14714
  4.307837e+01   -2.206387e-22   1.155162e-02   2.068005e-22   12310
  4.312059e+01   1.986918e-22   1.152174e-02   2.382315e-22   10098
  4.316283e+01   -5.746386e-22   1.151731e-02   2.635041e-22   8126
  4.320507e+01   4.129080e-22   1.151119e-02   3.040322e-22   6362
  4.324736e+01   -2.650329e-22   1.155455e-02   3.339408e-22   4822
  4.328956e+01   1.267463e-21   1.148980e-02   4.088125e-22   3474
  4.333169e+01   -1.742885e-22   1.147690e-02   5.010896e-22   2366
  4.337376e+01   8.218417e-22   1.144014e-02   6.285681e-22   1466
  4.341590e+01   6.138614e-22   1.170054e-02   8.786363e-22   790
  4.345704e+01   2.843328e-21   1.106884e-02   1.418023e-21   306
  4.349554e+01   5.412383e-22   9.430857e-03   3.108222e-21   62
