# cross spectrum of phi(z1) and phi(z2)
# redshift z=1.093858
# k              Pk             sigma(k)       sigma(Pk)      count
  3.132125e-02   6.936372e-11   4.792454e-03   1.908227e-11   18
  6.745391e-02   3.215987e-11   1.159167e-02   3.218837e-12   152
  1.090113e-01   1.112732e-11   1.224347e-02   5.511708e-13   416
  1.497134e-01   4.787418e-12   1.165022e-02   1.931388e-13   770
  1.923472e-01   2.397936e-12   1.247860e-02   7.488534e-14   1364
  2.350444e-01   1.238884e-12   1.221820e-02   3.123593e-14   1976
  2.775930e-01   7.466731e-13   1.245022e-02   1.654231e-14   2792
  3.193857e-01   4.736210e-13   1.188722e-02   9.493544e-15   3578
  3.615292e-01   2.923343e-13   1.219808e-02   5.546199e-15   4724
  4.045273e-01   1.971141e-13   1.253838e-02   3.572297e-15   6032
  4.469941e-01   1.264157e-13   1.206640e-02   2.436909e-15   7072
  4.890810e-01   9.153384e-14   1.222555e-02   1.680257e-15   8634
  5.318886e-01   6.221652e-14   1.238102e-02   1.216553e-15   10336
  5.746708e-01   4.455363e-14   1.232804e-02   8.468133e-16   11940
  6.167490e-01   2.987704e-14   1.208586e-02   6.614043e-16   13490
  6.588740e-01   2.288938e-14   1.221778e-02   5.136301e-16   15656
  7.016595e-01   1.528481e-14   1.241043e-02   3.908182e-16   18008
  7.443680e-01   1.100748e-14   1.227786e-02   3.219603e-16   19964
  7.867827e-01   8.311017e-15   1.226437e-02   2.573568e-16   22354
  8.291404e-01   4.918423e-15   1.212327e-02   2.126059e-16   24648
  8.716536e-01   3.546683e-15   1.233244e-02   1.732708e-16   27592
  9.142068e-01   2.681217e-15   1.230127e-02   1.463577e-16   30152
  9.566749e-01   1.572192e-15   1.227622e-02   1.233641e-16   33046
  9.991233e-01   1.289860e-15   1.221538e-02   1.062885e-16   35992
  1.041693e+00   7.464529e-16   1.229906e-02   9.074100e-17   39304
  1.084289e+00   5.783351e-16   1.232858e-02   7.791598e-17   42608
  1.126820e+00   4.835419e-16   1.223307e-02   6.738460e-17   45758
  1.169340e+00   2.057997e-16   1.228914e-02   5.932664e-17   49536
  1.211695e+00   2.630586e-16   1.215683e-02   5.196637e-17   52488
  1.254054e+00   6.490539e-17   1.233851e-02   4.590453e-17   57034
  1.296605e+00   8.335609e-17   1.224458e-02   4.011869e-17   60648
  1.339187e+00   6.948811e-17   1.230532e-02   3.556786e-17   65044
  1.381689e+00   1.894560e-17   1.223104e-02   3.196361e-17   68720
  1.424202e+00   9.748122e-17   1.231312e-02   2.837007e-17   73538
  1.466870e+00   7.274422e-17   1.230776e-02   2.563897e-17   78080
  1.509304e+00   1.092862e-16   1.215944e-02   2.308126e-17   81572
  1.551677e+00   1.630530e-17   1.232495e-02   2.076923e-17   87248
  1.594353e+00   3.097121e-17   1.233837e-02   1.867618e-17   92266
  1.636929e+00   2.197434e-17   1.225268e-02   1.705717e-17   96696
  1.679216e+00   3.064580e-17   1.215041e-02   1.557206e-17   100904
  1.721516e+00   -5.145487e-18   1.226207e-02   1.407629e-17   107036
  1.764192e+00   1.396485e-17   1.235795e-02   1.288089e-17   113362
  1.806923e+00   1.566383e-17   1.228837e-02   1.171487e-17   118176
  1.849351e+00   2.546169e-17   1.221864e-02   1.087868e-17   122944
  1.891857e+00   1.514814e-17   1.233203e-02   9.905527e-18   129902
  1.934420e+00   1.616953e-17   1.224691e-02   9.144515e-18   134944
  1.976863e+00   3.317362e-17   1.225992e-02   8.422365e-18   140952
  2.019285e+00   1.375461e-17   1.225865e-02   7.763173e-18   147072
  2.061737e+00   -9.891392e-18   1.224320e-02   7.161105e-18   153382
  2.104357e+00   1.789686e-17   1.233049e-02   6.641592e-18   160952
  2.147003e+00   -1.353884e-18   1.228118e-02   6.152827e-18   166640
  2.189431e+00   8.210111e-18   1.222861e-02   5.695789e-18   172448
  2.231915e+00   1.068079e-17   1.231031e-02   5.308079e-18   180594
  2.274471e+00   5.667542e-18   1.224284e-02   4.986830e-18   186556
  2.316888e+00   7.135682e-19   1.225358e-02   4.625472e-18   193528
  2.359297e+00   -8.660370e-18   1.224273e-02   4.327677e-18   200626
  2.401844e+00   -5.621738e-19   1.230642e-02   4.026109e-18   209256
  2.444460e+00   2.348431e-18   1.227865e-02   3.778122e-18   216020
  2.487004e+00   -5.787091e-18   1.230299e-02   3.522080e-18   223768
  2.529444e+00   6.612072e-18   1.222313e-02   3.298668e-18   230234
  2.571955e+00   -3.253456e-19   1.229969e-02   3.079942e-18   239800
  2.614499e+00   -7.297674e-20   1.225221e-02   2.915159e-18   246568
  2.656957e+00   3.716486e-18   1.227331e-02   2.732785e-18   254828
  2.699414e+00   3.778359e-19   1.225769e-02   2.560180e-18   263074
  2.741981e+00   2.382708e-18   1.228604e-02   2.416620e-18   272312
  2.784554e+00   5.460331e-18   1.228079e-02   2.274750e-18   280376
  2.827093e+00   4.700857e-18   1.228600e-02   2.155282e-18   288884
  2.869605e+00   4.335969e-18   1.227401e-02   2.015926e-18   297602
  2.912071e+00   -8.632343e-19   1.223046e-02   1.911888e-18   305520
  2.954561e+00   8.476841e-19   1.230079e-02   1.818214e-18   315976
  2.996984e+00   -3.529241e-19   1.221089e-02   1.712468e-18   322778
  3.039488e+00   3.605290e-18   1.232008e-02   1.615193e-18   335372
  3.082114e+00   4.433695e-18   1.227327e-02   1.536362e-18   343464
  3.124654e+00   -1.470419e-18   1.228282e-02   1.449907e-18   352912
  3.167174e+00   6.834866e-19   1.228199e-02   1.371203e-18   362666
  3.209689e+00   -1.074204e-18   1.225476e-02   1.307848e-18   371884
  3.252186e+00   -3.262294e-19   1.227971e-02   1.242086e-18   382280
  3.294633e+00   1.912735e-18   1.224302e-02   1.180820e-18   390888
  3.337059e+00   3.939911e-19   1.226867e-02   1.119192e-18   402234
  3.379565e+00   1.367397e-18   1.225933e-02   1.063756e-18   412576
  3.422105e+00   8.664316e-20   1.228715e-02   1.005031e-18   423732
  3.464636e+00   1.222776e-18   1.227257e-02   9.600717e-19   433624
  3.507180e+00   -1.026973e-18   1.228881e-02   9.131881e-19   445154
  3.549739e+00   6.135484e-20   1.227656e-02   8.698903e-19   455584
  3.592238e+00   1.063780e-18   1.225887e-02   8.298913e-19   465588
  3.634685e+00   -5.283389e-19   1.226065e-02   7.907920e-19   476762
  3.677219e+00   2.902330e-18   1.229242e-02   7.550221e-19   489552
  3.719789e+00   7.032446e-19   1.227853e-02   7.199584e-19   500328
  3.762251e+00   2.430789e-18   1.223705e-02   6.890132e-19   509852
  3.804741e+00   2.423869e-19   1.229735e-02   6.566663e-19   524234
  3.847275e+00   -7.979353e-20   1.224781e-02   6.297863e-19   534104
  3.889779e+00   2.169918e-19   1.228211e-02   5.989037e-19   547048
  3.932320e+00   -6.183422e-19   1.229545e-02   5.730458e-19   559328
  3.974872e+00   8.547483e-19   1.228346e-02   5.522282e-19   571326
  4.017355e+00   -5.501225e-19   1.224147e-02   5.264638e-19   581920
  4.059804e+00   1.077316e-18   1.225835e-02   5.034813e-19   594832
  4.102282e+00   6.843191e-19   1.227222e-02   4.842516e-19   608048
  4.144825e+00   3.055156e-19   1.228101e-02   4.637362e-19   621526
  4.187356e+00   -3.576775e-19   1.226445e-02   4.443274e-19   633240
  4.229822e+00   -1.172491e-19   1.225981e-02   4.268082e-19   645472
  4.272346e+00   -3.310988e-19   1.230137e-02   4.094715e-19   660906
  4.314903e+00   -1.233180e-18   1.227030e-02   3.926059e-19   672856
  4.357425e+00   1.544138e-19   1.226838e-02   3.773222e-19   685980
  4.399921e+00   -1.278495e-19   1.227191e-02   3.614412e-19   699256
  4.442476e+00   6.611553e-19   1.229990e-02   3.471983e-19   714730
  4.484986e+00   7.032613e-19   1.223739e-02   3.343480e-19   725152
  4.527452e+00   4.694800e-19   1.227054e-02   3.208999e-19   740420
  4.569941e+00   -6.223008e-19   1.227636e-02   3.099730e-19   754312
  4.612456e+00   2.048219e-19   1.227959e-02   2.976128e-19   769114
  4.654996e+00   5.464748e-19   1.227684e-02   2.862561e-19   783488
  4.697459e+00   7.390705e-19   1.223560e-02   2.757677e-19   794968
  4.739925e+00   -8.205052e-19   1.228043e-02   2.650678e-19   812366
  4.782438e+00   9.561160e-20   1.226054e-02   2.562597e-19   825976
  4.825000e+00   1.721300e-20   1.230088e-02   2.456488e-19   843352
  4.867591e+00   6.629352e-19   1.229290e-02   2.368932e-19   857280
  4.910094e+00   4.786370e-19   1.225276e-02   2.289143e-19   869542
  4.952587e+00   6.938543e-19   1.228301e-02   2.203802e-19   887128
  4.995087e+00   2.316346e-19   1.225266e-02   2.121393e-19   900032
  5.037553e+00   -2.337018e-19   1.226951e-02   2.047934e-19   916560
  5.080018e+00   3.443337e-19   1.224713e-02   1.979463e-19   930922
  5.122540e+00   -1.289588e-19   1.228718e-02   1.903339e-19   949844
  5.165149e+00   1.716422e-19   1.230776e-02   1.835739e-19   966736
  5.207698e+00   2.590553e-19   1.226328e-02   1.779244e-19   978776
  5.250149e+00   3.570042e-19   1.225655e-02   1.725629e-19   994522
  5.292642e+00   -4.128202e-19   1.227563e-02   1.659847e-19   1012420
  5.335176e+00   2.896742e-20   1.228639e-02   1.602205e-19   1029408
  5.377640e+00   -1.320767e-19   1.223362e-02   1.552064e-19   1041658
  5.420127e+00   -7.798538e-21   1.228953e-02   1.494077e-19   1063520
  5.462635e+00   1.909783e-19   1.224276e-02   1.452137e-19   1075808
  5.505175e+00   4.090354e-20   1.232008e-02   1.398329e-19   1098956
  5.547712e+00   -2.362385e-19   1.224668e-02   1.353888e-19   1109810
  5.590179e+00   1.992342e-19   1.226115e-02   1.312129e-19   1128608
  5.632713e+00   2.548203e-19   1.229436e-02   1.273053e-19   1148264
  5.675250e+00   3.124631e-19   1.227167e-02   1.230478e-19   1163252
  5.717744e+00   5.106286e-19   1.226828e-02   1.190165e-19   1181042
  5.760239e+00   1.650318e-19   1.225730e-02   1.152089e-19   1197848
  5.802769e+00   -4.056190e-20   1.229495e-02   1.114106e-19   1218848
  5.845291e+00   -9.294124e-21   1.225944e-02   1.078190e-19   1232916
  5.887780e+00   8.338136e-20   1.227538e-02   1.047495e-19   1253002
  5.930266e+00   1.423072e-19   1.224914e-02   1.016831e-19   1268576
  5.972763e+00   4.879977e-20   1.228621e-02   9.811312e-20   1290128
  6.015287e+00   -5.809000e-20   1.227337e-02   9.533744e-20   1307402
  6.057820e+00   -1.640814e-19   1.227649e-02   9.225751e-20   1327028
  6.100333e+00   9.621543e-20   1.225988e-02   8.992973e-20   1343648
  6.142842e+00   -4.243157e-20   1.228087e-02   8.701968e-20   1364096
  6.185363e+00   -4.258929e-20   1.227580e-02   8.446501e-20   1382730
  6.227896e+00   2.550364e-20   1.227503e-02   8.193167e-20   1402164
  6.270416e+00   -1.262558e-20   1.227264e-02   7.960327e-20   1420464
  6.312883e+00   -2.346117e-19   1.225519e-02   7.719787e-20   1437368
  6.355387e+00   -1.133087e-19   1.228857e-02   7.496636e-20   1461530
  6.397919e+00   1.777850e-19   1.226028e-02   7.281421e-20   1478264
  6.440432e+00   -2.201466e-19   1.227561e-02   7.064899e-20   1499356
  6.482926e+00   -1.564797e-19   1.226095e-02   6.883760e-20   1517016
  6.525439e+00   1.617225e-20   1.228340e-02   6.681499e-20   1540090
  6.567953e+00   -1.055125e-19   1.226146e-02   6.504431e-20   1557360
  6.610434e+00   -1.303973e-20   1.226770e-02   6.310073e-20   1577780
  6.652969e+00   2.706735e-20   1.230043e-02   6.113035e-20   1602578
  6.695499e+00   -5.706807e-21   1.225417e-02   5.964644e-20   1617672
  6.737992e+00   6.181632e-21   1.227613e-02   5.804051e-20   1641016
  6.780486e+00   -4.675310e-20   1.226032e-02   5.633103e-20   1659416
  6.822983e+00   -1.536463e-19   1.227372e-02   5.479678e-20   1682670
  6.865529e+00   -1.998699e-21   1.228276e-02   5.321944e-20   1705256
  6.908096e+00   8.922261e-20   1.228756e-02   5.181151e-20   1726312
  6.950582e+00   -1.677228e-21   1.225056e-02   5.033576e-20   1741880
  6.993044e+00   -1.011230e-19   1.226862e-02   4.901081e-20   1766454
  7.035588e+00   9.432754e-20   1.229242e-02   4.772798e-20   1791784
  7.078111e+00   -6.370826e-20   1.225558e-02   4.661972e-20   1807712
  7.120554e+00   -8.407301e-20   1.225110e-02   4.518500e-20   1829002
  7.163037e+00   -2.960790e-20   1.226905e-02   4.408300e-20   1854216
  7.205602e+00   -1.522629e-19   1.229852e-02   4.282920e-20   1880156
  7.248150e+00   2.304095e-20   1.227340e-02   4.177617e-20   1897568
  7.290651e+00   3.364716e-20   1.227390e-02   4.077470e-20   1920458
  7.333153e+00   1.103801e-21   1.226399e-02   3.964027e-20   1942208
  7.375659e+00   -1.725190e-20   1.227125e-02   3.862765e-20   1965612
  7.418175e+00   -8.152977e-20   1.227855e-02   3.761710e-20   1989000
  7.460671e+00   1.177659e-20   1.225786e-02   3.662674e-20   2009114
  7.503166e+00   -2.299618e-20   1.226960e-02   3.570548e-20   2034464
  7.545695e+00   -1.214702e-19   1.228070e-02   3.473834e-20   2058476
  7.588207e+00   -6.969245e-20   1.227216e-02   3.398790e-20   2079648
  7.630693e+00   -5.355205e-20   1.226356e-02   3.309016e-20   2102578
  7.673222e+00   -1.103141e-19   1.228297e-02   3.225045e-20   2129928
  7.715766e+00   -7.548399e-20   1.227893e-02   3.142873e-20   2152096
  7.758252e+00   -3.658590e-20   1.225143e-02   3.067886e-20   2171142
  7.800741e+00   -5.953452e-20   1.227660e-02   2.992239e-20   2200248
  7.843296e+00   -3.290757e-20   1.228407e-02   2.913033e-20   2225216
  7.885842e+00   -2.609900e-20   1.228377e-02   2.844898e-20   2248448
  7.928336e+00   -1.580186e-20   1.225709e-02   2.778050e-20   2267942
  7.970840e+00   -5.240399e-20   1.228420e-02   2.706798e-20   2298072
  8.013348e+00   2.324477e-20   1.225627e-02   2.649496e-20   2317272
  8.055842e+00   -5.414372e-20   1.227899e-02   2.582484e-20   2345808
  8.098322e+00   1.436090e-20   1.224988e-02   2.524786e-20   2365650
  8.140823e+00   -2.119294e-20   1.227972e-02   2.453421e-20   2396940
  8.183368e+00   -2.504441e-21   1.227975e-02   2.402434e-20   2421272
  8.225892e+00   1.389830e-20   1.227360e-02   2.344657e-20   2444576
  8.268407e+00   -1.369136e-20   1.227899e-02   2.290590e-20   2471490
  8.310912e+00   -5.891279e-20   1.225942e-02   2.237913e-20   2493180
  8.353397e+00   -1.685729e-20   1.227208e-02   2.186574e-20   2520952
  8.395888e+00   -3.896001e-20   1.226128e-02   2.133914e-20   2544946
  8.438392e+00   3.916814e-20   1.227324e-02   2.085662e-20   2573856
  8.480922e+00   -3.614122e-20   1.227611e-02   2.036346e-20   2600016
  8.523447e+00   -6.506444e-22   1.227641e-02   1.991712e-20   2625484
  8.565959e+00   -2.932761e-20   1.227232e-02   1.945702e-20   2651122
  8.608519e+00   1.427274e-20   1.229739e-02   1.901331e-20   2683488
  8.651014e+00   9.935913e-22   1.223786e-02   1.860738e-20   2696352
  8.693483e+00   3.141244e-21   1.228468e-02   1.813786e-20   2733020
  8.736008e+00   5.339297e-21   1.227012e-02   1.775534e-20   2757378
  8.778525e+00   1.115574e-20   1.227177e-02   1.734405e-20   2784864
  8.821036e+00   7.112119e-21   1.227124e-02   1.695609e-20   2811168
  8.863496e+00   1.320691e-20   1.224424e-02   1.658567e-20   2832274
  8.906020e+00   -3.617710e-21   1.230244e-02   1.621190e-20   2873636
  8.948567e+00   4.448639e-20   1.225951e-02   1.585311e-20   2890496
  8.991066e+00   -2.867986e-20   1.227940e-02   1.551822e-20   2921800
  9.033598e+00   9.334928e-21   1.228441e-02   1.514483e-20   2951298
  9.076126e+00   -3.840608e-21   1.226510e-02   1.480220e-20   2975476
  9.118654e+00   -2.003631e-20   1.228550e-02   1.449557e-20   3007728
  9.161142e+00   -2.212123e-21   1.224754e-02   1.423706e-20   3025776
  9.203640e+00   -1.431328e-21   1.229182e-02   1.387953e-20   3065762
  9.246160e+00   8.285790e-21   1.225283e-02   1.359379e-20   3084856
  9.288649e+00   -4.833782e-20   1.227594e-02   1.331165e-20   3118044
  9.331129e+00   -1.947721e-20   1.225728e-02   1.301684e-20   3141352
  9.373640e+00   -1.837273e-20   1.228814e-02   1.275610e-20   3179274
  9.416185e+00   3.950414e-20   1.227073e-02   1.246913e-20   3204120
  9.458671e+00   -1.627286e-20   1.225444e-02   1.221943e-20   3227900
  9.501151e+00   -1.025053e-20   1.227489e-02   1.195976e-20   3262394
  9.543701e+00   1.114976e-21   1.228726e-02   1.170499e-20   3295680
  9.586236e+00   8.589793e-21   1.226866e-02   1.144564e-20   3319560
  9.628737e+00   4.343947e-20   1.227228e-02   1.125449e-20   3348972
  9.671240e+00   1.455247e-20   1.227416e-02   1.100647e-20   3379722
  9.713763e+00   -5.005999e-21   1.227339e-02   1.074807e-20   3410720
  9.756299e+00   -7.567325e-21   1.227807e-02   1.053311e-20   3441504
  9.798787e+00   1.759725e-21   1.225320e-02   1.032585e-20   3463624
  9.841266e+00   1.037195e-20   1.227217e-02   1.012123e-20   3499790
  9.883803e+00   2.160453e-21   1.228281e-02   9.904217e-21   3533560
  9.926350e+00   2.219876e-21   1.227932e-02   9.709559e-21   3561920
  9.968836e+00   4.777740e-21   1.225683e-02   9.533303e-21   3585208
  1.001132e+01   -1.828826e-21   1.227674e-02   9.336917e-21   3622518
  1.005387e+01   -2.205060e-20   1.228938e-02   9.125385e-21   3657584
  1.009637e+01   -1.171371e-20   1.225003e-02   8.965910e-21   3676440
  1.013883e+01   -3.467417e-22   1.226093e-02   8.774883e-21   3711282
  1.018134e+01   4.893242e-21   1.227505e-02   8.597518e-21   3747696
  1.022386e+01   1.412693e-20   1.226890e-02   8.434176e-21   3776188
  1.026640e+01   8.225163e-21   1.229793e-02   8.256663e-21   3815304
  1.030893e+01   1.501378e-20   1.225864e-02   8.110972e-21   3835370
  1.035143e+01   -6.046482e-21   1.227570e-02   7.939345e-21   3873424
  1.039395e+01   4.794786e-21   1.227191e-02   7.776116e-21   3903420
  1.043647e+01   8.867448e-21   1.228014e-02   7.629287e-21   3937624
  1.047898e+01   -2.717887e-21   1.226404e-02   7.477943e-21   3965658
  1.052150e+01   1.023311e-20   1.227921e-02   7.340408e-21   4002984
  1.056400e+01   -1.404098e-21   1.226054e-02   7.196195e-21   4027928
  1.060647e+01   -5.719726e-21   1.225976e-02   7.058325e-21   4059844
  1.064896e+01   -3.137860e-21   1.227978e-02   6.921339e-21   4100338
  1.069151e+01   9.181982e-21   1.227651e-02   6.783571e-21   4132264
  1.073403e+01   -1.731835e-22   1.227390e-02   6.659338e-21   4163216
  1.077652e+01   -1.372179e-21   1.226459e-02   6.532199e-21   4193350
  1.081904e+01   -4.894732e-21   1.228427e-02   6.406338e-21   4234456
  1.086156e+01   -3.500118e-21   1.225632e-02   6.283003e-21   4257264
  1.090405e+01   -2.008692e-20   1.227910e-02   6.172036e-21   4297352
  1.094656e+01   -4.363206e-21   1.226998e-02   6.053317e-21   4328642
  1.098909e+01   2.567383e-21   1.228265e-02   5.930623e-21   4367948
  1.103158e+01   -9.964517e-21   1.224720e-02   5.838321e-21   4388384
  1.107408e+01   -5.600109e-21   1.228899e-02   5.725575e-21   4436648
  1.111661e+01   -2.698134e-21   1.227199e-02   5.619351e-21   4465658
  1.115915e+01   1.878837e-20   1.227871e-02   5.508631e-21   4502948
  1.120165e+01   -4.436617e-21   1.225915e-02   5.409115e-21   4528880
  1.124413e+01   7.499318e-22   1.226872e-02   5.306908e-21   4566290
  1.128665e+01   1.430403e-20   1.228262e-02   5.205264e-21   4606856
  1.132917e+01   -3.528130e-21   1.226621e-02   5.115273e-21   4635380
  1.137166e+01   1.483756e-20   1.226853e-02   5.017025e-21   4670384
  1.141417e+01   -1.826248e-20   1.227665e-02   4.927299e-21   4709258
  1.145672e+01   -9.589076e-21   1.228130e-02   4.844167e-21   4747352
  1.149922e+01   -3.974186e-21   1.225462e-02   4.751473e-21   4771664
  1.154171e+01   -1.505582e-22   1.227440e-02   4.669109e-21   4813532
  1.158423e+01   -3.084612e-22   1.228175e-02   4.581894e-21   4852322
  1.162677e+01   -8.953594e-21   1.227605e-02   4.499979e-21   4886480
  1.166928e+01   2.940097e-21   1.226516e-02   4.426084e-21   4917248
  1.171175e+01   -1.091070e-21   1.226039e-02   4.342726e-21   4950828
  1.175428e+01   -3.331449e-22   1.229115e-02   4.257921e-21   5000170
  1.179682e+01   -2.690243e-22   1.226743e-02   4.183438e-21   5026952
  1.183930e+01   1.181812e-20   1.225870e-02   4.114117e-21   5058752
  1.188178e+01   3.650559e-21   1.227096e-02   4.042035e-21   5100722
  1.192431e+01   -2.060208e-21   1.227592e-02   3.969222e-21   5140124
  1.196682e+01   1.510439e-21   1.227175e-02   3.899479e-21   5174072
  1.200934e+01   -4.498826e-22   1.227571e-02   3.829259e-21   5211608
  1.205185e+01   -1.488739e-21   1.227167e-02   3.764525e-21   5247794
  1.209436e+01   3.258827e-21   1.226763e-02   3.700907e-21   5284196
  1.213689e+01   4.766942e-22   1.228663e-02   3.633279e-21   5328800
  1.217939e+01   4.577771e-23   1.225244e-02   3.578307e-21   5350872
  1.222188e+01   9.978172e-21   1.227843e-02   3.507552e-21   5400634
  1.226439e+01   4.796983e-21   1.226116e-02   3.448422e-21   5430968
  1.230690e+01   -3.579857e-21   1.228074e-02   3.394308e-21   5475908
  1.234942e+01   -5.640734e-21   1.227341e-02   3.334864e-21   5510016
  1.239194e+01   2.205744e-21   1.227878e-02   3.271771e-21   5552114
  1.243448e+01   -3.876003e-21   1.227536e-02   3.219224e-21   5588944
  1.247700e+01   -2.442534e-21   1.227081e-02   3.164905e-21   5623828
  1.251949e+01   -7.043995e-21   1.226652e-02   3.108525e-21   5660722
  1.256199e+01   -1.236609e-21   1.226569e-02   3.060169e-21   5699896
  1.260450e+01   4.320059e-21   1.227587e-02   3.007117e-21   5741936
  1.264701e+01   1.014004e-20   1.227604e-02   2.957244e-21   5779568
  1.268952e+01   -1.540157e-21   1.227056e-02   2.908964e-21   5817222
  1.273202e+01   -7.328640e-23   1.226405e-02   2.856541e-21   5854600
  1.277454e+01   5.398378e-21   1.227916e-02   2.808398e-21   5900040
  1.281705e+01   1.099701e-21   1.226601e-02   2.760219e-21   5931976
  1.285956e+01   -2.597443e-21   1.228040e-02   2.717431e-21   5979390
  1.290207e+01   -3.919100e-21   1.226129e-02   2.674706e-21   6010200
  1.294458e+01   3.989493e-21   1.227731e-02   2.626209e-21   6056496
  1.298708e+01   -9.711484e-22   1.226484e-02   2.584729e-21   6089504
  1.302958e+01   2.290196e-21   1.227756e-02   2.543628e-21   6137114
  1.307210e+01   -2.567600e-21   1.226880e-02   2.499408e-21   6173332
  1.311461e+01   -2.959749e-21   1.227153e-02   2.458170e-21   6214128
  1.315711e+01   -4.502050e-21   1.226922e-02   2.420075e-21   6253874
  1.319964e+01   -5.235440e-23   1.227851e-02   2.379678e-21   6300104
  1.324216e+01   4.923924e-21   1.226546e-02   2.339875e-21   6332612
  1.328467e+01   -1.799030e-21   1.228096e-02   2.304214e-21   6379768
  1.332719e+01   -3.092521e-21   1.227439e-02   2.266085e-21   6418218
  1.336971e+01   -9.086215e-22   1.227344e-02   2.229766e-21   6459880
  1.341221e+01   1.590358e-21   1.226446e-02   2.195616e-21   6495652
  1.345472e+01   1.589824e-21   1.228092e-02   2.160987e-21   6545296
  1.349724e+01   -1.154901e-21   1.226891e-02   2.124970e-21   6581570
  1.353974e+01   6.533626e-21   1.226098e-02   2.090474e-21   6618960
  1.358222e+01   5.412701e-22   1.226863e-02   2.056919e-21   6663352
  1.362471e+01   1.318695e-21   1.226151e-02   2.023302e-21   6701334
  1.366724e+01   2.066664e-21   1.229005e-02   1.992252e-21   6759920
  1.370978e+01   1.258023e-21   1.226871e-02   1.959732e-21   6789696
  1.375229e+01   -2.978104e-21   1.227982e-02   1.929328e-21   6837208
  1.379481e+01   -6.057598e-21   1.226997e-02   1.899479e-21   6874966
  1.383733e+01   2.260428e-21   1.227445e-02   1.867393e-21   6920864
  1.387984e+01   -3.040529e-21   1.226703e-02   1.840598e-21   6957816
  1.392234e+01   -2.712386e-21   1.227258e-02   1.812191e-21   7002232
  1.396483e+01   7.372792e-23   1.226616e-02   1.782264e-21   7043114
  1.400736e+01   -1.445967e-21   1.228161e-02   1.753677e-21   7096020
  1.404988e+01   1.872827e-21   1.226958e-02   1.726764e-21   7130640
  1.409239e+01   -2.910600e-21   1.227310e-02   1.700433e-21   7175472
  1.413489e+01   7.317899e-22   1.226899e-02   1.673716e-21   7217786
  1.417741e+01   1.917170e-21   1.227600e-02   1.647673e-21   7265564
  1.421992e+01   1.186135e-21   1.226528e-02   1.622982e-21   7301288
  1.426240e+01   -2.232870e-21   1.226550e-02   1.598958e-21   7345330
  1.430491e+01   -1.566374e-21   1.227621e-02   1.573965e-21   7397048
  1.434743e+01   1.283791e-21   1.226815e-02   1.548110e-21   7435920
  1.438994e+01   1.192247e-21   1.227688e-02   1.526276e-21   7484140
  1.443245e+01   3.876726e-22   1.227057e-02   1.502568e-21   7525578
  1.447497e+01   6.150641e-22   1.227007e-02   1.480478e-21   7571376
  1.451748e+01   1.429711e-21   1.227392e-02   1.457079e-21   7617064
  1.456001e+01   9.641195e-22   1.227782e-02   1.437264e-21   7662092
  1.460251e+01   -7.864948e-22   1.226530e-02   1.415397e-21   7699658
  1.464502e+01   4.392590e-21   1.227578e-02   1.391644e-21   7752416
  1.468755e+01   -1.444464e-22   1.227763e-02   1.371276e-21   7797776
  1.473004e+01   -4.208927e-21   1.226070e-02   1.351754e-21   7831720
  1.477255e+01   -3.756167e-21   1.227889e-02   1.331199e-21   7889926
  1.481507e+01   1.163725e-21   1.227192e-02   1.311953e-21   7931480
  1.485759e+01   -1.358835e-21   1.227300e-02   1.290768e-21   7976688
  1.490006e+01   -5.452785e-22   1.225048e-02   1.274752e-21   8007786
  1.494256e+01   -2.014444e-21   1.228133e-02   1.253623e-21   8074564
  1.498510e+01   1.471474e-21   1.228034e-02   1.235574e-21   8118904
  1.502762e+01   7.218351e-22   1.226783e-02   1.217171e-21   8155824
  1.507013e+01   1.553970e-21   1.228256e-02   1.198293e-21   8212802
  1.511265e+01   4.053212e-22   1.226047e-02   1.182876e-21   8245268
  1.515516e+01   -2.430146e-22   1.228702e-02   1.164245e-21   8308816
  1.519769e+01   -1.272753e-21   1.226520e-02   1.147593e-21   8340304
  1.524017e+01   1.111071e-21   1.226489e-02   1.129600e-21   8387738
  1.528267e+01   1.054971e-21   1.226883e-02   1.114693e-21   8437624
  1.532518e+01   -8.425459e-22   1.227531e-02   1.098612e-21   8487796
  1.536768e+01   -1.599636e-21   1.226572e-02   1.081959e-21   8527936
  1.541020e+01   5.563055e-22   1.227764e-02   1.067059e-21   8585122
  1.545272e+01   1.107799e-21   1.227170e-02   1.050722e-21   8628200
  1.549524e+01   2.452557e-21   1.227868e-02   1.035238e-21   8679484
  1.553776e+01   -2.688736e-22   1.226928e-02   1.021546e-21   8721466
  1.558025e+01   -5.192903e-22   1.226318e-02   1.007639e-21   8765840
  1.562277e+01   1.076214e-22   1.228142e-02   9.915731e-22   8825136
  1.566528e+01   -1.808499e-21   1.226701e-02   9.777196e-22   8861768
  1.570779e+01   -9.790608e-22   1.227728e-02   9.626918e-22   8919278
  1.575031e+01   3.289628e-21   1.226638e-02   9.496014e-22   8961008
  1.579282e+01   -4.201402e-22   1.227512e-02   9.361276e-22   9014456
  1.583534e+01   1.028176e-21   1.227527e-02   9.231572e-22   9062240
  1.587786e+01   1.861126e-21   1.227311e-02   9.089941e-22   9110510
  1.592036e+01   -3.463870e-21   1.226582e-02   8.976659e-22   9154048
  1.596285e+01   2.216011e-22   1.226281e-02   8.851175e-22   9198928
  1.600534e+01   3.441631e-22   1.227531e-02   8.723728e-22   9257194
  1.604787e+01   -1.821985e-22   1.227745e-02   8.603846e-22   9310168
  1.609038e+01   4.114229e-22   1.226530e-02   8.479233e-22   9350316
  1.613289e+01   1.434855e-21   1.227684e-02   8.368724e-22   9407120
  1.617541e+01   5.812279e-22   1.227300e-02   8.248314e-22   9454642
  1.621793e+01   -1.931846e-22   1.227362e-02   8.135253e-22   9506272
  1.626044e+01   -2.271323e-22   1.226942e-02   8.021331e-22   9551228
  1.630294e+01   5.241965e-22   1.227038e-02   7.899833e-22   9600264
  1.634544e+01   3.682529e-22   1.227012e-02   7.796446e-22   9651458
  1.638796e+01   -6.982576e-23   1.228049e-02   7.689398e-22   9711488
  1.643048e+01   6.002639e-22   1.226476e-02   7.585664e-22   9749144
  1.647299e+01   3.988655e-22   1.227613e-02   7.472631e-22   9807908
  1.651550e+01   7.576129e-22   1.227043e-02   7.375820e-22   9854786
  1.655803e+01   1.097942e-21   1.228107e-02   7.269402e-22   9914304
  1.660053e+01   6.526780e-22   1.225867e-02   7.184143e-22   9945544
  1.664301e+01   3.088465e-22   1.226718e-02   7.073311e-22   10003414
  1.668552e+01   9.197689e-22   1.227468e-02   6.988025e-22   10062032
  1.672804e+01   1.617174e-21   1.227657e-02   6.889871e-22   10114792
  1.677058e+01   1.422911e-21   1.228180e-02   6.788559e-22   10169936
  1.681307e+01   1.687468e-23   1.225060e-02   6.704463e-22   10196602
  1.685558e+01   9.071721e-22   1.228906e-02   6.609176e-22   10281156
  1.689811e+01   -1.931475e-21   1.226275e-02   6.527588e-22   10309376
  1.694060e+01   -2.200906e-22   1.227427e-02   6.439082e-22   10369856
  1.698310e+01   -6.469663e-22   1.226425e-02   6.352372e-22   10415370
  1.702562e+01   -2.551320e-22   1.228018e-02   6.261527e-22   10481988
  1.706815e+01   5.466366e-22   1.227822e-02   6.173654e-22   10531200
  1.711066e+01   1.375620e-21   1.226163e-02   6.094509e-22   10569416
  1.715315e+01   8.965794e-22   1.227286e-02   6.013181e-22   10633066
  1.719568e+01   5.223181e-23   1.227546e-02   5.927171e-22   10687548
  1.723821e+01   -6.414796e-23   1.228168e-02   5.850514e-22   10743968
  1.728072e+01   -1.570046e-23   1.226340e-02   5.774945e-22   10782130
  1.732321e+01   -1.100104e-22   1.226438e-02   5.699517e-22   10837792
  1.736571e+01   -5.418617e-22   1.227328e-02   5.629883e-22   10897368
  1.740823e+01   9.733269e-22   1.227857e-02   5.551314e-22   10953940
  1.745075e+01   1.457014e-22   1.227188e-02   5.476708e-22   11003274
  1.749325e+01   3.127082e-22   1.226537e-02   5.407035e-22   11052800
  1.753577e+01   -1.505950e-22   1.228039e-02   5.330883e-22   11118176
  1.757829e+01   -5.153491e-22   1.227174e-02   5.266960e-22   11162268
  1.762078e+01   -1.078059e-22   1.226447e-02   5.198361e-22   11211458
  1.766328e+01   -1.002035e-21   1.226924e-02   5.132403e-22   11271888
  1.770579e+01   -8.023763e-22   1.227456e-02   5.061090e-22   11329304
  1.774829e+01   5.000146e-22   1.226554e-02   4.994227e-22   11375026
  1.779081e+01   -7.611944e-22   1.227704e-02   4.932804e-22   11442532
  1.783332e+01   3.847362e-22   1.226620e-02   4.869188e-22   11487264
  1.787583e+01   6.511035e-23   1.227239e-02   4.803120e-22   11545680
  1.791835e+01   1.744092e-22   1.227937e-02   4.743122e-22   11607058
  1.796089e+01   1.759203e-23   1.227970e-02   4.684722e-22   11664300
  1.800340e+01   -8.604722e-22   1.226785e-02   4.624199e-22   11707488
  1.804590e+01   5.043631e-22   1.226647e-02   4.567605e-22   11759536
  1.808841e+01   5.157064e-22   1.228470e-02   4.500097e-22   11833690
  1.813095e+01   -6.362862e-22   1.227017e-02   4.448908e-22   11877808
  1.817345e+01   -8.363089e-24   1.226311e-02   4.394798e-22   11925836
  1.821595e+01   1.333996e-22   1.227560e-02   4.334949e-22   11992168
  1.825846e+01   3.402790e-22   1.227114e-02   4.280835e-22   12044554
  1.830097e+01   -2.254377e-22   1.226867e-02   4.229180e-22   12098976
  1.834346e+01   8.087803e-23   1.226469e-02   4.173558e-22   12149996
  1.838595e+01   3.121951e-22   1.226815e-02   4.124408e-22   12209594
  1.842847e+01   7.436753e-22   1.227993e-02   4.068115e-22   12279272
  1.847101e+01   -1.788673e-22   1.228002e-02   4.019813e-22   12336072
  1.851353e+01   9.482012e-22   1.226966e-02   3.971164e-22   12381744
  1.855604e+01   4.263912e-22   1.227227e-02   3.919226e-22   12441590
  1.859855e+01   1.286194e-21   1.227023e-02   3.872365e-22   12497256
  1.864105e+01   8.568606e-22   1.226730e-02   3.823345e-22   12550032
  1.868353e+01   6.200343e-22   1.226474e-02   3.776699e-22   12603936
  1.872603e+01   -4.852452e-22   1.227245e-02   3.727690e-22   12671230
  1.876857e+01   4.384282e-22   1.228331e-02   3.678531e-22   12740920
  1.881110e+01   1.215782e-22   1.227107e-02   3.638185e-22   12784560
  1.885359e+01   6.420617e-22   1.226358e-02   3.590021e-22   12834176
  1.889610e+01   6.497867e-22   1.227865e-02   3.547308e-22   12909006
  1.893863e+01   1.129488e-21   1.227235e-02   3.502422e-22   12959680
  1.898113e+01   -3.940996e-22   1.227020e-02   3.459541e-22   13014232
  1.902364e+01   6.576243e-23   1.227262e-02   3.418723e-22   13076514
  1.906614e+01   -8.144526e-22   1.226274e-02   3.379718e-22   13127112
  1.910866e+01   2.079788e-22   1.228266e-02   3.333137e-22   13205852
  1.915119e+01   -7.999532e-22   1.227282e-02   3.296575e-22   13252032
  1.919369e+01   4.510374e-22   1.226787e-02   3.258302e-22   13307450
  1.923620e+01   3.477086e-22   1.227402e-02   3.218347e-22   13374160
  1.927872e+01   2.182280e-22   1.227027e-02   3.179123e-22   13426348
  1.932123e+01   8.608611e-22   1.227853e-02   3.139274e-22   13492760
  1.936373e+01   3.578658e-22   1.226457e-02   3.104613e-22   13539546
  1.940624e+01   8.185748e-22   1.227335e-02   3.067579e-22   13610704
  1.944875e+01   1.039865e-21   1.226734e-02   3.029175e-22   13662024
  1.949125e+01   -2.675459e-22   1.227299e-02   2.992067e-22   13727492
  1.953377e+01   -7.602562e-23   1.227644e-02   2.958384e-22   13793394
  1.957629e+01   -4.084133e-24   1.226862e-02   2.923596e-22   13844456
  1.961880e+01   2.913662e-22   1.227171e-02   2.886098e-22   13905184
  1.966130e+01   5.473463e-22   1.227189e-02   2.851893e-22   13965958
  1.970381e+01   2.523854e-22   1.226859e-02   2.820923e-22   14025192
  1.974632e+01   3.751759e-22   1.227581e-02   2.785957e-22   14093768
  1.978884e+01   5.216734e-22   1.227382e-02   2.751213e-22   14150440
  1.983136e+01   2.512117e-22   1.227452e-02   2.722205e-22   14213450
  1.987387e+01   -1.756361e-22   1.226691e-02   2.691967e-22   14267036
  1.991638e+01   4.000018e-22   1.227427e-02   2.659236e-22   14335032
  1.995889e+01   7.162249e-22   1.226837e-02   2.627643e-22   14387664
  2.000139e+01   6.773724e-23   1.227308e-02   2.599466e-22   14455698
  2.004391e+01   -8.978052e-23   1.227471e-02   2.568510e-22   14520452
  2.008643e+01   -4.051859e-23   1.227399e-02   2.542913e-22   14580272
  2.012893e+01   2.954191e-22   1.226246e-02   2.512012e-22   14628050
  2.017144e+01   -9.665028e-23   1.228393e-02   2.481413e-22   14716744
  2.021396e+01   1.851122e-22   1.226163e-02   2.453489e-22   14751712
  2.025646e+01   -2.458174e-22   1.227782e-02   2.426069e-22   14831620
  2.029896e+01   -1.079668e-22   1.226188e-02   2.399613e-22   14875522
  2.034146e+01   -3.622764e-22   1.227585e-02   2.372409e-22   14956720
  2.038398e+01   3.525148e-23   1.226799e-02   2.345764e-22   15008272
  2.042648e+01   3.183117e-23   1.227113e-02   2.319083e-22   15073780
  2.046899e+01   -3.344137e-22   1.227601e-02   2.293096e-22   15144866
  2.051153e+01   -2.502584e-22   1.228021e-02   2.267194e-22   15213872
  2.055406e+01   -2.233498e-22   1.227172e-02   2.244506e-22   15263976
  2.059656e+01   4.235897e-23   1.226689e-02   2.215909e-22   15320236
  2.063907e+01   1.961924e-22   1.227747e-02   2.196088e-22   15398322
  2.068159e+01   -1.134925e-23   1.226849e-02   2.172739e-22   15450864
  2.072409e+01   -5.028417e-23   1.226949e-02   2.145125e-22   15513888
  2.076658e+01   -3.200837e-22   1.226638e-02   2.123042e-22   15574626
  2.080910e+01   4.841688e-22   1.227957e-02   2.102548e-22   15657956
  2.085162e+01   -1.495813e-22   1.226694e-02   2.078351e-22   15704248
  2.089412e+01   -8.970730e-23   1.227405e-02   2.054341e-22   15774824
  2.093664e+01   -1.089718e-22   1.227741e-02   2.032251e-22   15844898
  2.097916e+01   -2.636541e-22   1.226797e-02   2.012321e-22   15898956
  2.102166e+01   -3.290813e-22   1.226837e-02   1.991292e-22   15961768
  2.106416e+01   1.604774e-22   1.227392e-02   1.967929e-22   16032208
  2.110668e+01   -1.728876e-22   1.227386e-02   1.949299e-22   16099530
  2.114918e+01   -1.298694e-22   1.226342e-02   1.928106e-22   16152712
  2.119169e+01   -4.935126e-23   1.227877e-02   1.907690e-22   16235740
  2.123421e+01   -2.358623e-22   1.227090e-02   1.887804e-22   16288856
  2.127673e+01   -3.083876e-22   1.227763e-02   1.868656e-22   16365074
  2.131925e+01   -9.695091e-23   1.226826e-02   1.851023e-22   16418248
  2.136173e+01   -7.930496e-22   1.226229e-02   1.829425e-22   16473180
  2.140423e+01   4.704369e-23   1.227796e-02   1.811286e-22   16560234
  2.144675e+01   1.617039e-22   1.226818e-02   1.794098e-22   16616088
  2.148927e+01   -3.275838e-22   1.227653e-02   1.775084e-22   16693264
  2.153179e+01   2.300966e-22   1.227410e-02   1.757795e-22   16753864
  2.157431e+01   -2.209532e-22   1.227428e-02   1.738593e-22   16820702
  2.161682e+01   2.558749e-24   1.226755e-02   1.722037e-22   16879288
  2.165933e+01   -6.853070e-23   1.227311e-02   1.706137e-22   16951712
  2.170183e+01   -4.573183e-23   1.226675e-02   1.688099e-22   17007560
  2.174434e+01   2.003547e-23   1.227813e-02   1.672423e-22   17092086
  2.178685e+01   1.378996e-22   1.226906e-02   1.655018e-22   17148392
  2.182937e+01   -6.195428e-23   1.227478e-02   1.638512e-22   17222288
  2.187188e+01   -1.255151e-22   1.227236e-02   1.623930e-22   17285096
  2.191439e+01   1.405313e-22   1.226620e-02   1.608974e-22   17344826
  2.195689e+01   8.027663e-23   1.227320e-02   1.592364e-22   17421236
  2.199941e+01   -4.125709e-22   1.227792e-02   1.576539e-22   17494160
  2.204191e+01   -2.061311e-22   1.226044e-02   1.565046e-22   17538122
  2.208440e+01   -2.320442e-22   1.226939e-02   1.548783e-22   17620136
  2.212692e+01   3.233243e-22   1.227875e-02   1.532942e-22   17700428
  2.216945e+01   -2.401235e-22   1.227393e-02   1.520462e-22   17760320
  2.221196e+01   -2.160304e-22   1.227224e-02   1.507937e-22   17827562
  2.225448e+01   1.739309e-22   1.227165e-02   1.494352e-22   17895488
  2.229699e+01   -7.107553e-23   1.227292e-02   1.478887e-22   17963576
  2.233950e+01   -2.770926e-22   1.227046e-02   1.465683e-22   18027500
  2.238201e+01   4.316862e-23   1.227533e-02   1.452953e-22   18105650
  2.242451e+01   7.700115e-23   1.226508e-02   1.440806e-22   18160880
  2.246701e+01   1.334364e-22   1.226834e-02   1.428645e-22   18233144
  2.250951e+01   -4.082649e-24   1.227149e-02   1.415289e-22   18307310
  2.255203e+01   4.259357e-23   1.227368e-02   1.403311e-22   18381680
  2.259456e+01   -7.271348e-23   1.227489e-02   1.390426e-22   18450536
  2.263708e+01   -9.020866e-25   1.227820e-02   1.379342e-22   18522128
  2.267959e+01   -3.927387e-23   1.226827e-02   1.368431e-22   18578414
  2.272209e+01   1.543628e-22   1.227113e-02   1.355731e-22   18654304
  2.276460e+01   1.036409e-24   1.227056e-02   1.345715e-22   18722304
  2.280712e+01   -3.006939e-22   1.227777e-02   1.334440e-22   18802472
  2.284964e+01   -1.563281e-22   1.227092e-02   1.323973e-22   18864266
  2.289215e+01   -1.383962e-22   1.226939e-02   1.314567e-22   18933260
  2.293465e+01   2.523474e-22   1.226719e-02   1.303760e-22   18997448
  2.297715e+01   1.566210e-22   1.227581e-02   1.291678e-22   19079816
  2.301967e+01   2.655036e-22   1.227098e-02   1.283513e-22   19145330
  2.306218e+01   3.731601e-22   1.227177e-02   1.272253e-22   19218276
  2.310469e+01   3.497490e-22   1.227113e-02   1.262048e-22   19286200
  2.314719e+01   4.852012e-23   1.226583e-02   1.253457e-22   19349738
  2.318971e+01   -2.118672e-22   1.228286e-02   1.244249e-22   19450040
  2.323223e+01   6.711563e-23   1.226363e-02   1.235307e-22   19489688
  2.327473e+01   8.926527e-23   1.227521e-02   1.225315e-22   19576868
  2.331724e+01   7.041765e-23   1.226932e-02   1.217450e-22   19640282
  2.335976e+01   1.553496e-22   1.227873e-02   1.208466e-22   19728800
  2.340226e+01   9.702666e-23   1.226095e-02   1.200448e-22   19770152
  2.344476e+01   -2.214568e-22   1.227487e-02   1.190832e-22   19863516
  2.348729e+01   1.244251e-22   1.227855e-02   1.182859e-22   19943594
  2.352981e+01   4.512254e-23   1.227039e-02   1.176391e-22   20003440
  2.357232e+01   -2.077803e-22   1.227533e-02   1.166764e-22   20081768
  2.361483e+01   -2.926987e-22   1.226475e-02   1.160416e-22   20136200
  2.365734e+01   -4.846795e-23   1.228180e-02   1.154346e-22   20238094
  2.369985e+01   -2.792974e-22   1.226458e-02   1.146741e-22   20282544
  2.374234e+01   3.753054e-23   1.226291e-02   1.140017e-22   20351720
  2.378483e+01   1.426998e-22   1.227389e-02   1.131609e-22   20444714
  2.382735e+01   2.431688e-22   1.227112e-02   1.126657e-22   20515116
  2.386988e+01   -9.819487e-24   1.228059e-02   1.117767e-22   20602384
  2.391241e+01   1.717076e-22   1.227266e-02   1.111766e-22   20659872
  2.395491e+01   1.032047e-22   1.226837e-02   1.106561e-22   20727682
  2.399742e+01   -1.935185e-23   1.227493e-02   1.100434e-22   20814416
  2.403994e+01   7.535592e-23   1.227261e-02   1.093748e-22   20881100
  2.408245e+01   3.449764e-22   1.227247e-02   1.087540e-22   20953688
  2.412495e+01   1.752683e-22   1.226662e-02   1.082296e-22   21021050
  2.416746e+01   -2.376081e-22   1.227556e-02   1.076605e-22   21111632
  2.420998e+01   8.773673e-23   1.227336e-02   1.071929e-22   21179972
  2.425248e+01   -1.136322e-22   1.226547e-02   1.067456e-22   21240488
  2.429499e+01   1.052415e-22   1.227368e-02   1.063260e-22   21331418
  2.433750e+01   -1.092039e-23   1.226935e-02   1.058173e-22   21397304
  2.438000e+01   3.574835e-24   1.226962e-02   1.052703e-22   21469764
  2.442251e+01   8.823561e-23   1.227528e-02   1.046984e-22   21556122
  2.446502e+01   2.238615e-22   1.226591e-02   1.045384e-22   21618312
  2.450754e+01   -7.164941e-23   1.227924e-02   1.039299e-22   21716096
  2.455007e+01   5.738048e-23   1.227488e-02   1.034874e-22   21781352
  2.459258e+01   1.355383e-22   1.226971e-02   1.032656e-22   21848870
  2.463508e+01   1.649587e-22   1.227061e-02   1.028263e-22   21927536
  2.467760e+01   -1.718474e-23   1.227518e-02   1.025582e-22   22008944
  2.472011e+01   -4.125064e-23   1.227146e-02   1.020852e-22   22076136
  2.476261e+01   -4.686073e-23   1.226619e-02   1.019527e-22   22145270
  2.480513e+01   -1.805896e-23   1.228149e-02   1.014151e-22   22250960
  2.484765e+01   1.480877e-22   1.226766e-02   1.011975e-22   22300864
  2.489015e+01   1.495019e-22   1.226874e-02   1.008687e-22   22378586
  2.493266e+01   3.970071e-23   1.227304e-02   1.007866e-22   22464104
  2.497518e+01   -2.415554e-22   1.227483e-02   1.004231e-22   22542892
  2.501769e+01   -6.893596e-23   1.226849e-02   1.002389e-22   22606008
  2.506019e+01   1.436583e-22   1.227168e-02   9.985418e-23   22690002
  2.510269e+01   -1.806555e-22   1.226774e-02   9.986721e-23   22762216
  2.514519e+01   -1.735088e-22   1.227552e-02   9.893470e-23   22815779
  2.518771e+01   6.959175e-24   1.227093e-02   9.661465e-23   22772312
  2.523022e+01   6.279217e-23   1.227169e-02   9.443792e-23   22733708
  2.527273e+01   -5.802828e-23   1.227376e-02   9.234655e-23   22697672
  2.531524e+01   -1.977936e-22   1.227003e-02   9.022386e-23   22651460
  2.535775e+01   1.964512e-23   1.227280e-02   8.825886e-23   22616024
  2.540027e+01   2.487534e-22   1.227723e-02   8.629964e-23   22583496
  2.544278e+01   -2.016093e-23   1.226384e-02   8.457022e-23   22519252
  2.548527e+01   8.256299e-23   1.226879e-02   8.280401e-23   22488992
  2.552778e+01   2.077392e-23   1.227112e-02   8.107044e-23   22453172
  2.557030e+01   -1.836477e-22   1.227642e-02   7.939890e-23   22420584
  2.561282e+01   5.780154e-23   1.227318e-02   7.780916e-23   22371700
  2.565533e+01   -4.838016e-24   1.227319e-02   7.626529e-23   22329896
  2.569784e+01   -7.099053e-23   1.227005e-02   7.480233e-23   22282876
  2.574035e+01   2.743231e-22   1.227559e-02   7.333073e-23   22250692
  2.578286e+01   9.847221e-23   1.226749e-02   7.199073e-23   22194436
  2.582536e+01   1.484329e-22   1.226799e-02   7.065523e-23   22153540
  2.586787e+01   3.300230e-24   1.227489e-02   6.933554e-23   22122584
  2.591039e+01   -1.338553e-22   1.227183e-02   6.797412e-23   22073004
  2.595291e+01   -3.368765e-23   1.227763e-02   6.678264e-23   22039640
  2.599542e+01   2.670893e-22   1.226443e-02   6.557757e-23   21971624
  2.603793e+01   5.331703e-23   1.228039e-02   6.439212e-23   21955708
  2.608042e+01   1.496491e-22   1.225538e-02   6.331098e-23   21867720
  2.612293e+01   -5.404363e-25   1.228640e-02   6.209450e-23   21878900
  2.616545e+01   1.874315e-22   1.226374e-02   6.113646e-23   21794260
  2.620796e+01   1.427985e-22   1.227552e-02   6.008449e-23   21770256
  2.625048e+01   -2.216654e-23   1.227204e-02   5.909063e-23   21718124
  2.629299e+01   1.276350e-22   1.227162e-02   5.808052e-23   21671096
  2.633550e+01   -1.108077e-22   1.227173e-02   5.723038e-23   21625412
  2.637801e+01   3.520871e-23   1.227628e-02   5.616425e-23   21587284
  2.642052e+01   -3.085588e-23   1.226404e-02   5.532663e-23   21519648
  2.646302e+01   -6.257559e-23   1.227517e-02   5.445466e-23   21493344
  2.650554e+01   4.994136e-24   1.227125e-02   5.360544e-23   21439360
  2.654805e+01   -1.475639e-22   1.227471e-02   5.275178e-23   21398900
  2.659058e+01   1.384864e-24   1.227467e-02   5.193649e-23   21351488
  2.663308e+01   -1.437020e-23   1.226610e-02   5.116623e-23   21288012
  2.667559e+01   -1.250877e-22   1.227518e-02   5.037147e-23   21255052
  2.671810e+01   -1.219823e-23   1.226960e-02   4.960720e-23   21196928
  2.676060e+01   -2.693561e-23   1.226973e-02   4.892473e-23   21149036
  2.680311e+01   -1.151557e-22   1.227206e-02   4.816886e-23   21105304
  2.684563e+01   -1.037914e-23   1.227410e-02   4.752129e-23   21059992
  2.688815e+01   -2.354880e-23   1.227705e-02   4.680993e-23   21014904
  2.693067e+01   -1.317681e-22   1.227014e-02   4.616610e-23   20953620
  2.697317e+01   1.718689e-23   1.226991e-02   4.550136e-23   20902948
  2.701568e+01   -2.923379e-23   1.227225e-02   4.484043e-23   20856528
  2.705819e+01   5.982891e-23   1.227379e-02   4.422591e-23   20808868
  2.710070e+01   -4.236315e-23   1.226639e-02   4.366452e-23   20746700
  2.714319e+01   -3.072649e-25   1.226770e-02   4.308995e-23   20699040
  2.718571e+01   -5.327293e-23   1.227944e-02   4.243994e-23   20667584
  2.722822e+01   3.081932e-23   1.225995e-02   4.189896e-23   20583320
  2.727072e+01   5.246349e-23   1.227843e-02   4.134387e-23   20562728
  2.731324e+01   -4.023967e-23   1.227166e-02   4.078240e-23   20499120
  2.735575e+01   4.630405e-23   1.227335e-02   4.026168e-23   20448668
  2.739827e+01   -6.292953e-23   1.227231e-02   3.973098e-23   20394408
  2.744078e+01   -4.846288e-23   1.227328e-02   3.924915e-23   20344236
  2.748329e+01   1.770248e-24   1.227052e-02   3.875267e-23   20287988
  2.752580e+01   -2.247323e-23   1.227218e-02   3.828088e-23   20237280
  2.756831e+01   5.213901e-23   1.226928e-02   3.777498e-23   20178328
  2.761083e+01   7.241653e-25   1.227861e-02   3.731604e-23   20139844
  2.765335e+01   2.081237e-23   1.226869e-02   3.686306e-23   20069748
  2.769585e+01   -3.489512e-23   1.227006e-02   3.640771e-23   20016800
  2.773835e+01   -3.461018e-23   1.227057e-02   3.599285e-23   19962224
  2.778087e+01   -1.180156e-23   1.227954e-02   3.554612e-23   19923568
  2.782339e+01   1.439943e-23   1.226996e-02   3.515283e-23   19854300
  2.786590e+01   4.863871e-23   1.226862e-02   3.474194e-23   19797056
  2.790840e+01   -2.886286e-23   1.227082e-02   3.432225e-23   19744940
  2.795091e+01   1.086328e-23   1.227270e-02   3.391791e-23   19691768
  2.799342e+01   -2.951308e-23   1.226928e-02   3.351586e-23   19629548
  2.803593e+01   1.828349e-24   1.227096e-02   3.316166e-23   19575480
  2.807844e+01   3.332122e-23   1.227365e-02   3.275991e-23   19523296
  2.812096e+01   3.563016e-24   1.227813e-02   3.239606e-23   19474344
  2.816347e+01   -5.907620e-24   1.226244e-02   3.205341e-23   19392868
  2.820597e+01   -3.889736e-23   1.227629e-02   3.170564e-23   19356176
  2.824849e+01   -1.909079e-23   1.227437e-02   3.136237e-23   19294916
  2.829102e+01   1.413844e-23   1.227644e-02   3.100979e-23   19240856
  2.833353e+01   6.078606e-23   1.226827e-02   3.069144e-23   19170884
  2.837603e+01   -2.733657e-24   1.226787e-02   3.037057e-23   19111352
  2.841853e+01   -1.835579e-23   1.227311e-02   3.004568e-23   19060016
  2.846104e+01   -6.650973e-23   1.227199e-02   2.973944e-23   18999752
  2.850354e+01   3.527635e-24   1.226484e-02   2.941205e-23   18930272
  2.854604e+01   7.376124e-23   1.227204e-02   2.914028e-23   18882340
  2.858856e+01   -1.678966e-23   1.227653e-02   2.881863e-23   18829056
  2.863108e+01   2.148164e-23   1.226917e-02   2.851040e-23   18757640
  2.867359e+01   -3.534801e-23   1.227679e-02   2.823568e-23   18709036
  2.871611e+01   1.739752e-23   1.226951e-02   2.795907e-23   18637668
  2.875862e+01   -5.080554e-24   1.227659e-02   2.766593e-23   18587048
  2.880113e+01   -2.089902e-24   1.226650e-02   2.741943e-23   18510972
  2.884363e+01   -1.888340e-23   1.227092e-02   2.713933e-23   18456692
  2.888614e+01   -3.824182e-24   1.227027e-02   2.689426e-23   18394084
  2.892866e+01   2.308848e-25   1.227644e-02   2.661820e-23   18341352
  2.897118e+01   1.561701e-24   1.227294e-02   2.636623e-23   18273884
  2.901369e+01   -2.897632e-23   1.227214e-02   2.613901e-23   18211148
  2.905619e+01   -2.334596e-23   1.226468e-02   2.589272e-23   18137692
  2.909870e+01   7.017428e-24   1.227635e-02   2.563996e-23   18091580
  2.914122e+01   2.454309e-23   1.227406e-02   2.542087e-23   18024560
  2.918373e+01   6.177789e-24   1.226945e-02   2.517673e-23   17955116
  2.922624e+01   7.504785e-23   1.227055e-02   2.494397e-23   17893232
  2.926875e+01   8.906611e-24   1.227337e-02   2.473772e-23   17832620
  2.931126e+01   2.801910e-23   1.227331e-02   2.451364e-23   17767864
  2.935378e+01   2.398793e-23   1.227523e-02   2.428767e-23   17706956
  2.939629e+01   -1.832430e-23   1.226779e-02   2.410092e-23   17632632
  2.943880e+01   6.457647e-23   1.227224e-02   2.387666e-23   17573524
  2.948131e+01   -5.539543e-24   1.227160e-02   2.366265e-23   17506380
  2.952382e+01   -3.724925e-23   1.227283e-02   2.349810e-23   17442548
  2.956632e+01   -1.149530e-23   1.226611e-02   2.328260e-23   17368556
  2.960883e+01   -3.818289e-23   1.227726e-02   2.309448e-23   17318260
  2.965135e+01   2.469935e-23   1.227176e-02   2.289797e-23   17243792
  2.969385e+01   2.337710e-23   1.226620e-02   2.270753e-23   17169716
  2.973635e+01   -5.200341e-23   1.227104e-02   2.251247e-23   17109768
  2.977886e+01   -5.697523e-23   1.227205e-02   2.234455e-23   17044064
  2.982138e+01   -2.435752e-23   1.227557e-02   2.218491e-23   16981560
  2.986389e+01   3.521040e-23   1.226672e-02   2.200654e-23   16902264
  2.990640e+01   -2.084152e-23   1.227800e-02   2.181857e-23   16849940
  2.994892e+01   -1.932570e-23   1.226984e-02   2.167008e-23   16770600
  2.999143e+01   -1.388985e-23   1.227399e-02   2.150057e-23   16707512
  3.003394e+01   1.326712e-23   1.227053e-02   2.132396e-23   16634480
  3.007645e+01   -8.508685e-23   1.227297e-02   2.116804e-23   16569424
  3.011897e+01   -2.009744e-23   1.227100e-02   2.100503e-23   16497216
  3.016149e+01   -1.445909e-23   1.227800e-02   2.085954e-23   16436416
  3.020400e+01   9.162876e-24   1.226813e-02   2.070619e-23   16353532
  3.024650e+01   -4.412777e-24   1.226850e-02   2.055587e-23   16284908
  3.028900e+01   -3.923048e-24   1.227370e-02   2.041752e-23   16221948
  3.033152e+01   -2.922484e-23   1.227445e-02   2.027462e-23   16152552
  3.037404e+01   3.809421e-23   1.227249e-02   2.012180e-23   16078864
  3.041655e+01   3.461820e-24   1.227014e-02   1.999786e-23   16005296
  3.045906e+01   -1.805102e-23   1.227320e-02   1.985169e-23   15938220
  3.050157e+01   -1.664920e-23   1.226736e-02   1.970827e-23   15858440
  3.054407e+01   -3.534121e-23   1.226949e-02   1.959133e-23   15789252
  3.058657e+01   -2.703530e-23   1.227019e-02   1.944599e-23   15718944
  3.062908e+01   -7.359634e-23   1.227179e-02   1.932764e-23   15648652
  3.067160e+01   -5.077514e-23   1.227680e-02   1.919838e-23   15581944
  3.071412e+01   -2.306384e-23   1.227604e-02   1.907435e-23   15508744
  3.075663e+01   -4.863733e-23   1.226574e-02   1.896690e-23   15422472
  3.079914e+01   -1.963590e-24   1.227551e-02   1.883580e-23   15361536
  3.084165e+01   2.117802e-23   1.226998e-02   1.871796e-23   15281048
  3.088415e+01   1.455145e-23   1.227023e-02   1.861842e-23   15207752
  3.092666e+01   3.639404e-23   1.227075e-02   1.849665e-23   15134800
  3.096917e+01   4.319983e-23   1.227038e-02   1.838937e-23   15059664
  3.101168e+01   2.270523e-23   1.227242e-02   1.828927e-23   14987020
  3.105420e+01   -2.611633e-23   1.227903e-02   1.818567e-23   14919936
  3.109672e+01   -5.980413e-23   1.226792e-02   1.807122e-23   14831776
  3.113923e+01   -2.303715e-23   1.227679e-02   1.796306e-23   14767552
  3.118174e+01   -1.372760e-23   1.226524e-02   1.787987e-23   14678336
  3.122425e+01   -3.658335e-24   1.227632e-02   1.776268e-23   14615044
  3.126676e+01   -2.660833e-23   1.226910e-02   1.767218e-23   14530200
  3.130927e+01   -2.041533e-23   1.227171e-02   1.757896e-23   14457000
  3.135178e+01   -2.345922e-24   1.227423e-02   1.748697e-23   14383440
  3.139429e+01   1.478130e-23   1.226801e-02   1.737772e-23   14299516
  3.143679e+01   -3.201879e-23   1.227160e-02   1.731005e-23   14226024
  3.147930e+01   -4.772427e-23   1.226889e-02   1.720425e-23   14145048
  3.152182e+01   3.460912e-23   1.228178e-02   1.713743e-23   14082144
  3.156433e+01   1.007006e-23   1.226157e-02   1.705200e-23   13981640
  3.160683e+01   -3.547904e-23   1.227475e-02   1.696550e-23   13918460
  3.164935e+01   2.949955e-23   1.227481e-02   1.686549e-23   13839752
  3.169188e+01   -3.629059e-24   1.227673e-02   1.679535e-23   13762736
  3.173439e+01   -2.843418e-23   1.227147e-02   1.673508e-23   13677980
  3.177690e+01   2.126214e-23   1.226900e-02   1.664437e-23   13596196
  3.181940e+01   1.305985e-23   1.226988e-02   1.657117e-23   13517736
  3.186190e+01   -5.080568e-23   1.226579e-02   1.650404e-23   13433184
  3.190440e+01   -3.000825e-23   1.227449e-02   1.642859e-23   13362296
  3.194692e+01   1.743774e-23   1.227398e-02   1.636100e-23   13281376
  3.198944e+01   -3.035959e-23   1.227645e-02   1.629182e-23   13203336
  3.203195e+01   -1.989230e-23   1.226687e-02   1.622820e-23   13113016
  3.207445e+01   5.081650e-24   1.227094e-02   1.616630e-23   13036400
  3.211696e+01   2.382166e-23   1.226987e-02   1.610911e-23   12953648
  3.215948e+01   1.510800e-23   1.227674e-02   1.603782e-23   12879016
  3.220199e+01   -1.618789e-23   1.227015e-02   1.596372e-23   12790124
  3.224451e+01   6.762842e-24   1.227599e-02   1.591366e-23   12714152
  3.228701e+01   -4.964792e-24   1.226430e-02   1.587348e-23   12619608
  3.232951e+01   -7.664299e-24   1.227473e-02   1.581045e-23   12547232
  3.237204e+01   2.206729e-23   1.228098e-02   1.575738e-23   12470568
  3.241455e+01   -4.138417e-23   1.226086e-02   1.569210e-23   12368136
  3.245705e+01   4.418543e-23   1.227647e-02   1.564481e-23   12300504
  3.249958e+01   4.705168e-23   1.227251e-02   1.559613e-23   12212172
  3.254209e+01   -8.794233e-25   1.227112e-02   1.553856e-23   12126228
  3.258459e+01   4.638316e-23   1.227235e-02   1.549365e-23   12043352
  3.262711e+01   1.365139e-23   1.227321e-02   1.545116e-23   11959896
  3.266960e+01   9.397399e-24   1.226107e-02   1.540316e-23   11863804
  3.271211e+01   1.442992e-23   1.227575e-02   1.534365e-23   11792812
  3.275463e+01   2.228889e-23   1.227439e-02   1.533101e-23   11705392
  3.279713e+01   6.258747e-24   1.226794e-02   1.526162e-23   11613836
  3.283965e+01   -3.300775e-23   1.228215e-02   1.523687e-23   11541532
  3.288217e+01   3.319605e-24   1.226539e-02   1.519236e-23   11440232
  3.292468e+01   -1.046248e-23   1.227538e-02   1.515612e-23   11363008
  3.296718e+01   -2.138025e-23   1.226652e-02   1.511147e-23   11267848
  3.300970e+01   -3.970182e-23   1.227722e-02   1.508451e-23   11190640
  3.305222e+01   -1.521106e-23   1.227423e-02   1.504850e-23   11101084
  3.309472e+01   -2.468495e-23   1.226241e-02   1.501251e-23   11003284
  3.313721e+01   -2.615075e-23   1.227344e-02   1.498128e-23   10925424
  3.317973e+01   -3.814994e-23   1.227067e-02   1.494621e-23   10834724
  3.322224e+01   -2.274161e-23   1.227484e-02   1.493383e-23   10750156
  3.326475e+01   -4.424592e-24   1.226635e-02   1.488399e-23   10655280
  3.330725e+01   1.329250e-23   1.226924e-02   1.487416e-23   10569120
  3.334975e+01   1.777915e-23   1.226867e-02   1.483334e-23   10479672
  3.339228e+01   4.513551e-23   1.228611e-02   1.478239e-23   10404504
  3.343481e+01   -6.251998e-24   1.227382e-02   1.478168e-23   10304108
  3.347732e+01   -3.496168e-23   1.226797e-02   1.477266e-23   10209940
  3.351983e+01   5.704134e-24   1.227575e-02   1.474006e-23   10126584
  3.356234e+01   1.799267e-23   1.226442e-02   1.469811e-23   10027064
  3.360484e+01   -1.738383e-23   1.227492e-02   1.468033e-23   9945072
  3.364734e+01   -2.097854e-23   1.226340e-02   1.466184e-23   9844764
  3.368986e+01   5.447899e-24   1.228362e-02   1.465767e-23   9769940
  3.373238e+01   -6.437605e-24   1.226688e-02   1.461413e-23   9666072
  3.377488e+01   -2.412447e-24   1.227051e-02   1.458589e-23   9577112
  3.381739e+01   2.174459e-23   1.227148e-02   1.457253e-23   9485848
  3.385991e+01   -1.114796e-23   1.227527e-02   1.457061e-23   9396136
  3.390243e+01   6.591489e-24   1.227579e-02   1.456216e-23   9304408
  3.394493e+01   2.249361e-24   1.225842e-02   1.454948e-23   9199028
  3.398742e+01   -1.613784e-23   1.227468e-02   1.449880e-23   9118288
  3.402993e+01   2.751850e-23   1.226747e-02   1.449023e-23   9019624
  3.407245e+01   -1.546808e-23   1.228368e-02   1.448320e-23   8937420
  3.411497e+01   5.513144e-24   1.227061e-02   1.443946e-23   8835200
  3.415748e+01   2.419089e-23   1.226739e-02   1.446222e-23   8739332
  3.419998e+01   -1.032047e-23   1.227099e-02   1.442637e-23   8648112
  3.424250e+01   -6.761062e-24   1.227159e-02   1.442916e-23   8553372
  3.428501e+01   -3.892675e-23   1.227728e-02   1.437515e-23   8461944
  3.432753e+01   -1.877908e-23   1.227227e-02   1.438199e-23   8363348
  3.437004e+01   -1.016307e-23   1.227148e-02   1.436863e-23   8267792
  3.441254e+01   -8.786276e-24   1.226640e-02   1.433870e-23   8169380
  3.445505e+01   2.818234e-23   1.227807e-02   1.430183e-23   8081008
  3.449756e+01   -2.575633e-23   1.226310e-02   1.429991e-23   7975632
  3.454006e+01   3.512786e-23   1.227841e-02   1.429525e-23   7889116
  3.458257e+01   4.605749e-24   1.226405e-02   1.422795e-23   7784008
  3.462508e+01   -8.544935e-24   1.227484e-02   1.423364e-23   7693848
  3.466759e+01   -2.090163e-23   1.226805e-02   1.420688e-23   7592468
  3.471010e+01   6.731613e-24   1.227572e-02   1.414352e-23   7499076
  3.475262e+01   4.973380e-23   1.227790e-02   1.415352e-23   7402880
  3.479514e+01   -6.903015e-24   1.227043e-02   1.408185e-23   7300768
  3.483765e+01   8.701721e-24   1.227061e-02   1.410839e-23   7203316
  3.488013e+01   -1.417405e-23   1.225476e-02   1.402861e-23   7095724
  3.492265e+01   -3.260912e-23   1.229466e-02   1.401085e-23   7019608
  3.496518e+01   -2.933125e-23   1.226138e-02   1.393668e-23   6901916
  3.500769e+01   2.202662e-24   1.227882e-02   1.391527e-23   6812952
  3.505019e+01   5.331079e-24   1.226209e-02   1.380673e-23   6704548
  3.509270e+01   -2.391364e-23   1.227587e-02   1.378604e-23   6612168
  3.513521e+01   2.734400e-23   1.227039e-02   1.370765e-23   6508628
  3.517773e+01   -6.079169e-25   1.227711e-02   1.363537e-23   6412072
  3.522024e+01   3.058182e-23   1.226747e-02   1.352375e-23   6306660
  3.526274e+01   -1.711977e-25   1.226997e-02   1.345019e-23   6207592
  3.530523e+01   -8.421192e-24   1.226489e-02   1.335383e-23   6103860
  3.534774e+01   -2.748695e-23   1.227430e-02   1.316354e-23   6007184
  3.539025e+01   -2.730611e-23   1.227513e-02   1.310478e-23   5905660
  3.543278e+01   7.740048e-24   1.227664e-02   1.290615e-23   5805132
  3.547529e+01   9.475341e-24   1.226925e-02   1.277474e-23   5700008
  3.551778e+01   1.741772e-23   1.226294e-02   1.253934e-23   5594856
  3.556030e+01   -8.516594e-24   1.228122e-02   1.238461e-23   5502341
  3.560283e+01   1.064744e-23   1.227277e-02   1.222584e-23   5404852
  3.564533e+01   -1.724428e-24   1.226768e-02   1.208396e-23   5313930
  3.568784e+01   1.313995e-24   1.227261e-02   1.196969e-23   5230396
  3.573035e+01   -2.563428e-23   1.226815e-02   1.185822e-23   5145158
  3.577285e+01   -9.853772e-24   1.227058e-02   1.174231e-23   5064506
  3.581538e+01   1.604069e-23   1.228142e-02   1.165164e-23   4989464
  3.585790e+01   -1.952996e-23   1.226989e-02   1.154749e-23   4907486
  3.590041e+01   2.117497e-23   1.226982e-02   1.149668e-23   4831952
  3.594292e+01   -1.996485e-23   1.226933e-02   1.138039e-23   4757392
  3.598543e+01   -2.101751e-23   1.227425e-02   1.133089e-23   4685902
  3.602794e+01   -6.678742e-24   1.227136e-02   1.124977e-23   4612826
  3.607044e+01   1.491609e-24   1.227059e-02   1.117183e-23   4542436
  3.611296e+01   -6.658593e-24   1.227508e-02   1.111927e-23   4475408
  3.615546e+01   -1.956619e-23   1.226173e-02   1.107187e-23   4402686
  3.619797e+01   2.027941e-23   1.227689e-02   1.098481e-23   4340854
  3.624049e+01   -1.184926e-24   1.227466e-02   1.095220e-23   4273862
  3.628301e+01   -1.568057e-23   1.227237e-02   1.089040e-23   4208538
  3.632551e+01   9.538212e-24   1.226532e-02   1.083729e-23   4142584
  3.636801e+01   2.185101e-23   1.226978e-02   1.079349e-23   4081232
  3.641052e+01   2.406380e-23   1.227225e-02   1.077490e-23   4019668
  3.645304e+01   9.483899e-24   1.228203e-02   1.068762e-23   3961416
  3.649557e+01   1.541099e-23   1.227387e-02   1.066241e-23   3898848
  3.653807e+01   1.267162e-24   1.226366e-02   1.061438e-23   3836718
  3.658056e+01   -1.253935e-24   1.226607e-02   1.059721e-23   3779272
  3.662306e+01   1.516586e-23   1.226675e-02   1.054514e-23   3721434
  3.666558e+01   -3.081738e-25   1.228126e-02   1.050988e-23   3668198
  3.670811e+01   2.016691e-23   1.227910e-02   1.049940e-23   3611346
  3.675062e+01   2.926231e-23   1.226582e-02   1.048113e-23   3552442
  3.679312e+01   3.197818e-23   1.226935e-02   1.043104e-23   3498908
  3.683563e+01   3.586363e-23   1.227192e-02   1.040847e-23   3445382
  3.687814e+01   -3.027913e-23   1.227356e-02   1.038731e-23   3392244
  3.692066e+01   4.714225e-24   1.227344e-02   1.038496e-23   3339634
  3.696317e+01   -6.215813e-24   1.226899e-02   1.035088e-23   3286752
  3.700566e+01   1.540636e-23   1.226327e-02   1.032421e-23   3234180
  3.704816e+01   3.536004e-23   1.226838e-02   1.032376e-23   3184556
  3.709068e+01   1.024185e-23   1.228145e-02   1.030472e-23   3137238
  3.713322e+01   -3.767448e-24   1.228151e-02   1.031261e-23   3087670
  3.717574e+01   1.384133e-23   1.227426e-02   1.026932e-23   3037460
  3.721824e+01   -2.230682e-23   1.225819e-02   1.027822e-23   2985736
  3.726072e+01   1.510218e-24   1.226565e-02   1.025531e-23   2939708
  3.730324e+01   1.095449e-23   1.228621e-02   1.024631e-23   2897012
  3.734577e+01   -2.113259e-23   1.227048e-02   1.025232e-23   2846890
  3.738827e+01   8.603391e-24   1.226277e-02   1.026931e-23   2799588
  3.743076e+01   -3.723352e-24   1.226558e-02   1.023312e-23   2754954
  3.747326e+01   -1.162564e-23   1.227308e-02   1.023657e-23   2711500
  3.751579e+01   -9.363003e-24   1.228240e-02   1.023994e-23   2669006
  3.755830e+01   -2.211315e-23   1.226335e-02   1.024739e-23   2621264
  3.760081e+01   -1.006531e-23   1.227565e-02   1.024197e-23   2580726
  3.764332e+01   -2.991253e-24   1.226856e-02   1.025386e-23   2536470
  3.768582e+01   -7.929991e-24   1.226978e-02   1.027986e-23   2494370
  3.772834e+01   -1.496363e-23   1.227534e-02   1.027537e-23   2453556
  3.777086e+01   4.791727e-24   1.228047e-02   1.028091e-23   2413246
  3.781339e+01   -7.464478e-24   1.227197e-02   1.028845e-23   2370914
  3.785589e+01   -4.437994e-24   1.226887e-02   1.031755e-23   2330126
  3.789840e+01   -1.919068e-24   1.227428e-02   1.032440e-23   2291406
  3.794091e+01   1.043792e-23   1.226463e-02   1.034495e-23   2250410
  3.798340e+01   1.706578e-23   1.226403e-02   1.035114e-23   2211486
  3.802590e+01   1.359183e-24   1.227094e-02   1.038568e-23   2174194
  3.806841e+01   1.468748e-23   1.227271e-02   1.038629e-23   2136416
  3.811093e+01   -2.108047e-23   1.227972e-02   1.041472e-23   2100070
  3.815344e+01   -4.048332e-23   1.226224e-02   1.045227e-23   2060026
  3.819594e+01   1.346514e-23   1.227745e-02   1.046575e-23   2025910
  3.823846e+01   -1.966796e-23   1.227012e-02   1.049716e-23   1988576
  3.828096e+01   8.588918e-24   1.226824e-02   1.051368e-23   1952610
  3.832347e+01   9.937683e-24   1.226944e-02   1.054884e-23   1917470
  3.836597e+01   9.706022e-24   1.226960e-02   1.057290e-23   1882484
  3.840848e+01   1.040040e-23   1.227230e-02   1.060341e-23   1848262
  3.845101e+01   4.034297e-24   1.228531e-02   1.064475e-23   1816024
  3.849355e+01   -7.950507e-24   1.227230e-02   1.069014e-23   1780418
  3.853605e+01   1.492907e-24   1.226815e-02   1.071689e-23   1746576
  3.857856e+01   -2.383800e-23   1.227451e-02   1.076639e-23   1714622
  3.862107e+01   4.432217e-24   1.227068e-02   1.084016e-23   1681692
  3.866358e+01   -4.527155e-24   1.226987e-02   1.085831e-23   1649574
  3.870606e+01   1.590361e-23   1.225405e-02   1.089609e-23   1615788
  3.874855e+01   -8.596043e-24   1.227462e-02   1.093413e-23   1587064
  3.879108e+01   -2.781156e-24   1.227930e-02   1.101428e-23   1556598
  3.883360e+01   -4.441974e-24   1.227389e-02   1.106134e-23   1525380
  3.887612e+01   1.641323e-23   1.227468e-02   1.110171e-23   1495360
  3.891863e+01   -2.006327e-23   1.226450e-02   1.117707e-23   1464370
  3.896112e+01   -2.771030e-23   1.227040e-02   1.123211e-23   1435656
  3.900363e+01   7.692944e-25   1.226801e-02   1.129240e-23   1406304
  3.904613e+01   -6.003412e-25   1.226859e-02   1.136672e-23   1377628
  3.908864e+01   -1.203897e-23   1.227348e-02   1.140337e-23   1349744
  3.913115e+01   2.988991e-24   1.227337e-02   1.147184e-23   1321682
  3.917367e+01   -2.888892e-23   1.227639e-02   1.157222e-23   1294376
  3.921619e+01   -3.756346e-23   1.227256e-02   1.163601e-23   1266768
  3.925869e+01   -1.129552e-23   1.226510e-02   1.168659e-23   1239172
  3.930118e+01   -8.427232e-25   1.226095e-02   1.179207e-23   1212224
  3.934367e+01   -2.237789e-23   1.226955e-02   1.185996e-23   1186796
  3.938619e+01   8.005912e-24   1.227613e-02   1.195242e-23   1161432
  3.942870e+01   3.016071e-23   1.227171e-02   1.204687e-23   1135408
  3.947122e+01   1.924609e-23   1.227296e-02   1.212685e-23   1110324
  3.951374e+01   2.292152e-23   1.227570e-02   1.222643e-23   1085680
  3.955625e+01   1.386439e-23   1.226737e-02   1.230559e-23   1060364
  3.959875e+01   -7.572159e-24   1.227507e-02   1.240033e-23   1036736
  3.964128e+01   -4.458926e-24   1.228225e-02   1.249437e-23   1013388
  3.968380e+01   -1.186337e-24   1.226708e-02   1.262042e-23   988656
  3.972630e+01   2.921029e-24   1.226695e-02   1.272563e-23   965530
  3.976879e+01   -1.782887e-23   1.225942e-02   1.281919e-23   942100
  3.981127e+01   3.459875e-23   1.226457e-02   1.295612e-23   919888
  3.985377e+01   1.904098e-23   1.226597e-02   1.305347e-23   897628
  3.989627e+01   -5.775708e-25   1.227002e-02   1.318098e-23   875856
  3.993878e+01   -1.363404e-23   1.227840e-02   1.329006e-23   854736
  3.998132e+01   -2.450447e-23   1.228018e-02   1.347059e-23   833510
  4.002385e+01   1.471755e-23   1.227248e-02   1.358181e-23   811976
  4.006635e+01   -2.462193e-23   1.226626e-02   1.369798e-23   790844
  4.010884e+01   1.993376e-23   1.226521e-02   1.390500e-23   770320
  4.015135e+01   -1.706782e-23   1.227665e-02   1.403578e-23   750838
  4.019387e+01   -9.879115e-24   1.227491e-02   1.412175e-23   730864
  4.023638e+01   -5.169465e-24   1.226816e-02   1.430045e-23   710984
  4.027888e+01   -4.685715e-24   1.226909e-02   1.449279e-23   691894
  4.032138e+01   1.164434e-23   1.226442e-02   1.460745e-23   672776
  4.036388e+01   -2.394024e-24   1.226826e-02   1.475133e-23   654372
  4.040638e+01   -2.499551e-23   1.226215e-02   1.504057e-23   635682
  4.044886e+01   9.732418e-24   1.225955e-02   1.517445e-23   617460
  4.049134e+01   -1.967800e-23   1.226707e-02   1.536938e-23   600024
  4.053385e+01   3.278616e-24   1.227362e-02   1.550860e-23   582830
  4.057638e+01   5.315879e-24   1.228135e-02   1.580121e-23   566000
  4.061890e+01   2.047667e-24   1.226617e-02   1.599303e-23   548458
  4.066141e+01   9.991883e-24   1.227047e-02   1.619787e-23   532084
  4.070391e+01   -2.157217e-23   1.226296e-02   1.643583e-23   515440
  4.074640e+01   5.551977e-24   1.225813e-02   1.668603e-23   499174
  4.078887e+01   -3.668775e-23   1.225821e-02   1.691551e-23   483368
  4.083136e+01   -6.795656e-24   1.227023e-02   1.719337e-23   468270
  4.087389e+01   -9.211952e-24   1.228696e-02   1.746753e-23   453568
  4.091643e+01   -3.350839e-23   1.227409e-02   1.777152e-23   438106
  4.095894e+01   -1.603845e-23   1.227469e-02   1.798904e-23   423508
  4.100145e+01   -2.605060e-23   1.226141e-02   1.838010e-23   408754
  4.104393e+01   -4.049784e-24   1.225820e-02   1.860011e-23   394612
  4.108642e+01   8.354377e-24   1.225930e-02   1.894700e-23   380826
  4.112890e+01   4.196762e-23   1.225454e-02   1.920864e-23   367086
  4.117139e+01   1.655147e-23   1.226090e-02   1.954524e-23   353904
  4.121389e+01   -4.518499e-23   1.227137e-02   1.980715e-23   341046
  4.125641e+01   -1.497127e-23   1.227131e-02   2.025819e-23   328144
  4.129892e+01   -4.180902e-24   1.227396e-02   2.064126e-23   315598
  4.134144e+01   -4.231429e-23   1.228177e-02   2.109230e-23   303466
  4.138397e+01   -4.156019e-23   1.228223e-02   2.154273e-23   291456
  4.142650e+01   -3.220026e-23   1.227604e-02   2.176124e-23   279614
  4.146899e+01   -1.041361e-23   1.225106e-02   2.229336e-23   267680
  4.151144e+01   2.165382e-24   1.224457e-02   2.287753e-23   256438
  4.155391e+01   -1.929791e-23   1.224802e-02   2.345571e-23   245618
  4.159638e+01   3.221155e-23   1.223546e-02   2.388216e-23   234708
  4.163882e+01   -4.973287e-23   1.223171e-02   2.435455e-23   224210
  4.168126e+01   5.918888e-24   1.223403e-02   2.510126e-23   214046
  4.172371e+01   -1.639706e-23   1.223949e-02   2.569818e-23   204152
  4.176619e+01   -6.457895e-23   1.225107e-02   2.610187e-23   194558
  4.180866e+01   -3.617126e-23   1.225135e-02   2.681072e-23   185018
  4.185115e+01   5.753124e-23   1.226437e-02   2.751617e-23   175918
  4.189365e+01   -4.944915e-23   1.227339e-02   2.836392e-23   166992
  4.193617e+01   -9.298925e-24   1.228038e-02   2.908174e-23   158294
  4.197870e+01   -1.258231e-23   1.228439e-02   2.993502e-23   149842
  4.202124e+01   1.653931e-23   1.227461e-02   3.059450e-23   141530
  4.206372e+01   -3.622051e-23   1.224204e-02   3.176940e-23   133284
  4.210617e+01   -5.256102e-23   1.222942e-02   3.278675e-23   125546
  4.214861e+01   -3.250178e-23   1.220458e-02   3.372179e-23   117950
  4.219103e+01   8.070913e-24   1.219441e-02   3.523412e-23   110746
  4.223344e+01   -2.844223e-23   1.215920e-02   3.639351e-23   103572
  4.227581e+01   1.086119e-22   1.214429e-02   3.769548e-23   96818
  4.231818e+01   -3.780584e-23   1.212533e-02   3.867054e-23   90262
  4.236054e+01   1.413390e-23   1.210927e-02   4.000198e-23   83970
  4.240287e+01   3.375424e-23   1.207941e-02   4.175927e-23   77846
  4.244517e+01   9.259878e-23   1.204821e-02   4.349253e-23   71984
  4.248745e+01   3.193553e-23   1.202292e-02   4.585360e-23   66398
  4.252973e+01   7.094132e-23   1.200147e-02   4.797943e-23   61058
  4.257200e+01   -6.964488e-23   1.198286e-02   4.992127e-23   55958
  4.261428e+01   7.347418e-23   1.196279e-02   5.239059e-23   51082
  4.265654e+01   1.984316e-22   1.192707e-02   5.464412e-23   46398
  4.269877e+01   1.117090e-23   1.188372e-02   5.715380e-23   41954
  4.274096e+01   -4.311683e-23   1.182018e-02   6.119165e-23   37718
  4.278311e+01   1.105099e-22   1.175253e-02   6.344236e-23   33736
  4.282524e+01   6.968330e-23   1.169132e-02   6.701851e-23   30006
  4.286737e+01   5.387828e-23   1.164907e-02   7.295568e-23   26522
  4.290955e+01   1.964152e-24   1.162191e-02   7.694473e-23   23254
  4.295172e+01   9.231074e-23   1.158330e-02   8.335022e-23   20178
  4.299391e+01   8.426631e-23   1.156315e-02   9.245210e-23   17342
  4.303612e+01   -1.027268e-22   1.154632e-02   1.004324e-22   14714
  4.307837e+01   -8.324379e-23   1.155162e-02   1.083911e-22   12310
  4.312059e+01   -3.106655e-24   1.152174e-02   1.202360e-22   10098
  4.316283e+01   -6.411117e-23   1.151731e-02   1.314917e-22   8126
  4.320507e+01   1.471837e-22   1.151119e-02   1.525994e-22   6362
  4.324736e+01   -2.761602e-22   1.155455e-02   1.689575e-22   4822
  4.328956e+01   -2.918088e-22   1.148980e-02   2.162882e-22   3474
  4.333169e+01   1.725848e-22   1.147690e-02   2.377314e-22   2366
  4.337376e+01   -3.477624e-23   1.144014e-02   3.296028e-22   1466
  4.341590e+01   5.692874e-22   1.170054e-02   4.472808e-22   790
  4.345704e+01   -3.374422e-22   1.106884e-02   6.629846e-22   306
  4.349554e+01   3.072702e-22   9.430857e-03   1.282125e-21   62
