# cross spectrum of phi(z1) and phi(z2)
# redshift z=-0.000147
# k              Pk             sigma(k)       sigma(Pk)      count
  3.132125e-02   5.388293e-11   4.792454e-03   1.484918e-11   18
  6.745391e-02   2.453521e-11   1.159167e-02   2.456754e-12   152
  1.090113e-01   8.521790e-12   1.224347e-02   4.271498e-13   416
  1.497134e-01   3.865829e-12   1.165022e-02   1.535745e-13   770
  1.923472e-01   2.044466e-12   1.247860e-02   5.966226e-14   1364
  2.350444e-01   1.214944e-12   1.221820e-02   2.893045e-14   1976
  2.775930e-01   7.713277e-13   1.245022e-02   1.646963e-14   2792
  3.193857e-01   5.416116e-13   1.188722e-02   9.937595e-15   3578
  3.615292e-01   3.810184e-13   1.219808e-02   6.536682e-15   4724
  4.045273e-01   2.739469e-13   1.253838e-02   4.140121e-15   6032
  4.469941e-01   1.985658e-13   1.206640e-02   2.972624e-15   7072
  4.890810e-01   1.587541e-13   1.222555e-02   2.244889e-15   8634
  5.318886e-01   1.220507e-13   1.238102e-02   1.622866e-15   10336
  5.746708e-01   9.136718e-14   1.232804e-02   1.236620e-15   11940
  6.167490e-01   7.283017e-14   1.208586e-02   9.808199e-16   13490
  6.588740e-01   5.587411e-14   1.221778e-02   7.905576e-16   15656
  7.016595e-01   4.495476e-14   1.241043e-02   6.473905e-16   18008
  7.443680e-01   3.551437e-14   1.227786e-02   5.221998e-16   19964
  7.867827e-01   2.845581e-14   1.226437e-02   4.258385e-16   22354
  8.291404e-01   2.345425e-14   1.212327e-02   3.706932e-16   24648
  8.716536e-01   1.835625e-14   1.233244e-02   3.078725e-16   27592
  9.142068e-01   1.454291e-14   1.230127e-02   2.667710e-16   30152
  9.566749e-01   1.181328e-14   1.227622e-02   2.272945e-16   33046
  9.991233e-01   8.852807e-15   1.221538e-02   1.985649e-16   35992
  1.041693e+00   7.348897e-15   1.229906e-02   1.778172e-16   39304
  1.084289e+00   5.776104e-15   1.232858e-02   1.515784e-16   42608
  1.126820e+00   4.418312e-15   1.223307e-02   1.403088e-16   45758
  1.169340e+00   4.202630e-15   1.228914e-02   1.232077e-16   49536
  1.211695e+00   2.780872e-15   1.215683e-02   1.112282e-16   52488
  1.254054e+00   2.379108e-15   1.233851e-02   9.794135e-17   57034
  1.296605e+00   1.595011e-15   1.224458e-02   8.797348e-17   60648
  1.339187e+00   1.557955e-15   1.230532e-02   8.028646e-17   65044
  1.381689e+00   1.302016e-15   1.223104e-02   7.291712e-17   68720
  1.424202e+00   9.545146e-16   1.231312e-02   6.520083e-17   73538
  1.466870e+00   6.170005e-16   1.230776e-02   6.028561e-17   78080
  1.509304e+00   5.551921e-16   1.215944e-02   5.479719e-17   81572
  1.551677e+00   4.178423e-16   1.232495e-02   4.995583e-17   87248
  1.594353e+00   3.395637e-16   1.233837e-02   4.590993e-17   92266
  1.636929e+00   3.252604e-16   1.225268e-02   4.243026e-17   96696
  1.679216e+00   3.074563e-16   1.215041e-02   3.942845e-17   100904
  1.721516e+00   1.785197e-16   1.226207e-02   3.585382e-17   107036
  1.764192e+00   1.369360e-16   1.235795e-02   3.294686e-17   113362
  1.806923e+00   1.698679e-16   1.228837e-02   3.059002e-17   118176
  1.849351e+00   1.994969e-16   1.221864e-02   2.816040e-17   122944
  1.891857e+00   1.500150e-16   1.233203e-02   2.616717e-17   129902
  1.934420e+00   1.329000e-16   1.224691e-02   2.434372e-17   134944
  1.976863e+00   1.774174e-16   1.225992e-02   2.268871e-17   140952
  2.019285e+00   1.357204e-16   1.225865e-02   2.105890e-17   147072
  2.061737e+00   1.249804e-16   1.224320e-02   1.960991e-17   153382
  2.104357e+00   9.327955e-17   1.233049e-02   1.829615e-17   160952
  2.147003e+00   8.486831e-17   1.228118e-02   1.696944e-17   166640
  2.189431e+00   7.811358e-17   1.222861e-02   1.593512e-17   172448
  2.231915e+00   5.523450e-17   1.231031e-02   1.487979e-17   180594
  2.274471e+00   1.748593e-17   1.224284e-02   1.405859e-17   186556
  2.316888e+00   3.435899e-17   1.225358e-02   1.307637e-17   193528
  2.359297e+00   5.095218e-17   1.224273e-02   1.241499e-17   200626
  2.401844e+00   2.247510e-18   1.230642e-02   1.158728e-17   209256
  2.444460e+00   2.004013e-17   1.227865e-02   1.090821e-17   216020
  2.487004e+00   -4.625747e-18   1.230299e-02   1.021133e-17   223768
  2.529444e+00   3.343823e-17   1.222313e-02   9.662608e-18   230234
  2.571955e+00   -6.562040e-18   1.229969e-02   9.036523e-18   239800
  2.614499e+00   -5.621440e-18   1.225221e-02   8.581536e-18   246568
  2.656957e+00   7.387921e-18   1.227331e-02   8.064311e-18   254828
  2.699414e+00   -2.298150e-18   1.225769e-02   7.650672e-18   263074
  2.741981e+00   -2.277041e-18   1.228604e-02   7.255280e-18   272312
  2.784554e+00   -5.261360e-18   1.228079e-02   6.826894e-18   280376
  2.827093e+00   6.808369e-18   1.228600e-02   6.490680e-18   288884
  2.869605e+00   1.748933e-17   1.227401e-02   6.126970e-18   297602
  2.912071e+00   -8.907093e-18   1.223046e-02   5.800226e-18   305520
  2.954561e+00   -2.289202e-18   1.230079e-02   5.490431e-18   315976
  2.996984e+00   2.185189e-18   1.221089e-02   5.236971e-18   322778
  3.039488e+00   -1.588623e-17   1.232008e-02   4.950716e-18   335372
  3.082114e+00   -1.595326e-18   1.227327e-02   4.721620e-18   343464
  3.124654e+00   8.238991e-18   1.228282e-02   4.489901e-18   352912
  3.167174e+00   -4.212142e-18   1.228199e-02   4.252478e-18   362666
  3.209689e+00   -9.540835e-18   1.225476e-02   4.044296e-18   371884
  3.252186e+00   -2.999514e-18   1.227971e-02   3.862160e-18   382280
  3.294633e+00   -2.015407e-17   1.224302e-02   3.698506e-18   390888
  3.337059e+00   -9.132869e-18   1.226867e-02   3.513448e-18   402234
  3.379565e+00   -6.150687e-18   1.225933e-02   3.338668e-18   412576
  3.422105e+00   -3.538787e-18   1.228715e-02   3.172682e-18   423732
  3.464636e+00   -1.374708e-17   1.227257e-02   3.035124e-18   433624
  3.507180e+00   -9.271452e-18   1.228881e-02   2.901453e-18   445154
  3.549739e+00   -1.095503e-17   1.227656e-02   2.767279e-18   455584
  3.592238e+00   -1.235784e-17   1.225887e-02   2.636925e-18   465588
  3.634685e+00   -1.135558e-17   1.226065e-02   2.519076e-18   476762
  3.677219e+00   -3.030767e-18   1.229242e-02   2.408337e-18   489552
  3.719789e+00   -1.259664e-17   1.227853e-02   2.303924e-18   500328
  3.762251e+00   -1.053310e-17   1.223705e-02   2.213852e-18   509852
  3.804741e+00   -2.740237e-18   1.229735e-02   2.103794e-18   524234
  3.847275e+00   -4.509605e-18   1.224781e-02   2.024049e-18   534104
  3.889779e+00   -2.956767e-18   1.228211e-02   1.935365e-18   547048
  3.932320e+00   -1.639087e-18   1.229545e-02   1.844905e-18   559328
  3.974872e+00   2.334339e-18   1.228346e-02   1.785225e-18   571326
  4.017355e+00   -3.316983e-18   1.224147e-02   1.707020e-18   581920
  4.059804e+00   -4.188857e-18   1.225835e-02   1.636052e-18   594832
  4.102282e+00   -5.717635e-19   1.227222e-02   1.568090e-18   608048
  4.144825e+00   3.624285e-18   1.228101e-02   1.514519e-18   621526
  4.187356e+00   1.458881e-18   1.226445e-02   1.451791e-18   633240
  4.229822e+00   2.401256e-18   1.225981e-02   1.392169e-18   645472
  4.272346e+00   -2.728997e-18   1.230137e-02   1.335478e-18   660906
  4.314903e+00   -7.036337e-19   1.227030e-02   1.287023e-18   672856
  4.357425e+00   -3.544112e-20   1.226838e-02   1.239070e-18   685980
  4.399921e+00   -2.501010e-19   1.227191e-02   1.192136e-18   699256
  4.442476e+00   -3.780267e-20   1.229990e-02   1.143943e-18   714730
  4.484986e+00   9.274796e-19   1.223739e-02   1.101513e-18   725152
  4.527452e+00   3.334367e-19   1.227054e-02   1.060040e-18   740420
  4.569941e+00   2.901702e-18   1.227636e-02   1.022495e-18   754312
  4.612456e+00   4.105571e-18   1.227959e-02   9.826813e-19   769114
  4.654996e+00   3.986458e-18   1.227684e-02   9.448958e-19   783488
  4.697459e+00   1.533424e-18   1.223560e-02   9.116647e-19   794968
  4.739925e+00   5.482371e-18   1.228043e-02   8.805118e-19   812366
  4.782438e+00   4.935631e-18   1.226054e-02   8.498205e-19   825976
  4.825000e+00   4.175360e-18   1.230088e-02   8.194245e-19   843352
  4.867591e+00   3.264757e-18   1.229290e-02   7.909594e-19   857280
  4.910094e+00   6.435405e-18   1.225276e-02   7.618666e-19   869542
  4.952587e+00   3.990906e-18   1.228301e-02   7.346868e-19   887128
  4.995087e+00   2.389407e-18   1.225266e-02   7.093921e-19   900032
  5.037553e+00   4.667275e-18   1.226951e-02   6.852502e-19   916560
  5.080018e+00   3.065336e-18   1.224713e-02   6.611670e-19   930922
  5.122540e+00   9.072348e-19   1.228718e-02   6.383823e-19   949844
  5.165149e+00   1.840919e-18   1.230776e-02   6.160723e-19   966736
  5.207698e+00   3.165952e-18   1.226328e-02   5.970020e-19   978776
  5.250149e+00   1.428924e-18   1.225655e-02   5.791233e-19   994522
  5.292642e+00   4.391621e-19   1.227563e-02   5.563881e-19   1012420
  5.335176e+00   -1.517539e-19   1.228639e-02   5.403924e-19   1029408
  5.377640e+00   1.854731e-19   1.223362e-02   5.230745e-19   1041658
  5.420127e+00   -1.925281e-19   1.228953e-02   5.046095e-19   1063520
  5.462635e+00   -2.366766e-19   1.224276e-02   4.891382e-19   1075808
  5.505175e+00   -1.068812e-18   1.232008e-02   4.708391e-19   1098956
  5.547712e+00   -8.365903e-20   1.224668e-02   4.565372e-19   1109810
  5.590179e+00   -2.859428e-19   1.226115e-02   4.433698e-19   1128608
  5.632713e+00   -9.735650e-19   1.229436e-02   4.273970e-19   1148264
  5.675250e+00   -4.037245e-20   1.227167e-02   4.149541e-19   1163252
  5.717744e+00   -2.700588e-19   1.226828e-02   4.025843e-19   1181042
  5.760239e+00   -1.758402e-19   1.225730e-02   3.897471e-19   1197848
  5.802769e+00   -2.341204e-19   1.229495e-02   3.754288e-19   1218848
  5.845291e+00   5.891531e-19   1.225944e-02   3.662223e-19   1232916
  5.887780e+00   2.278616e-19   1.227538e-02   3.544724e-19   1253002
  5.930266e+00   -1.787303e-19   1.224914e-02   3.435103e-19   1268576
  5.972763e+00   9.030446e-19   1.228621e-02   3.335479e-19   1290128
  6.015287e+00   -5.555915e-19   1.227337e-02   3.233496e-19   1307402
  6.057820e+00   2.673765e-19   1.227649e-02   3.133495e-19   1327028
  6.100333e+00   -1.830885e-19   1.225988e-02   3.043421e-19   1343648
  6.142842e+00   2.364110e-19   1.228087e-02   2.949462e-19   1364096
  6.185363e+00   -3.437466e-19   1.227580e-02   2.867779e-19   1382730
  6.227896e+00   -2.608487e-19   1.227503e-02   2.777459e-19   1402164
  6.270416e+00   2.339313e-19   1.227264e-02   2.699314e-19   1420464
  6.312883e+00   -5.079806e-19   1.225519e-02   2.620945e-19   1437368
  6.355387e+00   -2.311615e-20   1.228857e-02   2.542419e-19   1461530
  6.397919e+00   7.705721e-19   1.226028e-02   2.472265e-19   1478264
  6.440432e+00   -2.310417e-20   1.227561e-02   2.397294e-19   1499356
  6.482926e+00   -1.865600e-19   1.226095e-02   2.336583e-19   1517016
  6.525439e+00   1.646806e-20   1.228340e-02   2.262438e-19   1540090
  6.567953e+00   1.308970e-19   1.226146e-02   2.200962e-19   1557360
  6.610434e+00   4.573047e-20   1.226770e-02   2.143460e-19   1577780
  6.652969e+00   -8.596245e-20   1.230043e-02   2.078591e-19   1602578
  6.695499e+00   -4.970562e-20   1.225417e-02   2.024197e-19   1617672
  6.737992e+00   1.192849e-20   1.227613e-02   1.966887e-19   1641016
  6.780486e+00   -8.855794e-20   1.226032e-02   1.911533e-19   1659416
  6.822983e+00   -2.134758e-19   1.227372e-02   1.862920e-19   1682670
  6.865529e+00   -6.338973e-19   1.228276e-02   1.809162e-19   1705256
  6.908096e+00   2.779167e-19   1.228756e-02   1.758531e-19   1726312
  6.950582e+00   -7.882852e-19   1.225056e-02   1.717185e-19   1741880
  6.993044e+00   -9.150839e-20   1.226862e-02   1.666596e-19   1766454
  7.035588e+00   3.046286e-19   1.229242e-02   1.624052e-19   1791784
  7.078111e+00   -2.529143e-19   1.225558e-02   1.579637e-19   1807712
  7.120554e+00   1.229553e-19   1.225110e-02   1.537800e-19   1829002
  7.163037e+00   -4.621143e-20   1.226905e-02   1.495421e-19   1854216
  7.205602e+00   -1.854171e-19   1.229852e-02   1.457760e-19   1880156
  7.248150e+00   -1.556959e-19   1.227340e-02   1.418090e-19   1897568
  7.290651e+00   1.238612e-19   1.227390e-02   1.381178e-19   1920458
  7.333153e+00   2.012856e-19   1.226399e-02   1.346527e-19   1942208
  7.375659e+00   -2.912331e-19   1.227125e-02   1.312573e-19   1965612
  7.418175e+00   -1.631501e-20   1.227855e-02   1.277441e-19   1989000
  7.460671e+00   -2.456820e-19   1.225786e-02   1.246664e-19   2009114
  7.503166e+00   1.358761e-19   1.226960e-02   1.213877e-19   2034464
  7.545695e+00   -2.437047e-19   1.228070e-02   1.182178e-19   2058476
  7.588207e+00   -2.636492e-19   1.227216e-02   1.155840e-19   2079648
  7.630693e+00   -3.685134e-19   1.226356e-02   1.124135e-19   2102578
  7.673222e+00   -1.030413e-19   1.228297e-02   1.095487e-19   2129928
  7.715766e+00   -1.457043e-19   1.227893e-02   1.067692e-19   2152096
  7.758252e+00   -2.744282e-19   1.225143e-02   1.044493e-19   2171142
  7.800741e+00   1.860218e-20   1.227660e-02   1.016590e-19   2200248
  7.843296e+00   5.544619e-20   1.228407e-02   9.903042e-20   2225216
  7.885842e+00   -2.562813e-19   1.228377e-02   9.658210e-20   2248448
  7.928336e+00   2.115896e-19   1.225709e-02   9.448648e-20   2267942
  7.970840e+00   -2.278912e-21   1.228420e-02   9.177546e-20   2298072
  8.013348e+00   7.294436e-20   1.225627e-02   8.970831e-20   2317272
  8.055842e+00   -1.353091e-19   1.227899e-02   8.764882e-20   2345808
  8.098322e+00   1.228250e-19   1.224988e-02   8.546681e-20   2365650
  8.140823e+00   1.565479e-19   1.227972e-02   8.334313e-20   2396940
  8.183368e+00   -7.167118e-20   1.227975e-02   8.139850e-20   2421272
  8.225892e+00   -9.150860e-20   1.227360e-02   7.959878e-20   2444576
  8.268407e+00   1.561543e-20   1.227899e-02   7.752386e-20   2471490
  8.310912e+00   1.250683e-19   1.225942e-02   7.568091e-20   2493180
  8.353397e+00   3.951618e-20   1.227208e-02   7.405370e-20   2520952
  8.395888e+00   1.624744e-19   1.226128e-02   7.215016e-20   2544946
  8.438392e+00   2.634780e-20   1.227324e-02   7.039395e-20   2573856
  8.480922e+00   2.780443e-19   1.227611e-02   6.894894e-20   2600016
  8.523447e+00   9.309525e-20   1.227641e-02   6.726973e-20   2625484
  8.565959e+00   1.352369e-19   1.227232e-02   6.557946e-20   2651122
  8.608519e+00   1.366538e-19   1.229739e-02   6.401999e-20   2683488
  8.651014e+00   1.948736e-19   1.223786e-02   6.281340e-20   2696352
  8.693483e+00   1.885251e-19   1.228468e-02   6.116819e-20   2733020
  8.736008e+00   1.814320e-19   1.227012e-02   5.978749e-20   2757378
  8.778525e+00   1.056647e-19   1.227177e-02   5.841739e-20   2784864
  8.821036e+00   2.672395e-19   1.227124e-02   5.699397e-20   2811168
  8.863496e+00   2.953532e-19   1.224424e-02   5.583558e-20   2832274
  8.906020e+00   1.960623e-19   1.230244e-02   5.450206e-20   2873636
  8.948567e+00   1.642377e-19   1.225951e-02   5.339742e-20   2890496
  8.991066e+00   3.081384e-19   1.227940e-02   5.207382e-20   2921800
  9.033598e+00   2.783323e-19   1.228441e-02   5.086698e-20   2951298
  9.076126e+00   3.116767e-19   1.226510e-02   4.973880e-20   2975476
  9.118654e+00   1.731550e-19   1.228550e-02   4.869571e-20   3007728
  9.161142e+00   2.317397e-19   1.224754e-02   4.759968e-20   3025776
  9.203640e+00   1.362954e-19   1.229182e-02   4.647822e-20   3065762
  9.246160e+00   2.151928e-19   1.225283e-02   4.556972e-20   3084856
  9.288649e+00   2.058396e-19   1.227594e-02   4.453240e-20   3118044
  9.331129e+00   2.118449e-19   1.225728e-02   4.363157e-20   3141352
  9.373640e+00   2.281649e-19   1.228814e-02   4.262122e-20   3179274
  9.416185e+00   6.773125e-20   1.227073e-02   4.163785e-20   3204120
  9.458671e+00   1.753748e-19   1.225444e-02   4.087904e-20   3227900
  9.501151e+00   1.782960e-19   1.227489e-02   3.989231e-20   3262394
  9.543701e+00   1.789713e-19   1.228726e-02   3.902652e-20   3295680
  9.586236e+00   7.691536e-20   1.226866e-02   3.824598e-20   3319560
  9.628737e+00   1.511975e-19   1.227228e-02   3.743143e-20   3348972
  9.671240e+00   7.050804e-20   1.227416e-02   3.658632e-20   3379722
  9.713763e+00   4.337923e-20   1.227339e-02   3.583592e-20   3410720
  9.756299e+00   3.505348e-20   1.227807e-02   3.505887e-20   3441504
  9.798787e+00   1.806686e-20   1.225320e-02   3.435443e-20   3463624
  9.841266e+00   -3.525585e-22   1.227217e-02   3.357957e-20   3499790
  9.883803e+00   4.692825e-21   1.228281e-02   3.286956e-20   3533560
  9.926350e+00   3.121306e-20   1.227932e-02   3.219354e-20   3561920
  9.968836e+00   -3.318411e-20   1.225683e-02   3.156235e-20   3585208
  1.001132e+01   8.349896e-22   1.227674e-02   3.089200e-20   3622518
  1.005387e+01   1.606964e-20   1.228938e-02   3.018234e-20   3657584
  1.009637e+01   -1.519329e-21   1.225003e-02   2.962898e-20   3676440
  1.013883e+01   -5.488447e-20   1.226093e-02   2.900465e-20   3711282
  1.018134e+01   8.538473e-22   1.227505e-02   2.839294e-20   3747696
  1.022386e+01   -6.357350e-20   1.226890e-02   2.783726e-20   3776188
  1.026640e+01   -2.969982e-20   1.229793e-02   2.721234e-20   3815304
  1.030893e+01   -6.042189e-20   1.225864e-02   2.667808e-20   3835370
  1.035143e+01   -6.633539e-20   1.227570e-02   2.611956e-20   3873424
  1.039395e+01   -1.076800e-19   1.227191e-02   2.559675e-20   3903420
  1.043647e+01   -1.843576e-20   1.228014e-02   2.504911e-20   3937624
  1.047898e+01   -1.336567e-19   1.226404e-02   2.456988e-20   3965658
  1.052150e+01   -6.358500e-20   1.227921e-02   2.408289e-20   4002984
  1.056400e+01   -8.257530e-20   1.226054e-02   2.354819e-20   4027928
  1.060647e+01   -1.139235e-19   1.225976e-02   2.309855e-20   4059844
  1.064896e+01   -4.485307e-20   1.227978e-02   2.264617e-20   4100338
  1.069151e+01   4.936229e-21   1.227651e-02   2.216213e-20   4132264
  1.073403e+01   -1.860511e-20   1.227390e-02   2.176489e-20   4163216
  1.077652e+01   -3.778924e-21   1.226459e-02   2.128266e-20   4193350
  1.081904e+01   -1.609225e-20   1.228427e-02   2.089174e-20   4234456
  1.086156e+01   8.511882e-21   1.225632e-02   2.048138e-20   4257264
  1.090405e+01   -8.797033e-21   1.227910e-02   2.003376e-20   4297352
  1.094656e+01   2.383627e-20   1.226998e-02   1.965286e-20   4328642
  1.098909e+01   -2.447305e-20   1.228265e-02   1.926576e-20   4367948
  1.103158e+01   -1.055995e-20   1.224720e-02   1.892166e-20   4388384
  1.107408e+01   8.557197e-21   1.228899e-02   1.852330e-20   4436648
  1.111661e+01   1.700559e-20   1.227199e-02   1.817966e-20   4465658
  1.115915e+01   5.469192e-20   1.227871e-02   1.782169e-20   4502948
  1.120165e+01   4.518417e-20   1.225915e-02   1.746688e-20   4528880
  1.124413e+01   7.425386e-21   1.226872e-02   1.713223e-20   4566290
  1.128665e+01   -9.109094e-21   1.228262e-02   1.679842e-20   4606856
  1.132917e+01   7.142022e-20   1.226621e-02   1.648328e-20   4635380
  1.137166e+01   -7.833207e-21   1.226853e-02   1.614326e-20   4670384
  1.141417e+01   9.562026e-21   1.227665e-02   1.585693e-20   4709258
  1.145672e+01   2.538197e-20   1.228130e-02   1.553388e-20   4747352
  1.149922e+01   3.916025e-22   1.225462e-02   1.524479e-20   4771664
  1.154171e+01   1.384726e-20   1.227440e-02   1.495419e-20   4813532
  1.158423e+01   2.549566e-20   1.228175e-02   1.465543e-20   4852322
  1.162677e+01   5.019573e-20   1.227605e-02   1.440508e-20   4886480
  1.166928e+01   1.318681e-20   1.226516e-02   1.410790e-20   4917248
  1.171175e+01   6.235282e-20   1.226039e-02   1.385866e-20   4950828
  1.175428e+01   5.913091e-20   1.229115e-02   1.358654e-20   5000170
  1.179682e+01   9.354958e-20   1.226743e-02   1.331501e-20   5026952
  1.183930e+01   3.932496e-20   1.225870e-02   1.309521e-20   5058752
  1.188178e+01   6.280156e-20   1.227096e-02   1.284101e-20   5100722
  1.192431e+01   5.617512e-20   1.227592e-02   1.260441e-20   5140124
  1.196682e+01   5.777865e-20   1.227175e-02   1.236882e-20   5174072
  1.200934e+01   5.261598e-20   1.227571e-02   1.213399e-20   5211608
  1.205185e+01   4.374432e-20   1.227167e-02   1.191546e-20   5247794
  1.209436e+01   4.310324e-20   1.226763e-02   1.168455e-20   5284196
  1.213689e+01   1.866624e-20   1.228663e-02   1.145379e-20   5328800
  1.217939e+01   4.910148e-21   1.225244e-02   1.127935e-20   5350872
  1.222188e+01   6.454636e-21   1.227843e-02   1.105578e-20   5400634
  1.226439e+01   3.694824e-20   1.226116e-02   1.086422e-20   5430968
  1.230690e+01   2.585556e-20   1.228074e-02   1.065713e-20   5475908
  1.234942e+01   1.561609e-20   1.227341e-02   1.045774e-20   5510016
  1.239194e+01   6.186185e-21   1.227878e-02   1.027107e-20   5552114
  1.243448e+01   3.129623e-20   1.227536e-02   1.008451e-20   5588944
  1.247700e+01   4.636374e-20   1.227081e-02   9.906030e-21   5623828
  1.251949e+01   3.289478e-20   1.226652e-02   9.730664e-21   5660722
  1.256199e+01   3.566958e-20   1.226569e-02   9.551359e-21   5699896
  1.260450e+01   2.811081e-20   1.227587e-02   9.370367e-21   5741936
  1.264701e+01   2.634172e-20   1.227604e-02   9.190698e-21   5779568
  1.268952e+01   4.163891e-20   1.227056e-02   9.031314e-21   5817222
  1.273202e+01   3.483286e-20   1.226405e-02   8.865017e-21   5854600
  1.277454e+01   2.778047e-20   1.227916e-02   8.714482e-21   5900040
  1.281705e+01   1.221008e-20   1.226601e-02   8.556751e-21   5931976
  1.285956e+01   3.094200e-20   1.228040e-02   8.399727e-21   5979390
  1.290207e+01   2.038124e-20   1.226129e-02   8.249853e-21   6010200
  1.294458e+01   2.275876e-20   1.227731e-02   8.105114e-21   6056496
  1.298708e+01   3.927857e-20   1.226484e-02   7.967344e-21   6089504
  1.302958e+01   3.274960e-20   1.227756e-02   7.825638e-21   6137114
  1.307210e+01   2.081369e-21   1.226880e-02   7.680377e-21   6173332
  1.311461e+01   1.958421e-20   1.227153e-02   7.549508e-21   6214128
  1.315711e+01   2.200648e-20   1.226922e-02   7.408939e-21   6253874
  1.319964e+01   1.674975e-20   1.227851e-02   7.286121e-21   6300104
  1.324216e+01   3.429980e-20   1.226546e-02   7.160033e-21   6332612
  1.328467e+01   3.032538e-20   1.228096e-02   7.029672e-21   6379768
  1.332719e+01   1.461068e-20   1.227439e-02   6.912872e-21   6418218
  1.336971e+01   3.525247e-20   1.227344e-02   6.784454e-21   6459880
  1.341221e+01   2.297334e-20   1.226446e-02   6.668429e-21   6495652
  1.345472e+01   2.714575e-20   1.228092e-02   6.549507e-21   6545296
  1.349724e+01   2.519386e-20   1.226891e-02   6.442838e-21   6581570
  1.353974e+01   2.356651e-20   1.226098e-02   6.329690e-21   6618960
  1.358222e+01   2.375111e-20   1.226863e-02   6.209916e-21   6663352
  1.362471e+01   7.029778e-21   1.226151e-02   6.113837e-21   6701334
  1.366724e+01   2.003083e-20   1.229005e-02   5.994629e-21   6759920
  1.370978e+01   2.584389e-20   1.226871e-02   5.895777e-21   6789696
  1.375229e+01   2.365954e-20   1.227982e-02   5.795113e-21   6837208
  1.379481e+01   2.896189e-20   1.226997e-02   5.700154e-21   6874966
  1.383733e+01   1.229229e-20   1.227445e-02   5.606926e-21   6920864
  1.387984e+01   2.223660e-20   1.226703e-02   5.509828e-21   6957816
  1.392234e+01   1.507301e-20   1.227258e-02   5.415705e-21   7002232
  1.396483e+01   1.534062e-20   1.226616e-02   5.325976e-21   7043114
  1.400736e+01   -9.961992e-22   1.228161e-02   5.230094e-21   7096020
  1.404988e+01   1.582810e-20   1.226958e-02   5.145393e-21   7130640
  1.409239e+01   2.725458e-21   1.227310e-02   5.054388e-21   7175472
  1.413489e+01   1.440402e-20   1.226899e-02   4.973691e-21   7217786
  1.417741e+01   1.034529e-20   1.227600e-02   4.880712e-21   7265564
  1.421992e+01   -3.490423e-21   1.226528e-02   4.808353e-21   7301288
  1.426240e+01   1.467072e-20   1.226550e-02   4.725145e-21   7345330
  1.430491e+01   1.363585e-21   1.227621e-02   4.645114e-21   7397048
  1.434743e+01   1.039461e-20   1.226815e-02   4.569691e-21   7435920
  1.438994e+01   6.452345e-21   1.227688e-02   4.489215e-21   7484140
  1.443245e+01   -1.937574e-22   1.227057e-02   4.416033e-21   7525578
  1.447497e+01   -1.187540e-21   1.227007e-02   4.342295e-21   7571376
  1.451748e+01   -3.094163e-22   1.227392e-02   4.265769e-21   7617064
  1.456001e+01   1.147681e-22   1.227782e-02   4.195996e-21   7662092
  1.460251e+01   4.350582e-21   1.226530e-02   4.128119e-21   7699658
  1.464502e+01   -3.141151e-21   1.227578e-02   4.059368e-21   7752416
  1.468755e+01   4.957916e-21   1.227763e-02   3.991317e-21   7797776
  1.473004e+01   3.914909e-21   1.226070e-02   3.924504e-21   7831720
  1.477255e+01   9.258752e-21   1.227889e-02   3.865156e-21   7889926
  1.481507e+01   5.592039e-22   1.227192e-02   3.798644e-21   7931480
  1.485759e+01   -7.550314e-21   1.227300e-02   3.734174e-21   7976688
  1.490006e+01   5.630649e-21   1.225048e-02   3.676980e-21   8007786
  1.494256e+01   8.609789e-21   1.228133e-02   3.611219e-21   8074564
  1.498510e+01   4.475248e-21   1.228034e-02   3.554256e-21   8118904
  1.502762e+01   -4.961171e-21   1.226783e-02   3.497386e-21   8155824
  1.507013e+01   -3.660440e-21   1.228256e-02   3.438519e-21   8212802
  1.511265e+01   -6.995492e-21   1.226047e-02   3.383376e-21   8245268
  1.515516e+01   -4.422115e-21   1.228702e-02   3.323890e-21   8308816
  1.519769e+01   -3.819888e-21   1.226520e-02   3.273580e-21   8340304
  1.524017e+01   -1.671698e-21   1.226489e-02   3.222932e-21   8387738
  1.528267e+01   -3.097087e-21   1.226883e-02   3.171664e-21   8437624
  1.532518e+01   -5.682863e-21   1.227531e-02   3.120165e-21   8487796
  1.536768e+01   6.291433e-21   1.226572e-02   3.068833e-21   8527936
  1.541020e+01   -5.639906e-21   1.227764e-02   3.018316e-21   8585122
  1.545272e+01   2.594862e-21   1.227170e-02   2.970372e-21   8628200
  1.549524e+01   -1.468299e-22   1.227868e-02   2.920317e-21   8679484
  1.553776e+01   -1.723115e-21   1.226928e-02   2.878185e-21   8721466
  1.558025e+01   7.987799e-22   1.226318e-02   2.830949e-21   8765840
  1.562277e+01   -9.683710e-21   1.228142e-02   2.783308e-21   8825136
  1.566528e+01   7.496834e-22   1.226701e-02   2.743641e-21   8861768
  1.570779e+01   -4.907999e-21   1.227728e-02   2.696299e-21   8919278
  1.575031e+01   6.158851e-21   1.226638e-02   2.653294e-21   8961008
  1.579282e+01   -3.039632e-21   1.227512e-02   2.611641e-21   9014456
  1.583534e+01   -1.594523e-22   1.227527e-02   2.571375e-21   9062240
  1.587786e+01   3.704617e-21   1.227311e-02   2.529305e-21   9110510
  1.592036e+01   -4.937857e-21   1.226582e-02   2.492154e-21   9154048
  1.596285e+01   -1.718552e-21   1.226281e-02   2.453415e-21   9198928
  1.600534e+01   -3.061791e-21   1.227531e-02   2.412302e-21   9257194
  1.604787e+01   2.397510e-21   1.227745e-02   2.374762e-21   9310168
  1.609038e+01   4.756541e-22   1.226530e-02   2.340361e-21   9350316
  1.613289e+01   -3.906877e-22   1.227684e-02   2.301377e-21   9407120
  1.617541e+01   -2.703858e-21   1.227300e-02   2.264086e-21   9454642
  1.621793e+01   1.187927e-21   1.227362e-02   2.229578e-21   9506272
  1.626044e+01   3.710643e-22   1.226942e-02   2.192929e-21   9551228
  1.630294e+01   -6.204501e-22   1.227038e-02   2.161198e-21   9600264
  1.634544e+01   -5.312679e-21   1.227012e-02   2.128497e-21   9651458
  1.638796e+01   -3.576969e-21   1.228049e-02   2.093219e-21   9711488
  1.643048e+01   -1.085548e-21   1.226476e-02   2.061400e-21   9749144
  1.647299e+01   -2.927834e-21   1.227613e-02   2.029607e-21   9807908
  1.651550e+01   1.217824e-21   1.227043e-02   1.998411e-21   9854786
  1.655803e+01   -1.714843e-22   1.228107e-02   1.966185e-21   9914304
  1.660053e+01   -2.201440e-21   1.225867e-02   1.937105e-21   9945544
  1.664301e+01   1.879273e-21   1.226718e-02   1.906970e-21   10003414
  1.668552e+01   -1.936038e-21   1.227468e-02   1.877874e-21   10062032
  1.672804e+01   7.090158e-21   1.227657e-02   1.850312e-21   10114792
  1.677058e+01   -2.820969e-21   1.228180e-02   1.821164e-21   10169936
  1.681307e+01   3.105043e-22   1.225060e-02   1.794632e-21   10196602
  1.685558e+01   -3.157912e-21   1.228906e-02   1.765140e-21   10281156
  1.689811e+01   7.894291e-21   1.226275e-02   1.738195e-21   10309376
  1.694060e+01   -1.239398e-21   1.227427e-02   1.712809e-21   10369856
  1.698310e+01   4.930393e-21   1.226425e-02   1.687201e-21   10415370
  1.702562e+01   1.075362e-21   1.228018e-02   1.659243e-21   10481988
  1.706815e+01   -2.236145e-21   1.227822e-02   1.635240e-21   10531200
  1.711066e+01   1.436256e-22   1.226163e-02   1.611424e-21   10569416
  1.715315e+01   1.372915e-21   1.227286e-02   1.585992e-21   10633066
  1.719568e+01   5.267209e-23   1.227546e-02   1.562238e-21   10687548
  1.723821e+01   1.912992e-23   1.228168e-02   1.537181e-21   10743968
  1.728072e+01   3.755414e-22   1.226340e-02   1.516080e-21   10782130
  1.732321e+01   1.610017e-21   1.226438e-02   1.494093e-21   10837792
  1.736571e+01   4.787899e-21   1.227328e-02   1.469701e-21   10897368
  1.740823e+01   -4.275046e-22   1.227857e-02   1.446905e-21   10953940
  1.745075e+01   -5.717575e-22   1.227188e-02   1.427605e-21   11003274
  1.749325e+01   2.812414e-21   1.226537e-02   1.405568e-21   11052800
  1.753577e+01   -1.213357e-21   1.228039e-02   1.384973e-21   11118176
  1.757829e+01   -1.472350e-21   1.227174e-02   1.364277e-21   11162268
  1.762078e+01   -1.559585e-21   1.226447e-02   1.344999e-21   11211458
  1.766328e+01   2.472876e-21   1.226924e-02   1.324990e-21   11271888
  1.770579e+01   2.562864e-22   1.227456e-02   1.304310e-21   11329304
  1.774829e+01   1.918898e-22   1.226554e-02   1.285817e-21   11375026
  1.779081e+01   1.560550e-21   1.227704e-02   1.265641e-21   11442532
  1.783332e+01   -6.907106e-22   1.226620e-02   1.248211e-21   11487264
  1.787583e+01   1.761273e-21   1.227239e-02   1.227993e-21   11545680
  1.791835e+01   -1.365713e-21   1.227937e-02   1.209860e-21   11607058
  1.796089e+01   -1.986724e-22   1.227970e-02   1.192511e-21   11664300
  1.800340e+01   8.246927e-23   1.226785e-02   1.175986e-21   11707488
  1.804590e+01   5.760462e-21   1.226647e-02   1.158177e-21   11759536
  1.808841e+01   -7.355511e-22   1.228470e-02   1.140953e-21   11833690
  1.813095e+01   1.656579e-21   1.227017e-02   1.123791e-21   11877808
  1.817345e+01   2.786379e-21   1.226311e-02   1.108485e-21   11925836
  1.821595e+01   1.037373e-21   1.227560e-02   1.092040e-21   11992168
  1.825846e+01   4.114415e-22   1.227114e-02   1.076215e-21   12044554
  1.830097e+01   -3.751738e-22   1.226867e-02   1.060710e-21   12098976
  1.834346e+01   2.467892e-21   1.226469e-02   1.045070e-21   12149996
  1.838595e+01   -1.087689e-21   1.226815e-02   1.028892e-21   12209594
  1.842847e+01   2.328020e-21   1.227993e-02   1.014917e-21   12279272
  1.847101e+01   8.290373e-22   1.228002e-02   1.000026e-21   12336072
  1.851353e+01   2.561939e-21   1.226966e-02   9.855733e-22   12381744
  1.855604e+01   1.232575e-21   1.227227e-02   9.721440e-22   12441590
  1.859855e+01   -6.763384e-22   1.227023e-02   9.582161e-22   12497256
  1.864105e+01   -1.556310e-23   1.226730e-02   9.437588e-22   12550032
  1.868353e+01   -1.736211e-21   1.226474e-02   9.306883e-22   12603936
  1.872603e+01   -4.198480e-22   1.227245e-02   9.171035e-22   12671230
  1.876857e+01   1.218968e-21   1.228331e-02   9.041904e-22   12740920
  1.881110e+01   -5.591721e-22   1.227107e-02   8.902272e-22   12784560
  1.885359e+01   -1.762120e-21   1.226358e-02   8.787394e-22   12834176
  1.889610e+01   -8.282831e-22   1.227865e-02   8.659766e-22   12909006
  1.893863e+01   -6.765352e-22   1.227235e-02   8.538457e-22   12959680
  1.898113e+01   -3.322824e-21   1.227020e-02   8.417060e-22   13014232
  1.902364e+01   -1.304059e-22   1.227262e-02   8.308883e-22   13076514
  1.906614e+01   -2.516948e-21   1.226274e-02   8.190726e-22   13127112
  1.910866e+01   -1.838304e-21   1.228266e-02   8.067643e-22   13205852
  1.915119e+01   -2.919379e-21   1.227282e-02   7.955568e-22   13252032
  1.919369e+01   -2.331496e-21   1.226787e-02   7.842362e-22   13307450
  1.923620e+01   -2.465345e-21   1.227402e-02   7.740714e-22   13374160
  1.927872e+01   -2.153147e-21   1.227027e-02   7.627142e-22   13426348
  1.932123e+01   -2.052929e-21   1.227853e-02   7.518609e-22   13492760
  1.936373e+01   -1.054533e-21   1.226457e-02   7.422107e-22   13539546
  1.940624e+01   -2.252891e-21   1.227335e-02   7.305252e-22   13610704
  1.944875e+01   -1.897051e-21   1.226734e-02   7.210961e-22   13662024
  1.949125e+01   -1.554965e-21   1.227299e-02   7.104230e-22   13727492
  1.953377e+01   -1.958069e-21   1.227644e-02   7.009848e-22   13793394
  1.957629e+01   -1.623318e-22   1.226862e-02   6.913367e-22   13844456
  1.961880e+01   -2.577817e-21   1.227171e-02   6.817896e-22   13905184
  1.966130e+01   -1.608031e-21   1.227189e-02   6.723856e-22   13965958
  1.970381e+01   -3.152508e-21   1.226859e-02   6.636321e-22   14025192
  1.974632e+01   -1.054957e-21   1.227581e-02   6.544161e-22   14093768
  1.978884e+01   -2.571330e-21   1.227382e-02   6.454923e-22   14150440
  1.983136e+01   -7.047088e-22   1.227452e-02   6.364693e-22   14213450
  1.987387e+01   -1.620947e-21   1.226691e-02   6.278869e-22   14267036
  1.991638e+01   -1.049408e-21   1.227427e-02   6.193267e-22   14335032
  1.995889e+01   -1.629740e-21   1.226837e-02   6.108567e-22   14387664
  2.000139e+01   -1.903920e-21   1.227308e-02   6.026363e-22   14455698
  2.004391e+01   -1.613876e-21   1.227471e-02   5.942759e-22   14520452
  2.008643e+01   -3.174432e-22   1.227399e-02   5.868401e-22   14580272
  2.012893e+01   -5.477760e-22   1.226246e-02   5.785979e-22   14628050
  2.017144e+01   -1.161227e-21   1.228393e-02   5.703848e-22   14716744
  2.021396e+01   -1.139835e-21   1.226163e-02   5.629505e-22   14751712
  2.025646e+01   -1.480064e-21   1.227782e-02   5.559227e-22   14831620
  2.029896e+01   -1.029971e-21   1.226188e-02   5.481936e-22   14875522
  2.034146e+01   2.214331e-22   1.227585e-02   5.408317e-22   14956720
  2.038398e+01   1.123276e-22   1.226799e-02   5.333266e-22   15008272
  2.042648e+01   -9.855146e-23   1.227113e-02   5.265153e-22   15073780
  2.046899e+01   -8.433618e-22   1.227601e-02   5.198948e-22   15144866
  2.051153e+01   6.092627e-22   1.228021e-02   5.126389e-22   15213872
  2.055406e+01   3.701925e-22   1.227172e-02   5.059816e-22   15263976
  2.059656e+01   6.631392e-22   1.226689e-02   4.993694e-22   15320236
  2.063907e+01   -3.060840e-23   1.227747e-02   4.926851e-22   15398322
  2.068159e+01   -8.102825e-22   1.226849e-02   4.866205e-22   15450864
  2.072409e+01   2.702675e-22   1.226949e-02   4.801570e-22   15513888
  2.076658e+01   -6.834279e-22   1.226638e-02   4.742049e-22   15574626
  2.080910e+01   -7.960895e-22   1.227957e-02   4.674387e-22   15657956
  2.085162e+01   -7.972426e-22   1.226694e-02   4.620899e-22   15704248
  2.089412e+01   3.615990e-22   1.227405e-02   4.557215e-22   15774824
  2.093664e+01   9.283045e-22   1.227741e-02   4.497379e-22   15844898
  2.097916e+01   7.615936e-22   1.226797e-02   4.446205e-22   15898956
  2.102166e+01   4.379735e-22   1.226837e-02   4.387898e-22   15961768
  2.106416e+01   7.263617e-22   1.227392e-02   4.326046e-22   16032208
  2.110668e+01   6.035886e-23   1.227386e-02   4.275634e-22   16099530
  2.114918e+01   1.228820e-21   1.226342e-02   4.225573e-22   16152712
  2.119169e+01   1.145182e-21   1.227877e-02   4.167989e-22   16235740
  2.123421e+01   3.823799e-22   1.227090e-02   4.117167e-22   16288856
  2.127673e+01   -5.724268e-22   1.227763e-02   4.062189e-22   16365074
  2.131925e+01   1.523507e-22   1.226826e-02   4.014493e-22   16418248
  2.136173e+01   7.623475e-24   1.226229e-02   3.963166e-22   16473180
  2.140423e+01   1.701544e-22   1.227796e-02   3.913613e-22   16560234
  2.144675e+01   -6.875483e-22   1.226818e-02   3.866398e-22   16616088
  2.148927e+01   7.756843e-23   1.227653e-02   3.816556e-22   16693264
  2.153179e+01   -2.413979e-22   1.227410e-02   3.771215e-22   16753864
  2.157431e+01   -2.846312e-22   1.227428e-02   3.723368e-22   16820702
  2.161682e+01   -2.552085e-22   1.226755e-02   3.679061e-22   16879288
  2.165933e+01   -2.785057e-22   1.227311e-02   3.634649e-22   16951712
  2.170183e+01   3.551353e-22   1.226675e-02   3.592869e-22   17007560
  2.174434e+01   -1.822785e-22   1.227813e-02   3.545117e-22   17092086
  2.178685e+01   6.758565e-22   1.226906e-02   3.504294e-22   17148392
  2.182937e+01   4.539959e-22   1.227478e-02   3.462279e-22   17222288
  2.187188e+01   -2.092620e-22   1.227236e-02   3.419331e-22   17285096
  2.191439e+01   4.980824e-22   1.226620e-02   3.381798e-22   17344826
  2.195689e+01   7.088818e-22   1.227320e-02   3.340868e-22   17421236
  2.199941e+01   2.169733e-22   1.227792e-02   3.297668e-22   17494160
  2.204191e+01   3.396961e-22   1.226044e-02   3.264794e-22   17538122
  2.208440e+01   7.856458e-22   1.226939e-02   3.222755e-22   17620136
  2.212692e+01   1.230989e-21   1.227875e-02   3.185908e-22   17700428
  2.216945e+01   4.914109e-22   1.227393e-02   3.150474e-22   17760320
  2.221196e+01   8.552176e-22   1.227224e-02   3.112679e-22   17827562
  2.225448e+01   2.696141e-22   1.227165e-02   3.075738e-22   17895488
  2.229699e+01   -3.192199e-23   1.227292e-02   3.043147e-22   17963576
  2.233950e+01   -1.086095e-22   1.227046e-02   3.007127e-22   18027500
  2.238201e+01   5.086264e-23   1.227533e-02   2.974135e-22   18105650
  2.242451e+01   9.625358e-23   1.226508e-02   2.941056e-22   18160880
  2.246701e+01   1.553284e-22   1.226834e-02   2.908663e-22   18233144
  2.250951e+01   6.227711e-22   1.227149e-02   2.881119e-22   18307310
  2.255203e+01   2.846024e-22   1.227368e-02   2.844765e-22   18381680
  2.259456e+01   -1.866579e-23   1.227489e-02   2.812973e-22   18450536
  2.263708e+01   6.560526e-22   1.227820e-02   2.780181e-22   18522128
  2.267959e+01   2.468096e-22   1.226827e-02   2.753361e-22   18578414
  2.272209e+01   -5.248499e-22   1.227113e-02   2.722940e-22   18654304
  2.276460e+01   -1.512652e-22   1.227056e-02   2.693839e-22   18722304
  2.280712e+01   2.136913e-24   1.227777e-02   2.664839e-22   18802472
  2.284964e+01   1.554147e-23   1.227092e-02   2.637866e-22   18864266
  2.289215e+01   -3.420187e-22   1.226939e-02   2.609896e-22   18933260
  2.293465e+01   -2.192703e-22   1.226719e-02   2.583140e-22   18997448
  2.297715e+01   4.485407e-22   1.227581e-02   2.555939e-22   19079816
  2.301967e+01   8.211325e-22   1.227098e-02   2.531505e-22   19145330
  2.306218e+01   5.523138e-22   1.227177e-02   2.504380e-22   19218276
  2.310469e+01   6.125486e-22   1.227113e-02   2.478226e-22   19286200
  2.314719e+01   -6.385714e-23   1.226583e-02   2.454477e-22   19349738
  2.318971e+01   5.129797e-22   1.228286e-02   2.431163e-22   19450040
  2.323223e+01   3.198007e-22   1.226363e-02   2.409411e-22   19489688
  2.327473e+01   7.860828e-23   1.227521e-02   2.382081e-22   19576868
  2.331724e+01   3.449852e-22   1.226932e-02   2.361751e-22   19640282
  2.335976e+01   4.319453e-22   1.227873e-02   2.338326e-22   19728800
  2.340226e+01   5.515856e-22   1.226095e-02   2.317025e-22   19770152
  2.344476e+01   1.818992e-22   1.227487e-02   2.294355e-22   19863516
  2.348729e+01   1.594077e-22   1.227855e-02   2.274486e-22   19943594
  2.352981e+01   5.420360e-22   1.227039e-02   2.252945e-22   20003440
  2.357232e+01   2.587726e-23   1.227533e-02   2.234293e-22   20081768
  2.361483e+01   2.721173e-22   1.226475e-02   2.212490e-22   20136200
  2.365734e+01   4.580594e-23   1.228180e-02   2.192996e-22   20238094
  2.369985e+01   -2.573046e-22   1.226458e-02   2.175932e-22   20282544
  2.374234e+01   6.318307e-22   1.226291e-02   2.158404e-22   20351720
  2.378483e+01   -1.462608e-22   1.227389e-02   2.139155e-22   20444714
  2.382735e+01   1.438325e-22   1.227112e-02   2.119175e-22   20515116
  2.386988e+01   2.579849e-22   1.228059e-02   2.103002e-22   20602384
  2.391241e+01   3.051998e-22   1.227266e-02   2.087383e-22   20659872
  2.395491e+01   2.362815e-22   1.226837e-02   2.070836e-22   20727682
  2.399742e+01   3.495388e-22   1.227493e-02   2.052723e-22   20814416
  2.403994e+01   -3.633672e-22   1.227261e-02   2.037001e-22   20881100
  2.408245e+01   3.445046e-22   1.227247e-02   2.021750e-22   20953688
  2.412495e+01   1.983719e-22   1.226662e-02   2.008636e-22   21021050
  2.416746e+01   -2.847933e-23   1.227556e-02   1.992971e-22   21111632
  2.420998e+01   4.214635e-22   1.227336e-02   1.979085e-22   21179972
  2.425248e+01   1.224021e-22   1.226547e-02   1.963281e-22   21240488
  2.429499e+01   2.426609e-22   1.227368e-02   1.952112e-22   21331418
  2.433750e+01   -1.141969e-22   1.226935e-02   1.938982e-22   21397304
  2.438000e+01   1.812105e-22   1.226962e-02   1.924406e-22   21469764
  2.442251e+01   -1.346649e-22   1.227528e-02   1.913408e-22   21556122
  2.446502e+01   3.858145e-22   1.226591e-02   1.902891e-22   21618312
  2.450754e+01   2.111555e-22   1.227924e-02   1.888752e-22   21716096
  2.455007e+01   2.242864e-22   1.227488e-02   1.876885e-22   21781352
  2.459258e+01   2.214422e-22   1.226971e-02   1.867007e-22   21848870
  2.463508e+01   -3.700145e-22   1.227061e-02   1.858234e-22   21927536
  2.467760e+01   -1.270247e-23   1.227518e-02   1.846530e-22   22008944
  2.472011e+01   6.748174e-22   1.227146e-02   1.835769e-22   22076136
  2.476261e+01   5.889296e-22   1.226619e-02   1.827789e-22   22145270
  2.480513e+01   5.311236e-22   1.228149e-02   1.815557e-22   22250960
  2.484765e+01   7.941986e-22   1.226766e-02   1.807709e-22   22300864
  2.489015e+01   4.014506e-22   1.226874e-02   1.798207e-22   22378586
  2.493266e+01   5.908178e-22   1.227304e-02   1.791939e-22   22464104
  2.497518e+01   2.986658e-22   1.227483e-02   1.782585e-22   22542892
  2.501769e+01   1.095305e-22   1.226849e-02   1.775261e-22   22606008
  2.506019e+01   7.495028e-22   1.227168e-02   1.770229e-22   22690002
  2.510269e+01   3.889711e-22   1.226774e-02   1.766267e-22   22762216
  2.514519e+01   5.196729e-22   1.227552e-02   1.746696e-22   22815779
  2.518771e+01   6.313817e-23   1.227093e-02   1.716602e-22   22772312
  2.523022e+01   -2.521315e-22   1.227169e-02   1.685150e-22   22733708
  2.527273e+01   6.463689e-22   1.227376e-02   1.654255e-22   22697672
  2.531524e+01   1.944607e-22   1.227003e-02   1.625465e-22   22651460
  2.535775e+01   5.978150e-23   1.227280e-02   1.594187e-22   22616024
  2.540027e+01   1.540359e-22   1.227723e-02   1.565092e-22   22583496
  2.544278e+01   -1.967842e-22   1.226384e-02   1.538725e-22   22519252
  2.548527e+01   2.052039e-22   1.226879e-02   1.509712e-22   22488992
  2.552778e+01   3.792099e-22   1.227112e-02   1.483765e-22   22453172
  2.557030e+01   3.947837e-22   1.227642e-02   1.458238e-22   22420584
  2.561282e+01   2.861258e-22   1.227318e-02   1.435250e-22   22371700
  2.565533e+01   -1.965549e-22   1.227319e-02   1.407603e-22   22329896
  2.569784e+01   -7.982302e-23   1.227005e-02   1.384785e-22   22282876
  2.574035e+01   8.401218e-23   1.227559e-02   1.361657e-22   22250692
  2.578286e+01   -1.358157e-22   1.226749e-02   1.339781e-22   22194436
  2.582536e+01   1.045019e-22   1.226799e-02   1.315638e-22   22153540
  2.586787e+01   3.988985e-23   1.227489e-02   1.294842e-22   22122584
  2.591039e+01   -1.125110e-22   1.227183e-02   1.273858e-22   22073004
  2.595291e+01   1.298736e-23   1.227763e-02   1.252356e-22   22039640
  2.599542e+01   1.076363e-23   1.226443e-02   1.233472e-22   21971624
  2.603793e+01   -9.795824e-23   1.228039e-02   1.212733e-22   21955708
  2.608042e+01   -9.744821e-23   1.225538e-02   1.193892e-22   21867720
  2.612293e+01   -1.729773e-23   1.228640e-02   1.174132e-22   21878900
  2.616545e+01   2.850315e-22   1.226374e-02   1.155766e-22   21794260
  2.620796e+01   6.827516e-23   1.227552e-02   1.137982e-22   21770256
  2.625048e+01   1.883795e-22   1.227204e-02   1.120138e-22   21718124
  2.629299e+01   -1.358118e-22   1.227162e-02   1.103061e-22   21671096
  2.633550e+01   -4.100695e-23   1.227173e-02   1.086795e-22   21625412
  2.637801e+01   -5.221210e-23   1.227628e-02   1.069401e-22   21587284
  2.642052e+01   -2.606031e-22   1.226404e-02   1.054231e-22   21519648
  2.646302e+01   -2.428170e-23   1.227517e-02   1.037274e-22   21493344
  2.650554e+01   -2.408387e-22   1.227125e-02   1.021616e-22   21439360
  2.654805e+01   5.295661e-24   1.227471e-02   1.007238e-22   21398900
  2.659058e+01   -2.751235e-22   1.227467e-02   9.921481e-23   21351488
  2.663308e+01   -7.447991e-23   1.226610e-02   9.775513e-23   21288012
  2.667559e+01   -2.209697e-22   1.227518e-02   9.638002e-23   21255052
  2.671810e+01   7.701126e-23   1.226960e-02   9.492322e-23   21196928
  2.676060e+01   -9.373821e-23   1.226973e-02   9.354686e-23   21149036
  2.680311e+01   4.875915e-23   1.227206e-02   9.214347e-23   21105304
  2.684563e+01   -1.865169e-22   1.227410e-02   9.082216e-23   21059992
  2.688815e+01   -9.031606e-23   1.227705e-02   8.953977e-23   21014904
  2.693067e+01   -4.636027e-23   1.227014e-02   8.838051e-23   20953620
  2.697317e+01   -1.354739e-22   1.226991e-02   8.704943e-23   20902948
  2.701568e+01   -1.059866e-22   1.227225e-02   8.595228e-23   20856528
  2.705819e+01   -1.467476e-24   1.227379e-02   8.466763e-23   20808868
  2.710070e+01   -1.909712e-22   1.226639e-02   8.350430e-23   20746700
  2.714319e+01   -8.347509e-23   1.226770e-02   8.242453e-23   20699040
  2.718571e+01   -1.417011e-22   1.227944e-02   8.127049e-23   20667584
  2.722822e+01   -1.563942e-22   1.225995e-02   8.020813e-23   20583320
  2.727072e+01   5.088458e-23   1.227843e-02   7.899904e-23   20562728
  2.731324e+01   4.044757e-23   1.227166e-02   7.795635e-23   20499120
  2.735575e+01   -1.180886e-22   1.227335e-02   7.690367e-23   20448668
  2.739827e+01   -1.461446e-22   1.227231e-02   7.591541e-23   20394408
  2.744078e+01   1.385870e-22   1.227328e-02   7.487058e-23   20344236
  2.748329e+01   5.370020e-23   1.227052e-02   7.396377e-23   20287988
  2.752580e+01   -7.655538e-23   1.227218e-02   7.293168e-23   20237280
  2.756831e+01   -1.033668e-22   1.226928e-02   7.192466e-23   20178328
  2.761083e+01   1.114666e-23   1.227861e-02   7.106280e-23   20139844
  2.765335e+01   -2.459743e-22   1.226869e-02   7.016630e-23   20069748
  2.769585e+01   -1.822088e-23   1.227006e-02   6.920109e-23   20016800
  2.773835e+01   1.398415e-22   1.227057e-02   6.839926e-23   19962224
  2.778087e+01   -1.134165e-23   1.227954e-02   6.752131e-23   19923568
  2.782339e+01   -8.699304e-23   1.226996e-02   6.664627e-23   19854300
  2.786590e+01   -9.391197e-23   1.226862e-02   6.586851e-23   19797056
  2.790840e+01   7.376365e-23   1.227082e-02   6.493358e-23   19744940
  2.795091e+01   1.011934e-22   1.227270e-02   6.409849e-23   19691768
  2.799342e+01   2.719288e-23   1.226928e-02   6.336434e-23   19629548
  2.803593e+01   -2.306549e-22   1.227096e-02   6.264683e-23   19575480
  2.807844e+01   5.788457e-23   1.227365e-02   6.183228e-23   19523296
  2.812096e+01   -9.963869e-23   1.227813e-02   6.106513e-23   19474344
  2.816347e+01   -5.461851e-24   1.226244e-02   6.035648e-23   19392868
  2.820597e+01   4.632177e-23   1.227629e-02   5.955273e-23   19356176
  2.824849e+01   -1.850069e-22   1.227437e-02   5.889200e-23   19294916
  2.829102e+01   -1.356461e-23   1.227644e-02   5.820243e-23   19240856
  2.833353e+01   -1.440326e-22   1.226827e-02   5.752408e-23   19170884
  2.837603e+01   3.906158e-23   1.226787e-02   5.681260e-23   19111352
  2.841853e+01   -1.117065e-22   1.227311e-02   5.614931e-23   19060016
  2.846104e+01   1.681208e-23   1.227199e-02   5.552293e-23   18999752
  2.850354e+01   -2.296227e-23   1.226484e-02   5.486994e-23   18930272
  2.854604e+01   -1.111565e-22   1.227204e-02   5.416358e-23   18882340
  2.858856e+01   2.789289e-23   1.227653e-02   5.354217e-23   18829056
  2.863108e+01   9.223606e-23   1.226917e-02   5.297610e-23   18757640
  2.867359e+01   -1.992508e-23   1.227679e-02   5.237796e-23   18709036
  2.871611e+01   -1.415113e-24   1.226951e-02   5.172599e-23   18637668
  2.875862e+01   -2.052389e-23   1.227659e-02   5.119754e-23   18587048
  2.880113e+01   -4.227256e-23   1.226650e-02   5.056754e-23   18510972
  2.884363e+01   3.185198e-23   1.227092e-02   5.003473e-23   18456692
  2.888614e+01   -1.186300e-22   1.227027e-02   4.946927e-23   18394084
  2.892866e+01   -9.852211e-23   1.227644e-02   4.887411e-23   18341352
  2.897118e+01   -4.903932e-23   1.227294e-02   4.837881e-23   18273884
  2.901369e+01   -2.649221e-23   1.227214e-02   4.782945e-23   18211148
  2.905619e+01   -8.470583e-23   1.226468e-02   4.730815e-23   18137692
  2.909870e+01   -1.033503e-22   1.227635e-02   4.676231e-23   18091580
  2.914122e+01   8.776877e-23   1.227406e-02   4.630026e-23   18024560
  2.918373e+01   -2.962537e-23   1.226945e-02   4.576954e-23   17955116
  2.922624e+01   -3.069292e-23   1.227055e-02   4.535871e-23   17893232
  2.926875e+01   -1.008603e-22   1.227337e-02   4.480951e-23   17832620
  2.931126e+01   -9.849773e-23   1.227331e-02   4.435844e-23   17767864
  2.935378e+01   -1.189751e-22   1.227523e-02   4.388363e-23   17706956
  2.939629e+01   -1.466436e-22   1.226779e-02   4.343990e-23   17632632
  2.943880e+01   -1.548725e-22   1.227224e-02   4.297738e-23   17573524
  2.948131e+01   -9.996895e-23   1.227160e-02   4.253086e-23   17506380
  2.952382e+01   -7.471767e-23   1.227283e-02   4.209987e-23   17442548
  2.956632e+01   -1.681254e-22   1.226611e-02   4.165875e-23   17368556
  2.960883e+01   -1.394567e-22   1.227726e-02   4.122849e-23   17318260
  2.965135e+01   3.673209e-23   1.227176e-02   4.082677e-23   17243792
  2.969385e+01   -7.787810e-23   1.226620e-02   4.046023e-23   17169716
  2.973635e+01   -7.886899e-23   1.227104e-02   4.003466e-23   17109768
  2.977886e+01   -5.543516e-23   1.227205e-02   3.962515e-23   17044064
  2.982138e+01   -4.080819e-23   1.227557e-02   3.921938e-23   16981560
  2.986389e+01   -4.272229e-23   1.226672e-02   3.884046e-23   16902264
  2.990640e+01   7.772461e-23   1.227800e-02   3.844863e-23   16849940
  2.994892e+01   -4.918186e-23   1.226984e-02   3.806637e-23   16770600
  2.999143e+01   -6.586312e-24   1.227399e-02   3.772508e-23   16707512
  3.003394e+01   -6.879714e-23   1.227053e-02   3.732539e-23   16634480
  3.007645e+01   -5.653070e-23   1.227297e-02   3.700691e-23   16569424
  3.011897e+01   -9.602867e-25   1.227100e-02   3.664904e-23   16497216
  3.016149e+01   2.447894e-23   1.227800e-02   3.631170e-23   16436416
  3.020400e+01   2.440686e-23   1.226813e-02   3.596533e-23   16353532
  3.024650e+01   -5.913170e-23   1.226850e-02   3.561884e-23   16284908
  3.028900e+01   4.352885e-25   1.227370e-02   3.526902e-23   16221948
  3.033152e+01   -7.949683e-23   1.227445e-02   3.496499e-23   16152552
  3.037404e+01   4.248084e-23   1.227249e-02   3.466904e-23   16078864
  3.041655e+01   3.205699e-23   1.227014e-02   3.432405e-23   16005296
  3.045906e+01   -3.973366e-23   1.227320e-02   3.404524e-23   15938220
  3.050157e+01   -1.769212e-23   1.226736e-02   3.374616e-23   15858440
  3.054407e+01   -3.990165e-24   1.226949e-02   3.342178e-23   15789252
  3.058657e+01   6.334132e-23   1.227019e-02   3.313713e-23   15718944
  3.062908e+01   1.060390e-22   1.227179e-02   3.278847e-23   15648652
  3.067160e+01   -1.187124e-23   1.227680e-02   3.253785e-23   15581944
  3.071412e+01   -5.866844e-23   1.227604e-02   3.224381e-23   15508744
  3.075663e+01   -5.549264e-23   1.226574e-02   3.200603e-23   15422472
  3.079914e+01   2.453600e-23   1.227551e-02   3.169346e-23   15361536
  3.084165e+01   -2.820831e-23   1.226998e-02   3.146396e-23   15281048
  3.088415e+01   1.893662e-23   1.227023e-02   3.119329e-23   15207752
  3.092666e+01   -4.953722e-23   1.227075e-02   3.095552e-23   15134800
  3.096917e+01   -2.968500e-23   1.227038e-02   3.068152e-23   15059664
  3.101168e+01   -2.250338e-23   1.227242e-02   3.041169e-23   14987020
  3.105420e+01   -3.027260e-23   1.227903e-02   3.016232e-23   14919936
  3.109672e+01   -2.088036e-23   1.226792e-02   2.992831e-23   14831776
  3.113923e+01   -4.880764e-23   1.227679e-02   2.971812e-23   14767552
  3.118174e+01   -2.714610e-24   1.226524e-02   2.948844e-23   14678336
  3.122425e+01   -1.196072e-23   1.227632e-02   2.924362e-23   14615044
  3.126676e+01   1.999526e-23   1.226910e-02   2.902324e-23   14530200
  3.130927e+01   -3.768989e-23   1.227171e-02   2.878585e-23   14457000
  3.135178e+01   1.619828e-24   1.227423e-02   2.856438e-23   14383440
  3.139429e+01   -3.000424e-23   1.226801e-02   2.838667e-23   14299516
  3.143679e+01   -3.945080e-23   1.227160e-02   2.817613e-23   14226024
  3.147930e+01   -5.178855e-25   1.226889e-02   2.794338e-23   14145048
  3.152182e+01   -4.126522e-24   1.228178e-02   2.772098e-23   14082144
  3.156433e+01   -1.106902e-23   1.226157e-02   2.753617e-23   13981640
  3.160683e+01   7.983822e-23   1.227475e-02   2.732835e-23   13918460
  3.164935e+01   -7.125414e-23   1.227481e-02   2.714246e-23   13839752
  3.169188e+01   -4.269589e-23   1.227673e-02   2.695407e-23   13762736
  3.173439e+01   -6.058689e-24   1.227147e-02   2.675709e-23   13677980
  3.177690e+01   -2.150106e-23   1.226900e-02   2.656462e-23   13596196
  3.181940e+01   5.399304e-24   1.226988e-02   2.640718e-23   13517736
  3.186190e+01   -1.074654e-23   1.226579e-02   2.620757e-23   13433184
  3.190440e+01   -6.419700e-23   1.227449e-02   2.605949e-23   13362296
  3.194692e+01   -4.122314e-24   1.227398e-02   2.588473e-23   13281376
  3.198944e+01   -1.135703e-25   1.227645e-02   2.570976e-23   13203336
  3.203195e+01   -5.953220e-23   1.226687e-02   2.555343e-23   13113016
  3.207445e+01   2.073413e-23   1.227094e-02   2.538195e-23   13036400
  3.211696e+01   3.182879e-23   1.226987e-02   2.521246e-23   12953648
  3.215948e+01   -4.676994e-23   1.227674e-02   2.506282e-23   12879016
  3.220199e+01   6.573314e-24   1.227015e-02   2.491049e-23   12790124
  3.224451e+01   -2.152715e-23   1.227599e-02   2.475316e-23   12714152
  3.228701e+01   1.087603e-23   1.226430e-02   2.462601e-23   12619608
  3.232951e+01   -1.277651e-23   1.227473e-02   2.445735e-23   12547232
  3.237204e+01   2.013920e-23   1.228098e-02   2.433556e-23   12470568
  3.241455e+01   1.740681e-23   1.226086e-02   2.422992e-23   12368136
  3.245705e+01   -3.439461e-23   1.227647e-02   2.403898e-23   12300504
  3.249958e+01   3.870233e-23   1.227251e-02   2.393333e-23   12212172
  3.254209e+01   -2.188197e-23   1.227112e-02   2.380133e-23   12126228
  3.258459e+01   5.949058e-24   1.227235e-02   2.368193e-23   12043352
  3.262711e+01   -8.602310e-24   1.227321e-02   2.353546e-23   11959896
  3.266960e+01   -3.177335e-23   1.226107e-02   2.343338e-23   11863804
  3.271211e+01   1.376113e-23   1.227575e-02   2.328703e-23   11792812
  3.275463e+01   1.591256e-23   1.227439e-02   2.318425e-23   11705392
  3.279713e+01   -2.037248e-23   1.226794e-02   2.307574e-23   11613836
  3.283965e+01   -4.230931e-23   1.228215e-02   2.295083e-23   11541532
  3.288217e+01   1.519511e-23   1.226539e-02   2.284814e-23   11440232
  3.292468e+01   -4.341569e-23   1.227538e-02   2.274013e-23   11363008
  3.296718e+01   -1.632824e-23   1.226652e-02   2.262364e-23   11267848
  3.300970e+01   -2.647182e-23   1.227722e-02   2.252614e-23   11190640
  3.305222e+01   -1.279401e-23   1.227423e-02   2.245179e-23   11101084
  3.309472e+01   1.354507e-23   1.226241e-02   2.236316e-23   11003284
  3.313721e+01   -5.109942e-23   1.227344e-02   2.223780e-23   10925424
  3.317973e+01   8.133511e-24   1.227067e-02   2.214544e-23   10834724
  3.322224e+01   -3.121879e-23   1.227484e-02   2.204832e-23   10750156
  3.326475e+01   -1.966885e-23   1.226635e-02   2.197342e-23   10655280
  3.330725e+01   -8.716418e-23   1.226924e-02   2.187372e-23   10569120
  3.334975e+01   -6.160980e-25   1.226867e-02   2.179451e-23   10479672
  3.339228e+01   2.607844e-23   1.228611e-02   2.169535e-23   10404504
  3.343481e+01   -4.670843e-23   1.227382e-02   2.162166e-23   10304108
  3.347732e+01   -7.119760e-24   1.226797e-02   2.156733e-23   10209940
  3.351983e+01   9.650640e-25   1.227575e-02   2.149283e-23   10126584
  3.356234e+01   -3.438861e-24   1.226442e-02   2.140769e-23   10027064
  3.360484e+01   -6.745468e-23   1.227492e-02   2.130231e-23   9945072
  3.364734e+01   -4.334077e-23   1.226340e-02   2.122716e-23   9844764
  3.368986e+01   4.444503e-24   1.228362e-02   2.116480e-23   9769940
  3.373238e+01   -3.036922e-23   1.226688e-02   2.114780e-23   9666072
  3.377488e+01   -4.932610e-23   1.227051e-02   2.105385e-23   9577112
  3.381739e+01   -6.266781e-23   1.227148e-02   2.099657e-23   9485848
  3.385991e+01   -6.675930e-23   1.227527e-02   2.092593e-23   9396136
  3.390243e+01   -4.841398e-23   1.227579e-02   2.086833e-23   9304408
  3.394493e+01   -5.748387e-23   1.225842e-02   2.081111e-23   9199028
  3.398742e+01   -3.374003e-23   1.227468e-02   2.074563e-23   9118288
  3.402993e+01   -1.824481e-23   1.226747e-02   2.068675e-23   9019624
  3.407245e+01   -9.720828e-23   1.228368e-02   2.066632e-23   8937420
  3.411497e+01   -4.741100e-23   1.227061e-02   2.057025e-23   8835200
  3.415748e+01   -2.175165e-23   1.226739e-02   2.054420e-23   8739332
  3.419998e+01   -9.097462e-25   1.227099e-02   2.044773e-23   8648112
  3.424250e+01   1.399887e-24   1.227159e-02   2.043001e-23   8553372
  3.428501e+01   -5.280237e-23   1.227728e-02   2.037846e-23   8461944
  3.432753e+01   4.598946e-23   1.227227e-02   2.035713e-23   8363348
  3.437004e+01   2.276352e-24   1.227148e-02   2.028671e-23   8267792
  3.441254e+01   -6.738910e-24   1.226640e-02   2.020932e-23   8169380
  3.445505e+01   -3.650555e-23   1.227807e-02   2.018571e-23   8081008
  3.449756e+01   4.047332e-23   1.226310e-02   2.010876e-23   7975632
  3.454006e+01   1.045756e-23   1.227841e-02   2.011082e-23   7889116
  3.458257e+01   2.624634e-23   1.226405e-02   2.005244e-23   7784008
  3.462508e+01   4.063883e-23   1.227484e-02   1.997540e-23   7693848
  3.466759e+01   -1.538567e-23   1.226805e-02   1.992773e-23   7592468
  3.471010e+01   9.752904e-25   1.227572e-02   1.984235e-23   7499076
  3.475262e+01   2.011716e-23   1.227790e-02   1.980616e-23   7402880
  3.479514e+01   -1.152483e-23   1.227043e-02   1.976285e-23   7300768
  3.483765e+01   3.441349e-23   1.227061e-02   1.970700e-23   7203316
  3.488013e+01   -4.797443e-23   1.225476e-02   1.962679e-23   7095724
  3.492265e+01   -5.994247e-23   1.229466e-02   1.960639e-23   7019608
  3.496518e+01   -1.489735e-23   1.226138e-02   1.946459e-23   6901916
  3.500769e+01   -2.012593e-24   1.227882e-02   1.947113e-23   6812952
  3.505019e+01   2.109930e-23   1.226209e-02   1.933914e-23   6704548
  3.509270e+01   2.136395e-23   1.227587e-02   1.926668e-23   6612168
  3.513521e+01   -1.911203e-23   1.227039e-02   1.915987e-23   6508628
  3.517773e+01   -2.792461e-23   1.227711e-02   1.910822e-23   6412072
  3.522024e+01   -8.756286e-24   1.226747e-02   1.892446e-23   6306660
  3.526274e+01   -3.629404e-23   1.226997e-02   1.886693e-23   6207592
  3.530523e+01   -6.341494e-23   1.226489e-02   1.870674e-23   6103860
  3.534774e+01   -1.239795e-23   1.227430e-02   1.856024e-23   6007184
  3.539025e+01   -2.589161e-23   1.227513e-02   1.842754e-23   5905660
  3.543278e+01   -4.027933e-23   1.227664e-02   1.825624e-23   5805132
  3.547529e+01   -1.949580e-23   1.226925e-02   1.805667e-23   5700008
  3.551778e+01   -1.360465e-23   1.226294e-02   1.783800e-23   5594856
  3.556030e+01   1.711522e-23   1.228122e-02   1.762145e-23   5502341
  3.560283e+01   1.530800e-23   1.227277e-02   1.740999e-23   5404852
  3.564533e+01   9.124366e-24   1.226768e-02   1.726448e-23   5313930
  3.568784e+01   1.883067e-23   1.227261e-02   1.710579e-23   5230396
  3.573035e+01   -1.037276e-23   1.226815e-02   1.695278e-23   5145158
  3.577285e+01   -2.247094e-24   1.227058e-02   1.680033e-23   5064506
  3.581538e+01   -2.665258e-24   1.228142e-02   1.671308e-23   4989464
  3.585790e+01   9.470202e-24   1.226989e-02   1.655696e-23   4907486
  3.590041e+01   -2.999310e-23   1.226982e-02   1.644431e-23   4831952
  3.594292e+01   -6.365073e-24   1.226933e-02   1.629931e-23   4757392
  3.598543e+01   -1.331443e-23   1.227425e-02   1.623638e-23   4685902
  3.602794e+01   -3.705268e-23   1.227136e-02   1.611654e-23   4612826
  3.607044e+01   -1.157760e-23   1.227059e-02   1.601246e-23   4542436
  3.611296e+01   2.206160e-23   1.227508e-02   1.592312e-23   4475408
  3.615546e+01   -2.891279e-23   1.226173e-02   1.582985e-23   4402686
  3.619797e+01   2.744332e-24   1.227689e-02   1.572837e-23   4340854
  3.624049e+01   2.359637e-23   1.227466e-02   1.566701e-23   4273862
  3.628301e+01   -8.886871e-24   1.227237e-02   1.558247e-23   4208538
  3.632551e+01   -1.045523e-23   1.226532e-02   1.551330e-23   4142584
  3.636801e+01   1.229055e-23   1.226978e-02   1.539534e-23   4081232
  3.641052e+01   2.389993e-23   1.227225e-02   1.534329e-23   4019668
  3.645304e+01   -2.963354e-23   1.228203e-02   1.526682e-23   3961416
  3.649557e+01   -3.325999e-24   1.227387e-02   1.516104e-23   3898848
  3.653807e+01   -1.151471e-23   1.226366e-02   1.512297e-23   3836718
  3.658056e+01   -7.482253e-23   1.226607e-02   1.505304e-23   3779272
  3.662306e+01   -3.622733e-23   1.226675e-02   1.497937e-23   3721434
  3.666558e+01   -4.783090e-23   1.228126e-02   1.491723e-23   3668198
  3.670811e+01   -3.183989e-23   1.227910e-02   1.486612e-23   3611346
  3.675062e+01   -2.306285e-23   1.226582e-02   1.478516e-23   3552442
  3.679312e+01   -3.065704e-23   1.226935e-02   1.472973e-23   3498908
  3.683563e+01   1.021296e-24   1.227192e-02   1.466596e-23   3445382
  3.687814e+01   1.649199e-23   1.227356e-02   1.463094e-23   3392244
  3.692066e+01   2.474448e-23   1.227344e-02   1.458323e-23   3339634
  3.696317e+01   -2.740334e-23   1.226899e-02   1.452049e-23   3286752
  3.700566e+01   -1.681272e-23   1.226327e-02   1.443851e-23   3234180
  3.704816e+01   -3.503932e-23   1.226838e-02   1.439163e-23   3184556
  3.709068e+01   8.014451e-24   1.228145e-02   1.436798e-23   3137238
  3.713322e+01   -1.440890e-23   1.228151e-02   1.435165e-23   3087670
  3.717574e+01   1.488714e-24   1.227426e-02   1.427665e-23   3037460
  3.721824e+01   -2.652257e-23   1.225819e-02   1.425776e-23   2985736
  3.726072e+01   -5.401500e-24   1.226565e-02   1.420871e-23   2939708
  3.730324e+01   -1.409795e-23   1.228621e-02   1.418148e-23   2897012
  3.734577e+01   -1.314091e-23   1.227048e-02   1.413396e-23   2846890
  3.738827e+01   -2.774542e-23   1.226277e-02   1.408787e-23   2799588
  3.743076e+01   -2.279950e-23   1.226558e-02   1.409889e-23   2754954
  3.747326e+01   -2.140729e-23   1.227308e-02   1.405357e-23   2711500
  3.751579e+01   -1.381344e-23   1.228240e-02   1.404239e-23   2669006
  3.755830e+01   -2.282783e-23   1.226335e-02   1.401465e-23   2621264
  3.760081e+01   -1.358185e-23   1.227565e-02   1.402111e-23   2580726
  3.764332e+01   -2.458911e-23   1.226856e-02   1.394999e-23   2536470
  3.768582e+01   -1.565281e-23   1.226978e-02   1.392507e-23   2494370
  3.772834e+01   5.466124e-23   1.227534e-02   1.391880e-23   2453556
  3.777086e+01   -4.784215e-23   1.228047e-02   1.391394e-23   2413246
  3.781339e+01   -1.639234e-23   1.227197e-02   1.389888e-23   2370914
  3.785589e+01   -2.014743e-23   1.226887e-02   1.387728e-23   2330126
  3.789840e+01   -8.577013e-24   1.227428e-02   1.388019e-23   2291406
  3.794091e+01   2.393665e-23   1.226463e-02   1.385153e-23   2250410
  3.798340e+01   -2.099983e-24   1.226403e-02   1.387684e-23   2211486
  3.802590e+01   1.070405e-23   1.227094e-02   1.385727e-23   2174194
  3.806841e+01   -6.096765e-23   1.227271e-02   1.385072e-23   2136416
  3.811093e+01   -9.356724e-24   1.227972e-02   1.382090e-23   2100070
  3.815344e+01   -2.113695e-23   1.226224e-02   1.383480e-23   2060026
  3.819594e+01   2.089285e-23   1.227745e-02   1.385228e-23   2025910
  3.823846e+01   3.611849e-23   1.227012e-02   1.386162e-23   1988576
  3.828096e+01   1.000832e-23   1.226824e-02   1.385158e-23   1952610
  3.832347e+01   1.931612e-23   1.226944e-02   1.386414e-23   1917470
  3.836597e+01   4.599375e-24   1.226960e-02   1.386462e-23   1882484
  3.840848e+01   -1.625046e-24   1.227230e-02   1.386977e-23   1848262
  3.845101e+01   -3.151414e-23   1.228531e-02   1.388140e-23   1816024
  3.849355e+01   -7.581748e-24   1.227230e-02   1.387699e-23   1780418
  3.853605e+01   -4.401289e-23   1.226815e-02   1.390211e-23   1746576
  3.857856e+01   2.373250e-23   1.227451e-02   1.397931e-23   1714622
  3.862107e+01   -1.986795e-23   1.227068e-02   1.393798e-23   1681692
  3.866358e+01   -3.130491e-23   1.226987e-02   1.396691e-23   1649574
  3.870606e+01   -3.063649e-23   1.225405e-02   1.399716e-23   1615788
  3.874855e+01   -5.460174e-23   1.227462e-02   1.403020e-23   1587064
  3.879108e+01   -2.807903e-23   1.227930e-02   1.404796e-23   1556598
  3.883360e+01   -3.309820e-23   1.227389e-02   1.408563e-23   1525380
  3.887612e+01   -1.664760e-23   1.227468e-02   1.411214e-23   1495360
  3.891863e+01   1.676908e-24   1.226450e-02   1.416234e-23   1464370
  3.896112e+01   -2.554781e-23   1.227040e-02   1.418934e-23   1435656
  3.900363e+01   -2.910126e-23   1.226801e-02   1.423822e-23   1406304
  3.904613e+01   -2.395326e-23   1.226859e-02   1.430411e-23   1377628
  3.908864e+01   -3.855465e-23   1.227348e-02   1.431837e-23   1349744
  3.913115e+01   -1.546790e-23   1.227337e-02   1.435945e-23   1321682
  3.917367e+01   -3.479578e-23   1.227639e-02   1.440676e-23   1294376
  3.921619e+01   -2.685729e-24   1.227256e-02   1.448892e-23   1266768
  3.925869e+01   -1.358937e-23   1.226510e-02   1.453201e-23   1239172
  3.930118e+01   -1.595026e-23   1.226095e-02   1.457280e-23   1212224
  3.934367e+01   -6.964761e-24   1.226955e-02   1.466470e-23   1186796
  3.938619e+01   -3.227993e-23   1.227613e-02   1.469081e-23   1161432
  3.942870e+01   -1.420262e-23   1.227171e-02   1.477215e-23   1135408
  3.947122e+01   -2.180503e-23   1.227296e-02   1.488452e-23   1110324
  3.951374e+01   -1.161762e-25   1.227570e-02   1.491769e-23   1085680
  3.955625e+01   -5.417081e-23   1.226737e-02   1.499494e-23   1060364
  3.959875e+01   2.639592e-24   1.227507e-02   1.508487e-23   1036736
  3.964128e+01   -5.626555e-23   1.228225e-02   1.512935e-23   1013388
  3.968380e+01   -2.408688e-23   1.226708e-02   1.527112e-23   988656
  3.972630e+01   -8.414510e-24   1.226695e-02   1.531176e-23   965530
  3.976879e+01   1.334835e-23   1.225942e-02   1.540223e-23   942100
  3.981127e+01   -1.391600e-24   1.226457e-02   1.554264e-23   919888
  3.985377e+01   -1.960271e-23   1.226597e-02   1.565029e-23   897628
  3.989627e+01   6.160663e-26   1.227002e-02   1.574667e-23   875856
  3.993878e+01   -3.051901e-23   1.227840e-02   1.592490e-23   854736
  3.998132e+01   2.640641e-24   1.228018e-02   1.594453e-23   833510
  4.002385e+01   3.115130e-23   1.227248e-02   1.609639e-23   811976
  4.006635e+01   1.015537e-24   1.226626e-02   1.618681e-23   790844
  4.010884e+01   1.104267e-23   1.226521e-02   1.634434e-23   770320
  4.015135e+01   6.292464e-24   1.227665e-02   1.643155e-23   750838
  4.019387e+01   1.294391e-23   1.227491e-02   1.655778e-23   730864
  4.023638e+01   3.396158e-23   1.226816e-02   1.670918e-23   710984
  4.027888e+01   -6.352946e-24   1.226909e-02   1.685443e-23   691894
  4.032138e+01   -1.279038e-23   1.226442e-02   1.708231e-23   672776
  4.036388e+01   3.074197e-23   1.226826e-02   1.721089e-23   654372
  4.040638e+01   1.839753e-23   1.226215e-02   1.739386e-23   635682
  4.044886e+01   2.832388e-23   1.225955e-02   1.759800e-23   617460
  4.049134e+01   1.182145e-23   1.226707e-02   1.775115e-23   600024
  4.053385e+01   3.197000e-24   1.227362e-02   1.787784e-23   582830
  4.057638e+01   6.275963e-24   1.228135e-02   1.808371e-23   566000
  4.061890e+01   2.018470e-23   1.226617e-02   1.836491e-23   548458
  4.066141e+01   -3.453457e-23   1.227047e-02   1.854048e-23   532084
  4.070391e+01   -1.828838e-23   1.226296e-02   1.870743e-23   515440
  4.074640e+01   -5.736776e-23   1.225813e-02   1.892044e-23   499174
  4.078887e+01   -3.583732e-24   1.225821e-02   1.920629e-23   483368
  4.083136e+01   -2.320305e-23   1.227023e-02   1.940992e-23   468270
  4.087389e+01   4.333437e-23   1.228696e-02   1.965464e-23   453568
  4.091643e+01   -5.031364e-23   1.227409e-02   2.002632e-23   438106
  4.095894e+01   9.650796e-24   1.227469e-02   2.021396e-23   423508
  4.100145e+01   1.301649e-23   1.226141e-02   2.049399e-23   408754
  4.104393e+01   -4.754783e-24   1.225820e-02   2.084425e-23   394612
  4.108642e+01   9.879083e-24   1.225930e-02   2.123698e-23   380826
  4.112890e+01   -5.039640e-23   1.225454e-02   2.151365e-23   367086
  4.117139e+01   -4.374023e-23   1.226090e-02   2.177848e-23   353904
  4.121389e+01   6.891735e-25   1.227137e-02   2.210459e-23   341046
  4.125641e+01   -3.716624e-24   1.227131e-02   2.248580e-23   328144
  4.129892e+01   -4.886887e-23   1.227396e-02   2.291964e-23   315598
  4.134144e+01   5.582930e-24   1.228177e-02   2.326370e-23   303466
  4.138397e+01   -5.364936e-25   1.228223e-02   2.367969e-23   291456
  4.142650e+01   2.360416e-23   1.227604e-02   2.409490e-23   279614
  4.146899e+01   -1.987322e-23   1.225106e-02   2.458839e-23   267680
  4.151144e+01   3.321242e-23   1.224457e-02   2.509358e-23   256438
  4.155391e+01   -1.490272e-23   1.224802e-02   2.563637e-23   245618
  4.159638e+01   -2.370502e-23   1.223546e-02   2.611452e-23   234708
  4.163882e+01   -5.152269e-23   1.223171e-02   2.673700e-23   224210
  4.168126e+01   8.520913e-24   1.223403e-02   2.731495e-23   214046
  4.172371e+01   2.910817e-23   1.223949e-02   2.781796e-23   204152
  4.176619e+01   -1.497208e-23   1.225107e-02   2.832244e-23   194558
  4.180866e+01   -7.043923e-23   1.225135e-02   2.928630e-23   185018
  4.185115e+01   -4.694677e-23   1.226437e-02   3.006820e-23   175918
  4.189365e+01   -3.962314e-24   1.227339e-02   3.076371e-23   166992
  4.193617e+01   2.045973e-23   1.228038e-02   3.122596e-23   158294
  4.197870e+01   7.083101e-23   1.228439e-02   3.233124e-23   149842
  4.202124e+01   -9.950093e-23   1.227461e-02   3.316622e-23   141530
  4.206372e+01   -3.555301e-23   1.224204e-02   3.412655e-23   133284
  4.210617e+01   -8.438980e-23   1.222942e-02   3.487906e-23   125546
  4.214861e+01   -7.880798e-23   1.220458e-02   3.618585e-23   117950
  4.219103e+01   4.931795e-23   1.219441e-02   3.747828e-23   110746
  4.223344e+01   -5.553248e-23   1.215920e-02   3.880365e-23   103572
  4.227581e+01   -2.828484e-23   1.214429e-02   4.049217e-23   96818
  4.231818e+01   -7.522848e-23   1.212533e-02   4.117828e-23   90262
  4.236054e+01   -3.526411e-23   1.210927e-02   4.318237e-23   83970
  4.240287e+01   -6.452741e-23   1.207941e-02   4.430883e-23   77846
  4.244517e+01   -2.210198e-23   1.204821e-02   4.634767e-23   71984
  4.248745e+01   -5.306443e-23   1.202292e-02   4.843804e-23   66398
  4.252973e+01   1.667737e-23   1.200147e-02   4.973180e-23   61058
  4.257200e+01   -1.525812e-22   1.198286e-02   5.243914e-23   55958
  4.261428e+01   -4.483509e-23   1.196279e-02   5.468007e-23   51082
  4.265654e+01   2.594160e-23   1.192707e-02   5.811501e-23   46398
  4.269877e+01   -7.942251e-23   1.188372e-02   6.012687e-23   41954
  4.274096e+01   1.471323e-22   1.182018e-02   6.536840e-23   37718
  4.278311e+01   2.450409e-22   1.175253e-02   6.807845e-23   33736
  4.282524e+01   1.444682e-22   1.169132e-02   7.155845e-23   30006
  4.286737e+01   1.675171e-22   1.164907e-02   7.713877e-23   26522
  4.290955e+01   5.178781e-23   1.162191e-02   8.170302e-23   23254
  4.295172e+01   7.151502e-23   1.158330e-02   8.913938e-23   20178
  4.299391e+01   -2.719262e-22   1.156315e-02   9.481187e-23   17342
  4.303612e+01   7.508480e-23   1.154632e-02   1.048526e-22   14714
  4.307837e+01   -5.241502e-23   1.155162e-02   1.146993e-22   12310
  4.312059e+01   -1.294869e-22   1.152174e-02   1.268880e-22   10098
  4.316283e+01   2.734086e-22   1.151731e-02   1.409271e-22   8126
  4.320507e+01   -1.566840e-22   1.151119e-02   1.557206e-22   6362
  4.324736e+01   -3.062994e-22   1.155455e-02   1.838983e-22   4822
  4.328956e+01   3.701230e-22   1.148980e-02   2.124332e-22   3474
  4.333169e+01   -2.118122e-22   1.147690e-02   2.656380e-22   2366
  4.337376e+01   -2.202248e-22   1.144014e-02   3.414682e-22   1466
  4.341590e+01   -2.562394e-23   1.170054e-02   4.509677e-22   790
  4.345704e+01   4.844484e-22   1.106884e-02   8.173836e-22   306
  4.349554e+01   1.363086e-21   9.430857e-03   1.316183e-21   62
