# cross spectrum of phi(z1) and phi(z2)
# redshift z=0.298315
# k              Pk             sigma(k)       sigma(Pk)      count
  3.132125e-02   6.162288e-11   4.792454e-03   1.696984e-11   18
  6.745391e-02   2.827161e-11   1.159167e-02   2.830501e-12   152
  1.090113e-01   9.831089e-12   1.224347e-02   4.901832e-13   416
  1.497134e-01   4.377026e-12   1.165022e-02   1.753040e-13   770
  1.923472e-01   2.270643e-12   1.247860e-02   6.754080e-14   1364
  2.350444e-01   1.295093e-12   1.221820e-02   3.135625e-14   1976
  2.775930e-01   8.058435e-13   1.245022e-02   1.729481e-14   2792
  3.193857e-01   5.515866e-13   1.188722e-02   1.024497e-14   3578
  3.615292e-01   3.683565e-13   1.219808e-02   6.449698e-15   4724
  4.045273e-01   2.609211e-13   1.253838e-02   4.142054e-15   6032
  4.469941e-01   1.812694e-13   1.206640e-02   2.880596e-15   7072
  4.890810e-01   1.412077e-13   1.222555e-02   2.127083e-15   8634
  5.318886e-01   1.066575e-13   1.238102e-02   1.536929e-15   10336
  5.746708e-01   7.717039e-14   1.232804e-02   1.136417e-15   11940
  6.167490e-01   5.816812e-14   1.208586e-02   9.050232e-16   13490
  6.588740e-01   4.531654e-14   1.221778e-02   7.285421e-16   15656
  7.016595e-01   3.650911e-14   1.241043e-02   5.673710e-16   18008
  7.443680e-01   2.807776e-14   1.227786e-02   4.639734e-16   19964
  7.867827e-01   2.121281e-14   1.226437e-02   3.737122e-16   22354
  8.291404e-01   1.686415e-14   1.212327e-02   3.203142e-16   24648
  8.716536e-01   1.280737e-14   1.233244e-02   2.691315e-16   27592
  9.142068e-01   9.671902e-15   1.230127e-02   2.287368e-16   30152
  9.566749e-01   7.547214e-15   1.227622e-02   1.977800e-16   33046
  9.991233e-01   5.210011e-15   1.221538e-02   1.711148e-16   35992
  1.041693e+00   4.180550e-15   1.229906e-02   1.500461e-16   39304
  1.084289e+00   3.078711e-15   1.232858e-02   1.294676e-16   42608
  1.126820e+00   2.454466e-15   1.223307e-02   1.172352e-16   45758
  1.169340e+00   2.010537e-15   1.228914e-02   1.019376e-16   49536
  1.211695e+00   1.359815e-15   1.215683e-02   9.124261e-17   52488
  1.254054e+00   1.029147e-15   1.233851e-02   8.092979e-17   57034
  1.296605e+00   7.264917e-16   1.224458e-02   7.395114e-17   60648
  1.339187e+00   5.442199e-16   1.230532e-02   6.610491e-17   65044
  1.381689e+00   4.692825e-16   1.223104e-02   6.063740e-17   68720
  1.424202e+00   2.299460e-16   1.231312e-02   5.460554e-17   73538
  1.466870e+00   2.296896e-16   1.230776e-02   4.929977e-17   78080
  1.509304e+00   1.109244e-16   1.215944e-02   4.527643e-17   81572
  1.551677e+00   1.758746e-16   1.232495e-02   4.127340e-17   87248
  1.594353e+00   1.996088e-17   1.233837e-02   3.803236e-17   92266
  1.636929e+00   8.315579e-17   1.225268e-02   3.453642e-17   96696
  1.679216e+00   4.004251e-17   1.215041e-02   3.193473e-17   100904
  1.721516e+00   6.343294e-17   1.226207e-02   2.945835e-17   107036
  1.764192e+00   9.974208e-18   1.235795e-02   2.696164e-17   113362
  1.806923e+00   -5.179997e-17   1.228837e-02   2.507980e-17   118176
  1.849351e+00   -1.350326e-17   1.221864e-02   2.333900e-17   122944
  1.891857e+00   -1.607579e-17   1.233203e-02   2.165549e-17   129902
  1.934420e+00   2.606095e-17   1.224691e-02   2.026299e-17   134944
  1.976863e+00   -3.118654e-18   1.225992e-02   1.877392e-17   140952
  2.019285e+00   -2.028797e-17   1.225865e-02   1.739735e-17   147072
  2.061737e+00   -2.739201e-17   1.224320e-02   1.630129e-17   153382
  2.104357e+00   -1.282886e-17   1.233049e-02   1.511140e-17   160952
  2.147003e+00   -2.842698e-17   1.228118e-02   1.424442e-17   166640
  2.189431e+00   -9.518651e-18   1.222861e-02   1.316342e-17   172448
  2.231915e+00   3.170721e-17   1.231031e-02   1.239922e-17   180594
  2.274471e+00   1.242668e-17   1.224284e-02   1.166248e-17   186556
  2.316888e+00   -6.940053e-18   1.225358e-02   1.085554e-17   193528
  2.359297e+00   -2.182097e-18   1.224273e-02   1.021444e-17   200626
  2.401844e+00   -2.421929e-18   1.230642e-02   9.630271e-18   209256
  2.444460e+00   -6.535759e-18   1.227865e-02   9.068913e-18   216020
  2.487004e+00   1.294240e-17   1.230299e-02   8.601093e-18   223768
  2.529444e+00   -8.906652e-18   1.222313e-02   8.109589e-18   230234
  2.571955e+00   1.757451e-18   1.229969e-02   7.614726e-18   239800
  2.614499e+00   -1.858340e-17   1.225221e-02   7.238532e-18   246568
  2.656957e+00   -6.690876e-18   1.227331e-02   6.858443e-18   254828
  2.699414e+00   -9.671660e-18   1.225769e-02   6.490454e-18   263074
  2.741981e+00   -6.393889e-18   1.228604e-02   6.089067e-18   272312
  2.784554e+00   -2.684184e-18   1.228079e-02   5.796796e-18   280376
  2.827093e+00   -2.020535e-17   1.228600e-02   5.517763e-18   288884
  2.869605e+00   -3.143505e-18   1.227401e-02   5.208624e-18   297602
  2.912071e+00   4.952578e-18   1.223046e-02   4.978714e-18   305520
  2.954561e+00   -4.867481e-18   1.230079e-02   4.677615e-18   315976
  2.996984e+00   -1.531347e-17   1.221089e-02   4.481794e-18   322778
  3.039488e+00   -1.391744e-17   1.232008e-02   4.243856e-18   335372
  3.082114e+00   -1.003247e-17   1.227327e-02   4.051075e-18   343464
  3.124654e+00   2.063082e-18   1.228282e-02   3.834731e-18   352912
  3.167174e+00   -9.095244e-18   1.228199e-02   3.665102e-18   362666
  3.209689e+00   -4.327972e-18   1.225476e-02   3.493269e-18   371884
  3.252186e+00   -8.739548e-18   1.227971e-02   3.345458e-18   382280
  3.294633e+00   -9.444754e-18   1.224302e-02   3.185876e-18   390888
  3.337059e+00   -1.713750e-18   1.226867e-02   3.032242e-18   402234
  3.379565e+00   -7.403198e-18   1.225933e-02   2.913773e-18   412576
  3.422105e+00   -2.791011e-18   1.228715e-02   2.762799e-18   423732
  3.464636e+00   -1.064155e-18   1.227257e-02   2.653529e-18   433624
  3.507180e+00   -1.636761e-18   1.228881e-02   2.537451e-18   445154
  3.549739e+00   -9.623555e-18   1.227656e-02   2.421664e-18   455584
  3.592238e+00   -7.472890e-18   1.225887e-02   2.316824e-18   465588
  3.634685e+00   8.543073e-19   1.226065e-02   2.219344e-18   476762
  3.677219e+00   2.635163e-18   1.229242e-02   2.127192e-18   489552
  3.719789e+00   -8.864262e-19   1.227853e-02   2.038143e-18   500328
  3.762251e+00   -4.984990e-19   1.223705e-02   1.953950e-18   509852
  3.804741e+00   -2.105330e-19   1.229735e-02   1.870415e-18   524234
  3.847275e+00   -3.486168e-19   1.224781e-02   1.798225e-18   534104
  3.889779e+00   -9.846764e-20   1.228211e-02   1.732003e-18   547048
  3.932320e+00   6.444358e-18   1.229545e-02   1.660030e-18   559328
  3.974872e+00   5.318570e-19   1.228346e-02   1.593776e-18   571326
  4.017355e+00   -1.441232e-18   1.224147e-02   1.529602e-18   581920
  4.059804e+00   1.283490e-18   1.225835e-02   1.470777e-18   594832
  4.102282e+00   1.793698e-18   1.227222e-02   1.413883e-18   608048
  4.144825e+00   4.294517e-19   1.228101e-02   1.356825e-18   621526
  4.187356e+00   3.435755e-18   1.226445e-02   1.302749e-18   633240
  4.229822e+00   2.157575e-18   1.225981e-02   1.255286e-18   645472
  4.272346e+00   4.071152e-18   1.230137e-02   1.208068e-18   660906
  4.314903e+00   -4.373282e-19   1.227030e-02   1.163799e-18   672856
  4.357425e+00   3.912972e-18   1.226838e-02   1.122411e-18   685980
  4.399921e+00   1.888591e-18   1.227191e-02   1.079555e-18   699256
  4.442476e+00   2.003902e-18   1.229990e-02   1.036057e-18   714730
  4.484986e+00   5.126275e-18   1.223739e-02   1.002774e-18   725152
  4.527452e+00   4.785530e-19   1.227054e-02   9.673994e-19   740420
  4.569941e+00   3.138820e-18   1.227636e-02   9.359917e-19   754312
  4.612456e+00   2.840702e-18   1.227959e-02   8.998881e-19   769114
  4.654996e+00   3.919881e-18   1.227684e-02   8.692249e-19   783488
  4.697459e+00   2.381589e-18   1.223560e-02   8.385130e-19   794968
  4.739925e+00   3.427998e-18   1.228043e-02   8.080944e-19   812366
  4.782438e+00   1.970507e-18   1.226054e-02   7.806779e-19   825976
  4.825000e+00   2.568200e-18   1.230088e-02   7.534941e-19   843352
  4.867591e+00   4.554414e-18   1.229290e-02   7.282765e-19   857280
  4.910094e+00   3.442304e-18   1.225276e-02   7.045841e-19   869542
  4.952587e+00   3.528696e-18   1.228301e-02   6.809631e-19   887128
  4.995087e+00   3.369366e-18   1.225266e-02   6.566002e-19   900032
  5.037553e+00   2.651311e-18   1.226951e-02   6.364134e-19   916560
  5.080018e+00   1.421069e-18   1.224713e-02   6.156913e-19   930922
  5.122540e+00   3.349833e-18   1.228718e-02   5.953240e-19   949844
  5.165149e+00   1.656749e-18   1.230776e-02   5.751734e-19   966736
  5.207698e+00   3.692395e-18   1.226328e-02   5.556321e-19   978776
  5.250149e+00   3.110342e-18   1.225655e-02   5.385077e-19   994522
  5.292642e+00   1.598479e-18   1.227563e-02   5.210813e-19   1012420
  5.335176e+00   9.494525e-19   1.228639e-02   5.045837e-19   1029408
  5.377640e+00   1.308224e-18   1.223362e-02   4.898983e-19   1041658
  5.420127e+00   8.149309e-19   1.228953e-02   4.718881e-19   1063520
  5.462635e+00   2.212016e-18   1.224276e-02   4.585004e-19   1075808
  5.505175e+00   4.528163e-19   1.232008e-02   4.418504e-19   1098956
  5.547712e+00   7.626711e-19   1.224668e-02   4.304914e-19   1109810
  5.590179e+00   4.588519e-19   1.226115e-02   4.172377e-19   1128608
  5.632713e+00   6.815865e-19   1.229436e-02   4.050234e-19   1148264
  5.675250e+00   6.842449e-19   1.227167e-02   3.917476e-19   1163252
  5.717744e+00   8.086019e-19   1.226828e-02   3.804228e-19   1181042
  5.760239e+00   6.385331e-19   1.225730e-02   3.698067e-19   1197848
  5.802769e+00   1.066047e-18   1.229495e-02   3.577036e-19   1218848
  5.845291e+00   5.882610e-20   1.225944e-02   3.472441e-19   1232916
  5.887780e+00   7.547657e-19   1.227538e-02   3.365555e-19   1253002
  5.930266e+00   1.416781e-19   1.224914e-02   3.268858e-19   1268576
  5.972763e+00   8.004347e-19   1.228621e-02   3.170868e-19   1290128
  6.015287e+00   8.500398e-19   1.227337e-02   3.078876e-19   1307402
  6.057820e+00   1.157087e-18   1.227649e-02   2.994767e-19   1327028
  6.100333e+00   -5.808850e-20   1.225988e-02   2.906867e-19   1343648
  6.142842e+00   5.915784e-19   1.228087e-02   2.816307e-19   1364096
  6.185363e+00   8.169972e-19   1.227580e-02   2.742085e-19   1382730
  6.227896e+00   4.357998e-19   1.227503e-02   2.660166e-19   1402164
  6.270416e+00   1.817291e-19   1.227264e-02   2.591587e-19   1420464
  6.312883e+00   9.907587e-19   1.225519e-02   2.511784e-19   1437368
  6.355387e+00   5.500764e-19   1.228857e-02   2.441749e-19   1461530
  6.397919e+00   3.361780e-19   1.226028e-02   2.375522e-19   1478264
  6.440432e+00   3.186563e-19   1.227561e-02   2.307413e-19   1499356
  6.482926e+00   4.704852e-19   1.226095e-02   2.249207e-19   1517016
  6.525439e+00   3.124271e-19   1.228340e-02   2.183578e-19   1540090
  6.567953e+00   -2.536467e-19   1.226146e-02   2.127012e-19   1557360
  6.610434e+00   4.984352e-19   1.226770e-02   2.072352e-19   1577780
  6.652969e+00   1.788748e-19   1.230043e-02   2.010185e-19   1602578
  6.695499e+00   4.021591e-19   1.225417e-02   1.957331e-19   1617672
  6.737992e+00   9.331003e-21   1.227613e-02   1.904082e-19   1641016
  6.780486e+00   8.366120e-20   1.226032e-02   1.857216e-19   1659416
  6.822983e+00   7.208815e-19   1.227372e-02   1.802553e-19   1682670
  6.865529e+00   3.997124e-20   1.228276e-02   1.753970e-19   1705256
  6.908096e+00   4.520670e-20   1.228756e-02   1.708590e-19   1726312
  6.950582e+00   2.657493e-19   1.225056e-02   1.667405e-19   1741880
  6.993044e+00   1.876480e-19   1.226862e-02   1.622749e-19   1766454
  7.035588e+00   3.742608e-19   1.229242e-02   1.576337e-19   1791784
  7.078111e+00   -2.112410e-20   1.225558e-02   1.537264e-19   1807712
  7.120554e+00   2.034730e-19   1.225110e-02   1.499250e-19   1829002
  7.163037e+00   3.250048e-19   1.226905e-02   1.457682e-19   1854216
  7.205602e+00   -1.692875e-20   1.229852e-02   1.419500e-19   1880156
  7.248150e+00   -5.192404e-20   1.227340e-02   1.385355e-19   1897568
  7.290651e+00   2.535247e-19   1.227390e-02   1.349802e-19   1920458
  7.333153e+00   1.318817e-19   1.226399e-02   1.315772e-19   1942208
  7.375659e+00   1.839230e-19   1.227125e-02   1.285256e-19   1965612
  7.418175e+00   2.619270e-20   1.227855e-02   1.251163e-19   1989000
  7.460671e+00   -1.876195e-19   1.225786e-02   1.221174e-19   2009114
  7.503166e+00   -4.270079e-20   1.226960e-02   1.189053e-19   2034464
  7.545695e+00   1.962199e-19   1.228070e-02   1.159749e-19   2058476
  7.588207e+00   4.213061e-19   1.227216e-02   1.130684e-19   2079648
  7.630693e+00   4.995464e-20   1.226356e-02   1.103174e-19   2102578
  7.673222e+00   1.246509e-19   1.228297e-02   1.075499e-19   2129928
  7.715766e+00   2.349624e-19   1.227893e-02   1.048438e-19   2152096
  7.758252e+00   1.916357e-19   1.225143e-02   1.024173e-19   2171142
  7.800741e+00   1.999402e-19   1.227660e-02   9.984727e-20   2200248
  7.843296e+00   3.046259e-19   1.228407e-02   9.731379e-20   2225216
  7.885842e+00   1.205823e-19   1.228377e-02   9.523657e-20   2248448
  7.928336e+00   9.098104e-20   1.225709e-02   9.282097e-20   2267942
  7.970840e+00   1.001854e-19   1.228420e-02   9.061623e-20   2298072
  8.013348e+00   3.630549e-19   1.225627e-02   8.846842e-20   2317272
  8.055842e+00   2.415090e-19   1.227899e-02   8.648866e-20   2345808
  8.098322e+00   2.213309e-19   1.224988e-02   8.441003e-20   2365650
  8.140823e+00   3.381855e-19   1.227972e-02   8.214584e-20   2396940
  8.183368e+00   1.765731e-19   1.227975e-02   8.055751e-20   2421272
  8.225892e+00   2.315558e-19   1.227360e-02   7.851268e-20   2444576
  8.268407e+00   7.471963e-20   1.227899e-02   7.669705e-20   2471490
  8.310912e+00   9.094909e-20   1.225942e-02   7.501886e-20   2493180
  8.353397e+00   1.286074e-19   1.227208e-02   7.305315e-20   2520952
  8.395888e+00   1.587741e-19   1.226128e-02   7.155850e-20   2544946
  8.438392e+00   2.582228e-19   1.227324e-02   6.990846e-20   2573856
  8.480922e+00   6.971247e-20   1.227611e-02   6.838160e-20   2600016
  8.523447e+00   1.512122e-19   1.227641e-02   6.665258e-20   2625484
  8.565959e+00   2.173006e-19   1.227232e-02   6.520962e-20   2651122
  8.608519e+00   2.074830e-20   1.229739e-02   6.369362e-20   2683488
  8.651014e+00   1.054060e-19   1.223786e-02   6.229467e-20   2696352
  8.693483e+00   1.183874e-19   1.228468e-02   6.079219e-20   2733020
  8.736008e+00   4.621424e-20   1.227012e-02   5.948353e-20   2757378
  8.778525e+00   -8.630674e-21   1.227177e-02   5.813714e-20   2784864
  8.821036e+00   9.664596e-20   1.227124e-02   5.691487e-20   2811168
  8.863496e+00   4.909200e-20   1.224424e-02   5.560149e-20   2832274
  8.906020e+00   1.134839e-19   1.230244e-02   5.434142e-20   2873636
  8.948567e+00   7.375953e-20   1.225951e-02   5.318925e-20   2890496
  8.991066e+00   1.125628e-19   1.227940e-02   5.205273e-20   2921800
  9.033598e+00   -3.650791e-20   1.228441e-02   5.089693e-20   2951298
  9.076126e+00   1.158251e-19   1.226510e-02   4.978964e-20   2975476
  9.118654e+00   1.068437e-19   1.228550e-02   4.867553e-20   3007728
  9.161142e+00   8.705779e-20   1.224754e-02   4.773660e-20   3025776
  9.203640e+00   6.123455e-20   1.229182e-02   4.651700e-20   3065762
  9.246160e+00   5.763019e-20   1.225283e-02   4.564711e-20   3084856
  9.288649e+00   5.199340e-20   1.227594e-02   4.465965e-20   3118044
  9.331129e+00   5.832582e-20   1.225728e-02   4.357989e-20   3141352
  9.373640e+00   -3.983878e-20   1.228814e-02   4.266748e-20   3179274
  9.416185e+00   -5.880478e-20   1.227073e-02   4.184414e-20   3204120
  9.458671e+00   -4.140329e-20   1.225444e-02   4.096904e-20   3227900
  9.501151e+00   -2.129271e-20   1.227489e-02   3.999928e-20   3262394
  9.543701e+00   -9.602841e-22   1.228726e-02   3.919034e-20   3295680
  9.586236e+00   -9.868982e-21   1.226866e-02   3.832372e-20   3319560
  9.628737e+00   -3.152867e-20   1.227228e-02   3.757979e-20   3348972
  9.671240e+00   -7.045829e-20   1.227416e-02   3.684824e-20   3379722
  9.713763e+00   -8.011306e-20   1.227339e-02   3.609208e-20   3410720
  9.756299e+00   2.665599e-20   1.227807e-02   3.525978e-20   3441504
  9.798787e+00   -5.923240e-20   1.225320e-02   3.456929e-20   3463624
  9.841266e+00   -7.101766e-21   1.227217e-02   3.384650e-20   3499790
  9.883803e+00   -4.017465e-20   1.228281e-02   3.313758e-20   3533560
  9.926350e+00   1.288120e-20   1.227932e-02   3.244363e-20   3561920
  9.968836e+00   -8.842542e-20   1.225683e-02   3.182139e-20   3585208
  1.001132e+01   -7.174517e-20   1.227674e-02   3.118558e-20   3622518
  1.005387e+01   -1.224770e-19   1.228938e-02   3.048642e-20   3657584
  1.009637e+01   -1.694888e-20   1.225003e-02   2.992067e-20   3676440
  1.013883e+01   -9.676546e-21   1.226093e-02   2.926033e-20   3711282
  1.018134e+01   -7.347066e-20   1.227505e-02   2.863872e-20   3747696
  1.022386e+01   -9.177655e-20   1.226890e-02   2.810790e-20   3776188
  1.026640e+01   -2.684560e-20   1.229793e-02   2.751872e-20   3815304
  1.030893e+01   1.737015e-20   1.225864e-02   2.697148e-20   3835370
  1.035143e+01   -6.398290e-21   1.227570e-02   2.642764e-20   3873424
  1.039395e+01   -1.081724e-19   1.227191e-02   2.590194e-20   3903420
  1.043647e+01   3.752915e-20   1.228014e-02   2.539333e-20   3937624
  1.047898e+01   -3.778621e-20   1.226404e-02   2.486850e-20   3965658
  1.052150e+01   6.673780e-21   1.227921e-02   2.439800e-20   4002984
  1.056400e+01   3.050706e-20   1.226054e-02   2.393578e-20   4027928
  1.060647e+01   -4.541842e-20   1.225976e-02   2.344108e-20   4059844
  1.064896e+01   1.156596e-20   1.227978e-02   2.296061e-20   4100338
  1.069151e+01   -1.648555e-20   1.227651e-02   2.251758e-20   4132264
  1.073403e+01   -4.916255e-20   1.227390e-02   2.210335e-20   4163216
  1.077652e+01   -2.484317e-20   1.226459e-02   2.166190e-20   4193350
  1.081904e+01   -4.170827e-20   1.228427e-02   2.122762e-20   4234456
  1.086156e+01   -9.371721e-20   1.225632e-02   2.082468e-20   4257264
  1.090405e+01   -2.381268e-20   1.227910e-02   2.041358e-20   4297352
  1.094656e+01   -5.786294e-20   1.226998e-02   2.003026e-20   4328642
  1.098909e+01   -2.171525e-20   1.228265e-02   1.963021e-20   4367948
  1.103158e+01   -1.850107e-20   1.224720e-02   1.927195e-20   4388384
  1.107408e+01   3.702740e-20   1.228899e-02   1.887751e-20   4436648
  1.111661e+01   1.413913e-20   1.227199e-02   1.853299e-20   4465658
  1.115915e+01   -7.286858e-21   1.227871e-02   1.816095e-20   4502948
  1.120165e+01   -1.337429e-20   1.225915e-02   1.782223e-20   4528880
  1.124413e+01   -5.291382e-21   1.226872e-02   1.749720e-20   4566290
  1.128665e+01   7.311344e-21   1.228262e-02   1.714900e-20   4606856
  1.132917e+01   1.380643e-21   1.226621e-02   1.683739e-20   4635380
  1.137166e+01   4.874247e-20   1.226853e-02   1.651275e-20   4670384
  1.141417e+01   1.845313e-20   1.227665e-02   1.621828e-20   4709258
  1.145672e+01   4.022672e-22   1.228130e-02   1.590089e-20   4747352
  1.149922e+01   -8.062132e-21   1.225462e-02   1.562287e-20   4771664
  1.154171e+01   1.367589e-20   1.227440e-02   1.533785e-20   4813532
  1.158423e+01   2.573531e-20   1.228175e-02   1.504480e-20   4852322
  1.162677e+01   3.584617e-20   1.227605e-02   1.475145e-20   4886480
  1.166928e+01   1.076490e-20   1.226516e-02   1.450027e-20   4917248
  1.171175e+01   9.346923e-21   1.226039e-02   1.422830e-20   4950828
  1.175428e+01   4.355194e-20   1.229115e-02   1.392880e-20   5000170
  1.179682e+01   1.755943e-20   1.226743e-02   1.367382e-20   5026952
  1.183930e+01   7.550578e-21   1.225870e-02   1.343748e-20   5058752
  1.188178e+01   5.911968e-21   1.227096e-02   1.318455e-20   5100722
  1.192431e+01   2.545608e-20   1.227592e-02   1.295242e-20   5140124
  1.196682e+01   -1.507849e-20   1.227175e-02   1.271990e-20   5174072
  1.200934e+01   1.830263e-20   1.227571e-02   1.247869e-20   5211608
  1.205185e+01   1.833980e-20   1.227167e-02   1.225676e-20   5247794
  1.209436e+01   2.548937e-20   1.226763e-02   1.203994e-20   5284196
  1.213689e+01   3.865641e-20   1.228663e-02   1.179811e-20   5328800
  1.217939e+01   3.338104e-20   1.225244e-02   1.161694e-20   5350872
  1.222188e+01   2.866981e-20   1.227843e-02   1.139191e-20   5400634
  1.226439e+01   3.834736e-20   1.226116e-02   1.120694e-20   5430968
  1.230690e+01   5.345231e-21   1.228074e-02   1.098914e-20   5475908
  1.234942e+01   1.465134e-20   1.227341e-02   1.080300e-20   5510016
  1.239194e+01   1.138393e-20   1.227878e-02   1.060282e-20   5552114
  1.243448e+01   2.396225e-20   1.227536e-02   1.041093e-20   5588944
  1.247700e+01   7.074851e-21   1.227081e-02   1.021801e-20   5623828
  1.251949e+01   1.556266e-20   1.226652e-02   1.004893e-20   5660722
  1.256199e+01   6.337554e-21   1.226569e-02   9.868792e-21   5699896
  1.260450e+01   1.106740e-21   1.227587e-02   9.698517e-21   5741936
  1.264701e+01   -1.680324e-20   1.227604e-02   9.518598e-21   5779568
  1.268952e+01   1.741837e-20   1.227056e-02   9.349554e-21   5817222
  1.273202e+01   4.377232e-21   1.226405e-02   9.192347e-21   5854600
  1.277454e+01   1.466580e-20   1.227916e-02   9.013806e-21   5900040
  1.281705e+01   1.373813e-20   1.226601e-02   8.860007e-21   5931976
  1.285956e+01   5.823664e-22   1.228040e-02   8.712845e-21   5979390
  1.290207e+01   -1.014852e-21   1.226129e-02   8.565970e-21   6010200
  1.294458e+01   -9.280146e-21   1.227731e-02   8.411333e-21   6056496
  1.298708e+01   6.403156e-21   1.226484e-02   8.267893e-21   6089504
  1.302958e+01   1.183720e-20   1.227756e-02   8.121496e-21   6137114
  1.307210e+01   9.320639e-21   1.226880e-02   7.985069e-21   6173332
  1.311461e+01   2.286324e-20   1.227153e-02   7.846889e-21   6214128
  1.315711e+01   1.384665e-20   1.226922e-02   7.708965e-21   6253874
  1.319964e+01   2.437839e-20   1.227851e-02   7.577122e-21   6300104
  1.324216e+01   1.009568e-20   1.226546e-02   7.442466e-21   6332612
  1.328467e+01   6.059524e-21   1.228096e-02   7.318145e-21   6379768
  1.332719e+01   8.905756e-21   1.227439e-02   7.194817e-21   6418218
  1.336971e+01   -8.702768e-21   1.227344e-02   7.077325e-21   6459880
  1.341221e+01   -7.493243e-21   1.226446e-02   6.955739e-21   6495652
  1.345472e+01   8.370819e-21   1.228092e-02   6.832880e-21   6545296
  1.349724e+01   1.704682e-20   1.226891e-02   6.716632e-21   6581570
  1.353974e+01   1.346060e-20   1.226098e-02   6.607700e-21   6618960
  1.358222e+01   1.624076e-20   1.226863e-02   6.486525e-21   6663352
  1.362471e+01   2.594519e-20   1.226151e-02   6.386672e-21   6701334
  1.366724e+01   -7.051272e-21   1.229005e-02   6.269442e-21   6759920
  1.370978e+01   1.086498e-20   1.226871e-02   6.173236e-21   6789696
  1.375229e+01   4.568639e-22   1.227982e-02   6.070101e-21   6837208
  1.379481e+01   1.978149e-21   1.226997e-02   5.969419e-21   6874966
  1.383733e+01   1.656679e-21   1.227445e-02   5.869720e-21   6920864
  1.387984e+01   -4.406345e-21   1.226703e-02   5.764745e-21   6957816
  1.392234e+01   5.813452e-21   1.227258e-02   5.661533e-21   7002232
  1.396483e+01   6.638389e-21   1.226616e-02   5.577082e-21   7043114
  1.400736e+01   8.498170e-21   1.228161e-02   5.483917e-21   7096020
  1.404988e+01   -7.793672e-21   1.226958e-02   5.400236e-21   7130640
  1.409239e+01   -1.500603e-20   1.227310e-02   5.308296e-21   7175472
  1.413489e+01   5.716753e-21   1.226899e-02   5.217298e-21   7217786
  1.417741e+01   2.717718e-21   1.227600e-02   5.132406e-21   7265564
  1.421992e+01   1.743235e-21   1.226528e-02   5.044808e-21   7301288
  1.426240e+01   -3.224098e-21   1.226550e-02   4.960930e-21   7345330
  1.430491e+01   9.888450e-21   1.227621e-02   4.881234e-21   7397048
  1.434743e+01   -7.093294e-21   1.226815e-02   4.808088e-21   7435920
  1.438994e+01   1.845056e-22   1.227688e-02   4.724425e-21   7484140
  1.443245e+01   -8.664331e-21   1.227057e-02   4.645092e-21   7525578
  1.447497e+01   -1.027596e-20   1.227007e-02   4.570803e-21   7571376
  1.451748e+01   -7.112191e-21   1.227392e-02   4.498027e-21   7617064
  1.456001e+01   3.216339e-21   1.227782e-02   4.419482e-21   7662092
  1.460251e+01   8.635947e-21   1.226530e-02   4.354447e-21   7699658
  1.464502e+01   1.280299e-20   1.227578e-02   4.281467e-21   7752416
  1.468755e+01   5.794306e-21   1.227763e-02   4.212648e-21   7797776
  1.473004e+01   -6.357508e-22   1.226070e-02   4.149965e-21   7831720
  1.477255e+01   3.757264e-21   1.227889e-02   4.077586e-21   7889926
  1.481507e+01   5.140764e-21   1.227192e-02   4.016226e-21   7931480
  1.485759e+01   1.069657e-21   1.227300e-02   3.951370e-21   7976688
  1.490006e+01   8.349321e-21   1.225048e-02   3.895013e-21   8007786
  1.494256e+01   8.068937e-21   1.228133e-02   3.827063e-21   8074564
  1.498510e+01   4.777396e-21   1.228034e-02   3.765309e-21   8118904
  1.502762e+01   6.368299e-21   1.226783e-02   3.706365e-21   8155824
  1.507013e+01   1.000418e-20   1.228256e-02   3.646643e-21   8212802
  1.511265e+01   1.363375e-20   1.226047e-02   3.587775e-21   8245268
  1.515516e+01   9.910089e-21   1.228702e-02   3.526041e-21   8308816
  1.519769e+01   1.442376e-21   1.226520e-02   3.476076e-21   8340304
  1.524017e+01   1.180097e-20   1.226489e-02   3.419278e-21   8387738
  1.528267e+01   7.020923e-21   1.226883e-02   3.368907e-21   8437624
  1.532518e+01   5.879315e-21   1.227531e-02   3.315446e-21   8487796
  1.536768e+01   5.273466e-21   1.226572e-02   3.264918e-21   8527936
  1.541020e+01   -3.083415e-22   1.227764e-02   3.209608e-21   8585122
  1.545272e+01   4.522680e-21   1.227170e-02   3.162489e-21   8628200
  1.549524e+01   6.954151e-21   1.227868e-02   3.112606e-21   8679484
  1.553776e+01   8.375436e-21   1.226928e-02   3.061349e-21   8721466
  1.558025e+01   8.719844e-21   1.226318e-02   3.018891e-21   8765840
  1.562277e+01   4.826175e-21   1.228142e-02   2.969017e-21   8825136
  1.566528e+01   -1.775218e-21   1.226701e-02   2.924236e-21   8861768
  1.570779e+01   2.601871e-21   1.227728e-02   2.880217e-21   8919278
  1.575031e+01   -5.481573e-21   1.226638e-02   2.832934e-21   8961008
  1.579282e+01   -5.060944e-21   1.227512e-02   2.791119e-21   9014456
  1.583534e+01   6.834283e-22   1.227527e-02   2.748994e-21   9062240
  1.587786e+01   1.705045e-21   1.227311e-02   2.705873e-21   9110510
  1.592036e+01   -4.549251e-21   1.226582e-02   2.667213e-21   9154048
  1.596285e+01   -2.541071e-21   1.226281e-02   2.626407e-21   9198928
  1.600534e+01   1.831453e-21   1.227531e-02   2.584915e-21   9257194
  1.604787e+01   7.837663e-21   1.227745e-02   2.545594e-21   9310168
  1.609038e+01   6.678029e-21   1.226530e-02   2.504935e-21   9350316
  1.613289e+01   -2.512103e-21   1.227684e-02   2.466390e-21   9407120
  1.617541e+01   -1.723655e-21   1.227300e-02   2.429413e-21   9454642
  1.621793e+01   4.175507e-21   1.227362e-02   2.391829e-21   9506272
  1.626044e+01   5.180272e-21   1.226942e-02   2.358635e-21   9551228
  1.630294e+01   4.133315e-21   1.227038e-02   2.320673e-21   9600264
  1.634544e+01   -2.076132e-22   1.227012e-02   2.287709e-21   9651458
  1.638796e+01   -4.656023e-22   1.228049e-02   2.251513e-21   9711488
  1.643048e+01   8.224890e-21   1.226476e-02   2.218915e-21   9749144
  1.647299e+01   3.362441e-21   1.227613e-02   2.184934e-21   9807908
  1.651550e+01   -2.264707e-22   1.227043e-02   2.153346e-21   9854786
  1.655803e+01   5.791993e-22   1.228107e-02   2.120682e-21   9914304
  1.660053e+01   9.384160e-22   1.225867e-02   2.088390e-21   9945544
  1.664301e+01   4.594091e-21   1.226718e-02   2.057212e-21   10003414
  1.668552e+01   -2.582843e-21   1.227468e-02   2.025189e-21   10062032
  1.672804e+01   5.981403e-21   1.227657e-02   1.996488e-21   10114792
  1.677058e+01   -3.305056e-21   1.228180e-02   1.966026e-21   10169936
  1.681307e+01   -2.182365e-21   1.225060e-02   1.939735e-21   10196602
  1.685558e+01   -3.946735e-21   1.228906e-02   1.907737e-21   10281156
  1.689811e+01   1.391173e-21   1.226275e-02   1.881052e-21   10309376
  1.694060e+01   -8.758508e-22   1.227427e-02   1.852390e-21   10369856
  1.698310e+01   -2.370525e-21   1.226425e-02   1.826547e-21   10415370
  1.702562e+01   -1.609605e-21   1.228018e-02   1.798599e-21   10481988
  1.706815e+01   -8.233724e-23   1.227822e-02   1.771831e-21   10531200
  1.711066e+01   4.322845e-21   1.226163e-02   1.747336e-21   10569416
  1.715315e+01   -1.285976e-21   1.227286e-02   1.722292e-21   10633066
  1.719568e+01   -3.600875e-21   1.227546e-02   1.696273e-21   10687548
  1.723821e+01   3.491546e-21   1.228168e-02   1.668855e-21   10743968
  1.728072e+01   2.920165e-21   1.226340e-02   1.646485e-21   10782130
  1.732321e+01   1.634700e-21   1.226438e-02   1.624131e-21   10837792
  1.736571e+01   1.718995e-23   1.227328e-02   1.599758e-21   10897368
  1.740823e+01   8.742983e-23   1.227857e-02   1.576316e-21   10953940
  1.745075e+01   -1.251455e-23   1.227188e-02   1.552483e-21   11003274
  1.749325e+01   3.530314e-21   1.226537e-02   1.531579e-21   11052800
  1.753577e+01   -3.577532e-21   1.228039e-02   1.508459e-21   11118176
  1.757829e+01   -3.335221e-22   1.227174e-02   1.487138e-21   11162268
  1.762078e+01   2.349721e-21   1.226447e-02   1.465427e-21   11211458
  1.766328e+01   2.010609e-21   1.226924e-02   1.446201e-21   11271888
  1.770579e+01   3.813933e-21   1.227456e-02   1.423735e-21   11329304
  1.774829e+01   1.726571e-21   1.226554e-02   1.403196e-21   11375026
  1.779081e+01   1.269006e-21   1.227704e-02   1.383482e-21   11442532
  1.783332e+01   7.416351e-23   1.226620e-02   1.363685e-21   11487264
  1.787583e+01   1.515499e-21   1.227239e-02   1.344540e-21   11545680
  1.791835e+01   2.213745e-21   1.227937e-02   1.325235e-21   11607058
  1.796089e+01   3.552011e-21   1.227970e-02   1.305514e-21   11664300
  1.800340e+01   8.823168e-22   1.226785e-02   1.289183e-21   11707488
  1.804590e+01   1.385793e-21   1.226647e-02   1.269447e-21   11759536
  1.808841e+01   2.219366e-21   1.228470e-02   1.251638e-21   11833690
  1.813095e+01   3.737801e-21   1.227017e-02   1.234228e-21   11877808
  1.817345e+01   -2.519099e-22   1.226311e-02   1.214933e-21   11925836
  1.821595e+01   3.506737e-21   1.227560e-02   1.200291e-21   11992168
  1.825846e+01   -1.735701e-22   1.227114e-02   1.182950e-21   12044554
  1.830097e+01   3.109714e-22   1.226867e-02   1.166134e-21   12098976
  1.834346e+01   -2.514687e-22   1.226469e-02   1.150307e-21   12149996
  1.838595e+01   6.610938e-22   1.226815e-02   1.134821e-21   12209594
  1.842847e+01   -1.590996e-21   1.227993e-02   1.117533e-21   12279272
  1.847101e+01   -1.172912e-21   1.228002e-02   1.102686e-21   12336072
  1.851353e+01   -2.221529e-21   1.226966e-02   1.087895e-21   12381744
  1.855604e+01   -1.140262e-21   1.227227e-02   1.072459e-21   12441590
  1.859855e+01   1.870721e-21   1.227023e-02   1.057091e-21   12497256
  1.864105e+01   -2.003394e-21   1.226730e-02   1.042802e-21   12550032
  1.868353e+01   -2.305154e-21   1.226474e-02   1.027824e-21   12603936
  1.872603e+01   -8.713340e-22   1.227245e-02   1.014941e-21   12671230
  1.876857e+01   -2.402548e-21   1.228331e-02   1.000101e-21   12740920
  1.881110e+01   9.730849e-22   1.227107e-02   9.865380e-22   12784560
  1.885359e+01   -1.714501e-21   1.226358e-02   9.728546e-22   12834176
  1.889610e+01   1.357590e-21   1.227865e-02   9.596255e-22   12909006
  1.893863e+01   1.121243e-21   1.227235e-02   9.464927e-22   12959680
  1.898113e+01   8.433367e-22   1.227020e-02   9.336411e-22   13014232
  1.902364e+01   -7.625456e-22   1.227262e-02   9.200629e-22   13076514
  1.906614e+01   1.912885e-21   1.226274e-02   9.092490e-22   13127112
  1.910866e+01   -1.297640e-21   1.228266e-02   8.959181e-22   13205852
  1.915119e+01   5.173199e-22   1.227282e-02   8.845898e-22   13252032
  1.919369e+01   3.839052e-22   1.226787e-02   8.725773e-22   13307450
  1.923620e+01   1.484093e-21   1.227402e-02   8.605036e-22   13374160
  1.927872e+01   1.562678e-21   1.227027e-02   8.495245e-22   13426348
  1.932123e+01   1.539815e-21   1.227853e-02   8.371885e-22   13492760
  1.936373e+01   -1.041314e-21   1.226457e-02   8.267940e-22   13539546
  1.940624e+01   2.660251e-21   1.227335e-02   8.157533e-22   13610704
  1.944875e+01   2.697225e-21   1.226734e-02   8.045524e-22   13662024
  1.949125e+01   1.448437e-21   1.227299e-02   7.934276e-22   13727492
  1.953377e+01   1.002547e-22   1.227644e-02   7.828852e-22   13793394
  1.957629e+01   2.251142e-21   1.226862e-02   7.730900e-22   13844456
  1.961880e+01   4.337476e-22   1.227171e-02   7.625388e-22   13905184
  1.966130e+01   2.434646e-21   1.227189e-02   7.520222e-22   13965958
  1.970381e+01   4.526882e-22   1.226859e-02   7.424273e-22   14025192
  1.974632e+01   2.274376e-21   1.227581e-02   7.326588e-22   14093768
  1.978884e+01   -3.457745e-22   1.227382e-02   7.229715e-22   14150440
  1.983136e+01   9.318463e-22   1.227452e-02   7.131130e-22   14213450
  1.987387e+01   -9.607890e-23   1.226691e-02   7.042256e-22   14267036
  1.991638e+01   1.932099e-21   1.227427e-02   6.945632e-22   14335032
  1.995889e+01   1.990404e-22   1.226837e-02   6.865386e-22   14387664
  2.000139e+01   5.187684e-22   1.227308e-02   6.774179e-22   14455698
  2.004391e+01   1.058020e-21   1.227471e-02   6.687481e-22   14520452
  2.008643e+01   1.140528e-21   1.227399e-02   6.592076e-22   14580272
  2.012893e+01   8.328018e-22   1.226246e-02   6.516433e-22   14628050
  2.017144e+01   -9.548240e-23   1.228393e-02   6.425715e-22   14716744
  2.021396e+01   1.522003e-22   1.226163e-02   6.346416e-22   14751712
  2.025646e+01   -2.090182e-22   1.227782e-02   6.257877e-22   14831620
  2.029896e+01   -2.449849e-22   1.226188e-02   6.181879e-22   14875522
  2.034146e+01   7.156156e-22   1.227585e-02   6.098683e-22   14956720
  2.038398e+01   1.178937e-23   1.226799e-02   6.023446e-22   15008272
  2.042648e+01   5.845489e-22   1.227113e-02   5.950127e-22   15073780
  2.046899e+01   -9.369081e-22   1.227601e-02   5.875738e-22   15144866
  2.051153e+01   -4.925045e-22   1.228021e-02   5.795319e-22   15213872
  2.055406e+01   5.529991e-24   1.227172e-02   5.727560e-22   15263976
  2.059656e+01   4.078428e-22   1.226689e-02   5.653974e-22   15320236
  2.063907e+01   7.313382e-22   1.227747e-02   5.580946e-22   15398322
  2.068159e+01   -5.931529e-24   1.226849e-02   5.515580e-22   15450864
  2.072409e+01   3.780595e-22   1.226949e-02   5.443283e-22   15513888
  2.076658e+01   3.126164e-22   1.226638e-02   5.382178e-22   15574626
  2.080910e+01   -1.963952e-21   1.227957e-02   5.313495e-22   15657956
  2.085162e+01   4.057039e-22   1.226694e-02   5.245018e-22   15704248
  2.089412e+01   8.480462e-22   1.227405e-02   5.177807e-22   15774824
  2.093664e+01   -3.331220e-22   1.227741e-02   5.114608e-22   15844898
  2.097916e+01   -9.662125e-22   1.226797e-02   5.056988e-22   15898956
  2.102166e+01   3.623532e-22   1.226837e-02   4.993738e-22   15961768
  2.106416e+01   3.476262e-22   1.227392e-02   4.925841e-22   16032208
  2.110668e+01   4.507206e-22   1.227386e-02   4.876130e-22   16099530
  2.114918e+01   7.317466e-22   1.226342e-02   4.817872e-22   16152712
  2.119169e+01   1.248948e-22   1.227877e-02   4.752181e-22   16235740
  2.123421e+01   8.562398e-22   1.227090e-02   4.695204e-22   16288856
  2.127673e+01   9.830530e-22   1.227763e-02   4.640077e-22   16365074
  2.131925e+01   -6.050733e-23   1.226826e-02   4.583450e-22   16418248
  2.136173e+01   6.645380e-22   1.226229e-02   4.530047e-22   16473180
  2.140423e+01   4.108299e-22   1.227796e-02   4.475916e-22   16560234
  2.144675e+01   -5.087865e-22   1.226818e-02   4.429549e-22   16616088
  2.148927e+01   8.686348e-22   1.227653e-02   4.371816e-22   16693264
  2.153179e+01   7.388212e-22   1.227410e-02   4.317187e-22   16753864
  2.157431e+01   1.597067e-21   1.227428e-02   4.270602e-22   16820702
  2.161682e+01   1.443424e-21   1.226755e-02   4.219037e-22   16879288
  2.165933e+01   1.885808e-21   1.227311e-02   4.169717e-22   16951712
  2.170183e+01   5.208512e-22   1.226675e-02   4.121266e-22   17007560
  2.174434e+01   1.034031e-21   1.227813e-02   4.074251e-22   17092086
  2.178685e+01   7.319036e-22   1.226906e-02   4.027921e-22   17148392
  2.182937e+01   -2.397697e-24   1.227478e-02   3.982462e-22   17222288
  2.187188e+01   1.416370e-22   1.227236e-02   3.932771e-22   17285096
  2.191439e+01   -7.888658e-22   1.226620e-02   3.895293e-22   17344826
  2.195689e+01   5.479906e-22   1.227320e-02   3.852682e-22   17421236
  2.199941e+01   2.939301e-23   1.227792e-02   3.805484e-22   17494160
  2.204191e+01   -3.378058e-22   1.226044e-02   3.766276e-22   17538122
  2.208440e+01   -4.117017e-22   1.226939e-02   3.722865e-22   17620136
  2.212692e+01   -1.081562e-21   1.227875e-02   3.679950e-22   17700428
  2.216945e+01   7.902337e-22   1.227393e-02   3.641341e-22   17760320
  2.221196e+01   9.729954e-22   1.227224e-02   3.599430e-22   17827562
  2.225448e+01   5.918143e-22   1.227165e-02   3.559548e-22   17895488
  2.229699e+01   2.476084e-23   1.227292e-02   3.520853e-22   17963576
  2.233950e+01   1.540776e-22   1.227046e-02   3.483703e-22   18027500
  2.238201e+01   -3.806347e-23   1.227533e-02   3.447213e-22   18105650
  2.242451e+01   6.441617e-22   1.226508e-02   3.412787e-22   18160880
  2.246701e+01   4.642314e-22   1.226834e-02   3.376476e-22   18233144
  2.250951e+01   -1.543321e-22   1.227149e-02   3.336326e-22   18307310
  2.255203e+01   -4.657855e-22   1.227368e-02   3.305596e-22   18381680
  2.259456e+01   1.126024e-21   1.227489e-02   3.270455e-22   18450536
  2.263708e+01   2.525004e-22   1.227820e-02   3.234929e-22   18522128
  2.267959e+01   9.105707e-22   1.226827e-02   3.201664e-22   18578414
  2.272209e+01   -1.398086e-22   1.227113e-02   3.170082e-22   18654304
  2.276460e+01   4.777840e-22   1.227056e-02   3.139261e-22   18722304
  2.280712e+01   9.278408e-22   1.227777e-02   3.104329e-22   18802472
  2.284964e+01   -2.542080e-22   1.227092e-02   3.076964e-22   18864266
  2.289215e+01   6.162583e-22   1.226939e-02   3.047028e-22   18933260
  2.293465e+01   1.931196e-22   1.226719e-02   3.017730e-22   18997448
  2.297715e+01   9.103646e-23   1.227581e-02   2.988404e-22   19079816
  2.301967e+01   6.608439e-22   1.227098e-02   2.958361e-22   19145330
  2.306218e+01   3.781445e-22   1.227177e-02   2.932163e-22   19218276
  2.310469e+01   -7.288119e-23   1.227113e-02   2.901299e-22   19286200
  2.314719e+01   -1.737452e-22   1.226583e-02   2.875606e-22   19349738
  2.318971e+01   6.890849e-22   1.228286e-02   2.845893e-22   19450040
  2.323223e+01   -2.320150e-22   1.226363e-02   2.821171e-22   19489688
  2.327473e+01   2.791110e-22   1.227521e-02   2.796851e-22   19576868
  2.331724e+01   2.528520e-22   1.226932e-02   2.769006e-22   19640282
  2.335976e+01   5.196889e-22   1.227873e-02   2.746171e-22   19728800
  2.340226e+01   1.907872e-22   1.226095e-02   2.722369e-22   19770152
  2.344476e+01   2.338580e-22   1.227487e-02   2.697863e-22   19863516
  2.348729e+01   6.311582e-22   1.227855e-02   2.674189e-22   19943594
  2.352981e+01   7.901384e-22   1.227039e-02   2.653350e-22   20003440
  2.357232e+01   -1.312276e-22   1.227533e-02   2.629311e-22   20081768
  2.361483e+01   -2.303915e-23   1.226475e-02   2.608013e-22   20136200
  2.365734e+01   -5.777044e-22   1.228180e-02   2.585853e-22   20238094
  2.369985e+01   1.637915e-22   1.226458e-02   2.567893e-22   20282544
  2.374234e+01   -1.355074e-22   1.226291e-02   2.544500e-22   20351720
  2.378483e+01   2.027357e-22   1.227389e-02   2.523352e-22   20444714
  2.382735e+01   -3.095030e-22   1.227112e-02   2.505758e-22   20515116
  2.386988e+01   4.785656e-23   1.228059e-02   2.481448e-22   20602384
  2.391241e+01   -1.393859e-22   1.227266e-02   2.465324e-22   20659872
  2.395491e+01   -3.812022e-22   1.226837e-02   2.447111e-22   20727682
  2.399742e+01   6.517654e-23   1.227493e-02   2.430844e-22   20814416
  2.403994e+01   2.318807e-22   1.227261e-02   2.410912e-22   20881100
  2.408245e+01   -1.804523e-22   1.227247e-02   2.391989e-22   20953688
  2.412495e+01   4.736049e-22   1.226662e-02   2.379202e-22   21021050
  2.416746e+01   1.803766e-22   1.227556e-02   2.360916e-22   21111632
  2.420998e+01   1.676488e-22   1.227336e-02   2.343306e-22   21179972
  2.425248e+01   3.847534e-22   1.226547e-02   2.328873e-22   21240488
  2.429499e+01   6.346914e-22   1.227368e-02   2.316759e-22   21331418
  2.433750e+01   -9.934173e-23   1.226935e-02   2.301170e-22   21397304
  2.438000e+01   3.560288e-22   1.226962e-02   2.286276e-22   21469764
  2.442251e+01   6.021979e-22   1.227528e-02   2.270581e-22   21556122
  2.446502e+01   2.022760e-22   1.226591e-02   2.259304e-22   21618312
  2.450754e+01   4.686296e-22   1.227924e-02   2.247831e-22   21716096
  2.455007e+01   4.873332e-22   1.227488e-02   2.232067e-22   21781352
  2.459258e+01   2.842703e-22   1.226971e-02   2.221607e-22   21848870
  2.463508e+01   1.097693e-22   1.227061e-02   2.209806e-22   21927536
  2.467760e+01   1.069892e-23   1.227518e-02   2.196920e-22   22008944
  2.472011e+01   4.297569e-22   1.227146e-02   2.187207e-22   22076136
  2.476261e+01   6.108335e-22   1.226619e-02   2.178915e-22   22145270
  2.480513e+01   1.040142e-23   1.228149e-02   2.165017e-22   22250960
  2.484765e+01   -9.229190e-24   1.226766e-02   2.157004e-22   22300864
  2.489015e+01   -4.680647e-22   1.226874e-02   2.145984e-22   22378586
  2.493266e+01   4.126462e-22   1.227304e-02   2.137220e-22   22464104
  2.497518e+01   4.511673e-22   1.227483e-02   2.130574e-22   22542892
  2.501769e+01   2.203846e-22   1.226849e-02   2.119566e-22   22606008
  2.506019e+01   2.711519e-22   1.227168e-02   2.114986e-22   22690002
  2.510269e+01   3.216235e-22   1.226774e-02   2.108477e-22   22762216
  2.514519e+01   8.987892e-22   1.227552e-02   2.087511e-22   22815779
  2.518771e+01   2.959325e-22   1.227093e-02   2.051343e-22   22772312
  2.523022e+01   1.961860e-22   1.227169e-02   2.016846e-22   22733708
  2.527273e+01   -3.806644e-22   1.227376e-02   1.979539e-22   22697672
  2.531524e+01   7.341514e-22   1.227003e-02   1.945937e-22   22651460
  2.535775e+01   1.714872e-22   1.227280e-02   1.911576e-22   22616024
  2.540027e+01   2.863223e-22   1.227723e-02   1.877815e-22   22583496
  2.544278e+01   3.474995e-22   1.226384e-02   1.846831e-22   22519252
  2.548527e+01   -1.521608e-22   1.226879e-02   1.816185e-22   22488992
  2.552778e+01   4.518165e-22   1.227112e-02   1.786334e-22   22453172
  2.557030e+01   7.184618e-22   1.227642e-02   1.753845e-22   22420584
  2.561282e+01   -4.573429e-23   1.227318e-02   1.726400e-22   22371700
  2.565533e+01   -1.711417e-22   1.227319e-02   1.697485e-22   22329896
  2.569784e+01   3.289434e-22   1.227005e-02   1.670214e-22   22282876
  2.574035e+01   2.815271e-22   1.227559e-02   1.643373e-22   22250692
  2.578286e+01   4.177731e-22   1.226749e-02   1.615502e-22   22194436
  2.582536e+01   1.221018e-22   1.226799e-02   1.590718e-22   22153540
  2.586787e+01   3.664842e-22   1.227489e-02   1.565956e-22   22122584
  2.591039e+01   3.858033e-22   1.227183e-02   1.539817e-22   22073004
  2.595291e+01   8.376144e-23   1.227763e-02   1.517605e-22   22039640
  2.599542e+01   -2.412679e-22   1.226443e-02   1.492895e-22   21971624
  2.603793e+01   -1.165984e-22   1.228039e-02   1.471236e-22   21955708
  2.608042e+01   1.129991e-22   1.225538e-02   1.448798e-22   21867720
  2.612293e+01   -1.459547e-22   1.228640e-02   1.426281e-22   21878900
  2.616545e+01   1.480636e-22   1.226374e-02   1.404798e-22   21794260
  2.620796e+01   4.173980e-22   1.227552e-02   1.383828e-22   21770256
  2.625048e+01   2.675912e-22   1.227204e-02   1.363854e-22   21718124
  2.629299e+01   -1.367540e-22   1.227162e-02   1.343518e-22   21671096
  2.633550e+01   -7.429326e-24   1.227173e-02   1.322628e-22   21625412
  2.637801e+01   -3.272081e-23   1.227628e-02   1.305192e-22   21587284
  2.642052e+01   8.377950e-23   1.226404e-02   1.285909e-22   21519648
  2.646302e+01   -2.505287e-23   1.227517e-02   1.267510e-22   21493344
  2.650554e+01   1.600383e-22   1.227125e-02   1.248506e-22   21439360
  2.654805e+01   2.454266e-22   1.227471e-02   1.230566e-22   21398900
  2.659058e+01   6.436561e-23   1.227467e-02   1.213915e-22   21351488
  2.663308e+01   2.883481e-22   1.226610e-02   1.197515e-22   21288012
  2.667559e+01   3.469601e-23   1.227518e-02   1.179715e-22   21255052
  2.671810e+01   1.275330e-22   1.226960e-02   1.163096e-22   21196928
  2.676060e+01   3.355244e-22   1.226973e-02   1.148257e-22   21149036
  2.680311e+01   2.731640e-22   1.227206e-02   1.132205e-22   21105304
  2.684563e+01   9.218396e-23   1.227410e-02   1.117197e-22   21059992
  2.688815e+01   1.574180e-22   1.227705e-02   1.101091e-22   21014904
  2.693067e+01   -1.284064e-22   1.227014e-02   1.085806e-22   20953620
  2.697317e+01   -6.557915e-23   1.226991e-02   1.071163e-22   20902948
  2.701568e+01   -5.117245e-23   1.227225e-02   1.057802e-22   20856528
  2.705819e+01   -7.766053e-24   1.227379e-02   1.043409e-22   20808868
  2.710070e+01   2.001192e-22   1.226639e-02   1.029353e-22   20746700
  2.714319e+01   3.290677e-23   1.226770e-02   1.016168e-22   20699040
  2.718571e+01   -2.479182e-23   1.227944e-02   1.003661e-22   20667584
  2.722822e+01   8.227928e-23   1.225995e-02   9.903260e-23   20583320
  2.727072e+01   -9.009561e-23   1.227843e-02   9.766878e-23   20562728
  2.731324e+01   8.285657e-23   1.227166e-02   9.646037e-23   20499120
  2.735575e+01   -2.960027e-23   1.227335e-02   9.523008e-23   20448668
  2.739827e+01   5.351749e-23   1.227231e-02   9.409531e-23   20394408
  2.744078e+01   1.811915e-22   1.227328e-02   9.291240e-23   20344236
  2.748329e+01   5.533216e-23   1.227052e-02   9.181786e-23   20287988
  2.752580e+01   7.981586e-23   1.227218e-02   9.055981e-23   20237280
  2.756831e+01   5.035241e-23   1.226928e-02   8.945727e-23   20178328
  2.761083e+01   9.811372e-23   1.227861e-02   8.824984e-23   20139844
  2.765335e+01   1.324913e-23   1.226869e-02   8.725682e-23   20069748
  2.769585e+01   1.641232e-22   1.227006e-02   8.613218e-23   20016800
  2.773835e+01   1.832491e-22   1.227057e-02   8.517585e-23   19962224
  2.778087e+01   -1.170631e-22   1.227954e-02   8.416348e-23   19923568
  2.782339e+01   -4.965832e-23   1.226996e-02   8.314891e-23   19854300
  2.786590e+01   5.326501e-23   1.226862e-02   8.209725e-23   19797056
  2.790840e+01   3.208172e-23   1.227082e-02   8.115794e-23   19744940
  2.795091e+01   1.002933e-22   1.227270e-02   8.019619e-23   19691768
  2.799342e+01   1.625310e-22   1.226928e-02   7.922099e-23   19629548
  2.803593e+01   -9.365491e-23   1.227096e-02   7.828283e-23   19575480
  2.807844e+01   -3.462661e-24   1.227365e-02   7.737618e-23   19523296
  2.812096e+01   1.440362e-22   1.227813e-02   7.647545e-23   19474344
  2.816347e+01   5.785438e-23   1.226244e-02   7.561312e-23   19392868
  2.820597e+01   -4.518305e-23   1.227629e-02   7.470965e-23   19356176
  2.824849e+01   1.709346e-22   1.227437e-02   7.391091e-23   19294916
  2.829102e+01   3.424467e-22   1.227644e-02   7.300999e-23   19240856
  2.833353e+01   4.014102e-23   1.226827e-02   7.226727e-23   19170884
  2.837603e+01   8.953981e-23   1.226787e-02   7.140049e-23   19111352
  2.841853e+01   1.105417e-22   1.227311e-02   7.059781e-23   19060016
  2.846104e+01   3.686496e-23   1.227199e-02   6.983955e-23   18999752
  2.850354e+01   -2.262497e-23   1.226484e-02   6.910653e-23   18930272
  2.854604e+01   2.008720e-23   1.227204e-02   6.832456e-23   18882340
  2.858856e+01   1.971823e-22   1.227653e-02   6.751537e-23   18829056
  2.863108e+01   -3.927459e-23   1.226917e-02   6.680434e-23   18757640
  2.867359e+01   -9.060055e-23   1.227679e-02   6.612072e-23   18709036
  2.871611e+01   -3.208043e-24   1.226951e-02   6.536571e-23   18637668
  2.875862e+01   1.158383e-22   1.227659e-02   6.467005e-23   18587048
  2.880113e+01   2.623356e-23   1.226650e-02   6.404537e-23   18510972
  2.884363e+01   3.261761e-23   1.227092e-02   6.335493e-23   18456692
  2.888614e+01   1.100032e-23   1.227027e-02   6.267436e-23   18394084
  2.892866e+01   -1.024041e-23   1.227644e-02   6.198525e-23   18341352
  2.897118e+01   -1.125826e-22   1.227294e-02   6.137181e-23   18273884
  2.901369e+01   -7.285447e-23   1.227214e-02   6.069955e-23   18211148
  2.905619e+01   8.060935e-23   1.226468e-02   6.007528e-23   18137692
  2.909870e+01   -1.819354e-22   1.227635e-02   5.944896e-23   18091580
  2.914122e+01   -1.684740e-22   1.227406e-02   5.887463e-23   18024560
  2.918373e+01   5.406769e-23   1.226945e-02   5.824100e-23   17955116
  2.922624e+01   -1.101812e-23   1.227055e-02   5.773720e-23   17893232
  2.926875e+01   9.218236e-23   1.227337e-02   5.710819e-23   17832620
  2.931126e+01   1.130527e-22   1.227331e-02   5.655992e-23   17767864
  2.935378e+01   1.798076e-23   1.227523e-02   5.597442e-23   17706956
  2.939629e+01   -2.370996e-23   1.226779e-02   5.543380e-23   17632632
  2.943880e+01   1.807717e-22   1.227224e-02   5.487837e-23   17573524
  2.948131e+01   3.764117e-23   1.227160e-02   5.431594e-23   17506380
  2.952382e+01   -6.784810e-23   1.227283e-02   5.376860e-23   17442548
  2.956632e+01   -1.971302e-23   1.226611e-02   5.335210e-23   17368556
  2.960883e+01   6.087748e-23   1.227726e-02   5.282012e-23   17318260
  2.965135e+01   9.168182e-23   1.227176e-02   5.227017e-23   17243792
  2.969385e+01   1.589503e-23   1.226620e-02   5.180721e-23   17169716
  2.973635e+01   5.750784e-23   1.227104e-02   5.131574e-23   17109768
  2.977886e+01   1.046499e-23   1.227205e-02   5.082626e-23   17044064
  2.982138e+01   4.566900e-23   1.227557e-02   5.034956e-23   16981560
  2.986389e+01   1.527636e-22   1.226672e-02   4.994990e-23   16902264
  2.990640e+01   1.011004e-22   1.227800e-02   4.944484e-23   16849940
  2.994892e+01   5.880575e-23   1.226984e-02   4.899136e-23   16770600
  2.999143e+01   1.826477e-22   1.227399e-02   4.855530e-23   16707512
  3.003394e+01   9.822160e-23   1.227053e-02   4.814152e-23   16634480
  3.007645e+01   3.058117e-24   1.227297e-02   4.775761e-23   16569424
  3.011897e+01   8.083992e-23   1.227100e-02   4.728824e-23   16497216
  3.016149e+01   4.234504e-24   1.227800e-02   4.689660e-23   16436416
  3.020400e+01   -1.180093e-22   1.226813e-02   4.646752e-23   16353532
  3.024650e+01   -6.924484e-23   1.226850e-02   4.604046e-23   16284908
  3.028900e+01   3.868653e-23   1.227370e-02   4.564639e-23   16221948
  3.033152e+01   8.822506e-23   1.227445e-02   4.527016e-23   16152552
  3.037404e+01   -7.677666e-23   1.227249e-02   4.486817e-23   16078864
  3.041655e+01   -3.728547e-25   1.227014e-02   4.453485e-23   16005296
  3.045906e+01   -5.507852e-23   1.227320e-02   4.415252e-23   15938220
  3.050157e+01   1.494742e-23   1.226736e-02   4.380336e-23   15858440
  3.054407e+01   7.478127e-23   1.226949e-02   4.341837e-23   15789252
  3.058657e+01   -5.505752e-23   1.227019e-02   4.309617e-23   15718944
  3.062908e+01   2.671270e-24   1.227179e-02   4.269483e-23   15648652
  3.067160e+01   3.502927e-23   1.227680e-02   4.244505e-23   15581944
  3.071412e+01   3.647433e-23   1.227604e-02   4.203948e-23   15508744
  3.075663e+01   6.820402e-23   1.226574e-02   4.171811e-23   15422472
  3.079914e+01   2.225945e-23   1.227551e-02   4.138877e-23   15361536
  3.084165e+01   3.081301e-23   1.226998e-02   4.105698e-23   15281048
  3.088415e+01   5.854053e-24   1.227023e-02   4.075106e-23   15207752
  3.092666e+01   -2.170932e-23   1.227075e-02   4.042150e-23   15134800
  3.096917e+01   2.407287e-24   1.227038e-02   4.015873e-23   15059664
  3.101168e+01   2.426579e-23   1.227242e-02   3.982691e-23   14987020
  3.105420e+01   5.285786e-23   1.227903e-02   3.953251e-23   14919936
  3.109672e+01   4.270467e-23   1.226792e-02   3.927723e-23   14831776
  3.113923e+01   3.749406e-23   1.227679e-02   3.893396e-23   14767552
  3.118174e+01   1.154030e-22   1.226524e-02   3.866770e-23   14678336
  3.122425e+01   1.490138e-23   1.227632e-02   3.838557e-23   14615044
  3.126676e+01   -3.461686e-23   1.226910e-02   3.812835e-23   14530200
  3.130927e+01   -1.128727e-22   1.227171e-02   3.785758e-23   14457000
  3.135178e+01   8.364370e-24   1.227423e-02   3.758550e-23   14383440
  3.139429e+01   -3.118615e-23   1.226801e-02   3.735410e-23   14299516
  3.143679e+01   5.727173e-24   1.227160e-02   3.709825e-23   14226024
  3.147930e+01   1.254684e-22   1.226889e-02   3.682589e-23   14145048
  3.152182e+01   -9.134453e-24   1.228178e-02   3.654367e-23   14082144
  3.156433e+01   3.753575e-23   1.226157e-02   3.637054e-23   13981640
  3.160683e+01   3.785655e-24   1.227475e-02   3.609626e-23   13918460
  3.164935e+01   -4.104022e-23   1.227481e-02   3.587576e-23   13839752
  3.169188e+01   -3.764493e-23   1.227673e-02   3.562486e-23   13762736
  3.173439e+01   2.270789e-23   1.227147e-02   3.539788e-23   13677980
  3.177690e+01   2.899942e-23   1.226900e-02   3.520428e-23   13596196
  3.181940e+01   4.521637e-24   1.226988e-02   3.496904e-23   13517736
  3.186190e+01   5.798209e-23   1.226579e-02   3.478246e-23   13433184
  3.190440e+01   5.699712e-23   1.227449e-02   3.454273e-23   13362296
  3.194692e+01   7.614171e-23   1.227398e-02   3.433473e-23   13281376
  3.198944e+01   2.895572e-27   1.227645e-02   3.416158e-23   13203336
  3.203195e+01   1.825441e-23   1.226687e-02   3.390703e-23   13113016
  3.207445e+01   -7.184030e-24   1.227094e-02   3.372334e-23   13036400
  3.211696e+01   5.878957e-23   1.226987e-02   3.354731e-23   12953648
  3.215948e+01   -5.680482e-24   1.227674e-02   3.339577e-23   12879016
  3.220199e+01   2.707793e-23   1.227015e-02   3.317649e-23   12790124
  3.224451e+01   -1.111510e-23   1.227599e-02   3.298567e-23   12714152
  3.228701e+01   -5.666531e-23   1.226430e-02   3.284951e-23   12619608
  3.232951e+01   -5.079990e-23   1.227473e-02   3.263279e-23   12547232
  3.237204e+01   -4.411887e-23   1.228098e-02   3.248627e-23   12470568
  3.241455e+01   -6.720641e-23   1.226086e-02   3.232902e-23   12368136
  3.245705e+01   3.768277e-23   1.227647e-02   3.216644e-23   12300504
  3.249958e+01   -1.375637e-23   1.227251e-02   3.197427e-23   12212172
  3.254209e+01   -4.009341e-23   1.227112e-02   3.183671e-23   12126228
  3.258459e+01   -3.434340e-23   1.227235e-02   3.162840e-23   12043352
  3.262711e+01   -3.255839e-23   1.227321e-02   3.150554e-23   11959896
  3.266960e+01   -8.524965e-23   1.226107e-02   3.141503e-23   11863804
  3.271211e+01   -5.730221e-23   1.227575e-02   3.124688e-23   11792812
  3.275463e+01   -2.453677e-23   1.227439e-02   3.113656e-23   11705392
  3.279713e+01   -3.208385e-23   1.226794e-02   3.097850e-23   11613836
  3.283965e+01   7.877402e-23   1.228215e-02   3.083028e-23   11541532
  3.288217e+01   -1.583324e-24   1.226539e-02   3.068576e-23   11440232
  3.292468e+01   -7.984181e-23   1.227538e-02   3.061110e-23   11363008
  3.296718e+01   9.292804e-24   1.226652e-02   3.049254e-23   11267848
  3.300970e+01   1.179555e-22   1.227722e-02   3.033026e-23   11190640
  3.305222e+01   -2.696428e-23   1.227423e-02   3.021794e-23   11101084
  3.309472e+01   3.340589e-23   1.226241e-02   3.011882e-23   11003284
  3.313721e+01   5.721308e-24   1.227344e-02   2.998702e-23   10925424
  3.317973e+01   -7.070796e-24   1.227067e-02   2.984634e-23   10834724
  3.322224e+01   -1.417469e-23   1.227484e-02   2.977619e-23   10750156
  3.326475e+01   -4.742453e-23   1.226635e-02   2.966739e-23   10655280
  3.330725e+01   1.115583e-23   1.226924e-02   2.958303e-23   10569120
  3.334975e+01   -9.112836e-24   1.226867e-02   2.945395e-23   10479672
  3.339228e+01   8.969057e-23   1.228611e-02   2.932884e-23   10404504
  3.343481e+01   -9.167609e-23   1.227382e-02   2.925917e-23   10304108
  3.347732e+01   3.051668e-23   1.226797e-02   2.918477e-23   10209940
  3.351983e+01   -5.415746e-23   1.227575e-02   2.909412e-23   10126584
  3.356234e+01   4.250425e-23   1.226442e-02   2.899412e-23   10027064
  3.360484e+01   -3.901156e-23   1.227492e-02   2.892666e-23   9945072
  3.364734e+01   -6.505321e-23   1.226340e-02   2.881287e-23   9844764
  3.368986e+01   1.230965e-23   1.228362e-02   2.876673e-23   9769940
  3.373238e+01   -2.325098e-23   1.226688e-02   2.868946e-23   9666072
  3.377488e+01   1.027634e-22   1.227051e-02   2.864971e-23   9577112
  3.381739e+01   4.014715e-23   1.227148e-02   2.854573e-23   9485848
  3.385991e+01   -3.103132e-23   1.227527e-02   2.845140e-23   9396136
  3.390243e+01   3.740347e-23   1.227579e-02   2.840237e-23   9304408
  3.394493e+01   2.326755e-23   1.225842e-02   2.834321e-23   9199028
  3.398742e+01   -1.950864e-24   1.227468e-02   2.829233e-23   9118288
  3.402993e+01   5.208952e-23   1.226747e-02   2.819968e-23   9019624
  3.407245e+01   7.194746e-25   1.228368e-02   2.811668e-23   8937420
  3.411497e+01   -7.235055e-25   1.227061e-02   2.810110e-23   8835200
  3.415748e+01   -1.096468e-23   1.226739e-02   2.806496e-23   8739332
  3.419998e+01   9.287335e-24   1.227099e-02   2.794664e-23   8648112
  3.424250e+01   -9.278596e-23   1.227159e-02   2.794691e-23   8553372
  3.428501e+01   6.673218e-23   1.227728e-02   2.780403e-23   8461944
  3.432753e+01   -4.825795e-23   1.227227e-02   2.776321e-23   8363348
  3.437004e+01   2.839970e-23   1.227148e-02   2.774033e-23   8267792
  3.441254e+01   -1.298141e-23   1.226640e-02   2.768116e-23   8169380
  3.445505e+01   -1.150346e-22   1.227807e-02   2.763640e-23   8081008
  3.449756e+01   -1.922278e-23   1.226310e-02   2.755273e-23   7975632
  3.454006e+01   -1.840848e-23   1.227841e-02   2.756870e-23   7889116
  3.458257e+01   -8.153515e-24   1.226405e-02   2.740735e-23   7784008
  3.462508e+01   -3.638832e-23   1.227484e-02   2.741574e-23   7693848
  3.466759e+01   -1.584398e-23   1.226805e-02   2.735180e-23   7592468
  3.471010e+01   -6.326311e-23   1.227572e-02   2.726212e-23   7499076
  3.475262e+01   5.562174e-24   1.227790e-02   2.715382e-23   7402880
  3.479514e+01   -6.970104e-23   1.227043e-02   2.711435e-23   7300768
  3.483765e+01   -2.742401e-23   1.227061e-02   2.711370e-23   7203316
  3.488013e+01   -4.397812e-23   1.225476e-02   2.697866e-23   7095724
  3.492265e+01   9.068681e-24   1.229466e-02   2.691404e-23   7019608
  3.496518e+01   3.184830e-23   1.226138e-02   2.682500e-23   6901916
  3.500769e+01   6.041723e-23   1.227882e-02   2.677086e-23   6812952
  3.505019e+01   3.748605e-23   1.226209e-02   2.658371e-23   6704548
  3.509270e+01   1.091990e-22   1.227587e-02   2.659156e-23   6612168
  3.513521e+01   -2.219644e-23   1.227039e-02   2.634073e-23   6508628
  3.517773e+01   -2.982747e-23   1.227711e-02   2.626254e-23   6412072
  3.522024e+01   -9.128830e-24   1.226747e-02   2.613240e-23   6306660
  3.526274e+01   -4.768164e-23   1.226997e-02   2.595360e-23   6207592
  3.530523e+01   1.865601e-23   1.226489e-02   2.583094e-23   6103860
  3.534774e+01   2.535117e-23   1.227430e-02   2.561698e-23   6007184
  3.539025e+01   2.624572e-23   1.227513e-02   2.547625e-23   5905660
  3.543278e+01   2.192703e-24   1.227664e-02   2.515938e-23   5805132
  3.547529e+01   4.254046e-23   1.226925e-02   2.490482e-23   5700008
  3.551778e+01   -3.397773e-23   1.226294e-02   2.462144e-23   5594856
  3.556030e+01   1.486495e-23   1.228122e-02   2.437994e-23   5502341
  3.560283e+01   -2.195121e-23   1.227277e-02   2.409423e-23   5404852
  3.564533e+01   1.997064e-23   1.226768e-02   2.389742e-23   5313930
  3.568784e+01   2.127388e-23   1.227261e-02   2.368959e-23   5230396
  3.573035e+01   -3.450306e-23   1.226815e-02   2.349873e-23   5145158
  3.577285e+01   -1.074408e-23   1.227058e-02   2.331060e-23   5064506
  3.581538e+01   5.388187e-23   1.228142e-02   2.317043e-23   4989464
  3.585790e+01   7.731607e-24   1.226989e-02   2.299538e-23   4907486
  3.590041e+01   -7.333312e-24   1.226982e-02   2.286598e-23   4831952
  3.594292e+01   1.448466e-23   1.226933e-02   2.268996e-23   4757392
  3.598543e+01   1.584692e-24   1.227425e-02   2.260025e-23   4685902
  3.602794e+01   5.728451e-23   1.227136e-02   2.244255e-23   4612826
  3.607044e+01   3.292667e-23   1.227059e-02   2.226543e-23   4542436
  3.611296e+01   -7.378912e-23   1.227508e-02   2.220001e-23   4475408
  3.615546e+01   -1.210704e-23   1.226173e-02   2.204384e-23   4402686
  3.619797e+01   -4.177211e-23   1.227689e-02   2.198354e-23   4340854
  3.624049e+01   8.967071e-24   1.227466e-02   2.182244e-23   4273862
  3.628301e+01   1.276614e-23   1.227237e-02   2.178233e-23   4208538
  3.632551e+01   2.606680e-23   1.226532e-02   2.164159e-23   4142584
  3.636801e+01   3.654071e-23   1.226978e-02   2.154891e-23   4081232
  3.641052e+01   2.921482e-23   1.227225e-02   2.142858e-23   4019668
  3.645304e+01   -4.609891e-23   1.228203e-02   2.136294e-23   3961416
  3.649557e+01   5.255528e-23   1.227387e-02   2.126157e-23   3898848
  3.653807e+01   6.849473e-23   1.226366e-02   2.115831e-23   3836718
  3.658056e+01   4.079530e-23   1.226607e-02   2.112506e-23   3779272
  3.662306e+01   3.747779e-23   1.226675e-02   2.099379e-23   3721434
  3.666558e+01   7.502667e-23   1.228126e-02   2.093088e-23   3668198
  3.670811e+01   2.281355e-23   1.227910e-02   2.088728e-23   3611346
  3.675062e+01   5.657661e-23   1.226582e-02   2.080220e-23   3552442
  3.679312e+01   2.974679e-23   1.226935e-02   2.070253e-23   3498908
  3.683563e+01   -4.027109e-24   1.227192e-02   2.066973e-23   3445382
  3.687814e+01   -2.916626e-23   1.227356e-02   2.060152e-23   3392244
  3.692066e+01   -3.534948e-24   1.227344e-02   2.052340e-23   3339634
  3.696317e+01   3.412924e-23   1.226899e-02   2.047475e-23   3286752
  3.700566e+01   1.865321e-23   1.226327e-02   2.042161e-23   3234180
  3.704816e+01   5.384664e-23   1.226838e-02   2.034371e-23   3184556
  3.709068e+01   3.656659e-23   1.228145e-02   2.034606e-23   3137238
  3.713322e+01   3.685230e-23   1.228151e-02   2.023337e-23   3087670
  3.717574e+01   -6.019890e-23   1.227426e-02   2.015472e-23   3037460
  3.721824e+01   1.986074e-23   1.225819e-02   2.017490e-23   2985736
  3.726072e+01   -2.459480e-23   1.226565e-02   2.012834e-23   2939708
  3.730324e+01   -3.367988e-23   1.228621e-02   2.007682e-23   2897012
  3.734577e+01   3.012175e-24   1.227048e-02   2.006959e-23   2846890
  3.738827e+01   5.223479e-24   1.226277e-02   1.998507e-23   2799588
  3.743076e+01   -1.188409e-23   1.226558e-02   1.994763e-23   2754954
  3.747326e+01   -4.616152e-23   1.227308e-02   1.998455e-23   2711500
  3.751579e+01   -2.607064e-23   1.228240e-02   1.995877e-23   2669006
  3.755830e+01   1.942508e-23   1.226335e-02   1.989389e-23   2621264
  3.760081e+01   -5.124027e-23   1.227565e-02   1.987440e-23   2580726
  3.764332e+01   -3.564125e-23   1.226856e-02   1.984336e-23   2536470
  3.768582e+01   -5.422367e-23   1.226978e-02   1.983034e-23   2494370
  3.772834e+01   3.897431e-23   1.227534e-02   1.983675e-23   2453556
  3.777086e+01   2.223957e-23   1.228047e-02   1.980722e-23   2413246
  3.781339e+01   -3.322851e-25   1.227197e-02   1.977952e-23   2370914
  3.785589e+01   -5.141173e-23   1.226887e-02   1.980297e-23   2330126
  3.789840e+01   -1.976574e-24   1.227428e-02   1.977238e-23   2291406
  3.794091e+01   -3.571020e-23   1.226463e-02   1.981435e-23   2250410
  3.798340e+01   -4.298377e-24   1.226403e-02   1.982098e-23   2211486
  3.802590e+01   -4.007335e-23   1.227094e-02   1.981468e-23   2174194
  3.806841e+01   -9.811826e-24   1.227271e-02   1.981760e-23   2136416
  3.811093e+01   1.158445e-23   1.227972e-02   1.981455e-23   2100070
  3.815344e+01   8.049363e-25   1.226224e-02   1.989431e-23   2060026
  3.819594e+01   -3.864385e-23   1.227745e-02   1.980332e-23   2025910
  3.823846e+01   -1.578306e-23   1.227012e-02   1.982278e-23   1988576
  3.828096e+01   -3.599275e-23   1.226824e-02   1.986013e-23   1952610
  3.832347e+01   -1.637760e-23   1.226944e-02   1.990610e-23   1917470
  3.836597e+01   4.806268e-23   1.226960e-02   1.990276e-23   1882484
  3.840848e+01   -1.979536e-23   1.227230e-02   1.993787e-23   1848262
  3.845101e+01   1.046407e-23   1.228531e-02   1.993146e-23   1816024
  3.849355e+01   -3.493353e-23   1.227230e-02   2.001177e-23   1780418
  3.853605e+01   -4.222879e-23   1.226815e-02   2.004121e-23   1746576
  3.857856e+01   2.677354e-23   1.227451e-02   2.008276e-23   1714622
  3.862107e+01   -1.331862e-24   1.227068e-02   2.009889e-23   1681692
  3.866358e+01   -5.116775e-23   1.226987e-02   2.010198e-23   1649574
  3.870606e+01   -2.846668e-23   1.225405e-02   2.017281e-23   1615788
  3.874855e+01   -2.675446e-23   1.227462e-02   2.025086e-23   1587064
  3.879108e+01   -6.509656e-23   1.227930e-02   2.028522e-23   1556598
  3.883360e+01   9.679069e-24   1.227389e-02   2.033937e-23   1525380
  3.887612e+01   2.435452e-23   1.227468e-02   2.040375e-23   1495360
  3.891863e+01   -2.572666e-23   1.226450e-02   2.048857e-23   1464370
  3.896112e+01   2.379562e-23   1.227040e-02   2.052313e-23   1435656
  3.900363e+01   1.181410e-23   1.226801e-02   2.059861e-23   1406304
  3.904613e+01   1.472932e-23   1.226859e-02   2.065682e-23   1377628
  3.908864e+01   7.095421e-24   1.227348e-02   2.075672e-23   1349744
  3.913115e+01   2.214759e-23   1.227337e-02   2.082175e-23   1321682
  3.917367e+01   -6.049886e-24   1.227639e-02   2.085377e-23   1294376
  3.921619e+01   2.955536e-23   1.227256e-02   2.103280e-23   1266768
  3.925869e+01   3.783206e-23   1.226510e-02   2.105660e-23   1239172
  3.930118e+01   1.385436e-23   1.226095e-02   2.118205e-23   1212224
  3.934367e+01   -5.133197e-23   1.226955e-02   2.125693e-23   1186796
  3.938619e+01   2.226332e-23   1.227613e-02   2.136627e-23   1161432
  3.942870e+01   1.244471e-23   1.227171e-02   2.150809e-23   1135408
  3.947122e+01   2.707418e-23   1.227296e-02   2.156015e-23   1110324
  3.951374e+01   3.430602e-23   1.227570e-02   2.173260e-23   1085680
  3.955625e+01   2.350834e-23   1.226737e-02   2.189779e-23   1060364
  3.959875e+01   2.847667e-23   1.227507e-02   2.195329e-23   1036736
  3.964128e+01   -3.235194e-24   1.228225e-02   2.206373e-23   1013388
  3.968380e+01   -1.313642e-23   1.226708e-02   2.224215e-23   988656
  3.972630e+01   -9.774891e-24   1.226695e-02   2.231834e-23   965530
  3.976879e+01   3.311100e-23   1.225942e-02   2.255238e-23   942100
  3.981127e+01   -6.061644e-24   1.226457e-02   2.272996e-23   919888
  3.985377e+01   5.092321e-23   1.226597e-02   2.287443e-23   897628
  3.989627e+01   3.099951e-23   1.227002e-02   2.294537e-23   875856
  3.993878e+01   4.146011e-23   1.227840e-02   2.315424e-23   854736
  3.998132e+01   -7.853362e-24   1.228018e-02   2.332987e-23   833510
  4.002385e+01   3.261695e-23   1.227248e-02   2.348383e-23   811976
  4.006635e+01   5.084107e-23   1.226626e-02   2.359876e-23   790844
  4.010884e+01   5.204988e-23   1.226521e-02   2.394381e-23   770320
  4.015135e+01   6.100337e-25   1.227665e-02   2.404682e-23   750838
  4.019387e+01   3.807381e-23   1.227491e-02   2.432899e-23   730864
  4.023638e+01   1.826869e-23   1.226816e-02   2.445868e-23   710984
  4.027888e+01   2.482721e-23   1.226909e-02   2.471406e-23   691894
  4.032138e+01   2.216622e-23   1.226442e-02   2.488919e-23   672776
  4.036388e+01   4.493783e-23   1.226826e-02   2.529286e-23   654372
  4.040638e+01   4.736888e-24   1.226215e-02   2.542683e-23   635682
  4.044886e+01   -3.548829e-23   1.225955e-02   2.576632e-23   617460
  4.049134e+01   7.272492e-24   1.226707e-02   2.604640e-23   600024
  4.053385e+01   1.029961e-22   1.227362e-02   2.640196e-23   582830
  4.057638e+01   2.158118e-23   1.228135e-02   2.650065e-23   566000
  4.061890e+01   1.259918e-22   1.226617e-02   2.692859e-23   548458
  4.066141e+01   -2.711866e-23   1.227047e-02   2.716093e-23   532084
  4.070391e+01   -2.557589e-23   1.226296e-02   2.752653e-23   515440
  4.074640e+01   -2.278481e-23   1.225813e-02   2.787539e-23   499174
  4.078887e+01   -5.280698e-23   1.225821e-02   2.830219e-23   483368
  4.083136e+01   -2.368513e-24   1.227023e-02   2.849028e-23   468270
  4.087389e+01   1.169257e-23   1.228696e-02   2.891037e-23   453568
  4.091643e+01   6.503997e-24   1.227409e-02   2.944082e-23   438106
  4.095894e+01   3.851246e-23   1.227469e-02   2.991638e-23   423508
  4.100145e+01   8.631251e-23   1.226141e-02   3.027119e-23   408754
  4.104393e+01   1.336339e-23   1.225820e-02   3.071990e-23   394612
  4.108642e+01   -1.814347e-23   1.225930e-02   3.123119e-23   380826
  4.112890e+01   -2.616687e-23   1.225454e-02   3.170055e-23   367086
  4.117139e+01   3.818745e-23   1.226090e-02   3.216352e-23   353904
  4.121389e+01   2.711476e-23   1.227137e-02   3.262981e-23   341046
  4.125641e+01   9.752221e-24   1.227131e-02   3.335796e-23   328144
  4.129892e+01   6.048897e-23   1.227396e-02   3.392893e-23   315598
  4.134144e+01   -6.502583e-24   1.228177e-02   3.449108e-23   303466
  4.138397e+01   1.434201e-22   1.228223e-02   3.504634e-23   291456
  4.142650e+01   6.807554e-23   1.227604e-02   3.571662e-23   279614
  4.146899e+01   8.420145e-23   1.225106e-02   3.674769e-23   267680
  4.151144e+01   -2.057451e-23   1.224457e-02   3.712955e-23   256438
  4.155391e+01   1.164512e-22   1.224802e-02   3.803574e-23   245618
  4.159638e+01   -2.566704e-23   1.223546e-02   3.897092e-23   234708
  4.163882e+01   6.375836e-23   1.223171e-02   3.965475e-23   224210
  4.168126e+01   2.326051e-23   1.223403e-02   4.045056e-23   214046
  4.172371e+01   -5.382629e-24   1.223949e-02   4.115614e-23   204152
  4.176619e+01   -5.392140e-23   1.225107e-02   4.225636e-23   194558
  4.180866e+01   -9.491971e-23   1.225135e-02   4.340108e-23   185018
  4.185115e+01   4.696930e-23   1.226437e-02   4.437600e-23   175918
  4.189365e+01   -9.311074e-23   1.227339e-02   4.541025e-23   166992
  4.193617e+01   -3.492303e-23   1.228038e-02   4.678410e-23   158294
  4.197870e+01   8.905169e-23   1.228439e-02   4.801606e-23   149842
  4.202124e+01   -4.449390e-23   1.227461e-02   4.958824e-23   141530
  4.206372e+01   -5.849277e-23   1.224204e-02   5.098314e-23   133284
  4.210617e+01   7.851371e-23   1.222942e-02   5.213898e-23   125546
  4.214861e+01   -2.515557e-23   1.220458e-02   5.403276e-23   117950
  4.219103e+01   -1.253367e-22   1.219441e-02   5.551844e-23   110746
  4.223344e+01   -1.903656e-23   1.215920e-02   5.763325e-23   103572
  4.227581e+01   -1.376517e-22   1.214429e-02   5.949884e-23   96818
  4.231818e+01   5.778298e-23   1.212533e-02   6.172066e-23   90262
  4.236054e+01   2.641759e-24   1.210927e-02   6.405183e-23   83970
  4.240287e+01   7.738379e-23   1.207941e-02   6.613571e-23   77846
  4.244517e+01   1.395608e-22   1.204821e-02   6.992474e-23   71984
  4.248745e+01   1.009031e-22   1.202292e-02   7.187039e-23   66398
  4.252973e+01   1.869731e-23   1.200147e-02   7.521314e-23   61058
  4.257200e+01   8.624209e-23   1.198286e-02   7.895847e-23   55958
  4.261428e+01   -4.755536e-23   1.196279e-02   8.247006e-23   51082
  4.265654e+01   -1.291138e-22   1.192707e-02   8.668811e-23   46398
  4.269877e+01   -6.391291e-23   1.188372e-02   9.096745e-23   41954
  4.274096e+01   2.176869e-22   1.182018e-02   9.725852e-23   37718
  4.278311e+01   3.582357e-23   1.175253e-02   1.013523e-22   33736
  4.282524e+01   -1.302059e-22   1.169132e-02   1.097803e-22   30006
  4.286737e+01   1.048226e-22   1.164907e-02   1.158829e-22   26522
  4.290955e+01   -1.317892e-22   1.162191e-02   1.236925e-22   23254
  4.295172e+01   -2.776049e-22   1.158330e-02   1.305361e-22   20178
  4.299391e+01   -5.245475e-23   1.156315e-02   1.466530e-22   17342
  4.303612e+01   -2.174400e-22   1.154632e-02   1.539566e-22   14714
  4.307837e+01   1.397098e-22   1.155162e-02   1.736518e-22   12310
  4.312059e+01   3.555572e-22   1.152174e-02   1.909968e-22   10098
  4.316283e+01   7.145159e-22   1.151731e-02   2.096709e-22   8126
  4.320507e+01   -4.594371e-22   1.151119e-02   2.366709e-22   6362
  4.324736e+01   -6.387924e-22   1.155455e-02   2.693258e-22   4822
  4.328956e+01   -6.524371e-22   1.148980e-02   3.205422e-22   3474
  4.333169e+01   -3.256326e-22   1.147690e-02   4.192749e-22   2366
  4.337376e+01   -1.250238e-21   1.144014e-02   4.859137e-22   1466
  4.341590e+01   -5.508321e-22   1.170054e-02   6.806140e-22   790
  4.345704e+01   2.267374e-21   1.106884e-02   1.080764e-21   306
  4.349554e+01   1.740549e-21   9.430857e-03   2.546185e-21   62
