# cross spectrum of phi(z1) and phi(z2)
# redshift z=0.098916
# k              Pk             sigma(k)       sigma(Pk)      count
  3.132125e-02   5.777170e-11   4.792454e-03   1.591522e-11   18
  6.745391e-02   2.639755e-11   1.159167e-02   2.645366e-12   152
  1.090113e-01   9.129675e-12   1.224347e-02   4.576079e-13   416
  1.497134e-01   4.050171e-12   1.165022e-02   1.633203e-13   770
  1.923472e-01   2.088786e-12   1.247860e-02   6.264167e-14   1364
  2.350444e-01   1.188648e-12   1.221820e-02   2.937428e-14   1976
  2.775930e-01   7.286902e-13   1.245022e-02   1.621468e-14   2792
  3.193857e-01   4.938250e-13   1.188722e-02   9.630759e-15   3578
  3.615292e-01   3.253322e-13   1.219808e-02   6.121498e-15   4724
  4.045273e-01   2.258393e-13   1.253838e-02   3.915761e-15   6032
  4.469941e-01   1.526341e-13   1.206640e-02   2.722969e-15   7072
  4.890810e-01   1.170260e-13   1.222555e-02   2.023614e-15   8634
  5.318886e-01   8.531379e-14   1.238102e-02   1.456433e-15   10336
  5.746708e-01   5.871260e-14   1.232804e-02   1.091662e-15   11940
  6.167490e-01   4.300749e-14   1.208586e-02   8.778869e-16   13490
  6.588740e-01   3.140756e-14   1.221778e-02   7.060715e-16   15656
  7.016595e-01   2.462528e-14   1.241043e-02   5.627282e-16   18008
  7.443680e-01   1.812020e-14   1.227786e-02   4.541243e-16   19964
  7.867827e-01   1.333434e-14   1.226437e-02   3.716318e-16   22354
  8.291404e-01   1.021562e-14   1.212327e-02   3.221472e-16   24648
  8.716536e-01   7.462091e-15   1.233244e-02   2.709974e-16   27592
  9.142068e-01   5.389474e-15   1.230127e-02   2.334662e-16   30152
  9.566749e-01   4.056294e-15   1.227622e-02   2.011759e-16   33046
  9.991233e-01   2.568830e-15   1.221538e-02   1.754848e-16   35992
  1.041693e+00   1.907210e-15   1.229906e-02   1.546708e-16   39304
  1.084289e+00   1.458806e-15   1.232858e-02   1.323338e-16   42608
  1.126820e+00   9.830619e-16   1.223307e-02   1.210459e-16   45758
  1.169340e+00   9.585564e-16   1.228914e-02   1.051347e-16   49536
  1.211695e+00   5.354867e-16   1.215683e-02   9.550152e-17   52488
  1.254054e+00   3.508515e-16   1.233851e-02   8.361967e-17   57034
  1.296605e+00   2.429005e-16   1.224458e-02   7.581930e-17   60648
  1.339187e+00   2.497753e-16   1.230532e-02   6.801471e-17   65044
  1.381689e+00   2.265270e-16   1.223104e-02   6.295517e-17   68720
  1.424202e+00   6.868077e-17   1.231312e-02   5.602660e-17   73538
  1.466870e+00   6.243102e-17   1.230776e-02   5.109451e-17   78080
  1.509304e+00   -1.139319e-17   1.215944e-02   4.682810e-17   81572
  1.551677e+00   1.660286e-16   1.232495e-02   4.248211e-17   87248
  1.594353e+00   1.328429e-17   1.233837e-02   3.937564e-17   92266
  1.636929e+00   6.259464e-17   1.225268e-02   3.574798e-17   96696
  1.679216e+00   5.272131e-17   1.215041e-02   3.311677e-17   100904
  1.721516e+00   3.063058e-17   1.226207e-02   3.044790e-17   107036
  1.764192e+00   2.676177e-17   1.235795e-02   2.757188e-17   113362
  1.806923e+00   -1.254948e-17   1.228837e-02   2.582265e-17   118176
  1.849351e+00   2.532835e-17   1.221864e-02   2.387520e-17   122944
  1.891857e+00   -8.041979e-17   1.233203e-02   2.205547e-17   129902
  1.934420e+00   -8.446645e-18   1.224691e-02   2.058037e-17   134944
  1.976863e+00   -5.799644e-17   1.225992e-02   1.903642e-17   140952
  2.019285e+00   -6.381593e-17   1.225865e-02   1.777715e-17   147072
  2.061737e+00   -5.269282e-17   1.224320e-02   1.671986e-17   153382
  2.104357e+00   -6.737279e-17   1.233049e-02   1.558903e-17   160952
  2.147003e+00   -4.837185e-17   1.228118e-02   1.450826e-17   166640
  2.189431e+00   -4.800451e-17   1.222861e-02   1.355858e-17   172448
  2.231915e+00   -3.288675e-17   1.231031e-02   1.275175e-17   180594
  2.274471e+00   -1.070929e-17   1.224284e-02   1.191420e-17   186556
  2.316888e+00   -2.112388e-17   1.225358e-02   1.119998e-17   193528
  2.359297e+00   -2.966470e-17   1.224273e-02   1.056509e-17   200626
  2.401844e+00   -3.331785e-17   1.230642e-02   9.887908e-18   209256
  2.444460e+00   -7.622112e-18   1.227865e-02   9.329303e-18   216020
  2.487004e+00   -3.658255e-18   1.230299e-02   8.840562e-18   223768
  2.529444e+00   1.031208e-18   1.222313e-02   8.284054e-18   230234
  2.571955e+00   1.382000e-17   1.229969e-02   7.815959e-18   239800
  2.614499e+00   -6.953879e-18   1.225221e-02   7.388867e-18   246568
  2.656957e+00   8.789816e-19   1.227331e-02   7.053898e-18   254828
  2.699414e+00   9.750135e-19   1.225769e-02   6.612399e-18   263074
  2.741981e+00   -1.263999e-17   1.228604e-02   6.216763e-18   272312
  2.784554e+00   -1.886222e-18   1.228079e-02   5.926516e-18   280376
  2.827093e+00   -2.768472e-17   1.228600e-02   5.616163e-18   288884
  2.869605e+00   -1.451851e-17   1.227401e-02   5.283556e-18   297602
  2.912071e+00   -1.861175e-17   1.223046e-02   5.065064e-18   305520
  2.954561e+00   -1.330829e-17   1.230079e-02   4.826763e-18   315976
  2.996984e+00   -5.744637e-18   1.221089e-02   4.570174e-18   322778
  3.039488e+00   -6.935979e-18   1.232008e-02   4.323132e-18   335372
  3.082114e+00   -5.157720e-18   1.227327e-02   4.120261e-18   343464
  3.124654e+00   3.391997e-18   1.228282e-02   3.916562e-18   352912
  3.167174e+00   -1.459206e-17   1.228199e-02   3.742651e-18   362666
  3.209689e+00   -1.749272e-18   1.225476e-02   3.574725e-18   371884
  3.252186e+00   -1.894751e-18   1.227971e-02   3.400050e-18   382280
  3.294633e+00   -6.783668e-18   1.224302e-02   3.256996e-18   390888
  3.337059e+00   -1.578647e-18   1.226867e-02   3.087900e-18   402234
  3.379565e+00   -7.496414e-18   1.225933e-02   2.951480e-18   412576
  3.422105e+00   4.393526e-18   1.228715e-02   2.803600e-18   423732
  3.464636e+00   -1.058287e-17   1.227257e-02   2.703887e-18   433624
  3.507180e+00   -1.572225e-18   1.228881e-02   2.590149e-18   445154
  3.549739e+00   -4.737138e-18   1.227656e-02   2.467474e-18   455584
  3.592238e+00   -5.865236e-19   1.225887e-02   2.361458e-18   465588
  3.634685e+00   -4.937683e-18   1.226065e-02   2.262259e-18   476762
  3.677219e+00   -3.400889e-19   1.229242e-02   2.166734e-18   489552
  3.719789e+00   1.155864e-19   1.227853e-02   2.068997e-18   500328
  3.762251e+00   1.343214e-18   1.223705e-02   1.981998e-18   509852
  3.804741e+00   1.330001e-17   1.229735e-02   1.898166e-18   524234
  3.847275e+00   -1.406825e-19   1.224781e-02   1.825254e-18   534104
  3.889779e+00   2.278793e-18   1.228211e-02   1.746052e-18   547048
  3.932320e+00   3.072191e-18   1.229545e-02   1.684042e-18   559328
  3.974872e+00   8.136543e-18   1.228346e-02   1.609952e-18   571326
  4.017355e+00   7.434482e-18   1.224147e-02   1.556308e-18   581920
  4.059804e+00   6.010830e-18   1.225835e-02   1.489537e-18   594832
  4.102282e+00   5.332743e-18   1.227222e-02   1.435184e-18   608048
  4.144825e+00   2.129051e-18   1.228101e-02   1.381217e-18   621526
  4.187356e+00   4.144830e-19   1.226445e-02   1.320673e-18   633240
  4.229822e+00   1.269851e-18   1.225981e-02   1.269322e-18   645472
  4.272346e+00   -1.098387e-18   1.230137e-02   1.226633e-18   660906
  4.314903e+00   2.300495e-18   1.227030e-02   1.180939e-18   672856
  4.357425e+00   9.242219e-19   1.226838e-02   1.140197e-18   685980
  4.399921e+00   2.287807e-18   1.227191e-02   1.092325e-18   699256
  4.442476e+00   6.027724e-19   1.229990e-02   1.050838e-18   714730
  4.484986e+00   3.089847e-19   1.223739e-02   1.018917e-18   725152
  4.527452e+00   5.379280e-19   1.227054e-02   9.796094e-19   740420
  4.569941e+00   5.393850e-19   1.227636e-02   9.458187e-19   754312
  4.612456e+00   -1.566027e-19   1.227959e-02   9.101819e-19   769114
  4.654996e+00   1.409189e-18   1.227684e-02   8.773699e-19   783488
  4.697459e+00   2.525341e-19   1.223560e-02   8.514273e-19   794968
  4.739925e+00   8.477790e-19   1.228043e-02   8.194390e-19   812366
  4.782438e+00   5.546970e-19   1.226054e-02   7.914077e-19   825976
  4.825000e+00   -1.438611e-18   1.230088e-02   7.614805e-19   843352
  4.867591e+00   5.489851e-19   1.229290e-02   7.364015e-19   857280
  4.910094e+00   2.288185e-19   1.225276e-02   7.127345e-19   869542
  4.952587e+00   -3.719182e-19   1.228301e-02   6.858175e-19   887128
  4.995087e+00   1.370114e-18   1.225266e-02   6.634869e-19   900032
  5.037553e+00   2.756706e-19   1.226951e-02   6.416001e-19   916560
  5.080018e+00   -1.274533e-18   1.224713e-02   6.203922e-19   930922
  5.122540e+00   1.046230e-18   1.228718e-02   5.996523e-19   949844
  5.165149e+00   1.007653e-18   1.230776e-02   5.793986e-19   966736
  5.207698e+00   7.720037e-19   1.226328e-02   5.622811e-19   978776
  5.250149e+00   -5.315291e-20   1.225655e-02   5.437230e-19   994522
  5.292642e+00   -2.924956e-19   1.227563e-02   5.251909e-19   1012420
  5.335176e+00   1.615137e-18   1.228639e-02   5.070998e-19   1029408
  5.377640e+00   1.151824e-18   1.223362e-02   4.921738e-19   1041658
  5.420127e+00   5.735923e-19   1.228953e-02   4.782962e-19   1063520
  5.462635e+00   1.618072e-18   1.224276e-02   4.618486e-19   1075808
  5.505175e+00   -2.698085e-19   1.232008e-02   4.468787e-19   1098956
  5.547712e+00   4.471439e-19   1.224668e-02   4.340565e-19   1109810
  5.590179e+00   3.958848e-19   1.226115e-02   4.195038e-19   1128608
  5.632713e+00   1.687639e-19   1.229436e-02   4.070385e-19   1148264
  5.675250e+00   5.451787e-19   1.227167e-02   3.940517e-19   1163252
  5.717744e+00   7.822597e-19   1.226828e-02   3.819149e-19   1181042
  5.760239e+00   5.401288e-19   1.225730e-02   3.709683e-19   1197848
  5.802769e+00   1.044122e-18   1.229495e-02   3.587584e-19   1218848
  5.845291e+00   2.129209e-19   1.225944e-02   3.495496e-19   1232916
  5.887780e+00   3.092502e-19   1.227538e-02   3.381937e-19   1253002
  5.930266e+00   -2.534805e-20   1.224914e-02   3.285162e-19   1268576
  5.972763e+00   1.043847e-19   1.228621e-02   3.183929e-19   1290128
  6.015287e+00   1.703499e-19   1.227337e-02   3.088287e-19   1307402
  6.057820e+00   2.824549e-19   1.227649e-02   3.003498e-19   1327028
  6.100333e+00   5.661976e-19   1.225988e-02   2.919224e-19   1343648
  6.142842e+00   4.778439e-19   1.228087e-02   2.830012e-19   1364096
  6.185363e+00   2.051434e-19   1.227580e-02   2.752105e-19   1382730
  6.227896e+00   -1.215787e-19   1.227503e-02   2.677738e-19   1402164
  6.270416e+00   -1.144291e-19   1.227264e-02   2.599573e-19   1420464
  6.312883e+00   2.993323e-19   1.225519e-02   2.519313e-19   1437368
  6.355387e+00   -7.916148e-19   1.228857e-02   2.445387e-19   1461530
  6.397919e+00   -2.057193e-20   1.226028e-02   2.386369e-19   1478264
  6.440432e+00   -4.968386e-19   1.227561e-02   2.310262e-19   1499356
  6.482926e+00   -9.681527e-21   1.226095e-02   2.253902e-19   1517016
  6.525439e+00   -5.251246e-21   1.228340e-02   2.191369e-19   1540090
  6.567953e+00   2.184459e-19   1.226146e-02   2.128741e-19   1557360
  6.610434e+00   3.054704e-19   1.226770e-02   2.073857e-19   1577780
  6.652969e+00   7.376012e-19   1.230043e-02   2.012776e-19   1602578
  6.695499e+00   1.124759e-19   1.225417e-02   1.962652e-19   1617672
  6.737992e+00   3.233096e-19   1.227613e-02   1.905783e-19   1641016
  6.780486e+00   2.120847e-20   1.226032e-02   1.859588e-19   1659416
  6.822983e+00   4.160597e-19   1.227372e-02   1.802684e-19   1682670
  6.865529e+00   3.469885e-19   1.228276e-02   1.754627e-19   1705256
  6.908096e+00   3.084117e-19   1.228756e-02   1.705168e-19   1726312
  6.950582e+00   5.068983e-19   1.225056e-02   1.671614e-19   1741880
  6.993044e+00   6.615543e-20   1.226862e-02   1.621331e-19   1766454
  7.035588e+00   7.063048e-19   1.229242e-02   1.578355e-19   1791784
  7.078111e+00   -8.950476e-20   1.225558e-02   1.540892e-19   1807712
  7.120554e+00   2.075618e-19   1.225110e-02   1.500249e-19   1829002
  7.163037e+00   -1.420235e-19   1.226905e-02   1.456327e-19   1854216
  7.205602e+00   -5.976795e-20   1.229852e-02   1.421779e-19   1880156
  7.248150e+00   -1.478039e-19   1.227340e-02   1.383228e-19   1897568
  7.290651e+00   8.536927e-20   1.227390e-02   1.351723e-19   1920458
  7.333153e+00   -7.732486e-20   1.226399e-02   1.314609e-19   1942208
  7.375659e+00   -3.389464e-19   1.227125e-02   1.283051e-19   1965612
  7.418175e+00   -4.901543e-20   1.227855e-02   1.252652e-19   1989000
  7.460671e+00   -2.366955e-19   1.225786e-02   1.219653e-19   2009114
  7.503166e+00   8.707195e-20   1.226960e-02   1.187518e-19   2034464
  7.545695e+00   8.806888e-20   1.228070e-02   1.158598e-19   2058476
  7.588207e+00   5.284966e-20   1.227216e-02   1.131768e-19   2079648
  7.630693e+00   -7.347409e-20   1.226356e-02   1.102860e-19   2102578
  7.673222e+00   -1.717583e-19   1.228297e-02   1.073133e-19   2129928
  7.715766e+00   6.961152e-21   1.227893e-02   1.050219e-19   2152096
  7.758252e+00   7.206021e-20   1.225143e-02   1.025004e-19   2171142
  7.800741e+00   1.487681e-19   1.227660e-02   9.980767e-20   2200248
  7.843296e+00   1.496712e-19   1.228407e-02   9.733240e-20   2225216
  7.885842e+00   2.160948e-19   1.228377e-02   9.500545e-20   2248448
  7.928336e+00   6.144763e-20   1.225709e-02   9.279678e-20   2267942
  7.970840e+00   9.826770e-20   1.228420e-02   9.066660e-20   2298072
  8.013348e+00   -2.966016e-19   1.225627e-02   8.831046e-20   2317272
  8.055842e+00   1.295378e-19   1.227899e-02   8.627353e-20   2345808
  8.098322e+00   1.302095e-19   1.224988e-02   8.431085e-20   2365650
  8.140823e+00   -1.589070e-20   1.227972e-02   8.219564e-20   2396940
  8.183368e+00   2.441459e-19   1.227975e-02   8.033352e-20   2421272
  8.225892e+00   -8.525517e-20   1.227360e-02   7.829626e-20   2444576
  8.268407e+00   -5.873467e-20   1.227899e-02   7.646769e-20   2471490
  8.310912e+00   -4.833970e-20   1.225942e-02   7.481829e-20   2493180
  8.353397e+00   -1.842913e-19   1.227208e-02   7.301309e-20   2520952
  8.395888e+00   -2.823879e-19   1.226128e-02   7.152403e-20   2544946
  8.438392e+00   -1.357160e-19   1.227324e-02   6.974915e-20   2573856
  8.480922e+00   -1.343219e-19   1.227611e-02   6.809693e-20   2600016
  8.523447e+00   -4.233164e-20   1.227641e-02   6.649154e-20   2625484
  8.565959e+00   -1.404910e-19   1.227232e-02   6.500467e-20   2651122
  8.608519e+00   -2.271241e-19   1.229739e-02   6.354561e-20   2683488
  8.651014e+00   3.236239e-20   1.223786e-02   6.218253e-20   2696352
  8.693483e+00   -3.837052e-20   1.228468e-02   6.068648e-20   2733020
  8.736008e+00   3.501375e-20   1.227012e-02   5.934968e-20   2757378
  8.778525e+00   -2.194559e-19   1.227177e-02   5.804251e-20   2784864
  8.821036e+00   -2.392427e-19   1.227124e-02   5.671996e-20   2811168
  8.863496e+00   -1.513861e-19   1.224424e-02   5.548175e-20   2832274
  8.906020e+00   -4.427596e-20   1.230244e-02   5.412382e-20   2873636
  8.948567e+00   1.632477e-20   1.225951e-02   5.300379e-20   2890496
  8.991066e+00   -6.255046e-20   1.227940e-02   5.176353e-20   2921800
  9.033598e+00   -1.132835e-20   1.228441e-02   5.069930e-20   2951298
  9.076126e+00   -9.631504e-20   1.226510e-02   4.959411e-20   2975476
  9.118654e+00   -7.491334e-20   1.228550e-02   4.842471e-20   3007728
  9.161142e+00   -9.974896e-20   1.224754e-02   4.746974e-20   3025776
  9.203640e+00   -2.577122e-20   1.229182e-02   4.634584e-20   3065762
  9.246160e+00   -1.135169e-19   1.225283e-02   4.544624e-20   3084856
  9.288649e+00   -4.141210e-20   1.227594e-02   4.440231e-20   3118044
  9.331129e+00   -1.439618e-19   1.225728e-02   4.342137e-20   3141352
  9.373640e+00   -7.849767e-21   1.228814e-02   4.253239e-20   3179274
  9.416185e+00   -1.434069e-19   1.227073e-02   4.153672e-20   3204120
  9.458671e+00   -1.321209e-19   1.225444e-02   4.070538e-20   3227900
  9.501151e+00   -8.988527e-20   1.227489e-02   3.979636e-20   3262394
  9.543701e+00   4.971034e-21   1.228726e-02   3.895710e-20   3295680
  9.586236e+00   7.124214e-20   1.226866e-02   3.814759e-20   3319560
  9.628737e+00   -3.705120e-20   1.227228e-02   3.736289e-20   3348972
  9.671240e+00   8.511212e-20   1.227416e-02   3.655549e-20   3379722
  9.713763e+00   3.826881e-20   1.227339e-02   3.584254e-20   3410720
  9.756299e+00   5.257807e-20   1.227807e-02   3.501774e-20   3441504
  9.798787e+00   8.595045e-20   1.225320e-02   3.434431e-20   3463624
  9.841266e+00   6.399857e-20   1.227217e-02   3.363570e-20   3499790
  9.883803e+00   -1.913617e-20   1.228281e-02   3.288790e-20   3533560
  9.926350e+00   -1.474058e-20   1.227932e-02   3.218695e-20   3561920
  9.968836e+00   5.465456e-20   1.225683e-02   3.157353e-20   3585208
  1.001132e+01   -2.018488e-20   1.227674e-02   3.088726e-20   3622518
  1.005387e+01   7.953324e-20   1.228938e-02   3.025027e-20   3657584
  1.009637e+01   4.786998e-20   1.225003e-02   2.967828e-20   3676440
  1.013883e+01   7.685189e-20   1.226093e-02   2.905642e-20   3711282
  1.018134e+01   -8.541177e-21   1.227505e-02   2.843270e-20   3747696
  1.022386e+01   7.574595e-20   1.226890e-02   2.786347e-20   3776188
  1.026640e+01   5.356830e-20   1.229793e-02   2.729553e-20   3815304
  1.030893e+01   3.769837e-20   1.225864e-02   2.675212e-20   3835370
  1.035143e+01   -2.066124e-20   1.227570e-02   2.624956e-20   3873424
  1.039395e+01   -4.007470e-20   1.227191e-02   2.568425e-20   3903420
  1.043647e+01   2.371237e-20   1.228014e-02   2.516803e-20   3937624
  1.047898e+01   5.822399e-20   1.226404e-02   2.467214e-20   3965658
  1.052150e+01   1.901387e-20   1.227921e-02   2.417155e-20   4002984
  1.056400e+01   -2.312495e-20   1.226054e-02   2.372958e-20   4027928
  1.060647e+01   6.136693e-20   1.225976e-02   2.322678e-20   4059844
  1.064896e+01   8.585848e-20   1.227978e-02   2.273758e-20   4100338
  1.069151e+01   4.583081e-20   1.227651e-02   2.231096e-20   4132264
  1.073403e+01   8.606462e-20   1.227390e-02   2.185901e-20   4163216
  1.077652e+01   4.338490e-20   1.226459e-02   2.146399e-20   4193350
  1.081904e+01   5.871044e-20   1.228427e-02   2.098470e-20   4234456
  1.086156e+01   8.858837e-20   1.225632e-02   2.061005e-20   4257264
  1.090405e+01   7.292555e-20   1.227910e-02   2.019448e-20   4297352
  1.094656e+01   3.590389e-20   1.226998e-02   1.980928e-20   4328642
  1.098909e+01   4.774424e-20   1.228265e-02   1.941759e-20   4367948
  1.103158e+01   6.407120e-21   1.224720e-02   1.909316e-20   4388384
  1.107408e+01   3.386727e-20   1.228899e-02   1.866305e-20   4436648
  1.111661e+01   -1.031319e-20   1.227199e-02   1.833378e-20   4465658
  1.115915e+01   4.590758e-20   1.227871e-02   1.796017e-20   4502948
  1.120165e+01   1.128066e-21   1.225915e-02   1.761537e-20   4528880
  1.124413e+01   2.187374e-20   1.226872e-02   1.732093e-20   4566290
  1.128665e+01   4.076934e-20   1.228262e-02   1.693574e-20   4606856
  1.132917e+01   1.279674e-20   1.226621e-02   1.665075e-20   4635380
  1.137166e+01   5.327237e-20   1.226853e-02   1.631761e-20   4670384
  1.141417e+01   4.361004e-20   1.227665e-02   1.599237e-20   4709258
  1.145672e+01   -8.192816e-22   1.228130e-02   1.571009e-20   4747352
  1.149922e+01   4.838103e-20   1.225462e-02   1.542380e-20   4771664
  1.154171e+01   -9.036504e-21   1.227440e-02   1.510863e-20   4813532
  1.158423e+01   1.784250e-20   1.228175e-02   1.481554e-20   4852322
  1.162677e+01   4.190836e-20   1.227605e-02   1.456014e-20   4886480
  1.166928e+01   9.220556e-21   1.226516e-02   1.428201e-20   4917248
  1.171175e+01   2.532075e-20   1.226039e-02   1.402243e-20   4950828
  1.175428e+01   -1.202634e-20   1.229115e-02   1.374862e-20   5000170
  1.179682e+01   -3.842366e-21   1.226743e-02   1.352310e-20   5026952
  1.183930e+01   1.913605e-20   1.225870e-02   1.326841e-20   5058752
  1.188178e+01   2.974307e-20   1.227096e-02   1.300157e-20   5100722
  1.192431e+01   3.083071e-20   1.227592e-02   1.277857e-20   5140124
  1.196682e+01   -1.487568e-20   1.227175e-02   1.254656e-20   5174072
  1.200934e+01   1.197432e-20   1.227571e-02   1.230829e-20   5211608
  1.205185e+01   -9.087045e-21   1.227167e-02   1.207291e-20   5247794
  1.209436e+01   4.107277e-20   1.226763e-02   1.186167e-20   5284196
  1.213689e+01   -5.761223e-21   1.228663e-02   1.164375e-20   5328800
  1.217939e+01   -7.113923e-21   1.225244e-02   1.144199e-20   5350872
  1.222188e+01   -2.622303e-22   1.227843e-02   1.122091e-20   5400634
  1.226439e+01   -8.755293e-21   1.226116e-02   1.102655e-20   5430968
  1.230690e+01   1.752114e-20   1.228074e-02   1.081563e-20   5475908
  1.234942e+01   -2.222525e-20   1.227341e-02   1.062687e-20   5510016
  1.239194e+01   -1.417548e-20   1.227878e-02   1.042781e-20   5552114
  1.243448e+01   4.770546e-21   1.227536e-02   1.023733e-20   5588944
  1.247700e+01   1.480957e-20   1.227081e-02   1.006579e-20   5623828
  1.251949e+01   8.943537e-21   1.226652e-02   9.882566e-21   5660722
  1.256199e+01   9.523875e-21   1.226569e-02   9.717861e-21   5699896
  1.260450e+01   -1.892604e-20   1.227587e-02   9.525563e-21   5741936
  1.264701e+01   -6.236641e-21   1.227604e-02   9.368813e-21   5779568
  1.268952e+01   -2.195640e-20   1.227056e-02   9.210127e-21   5817222
  1.273202e+01   -2.137046e-20   1.226405e-02   9.040382e-21   5854600
  1.277454e+01   1.474322e-20   1.227916e-02   8.870129e-21   5900040
  1.281705e+01   -3.317483e-20   1.226601e-02   8.727218e-21   5931976
  1.285956e+01   -2.685049e-20   1.228040e-02   8.567381e-21   5979390
  1.290207e+01   1.533389e-21   1.226129e-02   8.421799e-21   6010200
  1.294458e+01   -4.194441e-20   1.227731e-02   8.276666e-21   6056496
  1.298708e+01   -8.239398e-21   1.226484e-02   8.134427e-21   6089504
  1.302958e+01   -1.378891e-20   1.227756e-02   7.980624e-21   6137114
  1.307210e+01   -2.378656e-20   1.226880e-02   7.849775e-21   6173332
  1.311461e+01   -2.971067e-20   1.227153e-02   7.712115e-21   6214128
  1.315711e+01   -2.595637e-20   1.226922e-02   7.578817e-21   6253874
  1.319964e+01   -1.670586e-20   1.227851e-02   7.443740e-21   6300104
  1.324216e+01   -6.641862e-21   1.226546e-02   7.315942e-21   6332612
  1.328467e+01   1.010374e-20   1.228096e-02   7.181916e-21   6379768
  1.332719e+01   -1.330396e-20   1.227439e-02   7.064746e-21   6418218
  1.336971e+01   -8.191031e-21   1.227344e-02   6.938709e-21   6459880
  1.341221e+01   -7.075590e-21   1.226446e-02   6.826841e-21   6495652
  1.345472e+01   9.039846e-21   1.228092e-02   6.705058e-21   6545296
  1.349724e+01   -2.540699e-21   1.226891e-02   6.590644e-21   6581570
  1.353974e+01   3.629998e-21   1.226098e-02   6.482326e-21   6618960
  1.358222e+01   3.049739e-21   1.226863e-02   6.367429e-21   6663352
  1.362471e+01   2.696571e-21   1.226151e-02   6.268528e-21   6701334
  1.366724e+01   -2.990642e-21   1.229005e-02   6.155175e-21   6759920
  1.370978e+01   1.458963e-21   1.226871e-02   6.056556e-21   6789696
  1.375229e+01   -3.599485e-21   1.227982e-02   5.951269e-21   6837208
  1.379481e+01   4.932640e-21   1.226997e-02   5.851346e-21   6874966
  1.383733e+01   2.869921e-21   1.227445e-02   5.750951e-21   6920864
  1.387984e+01   4.359394e-21   1.226703e-02   5.657578e-21   6957816
  1.392234e+01   -8.923188e-21   1.227258e-02   5.561336e-21   7002232
  1.396483e+01   -2.186563e-21   1.226616e-02   5.467369e-21   7043114
  1.400736e+01   9.921861e-21   1.228161e-02   5.375807e-21   7096020
  1.404988e+01   1.428457e-22   1.226958e-02   5.287400e-21   7130640
  1.409239e+01   3.475586e-21   1.227310e-02   5.197948e-21   7175472
  1.413489e+01   7.666202e-21   1.226899e-02   5.108448e-21   7217786
  1.417741e+01   -9.390729e-22   1.227600e-02   5.027686e-21   7265564
  1.421992e+01   3.600641e-21   1.226528e-02   4.943560e-21   7301288
  1.426240e+01   -4.065543e-21   1.226550e-02   4.861491e-21   7345330
  1.430491e+01   9.542515e-21   1.227621e-02   4.783812e-21   7397048
  1.434743e+01   2.266531e-21   1.226815e-02   4.708349e-21   7435920
  1.438994e+01   5.472180e-22   1.227688e-02   4.624643e-21   7484140
  1.443245e+01   1.962277e-20   1.227057e-02   4.549116e-21   7525578
  1.447497e+01   1.658926e-20   1.227007e-02   4.476542e-21   7571376
  1.451748e+01   9.427794e-21   1.227392e-02   4.407193e-21   7617064
  1.456001e+01   1.670259e-20   1.227782e-02   4.333262e-21   7662092
  1.460251e+01   1.366732e-20   1.226530e-02   4.263328e-21   7699658
  1.464502e+01   4.180999e-21   1.227578e-02   4.191135e-21   7752416
  1.468755e+01   1.542271e-20   1.227763e-02   4.124745e-21   7797776
  1.473004e+01   1.357596e-20   1.226070e-02   4.063558e-21   7831720
  1.477255e+01   1.433452e-20   1.227889e-02   3.987187e-21   7889926
  1.481507e+01   5.617261e-21   1.227192e-02   3.927023e-21   7931480
  1.485759e+01   1.067758e-20   1.227300e-02   3.860985e-21   7976688
  1.490006e+01   9.423636e-21   1.225048e-02   3.805519e-21   8007786
  1.494256e+01   2.176858e-20   1.228133e-02   3.738526e-21   8074564
  1.498510e+01   1.720331e-21   1.228034e-02   3.681634e-21   8118904
  1.502762e+01   9.309754e-21   1.226783e-02   3.623779e-21   8155824
  1.507013e+01   -2.068006e-22   1.228256e-02   3.560475e-21   8212802
  1.511265e+01   1.100551e-20   1.226047e-02   3.510350e-21   8245268
  1.515516e+01   9.195922e-21   1.228702e-02   3.448336e-21   8308816
  1.519769e+01   6.900829e-21   1.226520e-02   3.393587e-21   8340304
  1.524017e+01   6.674891e-21   1.226489e-02   3.342996e-21   8387738
  1.528267e+01   8.940579e-21   1.226883e-02   3.289779e-21   8437624
  1.532518e+01   3.736391e-21   1.227531e-02   3.237899e-21   8487796
  1.536768e+01   1.111316e-20   1.226572e-02   3.186142e-21   8527936
  1.541020e+01   9.361749e-21   1.227764e-02   3.136288e-21   8585122
  1.545272e+01   5.183872e-21   1.227170e-02   3.084547e-21   8628200
  1.549524e+01   3.152329e-21   1.227868e-02   3.037775e-21   8679484
  1.553776e+01   -2.969232e-21   1.226928e-02   2.990768e-21   8721466
  1.558025e+01   8.020954e-21   1.226318e-02   2.947905e-21   8765840
  1.562277e+01   6.739895e-21   1.228142e-02   2.895907e-21   8825136
  1.566528e+01   9.104656e-21   1.226701e-02   2.855916e-21   8861768
  1.570779e+01   3.555060e-21   1.227728e-02   2.809117e-21   8919278
  1.575031e+01   6.534219e-21   1.226638e-02   2.764599e-21   8961008
  1.579282e+01   2.518957e-21   1.227512e-02   2.721024e-21   9014456
  1.583534e+01   2.429731e-21   1.227527e-02   2.677581e-21   9062240
  1.587786e+01   1.874799e-21   1.227311e-02   2.637730e-21   9110510
  1.592036e+01   5.650204e-21   1.226582e-02   2.597283e-21   9154048
  1.596285e+01   5.103250e-22   1.226281e-02   2.559907e-21   9198928
  1.600534e+01   5.504080e-21   1.227531e-02   2.520055e-21   9257194
  1.604787e+01   5.615571e-21   1.227745e-02   2.475010e-21   9310168
  1.609038e+01   2.165591e-21   1.226530e-02   2.442529e-21   9350316
  1.613289e+01   2.308118e-21   1.227684e-02   2.403068e-21   9407120
  1.617541e+01   2.386105e-21   1.227300e-02   2.367797e-21   9454642
  1.621793e+01   7.709044e-21   1.227362e-02   2.330796e-21   9506272
  1.626044e+01   3.667931e-22   1.226942e-02   2.294515e-21   9551228
  1.630294e+01   -4.015496e-21   1.227038e-02   2.259505e-21   9600264
  1.634544e+01   5.221547e-21   1.227012e-02   2.225928e-21   9651458
  1.638796e+01   1.006039e-21   1.228049e-02   2.189859e-21   9711488
  1.643048e+01   7.596729e-21   1.226476e-02   2.159713e-21   9749144
  1.647299e+01   3.580116e-22   1.227613e-02   2.126419e-21   9807908
  1.651550e+01   2.884573e-21   1.227043e-02   2.094447e-21   9854786
  1.655803e+01   1.367624e-21   1.228107e-02   2.062303e-21   9914304
  1.660053e+01   -3.898095e-23   1.225867e-02   2.031875e-21   9945544
  1.664301e+01   3.097713e-21   1.226718e-02   2.000302e-21   10003414
  1.668552e+01   8.330407e-22   1.227468e-02   1.969136e-21   10062032
  1.672804e+01   5.400165e-22   1.227657e-02   1.939812e-21   10114792
  1.677058e+01   2.968271e-21   1.228180e-02   1.910021e-21   10169936
  1.681307e+01   2.641828e-21   1.225060e-02   1.884197e-21   10196602
  1.685558e+01   3.297279e-22   1.228906e-02   1.852613e-21   10281156
  1.689811e+01   2.637717e-21   1.226275e-02   1.826165e-21   10309376
  1.694060e+01   2.791494e-21   1.227427e-02   1.798317e-21   10369856
  1.698310e+01   -2.398581e-21   1.226425e-02   1.773100e-21   10415370
  1.702562e+01   -3.910031e-21   1.228018e-02   1.744770e-21   10481988
  1.706815e+01   1.908434e-21   1.227822e-02   1.719430e-21   10531200
  1.711066e+01   3.826063e-22   1.226163e-02   1.695523e-21   10569416
  1.715315e+01   2.863692e-22   1.227286e-02   1.670442e-21   10633066
  1.719568e+01   5.599161e-22   1.227546e-02   1.644996e-21   10687548
  1.723821e+01   5.895442e-22   1.228168e-02   1.618941e-21   10743968
  1.728072e+01   -2.850738e-21   1.226340e-02   1.597229e-21   10782130
  1.732321e+01   -3.145691e-21   1.226438e-02   1.575030e-21   10837792
  1.736571e+01   -1.277403e-21   1.227328e-02   1.551861e-21   10897368
  1.740823e+01   -5.010314e-21   1.227857e-02   1.527514e-21   10953940
  1.745075e+01   -2.847541e-21   1.227188e-02   1.506406e-21   11003274
  1.749325e+01   -1.933906e-21   1.226537e-02   1.484577e-21   11052800
  1.753577e+01   -5.456767e-22   1.228039e-02   1.460068e-21   11118176
  1.757829e+01   -1.300795e-21   1.227174e-02   1.441211e-21   11162268
  1.762078e+01   -2.292977e-21   1.226447e-02   1.420193e-21   11211458
  1.766328e+01   -4.751650e-22   1.226924e-02   1.399289e-21   11271888
  1.770579e+01   -4.941040e-22   1.227456e-02   1.377724e-21   11329304
  1.774829e+01   -2.518812e-21   1.226554e-02   1.357592e-21   11375026
  1.779081e+01   -3.779324e-21   1.227704e-02   1.338125e-21   11442532
  1.783332e+01   -2.781473e-21   1.226620e-02   1.321195e-21   11487264
  1.787583e+01   -2.651934e-21   1.227239e-02   1.300225e-21   11545680
  1.791835e+01   -5.597728e-21   1.227937e-02   1.282630e-21   11607058
  1.796089e+01   1.884738e-22   1.227970e-02   1.261784e-21   11664300
  1.800340e+01   -4.582116e-21   1.226785e-02   1.245549e-21   11707488
  1.804590e+01   -3.210720e-21   1.226647e-02   1.227990e-21   11759536
  1.808841e+01   -1.041301e-21   1.228470e-02   1.209955e-21   11833690
  1.813095e+01   -7.323908e-22   1.227017e-02   1.193815e-21   11877808
  1.817345e+01   -1.879089e-21   1.226311e-02   1.176323e-21   11925836
  1.821595e+01   9.041675e-22   1.227560e-02   1.159686e-21   11992168
  1.825846e+01   -8.531168e-22   1.227114e-02   1.142845e-21   12044554
  1.830097e+01   -4.623937e-22   1.226867e-02   1.127161e-21   12098976
  1.834346e+01   8.725296e-22   1.226469e-02   1.110731e-21   12149996
  1.838595e+01   1.384893e-22   1.226815e-02   1.095255e-21   12209594
  1.842847e+01   1.069741e-21   1.227993e-02   1.080816e-21   12279272
  1.847101e+01   -2.857736e-22   1.228002e-02   1.064686e-21   12336072
  1.851353e+01   1.577876e-21   1.226966e-02   1.049714e-21   12381744
  1.855604e+01   1.642067e-21   1.227227e-02   1.034995e-21   12441590
  1.859855e+01   2.020584e-22   1.227023e-02   1.020622e-21   12497256
  1.864105e+01   1.860380e-21   1.226730e-02   1.005592e-21   12550032
  1.868353e+01   -2.310387e-22   1.226474e-02   9.918279e-22   12603936
  1.872603e+01   6.975657e-22   1.227245e-02   9.782049e-22   12671230
  1.876857e+01   -1.975031e-21   1.228331e-02   9.645443e-22   12740920
  1.881110e+01   -9.882697e-22   1.227107e-02   9.516146e-22   12784560
  1.885359e+01   -5.775227e-24   1.226358e-02   9.379366e-22   12834176
  1.889610e+01   1.023997e-21   1.227865e-02   9.253134e-22   12909006
  1.893863e+01   3.953354e-23   1.227235e-02   9.120889e-22   12959680
  1.898113e+01   1.667068e-22   1.227020e-02   8.994942e-22   13014232
  1.902364e+01   -7.667769e-22   1.227262e-02   8.867845e-22   13076514
  1.906614e+01   -6.705862e-22   1.226274e-02   8.754185e-22   13127112
  1.910866e+01   1.384890e-21   1.228266e-02   8.616867e-22   13205852
  1.915119e+01   6.370743e-22   1.227282e-02   8.507079e-22   13252032
  1.919369e+01   9.988933e-22   1.226787e-02   8.402573e-22   13307450
  1.923620e+01   2.342066e-23   1.227402e-02   8.287344e-22   13374160
  1.927872e+01   -4.401071e-22   1.227027e-02   8.170575e-22   13426348
  1.932123e+01   3.442578e-21   1.227853e-02   8.055067e-22   13492760
  1.936373e+01   1.533131e-21   1.226457e-02   7.954353e-22   13539546
  1.940624e+01   5.258331e-22   1.227335e-02   7.841502e-22   13610704
  1.944875e+01   3.339571e-21   1.226734e-02   7.738902e-22   13662024
  1.949125e+01   1.615623e-22   1.227299e-02   7.634958e-22   13727492
  1.953377e+01   -3.881989e-22   1.227644e-02   7.529818e-22   13793394
  1.957629e+01   1.782281e-21   1.226862e-02   7.428824e-22   13844456
  1.961880e+01   1.640752e-21   1.227171e-02   7.322633e-22   13905184
  1.966130e+01   6.922513e-22   1.227189e-02   7.231063e-22   13965958
  1.970381e+01   2.117283e-21   1.226859e-02   7.137459e-22   14025192
  1.974632e+01   -1.155859e-21   1.227581e-02   7.040864e-22   14093768
  1.978884e+01   -1.328670e-22   1.227382e-02   6.944371e-22   14150440
  1.983136e+01   1.388152e-22   1.227452e-02   6.854231e-22   14213450
  1.987387e+01   7.627400e-22   1.226691e-02   6.764918e-22   14267036
  1.991638e+01   9.530891e-22   1.227427e-02   6.671959e-22   14335032
  1.995889e+01   4.972848e-22   1.226837e-02   6.591251e-22   14387664
  2.000139e+01   2.105078e-21   1.227308e-02   6.502714e-22   14455698
  2.004391e+01   2.005444e-22   1.227471e-02   6.417257e-22   14520452
  2.008643e+01   1.718139e-22   1.227399e-02   6.331025e-22   14580272
  2.012893e+01   4.104498e-22   1.226246e-02   6.246530e-22   14628050
  2.017144e+01   1.067199e-21   1.228393e-02   6.161812e-22   14716744
  2.021396e+01   1.029705e-21   1.226163e-02   6.089972e-22   14751712
  2.025646e+01   1.445699e-21   1.227782e-02   5.998401e-22   14831620
  2.029896e+01   1.290593e-22   1.226188e-02   5.928333e-22   14875522
  2.034146e+01   1.427677e-21   1.227585e-02   5.853838e-22   14956720
  2.038398e+01   -7.014049e-22   1.226799e-02   5.777613e-22   15008272
  2.042648e+01   -1.593811e-21   1.227113e-02   5.702944e-22   15073780
  2.046899e+01   -8.331983e-23   1.227601e-02   5.627061e-22   15144866
  2.051153e+01   -5.270830e-22   1.228021e-02   5.558055e-22   15213872
  2.055406e+01   -5.543762e-22   1.227172e-02   5.484046e-22   15263976
  2.059656e+01   -2.957519e-22   1.226689e-02   5.415085e-22   15320236
  2.063907e+01   -1.895484e-22   1.227747e-02   5.345308e-22   15398322
  2.068159e+01   1.796852e-22   1.226849e-02   5.279151e-22   15450864
  2.072409e+01   3.135750e-22   1.226949e-02   5.213754e-22   15513888
  2.076658e+01   -8.032627e-22   1.226638e-02   5.145637e-22   15574626
  2.080910e+01   4.833770e-22   1.227957e-02   5.081133e-22   15657956
  2.085162e+01   -3.830766e-22   1.226694e-02   5.017762e-22   15704248
  2.089412e+01   -6.875233e-22   1.227405e-02   4.951341e-22   15774824
  2.093664e+01   -1.898280e-21   1.227741e-02   4.890617e-22   15844898
  2.097916e+01   -1.293269e-21   1.226797e-02   4.832754e-22   15898956
  2.102166e+01   -1.084097e-22   1.226837e-02   4.772593e-22   15961768
  2.106416e+01   -4.835178e-22   1.227392e-02   4.712242e-22   16032208
  2.110668e+01   -2.097623e-23   1.227386e-02   4.656101e-22   16099530
  2.114918e+01   -2.376578e-22   1.226342e-02   4.599933e-22   16152712
  2.119169e+01   -1.005877e-22   1.227877e-02   4.540271e-22   16235740
  2.123421e+01   -5.926892e-22   1.227090e-02   4.484105e-22   16288856
  2.127673e+01   -1.489913e-21   1.227763e-02   4.431850e-22   16365074
  2.131925e+01   -1.295346e-22   1.226826e-02   4.378309e-22   16418248
  2.136173e+01   1.267846e-22   1.226229e-02   4.330175e-22   16473180
  2.140423e+01   -1.795154e-22   1.227796e-02   4.273597e-22   16560234
  2.144675e+01   -5.994065e-22   1.226818e-02   4.221379e-22   16616088
  2.148927e+01   -7.896371e-22   1.227653e-02   4.172595e-22   16693264
  2.153179e+01   -3.524932e-22   1.227410e-02   4.122087e-22   16753864
  2.157431e+01   3.969150e-22   1.227428e-02   4.071610e-22   16820702
  2.161682e+01   -1.801601e-22   1.226755e-02   4.026929e-22   16879288
  2.165933e+01   3.552841e-22   1.227311e-02   3.975270e-22   16951712
  2.170183e+01   3.928549e-22   1.226675e-02   3.928202e-22   17007560
  2.174434e+01   -1.462730e-22   1.227813e-02   3.882713e-22   17092086
  2.178685e+01   2.048436e-22   1.226906e-02   3.839348e-22   17148392
  2.182937e+01   4.572853e-22   1.227478e-02   3.796805e-22   17222288
  2.187188e+01   4.302574e-22   1.227236e-02   3.752333e-22   17285096
  2.191439e+01   1.279166e-22   1.226620e-02   3.713176e-22   17344826
  2.195689e+01   -2.536573e-22   1.227320e-02   3.667038e-22   17421236
  2.199941e+01   9.124316e-22   1.227792e-02   3.624596e-22   17494160
  2.204191e+01   6.750752e-22   1.226044e-02   3.589553e-22   17538122
  2.208440e+01   -7.368090e-22   1.226939e-02   3.544620e-22   17620136
  2.212692e+01   9.481339e-22   1.227875e-02   3.501805e-22   17700428
  2.216945e+01   3.175120e-22   1.227393e-02   3.462739e-22   17760320
  2.221196e+01   5.067631e-22   1.227224e-02   3.425066e-22   17827562
  2.225448e+01   1.227977e-21   1.227165e-02   3.386342e-22   17895488
  2.229699e+01   -2.460146e-22   1.227292e-02   3.350745e-22   17963576
  2.233950e+01   2.045187e-22   1.227046e-02   3.312096e-22   18027500
  2.238201e+01   -1.571480e-22   1.227533e-02   3.279397e-22   18105650
  2.242451e+01   -1.993702e-22   1.226508e-02   3.242431e-22   18160880
  2.246701e+01   1.174957e-22   1.226834e-02   3.208526e-22   18233144
  2.250951e+01   -2.269529e-22   1.227149e-02   3.172412e-22   18307310
  2.255203e+01   1.803479e-23   1.227368e-02   3.141237e-22   18381680
  2.259456e+01   -7.425073e-22   1.227489e-02   3.109530e-22   18450536
  2.263708e+01   6.751231e-22   1.227820e-02   3.073214e-22   18522128
  2.267959e+01   -2.863233e-22   1.226827e-02   3.043367e-22   18578414
  2.272209e+01   3.187761e-22   1.227113e-02   3.012860e-22   18654304
  2.276460e+01   5.472937e-22   1.227056e-02   2.981757e-22   18722304
  2.280712e+01   6.006497e-23   1.227777e-02   2.948996e-22   18802472
  2.284964e+01   -1.896076e-22   1.227092e-02   2.919792e-22   18864266
  2.289215e+01   4.447846e-22   1.226939e-02   2.894381e-22   18933260
  2.293465e+01   -3.001211e-23   1.226719e-02   2.863223e-22   18997448
  2.297715e+01   1.170657e-22   1.227581e-02   2.831642e-22   19079816
  2.301967e+01   -9.301607e-22   1.227098e-02   2.806623e-22   19145330
  2.306218e+01   3.262167e-22   1.227177e-02   2.779250e-22   19218276
  2.310469e+01   3.518758e-22   1.227113e-02   2.749757e-22   19286200
  2.314719e+01   -3.091769e-22   1.226583e-02   2.724293e-22   19349738
  2.318971e+01   -1.800576e-22   1.228286e-02   2.697495e-22   19450040
  2.323223e+01   -1.205146e-22   1.226363e-02   2.674662e-22   19489688
  2.327473e+01   2.629062e-22   1.227521e-02   2.647708e-22   19576868
  2.331724e+01   3.411463e-22   1.226932e-02   2.624260e-22   19640282
  2.335976e+01   2.759113e-22   1.227873e-02   2.600039e-22   19728800
  2.340226e+01   1.307973e-22   1.226095e-02   2.577931e-22   19770152
  2.344476e+01   9.499402e-22   1.227487e-02   2.554447e-22   19863516
  2.348729e+01   3.245149e-22   1.227855e-02   2.530448e-22   19943594
  2.352981e+01   1.054222e-22   1.227039e-02   2.509843e-22   20003440
  2.357232e+01   -2.607382e-22   1.227533e-02   2.490378e-22   20081768
  2.361483e+01   2.114176e-22   1.226475e-02   2.467182e-22   20136200
  2.365734e+01   2.442732e-23   1.228180e-02   2.446826e-22   20238094
  2.369985e+01   1.467449e-22   1.226458e-02   2.427140e-22   20282544
  2.374234e+01   -1.198676e-23   1.226291e-02   2.406965e-22   20351720
  2.378483e+01   1.627884e-22   1.227389e-02   2.387172e-22   20444714
  2.382735e+01   1.825135e-22   1.227112e-02   2.367991e-22   20515116
  2.386988e+01   1.350818e-22   1.228059e-02   2.348310e-22   20602384
  2.391241e+01   4.841609e-22   1.227266e-02   2.330160e-22   20659872
  2.395491e+01   1.722438e-22   1.226837e-02   2.313795e-22   20727682
  2.399742e+01   -1.534918e-22   1.227493e-02   2.296791e-22   20814416
  2.403994e+01   3.134062e-22   1.227261e-02   2.278321e-22   20881100
  2.408245e+01   4.853150e-22   1.227247e-02   2.261402e-22   20953688
  2.412495e+01   1.648455e-22   1.226662e-02   2.247071e-22   21021050
  2.416746e+01   -5.435804e-23   1.227556e-02   2.231766e-22   21111632
  2.420998e+01   3.668835e-22   1.227336e-02   2.215306e-22   21179972
  2.425248e+01   -7.993940e-23   1.226547e-02   2.200752e-22   21240488
  2.429499e+01   9.970653e-23   1.227368e-02   2.188835e-22   21331418
  2.433750e+01   3.384239e-22   1.226935e-02   2.177987e-22   21397304
  2.438000e+01   -3.015569e-22   1.226962e-02   2.158384e-22   21469764
  2.442251e+01   -2.555541e-22   1.227528e-02   2.143805e-22   21556122
  2.446502e+01   1.567606e-22   1.226591e-02   2.134553e-22   21618312
  2.450754e+01   -1.226526e-22   1.227924e-02   2.118138e-22   21716096
  2.455007e+01   -8.718431e-23   1.227488e-02   2.106366e-22   21781352
  2.459258e+01   -4.032850e-22   1.226971e-02   2.096931e-22   21848870
  2.463508e+01   3.221640e-22   1.227061e-02   2.086004e-22   21927536
  2.467760e+01   1.022532e-22   1.227518e-02   2.074287e-22   22008944
  2.472011e+01   -1.234297e-22   1.227146e-02   2.062325e-22   22076136
  2.476261e+01   1.194312e-22   1.226619e-02   2.052361e-22   22145270
  2.480513e+01   1.960107e-22   1.228149e-02   2.043122e-22   22250960
  2.484765e+01   1.222748e-22   1.226766e-02   2.034295e-22   22300864
  2.489015e+01   2.340069e-22   1.226874e-02   2.025004e-22   22378586
  2.493266e+01   3.248481e-22   1.227304e-02   2.018931e-22   22464104
  2.497518e+01   9.614979e-23   1.227483e-02   2.008570e-22   22542892
  2.501769e+01   -1.886509e-22   1.226849e-02   2.002050e-22   22606008
  2.506019e+01   5.123682e-23   1.227168e-02   1.990845e-22   22690002
  2.510269e+01   -1.423446e-22   1.226774e-02   1.986454e-22   22762216
  2.514519e+01   4.293338e-22   1.227552e-02   1.967889e-22   22815779
  2.518771e+01   -2.435629e-22   1.227093e-02   1.935625e-22   22772312
  2.523022e+01   -1.335221e-23   1.227169e-02   1.898347e-22   22733708
  2.527273e+01   -3.192128e-22   1.227376e-02   1.864059e-22   22697672
  2.531524e+01   -8.648194e-23   1.227003e-02   1.831493e-22   22651460
  2.535775e+01   -3.041831e-22   1.227280e-02   1.799893e-22   22616024
  2.540027e+01   -5.262232e-23   1.227723e-02   1.767478e-22   22583496
  2.544278e+01   -1.251430e-22   1.226384e-02   1.737557e-22   22519252
  2.548527e+01   -1.630236e-23   1.226879e-02   1.707021e-22   22488992
  2.552778e+01   2.588625e-23   1.227112e-02   1.677436e-22   22453172
  2.557030e+01   -4.008514e-22   1.227642e-02   1.650427e-22   22420584
  2.561282e+01   -6.044718e-22   1.227318e-02   1.623783e-22   22371700
  2.565533e+01   -4.395722e-23   1.227319e-02   1.593799e-22   22329896
  2.569784e+01   -3.596228e-22   1.227005e-02   1.569056e-22   22282876
  2.574035e+01   -2.150076e-22   1.227559e-02   1.542736e-22   22250692
  2.578286e+01   -3.692100e-23   1.226749e-02   1.516808e-22   22194436
  2.582536e+01   -3.306138e-22   1.226799e-02   1.494452e-22   22153540
  2.586787e+01   -2.609901e-22   1.227489e-02   1.468705e-22   22122584
  2.591039e+01   1.935238e-24   1.227183e-02   1.445769e-22   22073004
  2.595291e+01   4.150559e-23   1.227763e-02   1.424066e-22   22039640
  2.599542e+01   -1.103060e-22   1.226443e-02   1.401720e-22   21971624
  2.603793e+01   6.212983e-23   1.228039e-02   1.379487e-22   21955708
  2.608042e+01   -2.599164e-22   1.225538e-02   1.357746e-22   21867720
  2.612293e+01   1.248008e-22   1.228640e-02   1.336308e-22   21878900
  2.616545e+01   -9.743050e-23   1.226374e-02   1.316043e-22   21794260
  2.620796e+01   -2.941132e-22   1.227552e-02   1.296399e-22   21770256
  2.625048e+01   -2.976380e-22   1.227204e-02   1.276893e-22   21718124
  2.629299e+01   2.257299e-22   1.227162e-02   1.257796e-22   21671096
  2.633550e+01   1.273917e-22   1.227173e-02   1.239061e-22   21625412
  2.637801e+01   -3.788036e-22   1.227628e-02   1.220165e-22   21587284
  2.642052e+01   -1.831898e-22   1.226404e-02   1.201638e-22   21519648
  2.646302e+01   -1.900380e-22   1.227517e-02   1.185931e-22   21493344
  2.650554e+01   -1.331213e-22   1.227125e-02   1.168386e-22   21439360
  2.654805e+01   -1.614411e-22   1.227471e-02   1.150666e-22   21398900
  2.659058e+01   -1.042383e-22   1.227467e-02   1.134664e-22   21351488
  2.663308e+01   -1.385373e-22   1.226610e-02   1.119425e-22   21288012
  2.667559e+01   -2.736089e-22   1.227518e-02   1.101598e-22   21255052
  2.671810e+01   -2.633380e-22   1.226960e-02   1.086840e-22   21196928
  2.676060e+01   -8.854952e-23   1.226973e-02   1.071574e-22   21149036
  2.680311e+01   2.271479e-22   1.227206e-02   1.055864e-22   21105304
  2.684563e+01   -1.643548e-22   1.227410e-02   1.042352e-22   21059992
  2.688815e+01   1.183402e-22   1.227705e-02   1.027295e-22   21014904
  2.693067e+01   -8.317469e-23   1.227014e-02   1.014256e-22   20953620
  2.697317e+01   4.393924e-23   1.226991e-02   1.000535e-22   20902948
  2.701568e+01   -2.628837e-22   1.227225e-02   9.863010e-23   20856528
  2.705819e+01   -6.519677e-23   1.227379e-02   9.729481e-23   20808868
  2.710070e+01   1.036602e-22   1.226639e-02   9.598372e-23   20746700
  2.714319e+01   -7.142851e-23   1.226770e-02   9.474588e-23   20699040
  2.718571e+01   -1.018510e-22   1.227944e-02   9.347844e-23   20667584
  2.722822e+01   1.948463e-22   1.225995e-02   9.229406e-23   20583320
  2.727072e+01   -9.722960e-24   1.227843e-02   9.101825e-23   20562728
  2.731324e+01   7.201882e-23   1.227166e-02   8.983958e-23   20499120
  2.735575e+01   8.564934e-23   1.227335e-02   8.861834e-23   20448668
  2.739827e+01   -7.769112e-24   1.227231e-02   8.746132e-23   20394408
  2.744078e+01   -3.808069e-23   1.227328e-02   8.638354e-23   20344236
  2.748329e+01   7.227530e-23   1.227052e-02   8.532863e-23   20287988
  2.752580e+01   1.213937e-22   1.227218e-02   8.412887e-23   20237280
  2.756831e+01   1.175029e-23   1.226928e-02   8.312114e-23   20178328
  2.761083e+01   -5.725537e-23   1.227861e-02   8.205532e-23   20139844
  2.765335e+01   -5.103236e-23   1.226869e-02   8.104033e-23   20069748
  2.769585e+01   -9.805427e-23   1.227006e-02   8.005661e-23   20016800
  2.773835e+01   1.894016e-22   1.227057e-02   7.905835e-23   19962224
  2.778087e+01   -7.526774e-23   1.227954e-02   7.806743e-23   19923568
  2.782339e+01   1.897339e-23   1.226996e-02   7.713760e-23   19854300
  2.786590e+01   1.833353e-22   1.226862e-02   7.619366e-23   19797056
  2.790840e+01   5.289408e-23   1.227082e-02   7.520275e-23   19744940
  2.795091e+01   3.255593e-24   1.227270e-02   7.438603e-23   19691768
  2.799342e+01   1.007217e-22   1.226928e-02   7.346057e-23   19629548
  2.803593e+01   8.494529e-23   1.227096e-02   7.261507e-23   19575480
  2.807844e+01   1.050605e-22   1.227365e-02   7.173328e-23   19523296
  2.812096e+01   4.166153e-23   1.227813e-02   7.092736e-23   19474344
  2.816347e+01   4.977605e-23   1.226244e-02   7.013786e-23   19392868
  2.820597e+01   7.930986e-23   1.227629e-02   6.922096e-23   19356176
  2.824849e+01   -6.791837e-23   1.227437e-02   6.837094e-23   19294916
  2.829102e+01   4.446981e-23   1.227644e-02   6.757554e-23   19240856
  2.833353e+01   -1.172763e-22   1.226827e-02   6.688387e-23   19170884
  2.837603e+01   -3.352383e-23   1.226787e-02   6.609658e-23   19111352
  2.841853e+01   1.684072e-22   1.227311e-02   6.536102e-23   19060016
  2.846104e+01   2.185484e-23   1.227199e-02   6.462621e-23   18999752
  2.850354e+01   -1.279473e-22   1.226484e-02   6.389907e-23   18930272
  2.854604e+01   -5.918882e-23   1.227204e-02   6.317855e-23   18882340
  2.858856e+01   1.148717e-22   1.227653e-02   6.245256e-23   18829056
  2.863108e+01   9.723459e-23   1.226917e-02   6.176442e-23   18757640
  2.867359e+01   -3.667190e-23   1.227679e-02   6.108296e-23   18709036
  2.871611e+01   1.346950e-22   1.226951e-02   6.040834e-23   18637668
  2.875862e+01   -1.650667e-23   1.227659e-02   5.977871e-23   18587048
  2.880113e+01   1.330682e-22   1.226650e-02   5.912018e-23   18510972
  2.884363e+01   1.372917e-23   1.227092e-02   5.844077e-23   18456692
  2.888614e+01   -1.617297e-22   1.227027e-02   5.783677e-23   18394084
  2.892866e+01   1.148814e-22   1.227644e-02   5.719784e-23   18341352
  2.897118e+01   1.032174e-22   1.227294e-02   5.661771e-23   18273884
  2.901369e+01   -2.580093e-23   1.227214e-02   5.603428e-23   18211148
  2.905619e+01   -4.713376e-23   1.226468e-02   5.546667e-23   18137692
  2.909870e+01   -1.199352e-22   1.227635e-02   5.482582e-23   18091580
  2.914122e+01   -4.451213e-24   1.227406e-02   5.426645e-23   18024560
  2.918373e+01   -1.709165e-22   1.226945e-02   5.375244e-23   17955116
  2.922624e+01   -7.357618e-23   1.227055e-02   5.318282e-23   17893232
  2.926875e+01   -3.932048e-23   1.227337e-02   5.256889e-23   17832620
  2.931126e+01   -1.372607e-22   1.227331e-02   5.208088e-23   17767864
  2.935378e+01   1.717034e-23   1.227523e-02   5.156941e-23   17706956
  2.939629e+01   -3.652882e-24   1.226779e-02   5.107289e-23   17632632
  2.943880e+01   -2.424790e-22   1.227224e-02   5.053584e-23   17573524
  2.948131e+01   -7.983097e-24   1.227160e-02   5.004066e-23   17506380
  2.952382e+01   6.616629e-23   1.227283e-02   4.954214e-23   17442548
  2.956632e+01   -1.197916e-22   1.226611e-02   4.904906e-23   17368556
  2.960883e+01   -3.155765e-24   1.227726e-02   4.856838e-23   17318260
  2.965135e+01   -6.167246e-23   1.227176e-02   4.808573e-23   17243792
  2.969385e+01   8.698214e-24   1.226620e-02   4.765557e-23   17169716
  2.973635e+01   8.368617e-23   1.227104e-02   4.717651e-23   17109768
  2.977886e+01   -3.652700e-23   1.227205e-02   4.674340e-23   17044064
  2.982138e+01   2.575302e-24   1.227557e-02   4.630235e-23   16981560
  2.986389e+01   8.905118e-23   1.226672e-02   4.586672e-23   16902264
  2.990640e+01   2.269606e-23   1.227800e-02   4.545685e-23   16849940
  2.994892e+01   -2.658864e-23   1.226984e-02   4.496927e-23   16770600
  2.999143e+01   -6.258465e-23   1.227399e-02   4.462198e-23   16707512
  3.003394e+01   -1.363262e-22   1.227053e-02   4.419893e-23   16634480
  3.007645e+01   -5.552649e-23   1.227297e-02   4.377964e-23   16569424
  3.011897e+01   -3.410196e-23   1.227100e-02   4.338427e-23   16497216
  3.016149e+01   8.112910e-23   1.227800e-02   4.296969e-23   16436416
  3.020400e+01   7.254108e-23   1.226813e-02   4.261814e-23   16353532
  3.024650e+01   -3.102538e-23   1.226850e-02   4.222866e-23   16284908
  3.028900e+01   1.111008e-23   1.227370e-02   4.186582e-23   16221948
  3.033152e+01   -1.047452e-22   1.227445e-02   4.152508e-23   16152552
  3.037404e+01   1.608505e-23   1.227249e-02   4.114317e-23   16078864
  3.041655e+01   -3.557882e-23   1.227014e-02   4.081876e-23   16005296
  3.045906e+01   5.089123e-23   1.227320e-02   4.043673e-23   15938220
  3.050157e+01   -8.405045e-24   1.226736e-02   4.014679e-23   15858440
  3.054407e+01   -2.138755e-25   1.226949e-02   3.976644e-23   15789252
  3.058657e+01   1.066157e-24   1.227019e-02   3.942631e-23   15718944
  3.062908e+01   2.282320e-24   1.227179e-02   3.911287e-23   15648652
  3.067160e+01   4.038521e-23   1.227680e-02   3.875936e-23   15581944
  3.071412e+01   3.174169e-23   1.227604e-02   3.849892e-23   15508744
  3.075663e+01   -1.380543e-23   1.226574e-02   3.816836e-23   15422472
  3.079914e+01   7.850941e-23   1.227551e-02   3.786695e-23   15361536
  3.084165e+01   3.506186e-23   1.226998e-02   3.755441e-23   15281048
  3.088415e+01   3.278718e-23   1.227023e-02   3.723365e-23   15207752
  3.092666e+01   -3.590593e-23   1.227075e-02   3.698028e-23   15134800
  3.096917e+01   7.416933e-23   1.227038e-02   3.667032e-23   15059664
  3.101168e+01   -3.642122e-23   1.227242e-02   3.637350e-23   14987020
  3.105420e+01   -3.620949e-24   1.227903e-02   3.612909e-23   14919936
  3.109672e+01   -3.058392e-23   1.226792e-02   3.584248e-23   14831776
  3.113923e+01   -6.186547e-23   1.227679e-02   3.556986e-23   14767552
  3.118174e+01   6.051518e-23   1.226524e-02   3.532029e-23   14678336
  3.122425e+01   6.525970e-23   1.227632e-02   3.507464e-23   14615044
  3.126676e+01   2.300226e-23   1.226910e-02   3.478121e-23   14530200
  3.130927e+01   -5.286663e-23   1.227171e-02   3.453714e-23   14457000
  3.135178e+01   -3.708349e-23   1.227423e-02   3.429643e-23   14383440
  3.139429e+01   -1.298433e-22   1.226801e-02   3.404662e-23   14299516
  3.143679e+01   -9.531812e-24   1.227160e-02   3.379432e-23   14226024
  3.147930e+01   1.080839e-23   1.226889e-02   3.356393e-23   14145048
  3.152182e+01   -9.189501e-24   1.228178e-02   3.331882e-23   14082144
  3.156433e+01   -2.169427e-23   1.226157e-02   3.313029e-23   13981640
  3.160683e+01   -1.285600e-23   1.227475e-02   3.289134e-23   13918460
  3.164935e+01   3.428499e-24   1.227481e-02   3.265974e-23   13839752
  3.169188e+01   1.955139e-23   1.227673e-02   3.247833e-23   13762736
  3.173439e+01   2.564953e-23   1.227147e-02   3.223511e-23   13677980
  3.177690e+01   -9.911236e-24   1.226900e-02   3.204043e-23   13596196
  3.181940e+01   -1.907852e-23   1.226988e-02   3.184860e-23   13517736
  3.186190e+01   -2.380339e-23   1.226579e-02   3.164438e-23   13433184
  3.190440e+01   -7.649712e-24   1.227449e-02   3.140526e-23   13362296
  3.194692e+01   4.332781e-23   1.227398e-02   3.122509e-23   13281376
  3.198944e+01   7.518273e-23   1.227645e-02   3.104282e-23   13203336
  3.203195e+01   -4.910981e-23   1.226687e-02   3.088889e-23   13113016
  3.207445e+01   2.499882e-23   1.227094e-02   3.068396e-23   13036400
  3.211696e+01   -1.663006e-23   1.226987e-02   3.051859e-23   12953648
  3.215948e+01   -8.736064e-23   1.227674e-02   3.029921e-23   12879016
  3.220199e+01   1.118850e-22   1.227015e-02   3.017234e-23   12790124
  3.224451e+01   -1.697441e-24   1.227599e-02   2.996847e-23   12714152
  3.228701e+01   3.479936e-24   1.226430e-02   2.983246e-23   12619608
  3.232951e+01   2.383347e-23   1.227473e-02   2.965246e-23   12547232
  3.237204e+01   2.532473e-23   1.228098e-02   2.950854e-23   12470568
  3.241455e+01   -9.546023e-24   1.226086e-02   2.933580e-23   12368136
  3.245705e+01   9.283999e-23   1.227647e-02   2.919406e-23   12300504
  3.249958e+01   -3.194765e-23   1.227251e-02   2.905741e-23   12212172
  3.254209e+01   -2.657269e-23   1.227112e-02   2.887278e-23   12126228
  3.258459e+01   9.456289e-25   1.227235e-02   2.876114e-23   12043352
  3.262711e+01   2.844273e-23   1.227321e-02   2.861949e-23   11959896
  3.266960e+01   2.723010e-24   1.226107e-02   2.848255e-23   11863804
  3.271211e+01   1.078880e-22   1.227575e-02   2.834517e-23   11792812
  3.275463e+01   1.122968e-23   1.227439e-02   2.821457e-23   11705392
  3.279713e+01   3.794662e-23   1.226794e-02   2.808822e-23   11613836
  3.283965e+01   3.390131e-23   1.228215e-02   2.796988e-23   11541532
  3.288217e+01   8.396312e-23   1.226539e-02   2.784865e-23   11440232
  3.292468e+01   4.818347e-23   1.227538e-02   2.772428e-23   11363008
  3.296718e+01   1.288721e-23   1.226652e-02   2.760291e-23   11267848
  3.300970e+01   2.072083e-23   1.227722e-02   2.749694e-23   11190640
  3.305222e+01   9.295995e-23   1.227423e-02   2.737368e-23   11101084
  3.309472e+01   -1.106563e-23   1.226241e-02   2.725153e-23   11003284
  3.313721e+01   1.170817e-23   1.227344e-02   2.720146e-23   10925424
  3.317973e+01   3.796879e-23   1.227067e-02   2.706650e-23   10834724
  3.322224e+01   4.470246e-23   1.227484e-02   2.694186e-23   10750156
  3.326475e+01   4.898422e-23   1.226635e-02   2.686526e-23   10655280
  3.330725e+01   3.627106e-23   1.226924e-02   2.675660e-23   10569120
  3.334975e+01   -2.201491e-23   1.226867e-02   2.665449e-23   10479672
  3.339228e+01   -2.176641e-23   1.228611e-02   2.656510e-23   10404504
  3.343481e+01   -6.163540e-23   1.227382e-02   2.649044e-23   10304108
  3.347732e+01   2.338485e-23   1.226797e-02   2.639840e-23   10209940
  3.351983e+01   -2.908795e-23   1.227575e-02   2.632536e-23   10126584
  3.356234e+01   -2.158380e-23   1.226442e-02   2.624692e-23   10027064
  3.360484e+01   -7.105268e-23   1.227492e-02   2.620522e-23   9945072
  3.364734e+01   -8.018254e-23   1.226340e-02   2.608192e-23   9844764
  3.368986e+01   3.236224e-23   1.228362e-02   2.600776e-23   9769940
  3.373238e+01   7.203783e-23   1.226688e-02   2.593633e-23   9666072
  3.377488e+01   1.852078e-24   1.227051e-02   2.586788e-23   9577112
  3.381739e+01   -7.114933e-25   1.227148e-02   2.576543e-23   9485848
  3.385991e+01   5.074976e-23   1.227527e-02   2.569374e-23   9396136
  3.390243e+01   2.623330e-23   1.227579e-02   2.567882e-23   9304408
  3.394493e+01   6.070295e-24   1.225842e-02   2.561871e-23   9199028
  3.398742e+01   -2.202675e-23   1.227468e-02   2.552040e-23   9118288
  3.402993e+01   2.228915e-23   1.226747e-02   2.547939e-23   9019624
  3.407245e+01   8.205801e-23   1.228368e-02   2.540290e-23   8937420
  3.411497e+01   2.926735e-23   1.227061e-02   2.533660e-23   8835200
  3.415748e+01   3.572779e-23   1.226739e-02   2.533313e-23   8739332
  3.419998e+01   9.989611e-24   1.227099e-02   2.522758e-23   8648112
  3.424250e+01   7.978511e-23   1.227159e-02   2.519121e-23   8553372
  3.428501e+01   6.208237e-23   1.227728e-02   2.510769e-23   8461944
  3.432753e+01   3.486804e-23   1.227227e-02   2.505698e-23   8363348
  3.437004e+01   -7.131114e-24   1.227148e-02   2.500998e-23   8267792
  3.441254e+01   -1.401273e-23   1.226640e-02   2.498379e-23   8169380
  3.445505e+01   3.831682e-23   1.227807e-02   2.490400e-23   8081008
  3.449756e+01   2.800113e-23   1.226310e-02   2.484840e-23   7975632
  3.454006e+01   1.376214e-23   1.227841e-02   2.481224e-23   7889116
  3.458257e+01   2.943114e-23   1.226405e-02   2.474539e-23   7784008
  3.462508e+01   3.573229e-23   1.227484e-02   2.467872e-23   7693848
  3.466759e+01   4.949162e-23   1.226805e-02   2.460830e-23   7592468
  3.471010e+01   -1.583430e-23   1.227572e-02   2.455175e-23   7499076
  3.475262e+01   4.958868e-23   1.227790e-02   2.452083e-23   7402880
  3.479514e+01   4.902047e-24   1.227043e-02   2.443305e-23   7300768
  3.483765e+01   8.050505e-23   1.227061e-02   2.439710e-23   7203316
  3.488013e+01   2.885549e-23   1.225476e-02   2.426740e-23   7095724
  3.492265e+01   1.365038e-24   1.229466e-02   2.423028e-23   7019608
  3.496518e+01   1.080621e-22   1.226138e-02   2.411405e-23   6901916
  3.500769e+01   2.834650e-23   1.227882e-02   2.407924e-23   6812952
  3.505019e+01   5.884623e-23   1.226209e-02   2.397054e-23   6704548
  3.509270e+01   6.876213e-23   1.227587e-02   2.389159e-23   6612168
  3.513521e+01   2.866671e-23   1.227039e-02   2.374682e-23   6508628
  3.517773e+01   4.832755e-23   1.227711e-02   2.362511e-23   6412072
  3.522024e+01   1.726140e-23   1.226747e-02   2.351952e-23   6306660
  3.526274e+01   5.526671e-23   1.226997e-02   2.337321e-23   6207592
  3.530523e+01   5.096646e-23   1.226489e-02   2.317091e-23   6103860
  3.534774e+01   1.154855e-24   1.227430e-02   2.302191e-23   6007184
  3.539025e+01   2.620900e-23   1.227513e-02   2.289505e-23   5905660
  3.543278e+01   -2.471853e-23   1.227664e-02   2.261200e-23   5805132
  3.547529e+01   1.870192e-23   1.226925e-02   2.242067e-23   5700008
  3.551778e+01   5.462668e-24   1.226294e-02   2.213655e-23   5594856
  3.556030e+01   -4.253089e-23   1.228122e-02   2.184971e-23   5502341
  3.560283e+01   3.552120e-23   1.227277e-02   2.168668e-23   5404852
  3.564533e+01   3.396925e-23   1.226768e-02   2.142032e-23   5313930
  3.568784e+01   2.983277e-23   1.227261e-02   2.131630e-23   5230396
  3.573035e+01   5.088927e-23   1.226815e-02   2.113736e-23   5145158
  3.577285e+01   2.836219e-23   1.227058e-02   2.093392e-23   5064506
  3.581538e+01   3.915500e-23   1.228142e-02   2.077181e-23   4989464
  3.585790e+01   3.325311e-24   1.226989e-02   2.065234e-23   4907486
  3.590041e+01   -1.343128e-23   1.226982e-02   2.052763e-23   4831952
  3.594292e+01   -6.721242e-24   1.226933e-02   2.039267e-23   4757392
  3.598543e+01   2.829845e-23   1.227425e-02   2.028877e-23   4685902
  3.602794e+01   -3.239794e-24   1.227136e-02   2.009353e-23   4612826
  3.607044e+01   -8.862671e-24   1.227059e-02   2.000935e-23   4542436
  3.611296e+01   9.285549e-24   1.227508e-02   1.989360e-23   4475408
  3.615546e+01   5.071355e-23   1.226173e-02   1.979134e-23   4402686
  3.619797e+01   2.670182e-24   1.227689e-02   1.964909e-23   4340854
  3.624049e+01   5.385312e-23   1.227466e-02   1.955746e-23   4273862
  3.628301e+01   5.073128e-23   1.227237e-02   1.947358e-23   4208538
  3.632551e+01   5.224539e-23   1.226532e-02   1.936679e-23   4142584
  3.636801e+01   3.109405e-23   1.226978e-02   1.928350e-23   4081232
  3.641052e+01   1.635711e-23   1.227225e-02   1.914953e-23   4019668
  3.645304e+01   -8.779688e-24   1.228203e-02   1.912320e-23   3961416
  3.649557e+01   9.604749e-24   1.227387e-02   1.902261e-23   3898848
  3.653807e+01   1.295807e-24   1.226366e-02   1.893820e-23   3836718
  3.658056e+01   -1.257838e-23   1.226607e-02   1.889254e-23   3779272
  3.662306e+01   4.542524e-23   1.226675e-02   1.878037e-23   3721434
  3.666558e+01   -8.615631e-24   1.228126e-02   1.873049e-23   3668198
  3.670811e+01   1.767403e-23   1.227910e-02   1.863138e-23   3611346
  3.675062e+01   5.991413e-23   1.226582e-02   1.858714e-23   3552442
  3.679312e+01   5.195169e-23   1.226935e-02   1.847470e-23   3498908
  3.683563e+01   4.050592e-23   1.227192e-02   1.841324e-23   3445382
  3.687814e+01   2.048014e-23   1.227356e-02   1.837608e-23   3392244
  3.692066e+01   9.076187e-24   1.227344e-02   1.828906e-23   3339634
  3.696317e+01   6.847911e-24   1.226899e-02   1.828281e-23   3286752
  3.700566e+01   -3.740171e-23   1.226327e-02   1.821741e-23   3234180
  3.704816e+01   -6.051243e-24   1.226838e-02   1.812392e-23   3184556
  3.709068e+01   4.574023e-23   1.228145e-02   1.811580e-23   3137238
  3.713322e+01   -1.032972e-23   1.228151e-02   1.807291e-23   3087670
  3.717574e+01   6.138655e-24   1.227426e-02   1.803055e-23   3037460
  3.721824e+01   3.798106e-24   1.225819e-02   1.798625e-23   2985736
  3.726072e+01   6.379170e-24   1.226565e-02   1.796127e-23   2939708
  3.730324e+01   4.318121e-24   1.228621e-02   1.793728e-23   2897012
  3.734577e+01   2.135323e-23   1.227048e-02   1.783673e-23   2846890
  3.738827e+01   1.035688e-23   1.226277e-02   1.783200e-23   2799588
  3.743076e+01   1.018655e-23   1.226558e-02   1.781055e-23   2754954
  3.747326e+01   2.120800e-23   1.227308e-02   1.779180e-23   2711500
  3.751579e+01   -5.357588e-24   1.228240e-02   1.773480e-23   2669006
  3.755830e+01   -2.312073e-23   1.226335e-02   1.770701e-23   2621264
  3.760081e+01   2.372141e-23   1.227565e-02   1.766838e-23   2580726
  3.764332e+01   3.335783e-23   1.226856e-02   1.765109e-23   2536470
  3.768582e+01   -6.600413e-24   1.226978e-02   1.768210e-23   2494370
  3.772834e+01   9.438216e-24   1.227534e-02   1.766534e-23   2453556
  3.777086e+01   -2.292066e-23   1.228047e-02   1.765379e-23   2413246
  3.781339e+01   -6.835189e-24   1.227197e-02   1.758979e-23   2370914
  3.785589e+01   8.818257e-24   1.226887e-02   1.759122e-23   2330126
  3.789840e+01   5.779756e-23   1.227428e-02   1.760287e-23   2291406
  3.794091e+01   3.516035e-23   1.226463e-02   1.757757e-23   2250410
  3.798340e+01   -1.140722e-23   1.226403e-02   1.762273e-23   2211486
  3.802590e+01   -2.726422e-23   1.227094e-02   1.758677e-23   2174194
  3.806841e+01   1.048858e-23   1.227271e-02   1.756761e-23   2136416
  3.811093e+01   1.509883e-23   1.227972e-02   1.761226e-23   2100070
  3.815344e+01   7.049630e-25   1.226224e-02   1.760208e-23   2060026
  3.819594e+01   1.854751e-23   1.227745e-02   1.757838e-23   2025910
  3.823846e+01   2.912476e-23   1.227012e-02   1.758743e-23   1988576
  3.828096e+01   2.284608e-23   1.226824e-02   1.760769e-23   1952610
  3.832347e+01   -1.680108e-23   1.226944e-02   1.763528e-23   1917470
  3.836597e+01   -6.769308e-23   1.226960e-02   1.764468e-23   1882484
  3.840848e+01   -1.405791e-23   1.227230e-02   1.763714e-23   1848262
  3.845101e+01   -4.090463e-23   1.228531e-02   1.766235e-23   1816024
  3.849355e+01   -5.888318e-23   1.227230e-02   1.770456e-23   1780418
  3.853605e+01   3.003102e-23   1.226815e-02   1.775490e-23   1746576
  3.857856e+01   -3.609456e-23   1.227451e-02   1.778411e-23   1714622
  3.862107e+01   2.048149e-24   1.227068e-02   1.779545e-23   1681692
  3.866358e+01   -3.056741e-23   1.226987e-02   1.783574e-23   1649574
  3.870606e+01   -2.019616e-23   1.225405e-02   1.790314e-23   1615788
  3.874855e+01   -6.132090e-24   1.227462e-02   1.793887e-23   1587064
  3.879108e+01   -1.776685e-23   1.227930e-02   1.793404e-23   1556598
  3.883360e+01   4.709586e-23   1.227389e-02   1.799769e-23   1525380
  3.887612e+01   -1.330148e-23   1.227468e-02   1.805490e-23   1495360
  3.891863e+01   1.739587e-23   1.226450e-02   1.808410e-23   1464370
  3.896112e+01   -1.860634e-23   1.227040e-02   1.811243e-23   1435656
  3.900363e+01   -2.577666e-24   1.226801e-02   1.822434e-23   1406304
  3.904613e+01   -1.339594e-23   1.226859e-02   1.824522e-23   1377628
  3.908864e+01   -5.415741e-23   1.227348e-02   1.834737e-23   1349744
  3.913115e+01   -3.050577e-23   1.227337e-02   1.838613e-23   1321682
  3.917367e+01   -2.176620e-23   1.227639e-02   1.842488e-23   1294376
  3.921619e+01   -1.992826e-23   1.227256e-02   1.856979e-23   1266768
  3.925869e+01   -1.538531e-23   1.226510e-02   1.862491e-23   1239172
  3.930118e+01   -5.791724e-24   1.226095e-02   1.869856e-23   1212224
  3.934367e+01   -4.177876e-24   1.226955e-02   1.877877e-23   1186796
  3.938619e+01   -2.108508e-23   1.227613e-02   1.884769e-23   1161432
  3.942870e+01   8.788369e-24   1.227171e-02   1.895613e-23   1135408
  3.947122e+01   -5.586889e-24   1.227296e-02   1.908692e-23   1110324
  3.951374e+01   -9.415253e-23   1.227570e-02   1.919488e-23   1085680
  3.955625e+01   1.030842e-23   1.226737e-02   1.926147e-23   1060364
  3.959875e+01   -3.812894e-23   1.227507e-02   1.937783e-23   1036736
  3.964128e+01   8.638144e-24   1.228225e-02   1.951571e-23   1013388
  3.968380e+01   3.129555e-23   1.226708e-02   1.962503e-23   988656
  3.972630e+01   -1.567490e-23   1.226695e-02   1.977145e-23   965530
  3.976879e+01   1.056435e-23   1.225942e-02   1.985992e-23   942100
  3.981127e+01   -2.138548e-23   1.226457e-02   1.998466e-23   919888
  3.985377e+01   -1.050520e-23   1.226597e-02   2.015400e-23   897628
  3.989627e+01   1.239127e-23   1.227002e-02   2.030418e-23   875856
  3.993878e+01   -6.058017e-24   1.227840e-02   2.042674e-23   854736
  3.998132e+01   2.746987e-23   1.228018e-02   2.051924e-23   833510
  4.002385e+01   3.255255e-24   1.227248e-02   2.074161e-23   811976
  4.006635e+01   -4.633368e-23   1.226626e-02   2.099651e-23   790844
  4.010884e+01   3.557505e-23   1.226521e-02   2.107145e-23   770320
  4.015135e+01   3.011910e-24   1.227665e-02   2.122268e-23   750838
  4.019387e+01   -1.245903e-23   1.227491e-02   2.141772e-23   730864
  4.023638e+01   -2.710776e-23   1.226816e-02   2.163083e-23   710984
  4.027888e+01   -1.131622e-22   1.226909e-02   2.175592e-23   691894
  4.032138e+01   -5.143588e-23   1.226442e-02   2.211576e-23   672776
  4.036388e+01   1.458526e-23   1.226826e-02   2.223056e-23   654372
  4.040638e+01   -3.526000e-23   1.226215e-02   2.257359e-23   635682
  4.044886e+01   -2.173486e-23   1.225955e-02   2.277394e-23   617460
  4.049134e+01   -1.883934e-23   1.226707e-02   2.297106e-23   600024
  4.053385e+01   -2.037778e-23   1.227362e-02   2.313699e-23   582830
  4.057638e+01   4.093045e-24   1.228135e-02   2.341174e-23   566000
  4.061890e+01   5.116974e-23   1.226617e-02   2.359307e-23   548458
  4.066141e+01   -2.015150e-23   1.227047e-02   2.402899e-23   532084
  4.070391e+01   -1.385802e-23   1.226296e-02   2.435078e-23   515440
  4.074640e+01   5.676380e-23   1.225813e-02   2.453609e-23   499174
  4.078887e+01   3.691205e-23   1.225821e-02   2.486076e-23   483368
  4.083136e+01   -2.179869e-23   1.227023e-02   2.511775e-23   468270
  4.087389e+01   -2.276976e-23   1.228696e-02   2.546922e-23   453568
  4.091643e+01   1.815055e-24   1.227409e-02   2.592796e-23   438106
  4.095894e+01   1.072892e-23   1.227469e-02   2.618824e-23   423508
  4.100145e+01   -2.755506e-23   1.226141e-02   2.671748e-23   408754
  4.104393e+01   1.420552e-23   1.225820e-02   2.705375e-23   394612
  4.108642e+01   -1.393328e-23   1.225930e-02   2.748619e-23   380826
  4.112890e+01   1.316616e-23   1.225454e-02   2.788968e-23   367086
  4.117139e+01   2.624541e-23   1.226090e-02   2.839679e-23   353904
  4.121389e+01   4.051648e-23   1.227137e-02   2.875188e-23   341046
  4.125641e+01   3.721686e-24   1.227131e-02   2.912861e-23   328144
  4.129892e+01   8.921836e-24   1.227396e-02   2.979408e-23   315598
  4.134144e+01   -1.633872e-23   1.228177e-02   3.009356e-23   303466
  4.138397e+01   1.758072e-23   1.228223e-02   3.077005e-23   291456
  4.142650e+01   -4.419307e-23   1.227604e-02   3.154015e-23   279614
  4.146899e+01   5.137248e-24   1.225106e-02   3.194013e-23   267680
  4.151144e+01   -2.489490e-25   1.224457e-02   3.268427e-23   256438
  4.155391e+01   -3.630390e-23   1.224802e-02   3.310928e-23   245618
  4.159638e+01   -8.847002e-25   1.223546e-02   3.391041e-23   234708
  4.163882e+01   -7.324918e-24   1.223171e-02   3.492466e-23   224210
  4.168126e+01   -4.779474e-23   1.223403e-02   3.560653e-23   214046
  4.172371e+01   6.172859e-23   1.223949e-02   3.643724e-23   204152
  4.176619e+01   -2.378875e-23   1.225107e-02   3.735476e-23   194558
  4.180866e+01   -7.863618e-23   1.225135e-02   3.810627e-23   185018
  4.185115e+01   -3.151502e-24   1.226437e-02   3.913302e-23   175918
  4.189365e+01   5.114656e-23   1.227339e-02   4.006809e-23   166992
  4.193617e+01   7.245641e-23   1.228038e-02   4.107013e-23   158294
  4.197870e+01   -1.209513e-23   1.228439e-02   4.232066e-23   149842
  4.202124e+01   3.459724e-23   1.227461e-02   4.307639e-23   141530
  4.206372e+01   9.160838e-23   1.224204e-02   4.471434e-23   133284
  4.210617e+01   4.020633e-23   1.222942e-02   4.566163e-23   125546
  4.214861e+01   1.490373e-23   1.220458e-02   4.716066e-23   117950
  4.219103e+01   3.965362e-23   1.219441e-02   4.884255e-23   110746
  4.223344e+01   4.896322e-23   1.215920e-02   5.014947e-23   103572
  4.227581e+01   -9.688497e-24   1.214429e-02   5.218445e-23   96818
  4.231818e+01   -1.478529e-22   1.212533e-02   5.412135e-23   90262
  4.236054e+01   -3.274162e-23   1.210927e-02   5.618236e-23   83970
  4.240287e+01   6.698435e-23   1.207941e-02   5.849737e-23   77846
  4.244517e+01   4.612075e-23   1.204821e-02   6.014516e-23   71984
  4.248745e+01   -8.953480e-24   1.202292e-02   6.329032e-23   66398
  4.252973e+01   -1.877158e-22   1.200147e-02   6.640871e-23   61058
  4.257200e+01   -9.812322e-24   1.198286e-02   6.895388e-23   55958
  4.261428e+01   -2.159783e-22   1.196279e-02   7.133415e-23   51082
  4.265654e+01   -1.419077e-22   1.192707e-02   7.528729e-23   46398
  4.269877e+01   -2.368517e-23   1.188372e-02   8.039265e-23   41954
  4.274096e+01   -6.521822e-23   1.182018e-02   8.516539e-23   37718
  4.278311e+01   -5.084613e-23   1.175253e-02   8.780003e-23   33736
  4.282524e+01   -2.023705e-22   1.169132e-02   9.551210e-23   30006
  4.286737e+01   3.257906e-23   1.164907e-02   9.846846e-23   26522
  4.290955e+01   4.051277e-23   1.162191e-02   1.061808e-22   23254
  4.295172e+01   -1.575817e-22   1.158330e-02   1.148840e-22   20178
  4.299391e+01   -1.775188e-22   1.156315e-02   1.238710e-22   17342
  4.303612e+01   -2.930052e-23   1.154632e-02   1.367094e-22   14714
  4.307837e+01   2.712691e-23   1.155162e-02   1.484487e-22   12310
  4.312059e+01   -2.662649e-22   1.152174e-02   1.620396e-22   10098
  4.316283e+01   -1.271028e-22   1.151731e-02   1.781096e-22   8126
  4.320507e+01   -3.650147e-22   1.151119e-02   2.083722e-22   6362
  4.324736e+01   1.182083e-22   1.155455e-02   2.361883e-22   4822
  4.328956e+01   6.739450e-22   1.148980e-02   2.800799e-22   3474
  4.333169e+01   7.309926e-22   1.147690e-02   3.372260e-22   2366
  4.337376e+01   1.141183e-21   1.144014e-02   4.096745e-22   1466
  4.341590e+01   -1.032852e-21   1.170054e-02   5.500743e-22   790
  4.345704e+01   -2.046996e-21   1.106884e-02   8.989032e-22   306
  4.349554e+01   -1.406591e-21   9.430857e-03   1.578015e-21   62
