# cross spectrum of phi(z1) and phi(z2)
# redshift z=0.596562
# k              Pk             sigma(k)       sigma(Pk)      count
  7.830312e-03   2.455183e-10   1.198114e-03   5.527503e-11   18
  1.686348e-02   2.906678e-10   2.897918e-03   2.776534e-11   152
  2.725284e-02   1.736296e-10   3.060867e-03   8.121404e-12   416
  3.742835e-02   9.501515e-11   2.912555e-03   3.562533e-12   770
  4.808679e-02   5.947446e-11   3.119650e-03   1.746951e-12   1364
  5.876109e-02   3.906839e-11   3.054550e-03   8.905740e-13   1976
  6.939824e-02   2.966168e-11   3.112555e-03   5.654985e-13   2792
  7.984642e-02   2.162487e-11   2.971805e-03   3.682984e-13   3578
  9.038229e-02   1.549587e-11   3.049521e-03   2.296488e-13   4724
  1.011318e-01   1.148021e-11   3.134595e-03   1.526311e-13   6032
  1.117485e-01   8.921984e-12   3.016599e-03   1.106197e-13   7072
  1.222702e-01   7.516373e-12   3.056387e-03   8.355146e-14   8634
  1.329722e-01   6.336444e-12   3.095256e-03   6.452339e-14   10336
  1.436677e-01   5.127992e-12   3.082009e-03   4.720159e-14   11940
  1.541872e-01   4.122862e-12   3.021465e-03   3.716736e-14   13490
  1.647185e-01   3.433537e-12   3.054444e-03   2.789182e-14   15656
  1.754149e-01   2.884755e-12   3.102608e-03   2.213878e-14   18008
  1.860920e-01   2.528613e-12   3.069464e-03   1.850286e-14   19964
  1.966957e-01   2.195541e-12   3.066093e-03   1.535420e-14   22354
  2.072851e-01   1.861846e-12   3.030819e-03   1.239605e-14   24648
  2.179134e-01   1.603302e-12   3.083109e-03   1.004507e-14   27592
  2.285517e-01   1.403629e-12   3.075318e-03   8.564494e-15   30152
  2.391687e-01   1.233552e-12   3.069056e-03   7.266493e-15   33046
  2.497808e-01   1.111535e-12   3.053846e-03   6.272467e-15   35992
  2.604233e-01   9.947399e-13   3.074764e-03   5.432183e-15   39304
  2.710722e-01   8.925054e-13   3.082145e-03   4.655217e-15   42608
  2.817050e-01   7.894197e-13   3.058267e-03   4.023856e-15   45758
  2.923349e-01   6.983442e-13   3.072286e-03   3.484419e-15   49536
  3.029238e-01   6.320064e-13   3.039208e-03   3.043713e-15   52488
  3.135134e-01   5.799528e-13   3.084628e-03   2.710344e-15   57034
  3.241511e-01   5.116730e-13   3.061146e-03   2.332931e-15   60648
  3.347969e-01   4.723332e-13   3.076329e-03   2.101676e-15   65044
  3.454223e-01   4.311336e-13   3.057760e-03   1.869076e-15   68720
  3.560505e-01   3.882144e-13   3.078281e-03   1.653257e-15   73538
  3.667175e-01   3.552036e-13   3.076939e-03   1.485674e-15   78080
  3.773260e-01   3.279392e-13   3.039859e-03   1.353468e-15   81572
  3.879192e-01   3.004948e-13   3.081238e-03   1.214381e-15   87248
  3.985882e-01   2.738292e-13   3.084591e-03   1.085841e-15   92266
  4.092322e-01   2.535716e-13   3.063169e-03   9.966524e-16   96696
  4.198039e-01   2.310159e-13   3.037602e-03   9.019220e-16   100904
  4.303789e-01   2.146683e-13   3.065517e-03   8.205614e-16   107036
  4.410480e-01   1.991841e-13   3.089487e-03   7.440927e-16   113362
  4.517307e-01   1.830975e-13   3.072092e-03   6.754094e-16   118176
  4.623378e-01   1.694122e-13   3.054661e-03   6.318904e-16   122944
  4.729644e-01   1.573392e-13   3.083007e-03   5.777062e-16   129902
  4.836049e-01   1.442498e-13   3.061727e-03   5.246280e-16   134944
  4.942158e-01   1.357930e-13   3.064979e-03   4.898408e-16   140952
  5.048213e-01   1.244599e-13   3.064662e-03   4.494621e-16   147072
  5.154342e-01   1.159060e-13   3.060800e-03   4.136116e-16   153382
  5.260893e-01   1.079973e-13   3.082622e-03   3.809807e-16   160952
  5.367508e-01   9.996425e-14   3.070294e-03   3.543481e-16   166640
  5.473579e-01   9.460201e-14   3.057153e-03   3.333818e-16   172448
  5.579787e-01   8.717210e-14   3.077577e-03   3.082719e-16   180594
  5.686178e-01   8.156770e-14   3.060710e-03   2.871019e-16   186556
  5.792219e-01   7.601978e-14   3.063394e-03   2.662500e-16   193528
  5.898242e-01   7.090013e-14   3.060684e-03   2.502469e-16   200626
  6.004609e-01   6.621163e-14   3.076604e-03   2.333119e-16   209256
  6.111150e-01   6.188482e-14   3.069663e-03   2.191908e-16   216020
  6.217510e-01   5.818044e-14   3.075746e-03   2.062096e-16   223768
  6.323610e-01   5.385443e-14   3.055783e-03   1.939156e-16   230234
  6.429887e-01   5.066657e-14   3.074922e-03   1.815008e-16   239800
  6.536248e-01   4.762118e-14   3.063054e-03   1.713994e-16   246568
  6.642393e-01   4.487173e-14   3.068328e-03   1.624770e-16   254828
  6.748534e-01   4.158104e-14   3.064424e-03   1.516274e-16   263074
  6.854951e-01   3.879486e-14   3.071509e-03   1.435094e-16   272312
  6.961385e-01   3.668606e-14   3.070197e-03   1.360060e-16   280376
  7.067732e-01   3.435037e-14   3.071500e-03   1.288246e-16   288884
  7.174012e-01   3.195334e-14   3.068501e-03   1.212086e-16   297602
  7.280177e-01   3.045968e-14   3.057614e-03   1.159714e-16   305520
  7.386402e-01   2.840763e-14   3.075198e-03   1.092867e-16   315976
  7.492461e-01   2.634017e-14   3.052723e-03   1.041932e-16   322778
  7.598720e-01   2.508795e-14   3.080021e-03   9.895856e-17   335372
  7.705286e-01   2.330242e-14   3.068318e-03   9.391277e-17   343464
  7.811635e-01   2.198881e-14   3.070705e-03   8.953642e-17   352912
  7.917934e-01   2.061672e-14   3.070498e-03   8.550015e-17   362666
  8.024224e-01   1.938282e-14   3.063690e-03   8.134537e-17   371884
  8.130465e-01   1.817776e-14   3.069929e-03   7.730640e-17   382280
  8.236583e-01   1.705620e-14   3.060755e-03   7.434887e-17   390888
  8.342648e-01   1.603261e-14   3.067168e-03   7.095740e-17   402234
  8.448912e-01   1.502110e-14   3.064832e-03   6.790925e-17   412576
  8.555263e-01   1.402442e-14   3.071788e-03   6.450689e-17   423732
  8.661590e-01   1.323523e-14   3.068142e-03   6.198353e-17   433624
  8.767950e-01   1.253407e-14   3.072203e-03   5.931266e-17   445154
  8.874347e-01   1.177549e-14   3.069139e-03   5.695714e-17   455584
  8.980596e-01   1.098633e-14   3.064716e-03   5.460979e-17   465588
  9.086714e-01   1.031653e-14   3.065163e-03   5.232900e-17   476762
  9.193048e-01   9.721336e-15   3.073106e-03   5.033430e-17   489552
  9.299472e-01   9.216555e-15   3.069632e-03   4.863288e-17   500328
  9.405628e-01   8.715150e-15   3.059261e-03   4.667723e-17   509852
  9.511854e-01   8.089714e-15   3.074339e-03   4.467468e-17   524234
  9.618189e-01   7.591611e-15   3.061952e-03   4.302626e-17   534104
  9.724448e-01   7.228620e-15   3.070528e-03   4.122880e-17   547048
  9.830800e-01   6.598994e-15   3.073862e-03   3.970929e-17   559328
  9.937180e-01   6.356644e-15   3.070866e-03   3.843701e-17   571326
  1.004339e+00   5.939127e-15   3.060367e-03   3.718259e-17   581920
  1.014951e+00   5.492536e-15   3.064588e-03   3.575523e-17   594832
  1.025571e+00   5.203868e-15   3.068054e-03   3.442661e-17   608048
  1.036206e+00   4.963645e-15   3.070252e-03   3.334378e-17   621526
  1.046839e+00   4.663786e-15   3.066112e-03   3.208462e-17   633240
  1.057456e+00   4.409675e-15   3.064953e-03   3.099549e-17   645472
  1.068086e+00   4.100258e-15   3.075342e-03   2.996300e-17   660906
  1.078726e+00   3.868206e-15   3.067576e-03   2.902392e-17   672856
  1.089356e+00   3.617320e-15   3.067094e-03   2.793715e-17   685980
  1.099980e+00   3.393375e-15   3.067978e-03   2.700702e-17   699256
  1.110619e+00   3.214004e-15   3.074976e-03   2.608309e-17   714730
  1.121246e+00   3.071171e-15   3.059348e-03   2.535325e-17   725152
  1.131863e+00   2.822005e-15   3.067634e-03   2.449063e-17   740420
  1.142485e+00   2.607150e-15   3.069089e-03   2.377322e-17   754312
  1.153114e+00   2.474102e-15   3.069897e-03   2.304447e-17   769114
  1.163749e+00   2.357331e-15   3.069209e-03   2.233108e-17   783488
  1.174365e+00   2.250603e-15   3.058900e-03   2.163217e-17   794968
  1.184981e+00   2.110336e-15   3.070107e-03   2.094768e-17   812366
  1.195609e+00   1.964469e-15   3.065134e-03   2.032527e-17   825976
  1.206250e+00   1.805409e-15   3.075220e-03   1.972410e-17   843352
  1.216898e+00   1.705084e-15   3.073224e-03   1.915519e-17   857280
  1.227524e+00   1.681067e-15   3.063189e-03   1.863007e-17   869542
  1.238147e+00   1.544877e-15   3.070752e-03   1.804603e-17   887128
  1.248772e+00   1.488095e-15   3.063166e-03   1.760283e-17   900032
  1.259388e+00   1.389811e-15   3.067377e-03   1.699929e-17   916560
  1.270005e+00   1.275631e-15   3.061783e-03   1.662084e-17   930922
  1.280635e+00   1.231413e-15   3.071795e-03   1.605815e-17   949844
  1.291287e+00   1.181261e-15   3.076939e-03   1.563373e-17   966736
  1.301925e+00   1.076477e-15   3.065819e-03   1.521098e-17   978776
  1.312537e+00   1.025703e-15   3.064137e-03   1.483336e-17   994522
  1.323161e+00   9.679158e-16   3.068907e-03   1.440004e-17   1012420
  1.333794e+00   9.209540e-16   3.071598e-03   1.399305e-17   1029408
  1.344410e+00   8.824580e-16   3.058405e-03   1.368796e-17   1041658
  1.355032e+00   8.481922e-16   3.072381e-03   1.324701e-17   1063520
  1.365659e+00   7.834809e-16   3.060689e-03   1.294489e-17   1075808
  1.376294e+00   7.264696e-16   3.080019e-03   1.254883e-17   1098956
  1.386928e+00   7.133123e-16   3.061670e-03   1.228356e-17   1109810
  1.397545e+00   6.491656e-16   3.065288e-03   1.194619e-17   1128608
  1.408178e+00   6.203530e-16   3.073589e-03   1.162790e-17   1148264
  1.418813e+00   5.737500e-16   3.067917e-03   1.131916e-17   1163252
  1.429436e+00   5.539531e-16   3.067070e-03   1.106239e-17   1181042
  1.440060e+00   5.274829e-16   3.064325e-03   1.077130e-17   1197848
  1.450692e+00   4.877465e-16   3.073737e-03   1.050908e-17   1218848
  1.461323e+00   4.626885e-16   3.064859e-03   1.023751e-17   1232916
  1.471945e+00   4.502842e-16   3.068844e-03   9.991090e-18   1253002
  1.482566e+00   4.151530e-16   3.062284e-03   9.737048e-18   1268576
  1.493191e+00   3.794426e-16   3.071552e-03   9.512974e-18   1290128
  1.503822e+00   3.772214e-16   3.068342e-03   9.279654e-18   1307402
  1.514455e+00   3.765750e-16   3.069122e-03   9.016985e-18   1327028
  1.525083e+00   3.412997e-16   3.064970e-03   8.848681e-18   1343648
  1.535711e+00   3.295441e-16   3.070217e-03   8.609625e-18   1364096
  1.546341e+00   3.112813e-16   3.068950e-03   8.430950e-18   1382730
  1.556974e+00   2.862062e-16   3.068757e-03   8.224682e-18   1402164
  1.567604e+00   2.780770e-16   3.068159e-03   8.026533e-18   1420464
  1.578221e+00   2.686329e-16   3.063798e-03   7.844390e-18   1437368
  1.588847e+00   2.591028e-16   3.072142e-03   7.666092e-18   1461530
  1.599480e+00   2.465048e-16   3.065069e-03   7.476127e-18   1478264
  1.610108e+00   2.408579e-16   3.068902e-03   7.305802e-18   1499356
  1.620732e+00   2.323078e-16   3.065238e-03   7.140616e-18   1517016
  1.631360e+00   2.049929e-16   3.070849e-03   6.980160e-18   1540090
  1.641988e+00   1.818634e-16   3.065366e-03   6.827286e-18   1557360
  1.652609e+00   2.011262e-16   3.066926e-03   6.665647e-18   1577780
  1.663242e+00   1.814768e-16   3.075107e-03   6.506596e-18   1602578
  1.673875e+00   1.834226e-16   3.063542e-03   6.377435e-18   1617672
  1.684498e+00   1.791034e-16   3.069033e-03   6.246497e-18   1641016
  1.695122e+00   1.726503e-16   3.065080e-03   6.109610e-18   1659416
  1.705746e+00   1.687062e-16   3.068431e-03   5.954762e-18   1682670
  1.716382e+00   1.418675e-16   3.070690e-03   5.840839e-18   1705256
  1.727024e+00   1.435010e-16   3.071890e-03   5.689460e-18   1726312
  1.737645e+00   1.527886e-16   3.062639e-03   5.593942e-18   1741880
  1.748261e+00   1.432230e-16   3.067156e-03   5.465871e-18   1766454
  1.758897e+00   1.369127e-16   3.073105e-03   5.344708e-18   1791784
  1.769528e+00   1.190712e-16   3.063894e-03   5.242026e-18   1807712
  1.780139e+00   1.140815e-16   3.062775e-03   5.131388e-18   1829002
  1.790759e+00   1.153186e-16   3.067263e-03   5.008749e-18   1854216
  1.801400e+00   1.105146e-16   3.074631e-03   4.902060e-18   1880156
  1.812037e+00   9.643956e-17   3.068349e-03   4.810495e-18   1897568
  1.822663e+00   1.115043e-16   3.068475e-03   4.718937e-18   1920458
  1.833288e+00   9.488088e-17   3.065997e-03   4.622976e-18   1942208
  1.843915e+00   1.047929e-16   3.067813e-03   4.523008e-18   1965612
  1.854544e+00   9.004690e-17   3.069639e-03   4.424417e-18   1989000
  1.865168e+00   8.834259e-17   3.064465e-03   4.339022e-18   2009114
  1.875791e+00   8.422580e-17   3.067400e-03   4.244291e-18   2034464
  1.886424e+00   8.558867e-17   3.070174e-03   4.159199e-18   2058476
  1.897052e+00   8.124253e-17   3.068039e-03   4.077660e-18   2079648
  1.907673e+00   8.498224e-17   3.065891e-03   4.000659e-18   2102578
  1.918306e+00   7.242874e-17   3.070742e-03   3.915162e-18   2129928
  1.928942e+00   6.802762e-17   3.069733e-03   3.833882e-18   2152096
  1.939563e+00   7.680661e-17   3.062858e-03   3.774149e-18   2171142
  1.950185e+00   6.446678e-17   3.069150e-03   3.690922e-18   2200248
  1.960824e+00   7.281420e-17   3.071017e-03   3.614035e-18   2225216
  1.971460e+00   6.484196e-17   3.070942e-03   3.546821e-18   2248448
  1.982084e+00   6.308809e-17   3.064272e-03   3.482226e-18   2267942
  1.992710e+00   5.870183e-17   3.071051e-03   3.413652e-18   2298072
  2.003337e+00   5.464964e-17   3.064068e-03   3.347905e-18   2317272
  2.013961e+00   5.677210e-17   3.069747e-03   3.281383e-18   2345808
  2.024580e+00   6.016311e-17   3.062469e-03   3.222194e-18   2365650
  2.035206e+00   4.804443e-17   3.069930e-03   3.156987e-18   2396940
  2.045842e+00   4.966000e-17   3.069936e-03   3.101073e-18   2421272
  2.056473e+00   6.180293e-17   3.068399e-03   3.041500e-18   2444576
  2.067102e+00   5.114232e-17   3.069748e-03   2.978416e-18   2471490
  2.077728e+00   4.128812e-17   3.064854e-03   2.928406e-18   2493180
  2.088349e+00   5.007680e-17   3.068019e-03   2.872248e-18   2520952
  2.098972e+00   4.496366e-17   3.065319e-03   2.814638e-18   2544946
  2.109598e+00   4.703882e-17   3.068311e-03   2.762941e-18   2573856
  2.120230e+00   3.703463e-17   3.069026e-03   2.712579e-18   2600016
  2.130862e+00   4.332539e-17   3.069102e-03   2.665755e-18   2625484
  2.141490e+00   3.773352e-17   3.068080e-03   2.614416e-18   2651122
  2.152130e+00   4.022081e-17   3.074348e-03   2.563860e-18   2683488
  2.162754e+00   4.143091e-17   3.059466e-03   2.523638e-18   2696352
  2.173371e+00   4.113951e-17   3.071171e-03   2.472088e-18   2733020
  2.184002e+00   4.096665e-17   3.067530e-03   2.424947e-18   2757378
  2.194631e+00   3.817518e-17   3.067942e-03   2.388438e-18   2784864
  2.205259e+00   3.955413e-17   3.067811e-03   2.341282e-18   2811168
  2.215874e+00   2.938507e-17   3.061061e-03   2.300876e-18   2832274
  2.226505e+00   3.595593e-17   3.075611e-03   2.257360e-18   2873636
  2.237142e+00   3.545382e-17   3.064877e-03   2.222806e-18   2890496
  2.247766e+00   3.167291e-17   3.069851e-03   2.175796e-18   2921800
  2.258399e+00   2.999954e-17   3.071101e-03   2.140366e-18   2951298
  2.269032e+00   3.214599e-17   3.066274e-03   2.104747e-18   2975476
  2.279663e+00   3.111056e-17   3.071375e-03   2.064031e-18   3007728
  2.290285e+00   2.731587e-17   3.061886e-03   2.034806e-18   3025776
  2.300910e+00   3.002106e-17   3.072955e-03   1.994801e-18   3065762
  2.311540e+00   2.695525e-17   3.063208e-03   1.961155e-18   3084856
  2.322162e+00   2.985253e-17   3.068985e-03   1.923403e-18   3118044
  2.332782e+00   2.718016e-17   3.064319e-03   1.892218e-18   3141352
  2.343410e+00   2.184297e-17   3.072036e-03   1.862583e-18   3179274
  2.354046e+00   2.494821e-17   3.067682e-03   1.826065e-18   3204120
  2.364668e+00   2.526744e-17   3.063610e-03   1.796369e-18   3227900
  2.375288e+00   2.482847e-17   3.068722e-03   1.765649e-18   3262394
  2.385925e+00   2.793128e-17   3.071814e-03   1.733288e-18   3295680
  2.396559e+00   2.085479e-17   3.067166e-03   1.708896e-18   3319560
  2.407184e+00   2.065660e-17   3.068070e-03   1.678179e-18   3348972
  2.417810e+00   2.201600e-17   3.068540e-03   1.648560e-18   3379722
  2.428441e+00   2.065256e-17   3.068348e-03   1.621833e-18   3410720
  2.439075e+00   2.269245e-17   3.069517e-03   1.593841e-18   3441504
  2.449697e+00   2.578084e-17   3.063301e-03   1.570204e-18   3463624
  2.460317e+00   1.907306e-17   3.068043e-03   1.539584e-18   3499790
  2.470951e+00   1.850885e-17   3.070702e-03   1.514076e-18   3533560
  2.481588e+00   1.905104e-17   3.069830e-03   1.489396e-18   3561920
  2.492209e+00   2.076917e-17   3.064208e-03   1.466370e-18   3585208
  2.502830e+00   2.321814e-17   3.069185e-03   1.442401e-18   3622518
  2.513468e+00   1.928531e-17   3.072344e-03   1.414590e-18   3657584
  2.524094e+00   1.601041e-17   3.062507e-03   1.393586e-18   3676440
  2.534707e+00   1.854284e-17   3.065232e-03   1.370568e-18   3711282
  2.545334e+00   1.779697e-17   3.068763e-03   1.349284e-18   3747696
  2.555965e+00   1.792448e-17   3.067225e-03   1.326066e-18   3776188
  2.566601e+00   1.695765e-17   3.074483e-03   1.304742e-18   3815304
  2.577232e+00   1.614619e-17   3.064660e-03   1.285307e-18   3835370
  2.587856e+00   1.651102e-17   3.068926e-03   1.262147e-18   3873424
  2.598487e+00   1.720594e-17   3.067978e-03   1.243134e-18   3903420
  2.609117e+00   1.868390e-17   3.070036e-03   1.222651e-18   3937624
  2.619745e+00   1.761306e-17   3.066011e-03   1.202026e-18   3965658
  2.630375e+00   1.854851e-17   3.069802e-03   1.184255e-18   4002984
  2.641001e+00   1.767160e-17   3.065136e-03   1.165149e-18   4027928
  2.651616e+00   1.538423e-17   3.064941e-03   1.145029e-18   4059844
  2.662241e+00   1.743376e-17   3.069945e-03   1.128429e-18   4100338
  2.672876e+00   1.432957e-17   3.069128e-03   1.108274e-18   4132264
  2.683506e+00   1.802145e-17   3.068474e-03   1.092571e-18   4163216
  2.694131e+00   1.525360e-17   3.066146e-03   1.076112e-18   4193350
  2.704761e+00   1.367984e-17   3.071068e-03   1.056777e-18   4234456
  2.715390e+00   1.395536e-17   3.064079e-03   1.042211e-18   4257264
  2.726012e+00   1.652632e-17   3.069774e-03   1.025761e-18   4297352
  2.736640e+00   1.342070e-17   3.067495e-03   1.008316e-18   4328642
  2.747272e+00   1.227598e-17   3.070663e-03   9.938484e-19   4367948
  2.757895e+00   1.451920e-17   3.061799e-03   9.779658e-19   4388384
  2.768519e+00   1.307848e-17   3.072247e-03   9.625771e-19   4436648
  2.779154e+00   1.301475e-17   3.067997e-03   9.485146e-19   4465658
  2.789787e+00   1.279634e-17   3.069677e-03   9.327610e-19   4502948
  2.800413e+00   1.368334e-17   3.064787e-03   9.197109e-19   4528880
  2.811033e+00   1.255847e-17   3.067181e-03   9.059974e-19   4566290
  2.821663e+00   1.441941e-17   3.070655e-03   8.910131e-19   4606856
  2.832293e+00   1.262805e-17   3.066552e-03   8.779539e-19   4635380
  2.842916e+00   1.423768e-17   3.067131e-03   8.640103e-19   4670384
  2.853543e+00   1.164330e-17   3.069161e-03   8.499447e-19   4709258
  2.864179e+00   1.217454e-17   3.070324e-03   8.370970e-19   4747352
  2.874805e+00   1.178800e-17   3.063655e-03   8.269524e-19   4771664
  2.885427e+00   1.482692e-17   3.068600e-03   8.124795e-19   4813532
  2.896058e+00   1.303357e-17   3.070437e-03   7.990431e-19   4852322
  2.906693e+00   1.091963e-17   3.069013e-03   7.884204e-19   4886480
  2.917320e+00   1.195955e-17   3.066289e-03   7.769870e-19   4917248
  2.927939e+00   1.280146e-17   3.065099e-03   7.653092e-19   4950828
  2.938569e+00   1.339366e-17   3.072788e-03   7.536427e-19   5000170
  2.949204e+00   1.178514e-17   3.066857e-03   7.419077e-19   5026952
  2.959825e+00   1.076006e-17   3.064676e-03   7.316246e-19   5058752
  2.970445e+00   1.041582e-17   3.067741e-03   7.204979e-19   5100722
  2.981076e+00   1.133355e-17   3.068979e-03   7.096473e-19   5140124
  2.991706e+00   1.018562e-17   3.067937e-03   6.988407e-19   5174072
  3.002335e+00   9.450603e-18   3.068928e-03   6.886764e-19   5211608
  3.012962e+00   1.067999e-17   3.067917e-03   6.787001e-19   5247794
  3.023589e+00   1.191239e-17   3.066908e-03   6.682295e-19   5284196
  3.034222e+00   1.075580e-17   3.071657e-03   6.578210e-19   5328800
  3.044847e+00   8.754434e-18   3.063109e-03   6.494044e-19   5350872
  3.055470e+00   1.101424e-17   3.069608e-03   6.400281e-19   5400634
  3.066097e+00   9.215554e-18   3.065291e-03   6.301051e-19   5430968
  3.076725e+00   1.008084e-17   3.070185e-03   6.205376e-19   5475908
  3.087355e+00   9.049648e-18   3.068352e-03   6.114670e-19   5510016
  3.097986e+00   9.355966e-18   3.069695e-03   6.029937e-19   5552114
  3.108620e+00   9.462949e-18   3.068841e-03   5.943842e-19   5588944
  3.119249e+00   8.522420e-18   3.067703e-03   5.862772e-19   5623828
  3.129873e+00   9.436784e-18   3.066629e-03   5.770485e-19   5660722
  3.140497e+00   9.384635e-18   3.066422e-03   5.689678e-19   5699896
  3.151124e+00   9.033935e-18   3.068968e-03   5.606746e-19   5741936
  3.161754e+00   7.700041e-18   3.069010e-03   5.525216e-19   5779568
  3.172381e+00   9.689989e-18   3.067639e-03   5.448768e-19   5817222
  3.183006e+00   9.205361e-18   3.066013e-03   5.372344e-19   5854600
  3.193635e+00   9.739536e-18   3.069791e-03   5.292362e-19   5900040
  3.204262e+00   9.041890e-18   3.066501e-03   5.218170e-19   5931976
  3.214890e+00   7.640764e-18   3.070101e-03   5.142494e-19   5979390
  3.225518e+00   8.480124e-18   3.065321e-03   5.075649e-19   6010200
  3.236144e+00   6.915592e-18   3.069327e-03   4.996455e-19   6056496
  3.246769e+00   8.265863e-18   3.066211e-03   4.930516e-19   6089504
  3.257396e+00   7.460032e-18   3.069391e-03   4.861652e-19   6137114
  3.268025e+00   8.142888e-18   3.067201e-03   4.792636e-19   6173332
  3.278652e+00   8.266702e-18   3.067882e-03   4.723710e-19   6214128
  3.289279e+00   8.704535e-18   3.067306e-03   4.653309e-19   6253874
  3.299910e+00   7.620039e-18   3.069629e-03   4.588295e-19   6300104
  3.310539e+00   7.230564e-18   3.066365e-03   4.527445e-19   6332612
  3.321166e+00   7.493585e-18   3.070240e-03   4.462683e-19   6379768
  3.331797e+00   5.801552e-18   3.068597e-03   4.397398e-19   6418218
  3.342427e+00   7.110213e-18   3.068360e-03   4.338437e-19   6459880
  3.353052e+00   6.179129e-18   3.066116e-03   4.281173e-19   6495652
  3.363680e+00   6.988954e-18   3.070231e-03   4.214299e-19   6545296
  3.374311e+00   7.020765e-18   3.067227e-03   4.159938e-19   6581570
  3.384935e+00   7.603858e-18   3.065246e-03   4.109166e-19   6618960
  3.395556e+00   7.434984e-18   3.067158e-03   4.051598e-19   6663352
  3.406178e+00   6.362155e-18   3.065376e-03   3.993708e-19   6701334
  3.416809e+00   6.312119e-18   3.072512e-03   3.938683e-19   6759920
  3.427444e+00   6.034579e-18   3.067179e-03   3.883209e-19   6789696
  3.438073e+00   6.836087e-18   3.069955e-03   3.834996e-19   6837208
  3.448703e+00   6.464560e-18   3.067492e-03   3.781973e-19   6874966
  3.459333e+00   6.748210e-18   3.068613e-03   3.725248e-19   6920864
  3.469960e+00   5.603308e-18   3.066758e-03   3.682160e-19   6957816
  3.480585e+00   5.564318e-18   3.068144e-03   3.630007e-19   7002232
  3.491208e+00   5.281085e-18   3.066540e-03   3.583640e-19   7043114
  3.501840e+00   6.008878e-18   3.070403e-03   3.529677e-19   7096020
  3.512471e+00   6.339200e-18   3.067394e-03   3.482854e-19   7130640
  3.523097e+00   5.720695e-18   3.068276e-03   3.438448e-19   7175472
  3.533723e+00   5.096848e-18   3.067248e-03   3.389827e-19   7217786
  3.544353e+00   5.927828e-18   3.068999e-03   3.341925e-19   7265564
  3.554979e+00   5.575942e-18   3.066319e-03   3.304620e-19   7301288
  3.565600e+00   6.026126e-18   3.066375e-03   3.255064e-19   7345330
  3.576227e+00   5.121314e-18   3.069052e-03   3.209492e-19   7397048
  3.586856e+00   3.955564e-18   3.067039e-03   3.174048e-19   7435920
  3.597485e+00   5.231222e-18   3.069220e-03   3.126958e-19   7484140
  3.608113e+00   5.788046e-18   3.067643e-03   3.086079e-19   7525578
  3.618741e+00   4.994946e-18   3.067518e-03   3.043873e-19   7571376
  3.629371e+00   4.933291e-18   3.068480e-03   3.001037e-19   7617064
  3.640002e+00   4.687050e-18   3.069456e-03   2.965159e-19   7662092
  3.650627e+00   5.151831e-18   3.066324e-03   2.928350e-19   7699658
  3.661254e+00   4.802777e-18   3.068945e-03   2.886238e-19   7752416
  3.671886e+00   5.278558e-18   3.069408e-03   2.848057e-19   7797776
  3.682511e+00   4.740807e-18   3.065176e-03   2.810439e-19   7831720
  3.693136e+00   4.683876e-18   3.069723e-03   2.772724e-19   7889926
  3.703768e+00   3.529533e-18   3.067981e-03   2.741093e-19   7931480
  3.714397e+00   4.800370e-18   3.068251e-03   2.701623e-19   7976688
  3.725016e+00   4.409941e-18   3.062621e-03   2.670644e-19   8007786
  3.735639e+00   4.559319e-18   3.070332e-03   2.633504e-19   8074564
  3.746275e+00   4.423534e-18   3.070085e-03   2.597176e-19   8118904
  3.756904e+00   4.455270e-18   3.066957e-03   2.568096e-19   8155824
  3.767533e+00   4.361256e-18   3.070641e-03   2.527571e-19   8212802
  3.778161e+00   4.523914e-18   3.065118e-03   2.497298e-19   8245268
  3.788791e+00   4.557523e-18   3.071754e-03   2.465898e-19   8308816
  3.799422e+00   4.270202e-18   3.066301e-03   2.433421e-19   8340304
  3.810044e+00   4.386265e-18   3.066222e-03   2.404534e-19   8387738
  3.820668e+00   4.275644e-18   3.067207e-03   2.373942e-19   8437624
  3.831296e+00   4.129114e-18   3.068826e-03   2.341270e-19   8487796
  3.841921e+00   3.937104e-18   3.066430e-03   2.312517e-19   8527936
  3.852549e+00   4.095439e-18   3.069409e-03   2.281283e-19   8585122
  3.863180e+00   3.870751e-18   3.067925e-03   2.252296e-19   8628200
  3.873811e+00   3.888969e-18   3.069670e-03   2.226851e-19   8679484
  3.884439e+00   4.252895e-18   3.067320e-03   2.197034e-19   8721466
  3.895064e+00   4.157814e-18   3.065795e-03   2.169920e-19   8765840
  3.905692e+00   3.847394e-18   3.070355e-03   2.140051e-19   8825136
  3.916320e+00   4.172769e-18   3.066753e-03   2.114532e-19   8861768
  3.926948e+00   3.768495e-18   3.069321e-03   2.086759e-19   8919278
  3.937577e+00   4.476532e-18   3.066595e-03   2.061293e-19   8961008
  3.948205e+00   3.894435e-18   3.068779e-03   2.034168e-19   9014456
  3.958835e+00   3.775606e-18   3.068818e-03   2.007815e-19   9062240
  3.969465e+00   4.209628e-18   3.068277e-03   1.984196e-19   9110510
  3.980091e+00   3.972259e-18   3.066455e-03   1.957906e-19   9154048
  3.990712e+00   3.074298e-18   3.065703e-03   1.936681e-19   9198928
  4.001336e+00   3.759552e-18   3.068826e-03   1.908099e-19   9257194
  4.011967e+00   3.908168e-18   3.069362e-03   1.885781e-19   9310168
  4.022596e+00   3.514263e-18   3.066324e-03   1.863343e-19   9350316
  4.033222e+00   3.685328e-18   3.069210e-03   1.840068e-19   9407120
  4.043852e+00   3.453790e-18   3.068250e-03   1.816434e-19   9454642
  4.054482e+00   3.678669e-18   3.068405e-03   1.794415e-19   9506272
  4.065111e+00   3.071234e-18   3.067355e-03   1.771692e-19   9551228
  4.075735e+00   3.792741e-18   3.067594e-03   1.750616e-19   9600264
  4.086360e+00   3.445329e-18   3.067530e-03   1.728212e-19   9651458
  4.096991e+00   3.259053e-18   3.070122e-03   1.706337e-19   9711488
  4.107620e+00   3.227926e-18   3.066189e-03   1.686013e-19   9749144
  4.118247e+00   3.197879e-18   3.069033e-03   1.665941e-19   9807908
  4.128876e+00   3.244995e-18   3.067607e-03   1.644106e-19   9854786
  4.139508e+00   2.590503e-18   3.070269e-03   1.623420e-19   9914304
  4.150134e+00   3.060033e-18   3.064668e-03   1.605878e-19   9945544
  4.160753e+00   3.325199e-18   3.066794e-03   1.586511e-19   10003414
  4.171379e+00   2.693802e-18   3.068671e-03   1.566062e-19   10062032
  4.182011e+00   3.120067e-18   3.069142e-03   1.545496e-19   10114792
  4.192645e+00   3.225444e-18   3.070449e-03   1.528387e-19   10169936
  4.203267e+00   3.314379e-18   3.062650e-03   1.510139e-19   10196602
  4.213895e+00   2.956981e-18   3.072265e-03   1.491876e-19   10281156
  4.224526e+00   2.838906e-18   3.065688e-03   1.473896e-19   10309376
  4.235150e+00   2.716360e-18   3.068567e-03   1.454495e-19   10369856
  4.245775e+00   3.004866e-18   3.066063e-03   1.438450e-19   10415370
  4.256404e+00   2.635940e-18   3.070045e-03   1.420534e-19   10481988
  4.267039e+00   2.952889e-18   3.069556e-03   1.403207e-19   10531200
  4.277665e+00   2.823916e-18   3.065408e-03   1.387803e-19   10569416
  4.288289e+00   2.922375e-18   3.068216e-03   1.371155e-19   10633066
  4.298919e+00   2.972481e-18   3.068866e-03   1.354719e-19   10687548
  4.309552e+00   2.791150e-18   3.070419e-03   1.337226e-19   10743968
  4.320180e+00   2.863306e-18   3.065849e-03   1.322849e-19   10782130
  4.330801e+00   2.528443e-18   3.066095e-03   1.306400e-19   10837792
  4.341427e+00   2.463514e-18   3.068321e-03   1.292708e-19   10897368
  4.352058e+00   2.703923e-18   3.069642e-03   1.276379e-19   10953940
  4.362687e+00   2.805354e-18   3.067969e-03   1.260017e-19   11003274
  4.373313e+00   2.560625e-18   3.066343e-03   1.245333e-19   11052800
  4.383943e+00   2.717860e-18   3.070099e-03   1.231182e-19   11118176
  4.394573e+00   2.360907e-18   3.067934e-03   1.216173e-19   11162268
  4.405196e+00   2.687849e-18   3.066117e-03   1.202309e-19   11211458
  4.415820e+00   2.795891e-18   3.067310e-03   1.188772e-19   11271888
  4.426448e+00   2.306943e-18   3.068640e-03   1.173542e-19   11329304
  4.437073e+00   2.263779e-18   3.066385e-03   1.160735e-19   11375026
  4.447701e+00   2.485175e-18   3.069261e-03   1.146758e-19   11442532
  4.458330e+00   2.560456e-18   3.066551e-03   1.133577e-19   11487264
  4.468957e+00   2.187393e-18   3.068098e-03   1.120137e-19   11545680
  4.479587e+00   2.347776e-18   3.069842e-03   1.107585e-19   11607058
  4.490221e+00   2.320528e-18   3.069925e-03   1.094211e-19   11664300
  4.500851e+00   2.089404e-18   3.066963e-03   1.082788e-19   11707488
  4.511474e+00   2.233888e-18   3.066617e-03   1.069955e-19   11759536
  4.522104e+00   2.267764e-18   3.071176e-03   1.056879e-19   11833690
  4.532737e+00   2.146242e-18   3.067542e-03   1.044655e-19   11877808
  4.543362e+00   1.940824e-18   3.065778e-03   1.033511e-19   11925836
  4.553987e+00   2.206135e-18   3.068899e-03   1.021572e-19   11992168
  4.564616e+00   2.012007e-18   3.067784e-03   1.009761e-19   12044554
  4.575242e+00   2.032029e-18   3.067168e-03   9.985601e-20   12098976
  4.585865e+00   2.128245e-18   3.066173e-03   9.870588e-20   12149996
  4.596487e+00   2.159579e-18   3.067038e-03   9.750971e-20   12209594
  4.607117e+00   2.293922e-18   3.069983e-03   9.647198e-20   12279272
  4.617752e+00   2.295074e-18   3.070004e-03   9.537691e-20   12336072
  4.628383e+00   2.072510e-18   3.067416e-03   9.421469e-20   12381744
  4.639009e+00   2.090045e-18   3.068068e-03   9.317021e-20   12441590
  4.649637e+00   2.206727e-18   3.067557e-03   9.221220e-20   12497256
  4.660262e+00   1.995498e-18   3.066825e-03   9.122430e-20   12550032
  4.670884e+00   1.967426e-18   3.066185e-03   9.020876e-20   12603936
  4.681508e+00   1.899838e-18   3.068111e-03   8.916635e-20   12671230
  4.692142e+00   2.179578e-18   3.070828e-03   8.814659e-20   12740920
  4.702775e+00   2.018380e-18   3.067767e-03   8.708048e-20   12784560
  4.713398e+00   2.133784e-18   3.065894e-03   8.619941e-20   12834176
  4.724025e+00   1.968100e-18   3.069663e-03   8.517366e-20   12909006
  4.734656e+00   1.865345e-18   3.068089e-03   8.425878e-20   12959680
  4.745283e+00   1.746343e-18   3.067551e-03   8.337623e-20   13014232
  4.755909e+00   1.997193e-18   3.068154e-03   8.243801e-20   13076514
  4.766534e+00   1.959619e-18   3.065684e-03   8.158402e-20   13127112
  4.777164e+00   1.808482e-18   3.070665e-03   8.060766e-20   13205852
  4.787797e+00   1.793705e-18   3.068206e-03   7.974157e-20   13252032
  4.798423e+00   1.958590e-18   3.066967e-03   7.884985e-20   13307450
  4.809051e+00   1.719537e-18   3.068506e-03   7.807621e-20   13374160
  4.819680e+00   1.793965e-18   3.067567e-03   7.718162e-20   13426348
  4.830308e+00   1.792562e-18   3.069633e-03   7.629390e-20   13492760
  4.840934e+00   1.807455e-18   3.066142e-03   7.555635e-20   13539546
  4.851560e+00   1.437490e-18   3.068338e-03   7.473608e-20   13610704
  4.862187e+00   1.708394e-18   3.066835e-03   7.392355e-20   13662024
  4.872813e+00   1.754670e-18   3.068248e-03   7.306494e-20   13727492
  4.883443e+00   1.638482e-18   3.069111e-03   7.230439e-20   13793394
  4.894073e+00   1.600786e-18   3.067154e-03   7.156295e-20   13844456
  4.904699e+00   1.802692e-18   3.067927e-03   7.082234e-20   13905184
  4.915325e+00   1.627979e-18   3.067971e-03   7.006615e-20   13965958
  4.925951e+00   1.740478e-18   3.067148e-03   6.933091e-20   14025192
  4.936580e+00   1.652581e-18   3.068951e-03   6.856078e-20   14093768
  4.947211e+00   1.767821e-18   3.068454e-03   6.785179e-20   14150440
  4.957840e+00   1.551832e-18   3.068630e-03   6.716081e-20   14213450
  4.968468e+00   1.463673e-18   3.066726e-03   6.641923e-20   14267036
  4.979095e+00   1.611503e-18   3.068568e-03   6.566243e-20   14335032
  4.989722e+00   1.390023e-18   3.067092e-03   6.507244e-20   14387664
  5.000347e+00   1.568259e-18   3.068270e-03   6.438533e-20   14455698
  5.010977e+00   1.589812e-18   3.068677e-03   6.367677e-20   14520452
  5.021607e+00   1.498638e-18   3.068497e-03   6.310948e-20   14580272
  5.032232e+00   1.547428e-18   3.065614e-03   6.238047e-20   14628050
  5.042860e+00   1.672303e-18   3.070982e-03   6.175516e-20   14716744
  5.053489e+00   1.397117e-18   3.065407e-03   6.114144e-20   14751712
  5.064115e+00   1.576336e-18   3.069456e-03   6.049045e-20   14831620
  5.074740e+00   1.411034e-18   3.065470e-03   5.990728e-20   14875522
  5.085366e+00   1.445887e-18   3.068961e-03   5.925261e-20   14956720
  5.095994e+00   1.656700e-18   3.066998e-03   5.871984e-20   15008272
  5.106620e+00   1.585121e-18   3.067783e-03   5.810619e-20   15073780
  5.117248e+00   1.547781e-18   3.069002e-03   5.753482e-20   15144866
  5.127883e+00   1.450323e-18   3.070052e-03   5.698757e-20   15213872
  5.138515e+00   1.644104e-18   3.067931e-03   5.637601e-20   15263976
  5.149140e+00   1.424647e-18   3.066723e-03   5.582728e-20   15320236
  5.159767e+00   1.420746e-18   3.069367e-03   5.524798e-20   15398322
  5.170396e+00   1.374010e-18   3.067121e-03   5.471118e-20   15450864
  5.181021e+00   1.471353e-18   3.067373e-03   5.419611e-20   15513888
  5.191645e+00   1.488769e-18   3.066596e-03   5.365055e-20   15574626
  5.202274e+00   1.363890e-18   3.069893e-03   5.312211e-20   15657956
  5.212904e+00   1.530120e-18   3.066736e-03   5.261276e-20   15704248
  5.223531e+00   1.416539e-18   3.068512e-03   5.213242e-20   15774824
  5.234161e+00   1.478035e-18   3.069354e-03   5.159276e-20   15844898
  5.244790e+00   1.383362e-18   3.066994e-03   5.112316e-20   15898956
  5.255415e+00   1.429186e-18   3.067091e-03   5.062012e-20   15961768
  5.266040e+00   1.503513e-18   3.068481e-03   5.013827e-20   16032208
  5.276669e+00   1.436672e-18   3.068464e-03   4.962909e-20   16099530
  5.287295e+00   1.425946e-18   3.065856e-03   4.914462e-20   16152712
  5.297924e+00   1.385450e-18   3.069693e-03   4.869408e-20   16235740
  5.308553e+00   1.398888e-18   3.067725e-03   4.823763e-20   16288856
  5.319183e+00   1.369187e-18   3.069408e-03   4.779416e-20   16365074
  5.329812e+00   1.432928e-18   3.067066e-03   4.739147e-20   16418248
  5.340434e+00   1.263306e-18   3.065573e-03   4.695022e-20   16473180
  5.351058e+00   1.258855e-18   3.069491e-03   4.642648e-20   16560234
  5.361687e+00   1.342729e-18   3.067046e-03   4.611140e-20   16616088
  5.372317e+00   1.388849e-18   3.069133e-03   4.564034e-20   16693264
  5.382948e+00   1.407628e-18   3.068526e-03   4.524590e-20   16753864
  5.393577e+00   1.225118e-18   3.068569e-03   4.480116e-20   16820702
  5.404204e+00   1.436069e-18   3.066887e-03   4.445394e-20   16879288
  5.414832e+00   1.224217e-18   3.068277e-03   4.401055e-20   16951712
  5.425456e+00   1.412431e-18   3.066689e-03   4.364820e-20   17007560
  5.436084e+00   1.350853e-18   3.069534e-03   4.322726e-20   17092086
  5.446713e+00   1.214653e-18   3.067265e-03   4.285641e-20   17148392
  5.457342e+00   1.296189e-18   3.068696e-03   4.250067e-20   17222288
  5.467971e+00   1.366680e-18   3.068089e-03   4.209970e-20   17285096
  5.478597e+00   1.372618e-18   3.066549e-03   4.176653e-20   17344826
  5.489223e+00   1.207632e-18   3.068300e-03   4.138412e-20   17421236
  5.499853e+00   1.252885e-18   3.069479e-03   4.103333e-20   17494160
  5.510478e+00   1.287919e-18   3.065109e-03   4.070304e-20   17538122
  5.521100e+00   1.398596e-18   3.067347e-03   4.036350e-20   17620136
  5.531731e+00   1.292006e-18   3.069687e-03   4.000677e-20   17700428
  5.542362e+00   1.303499e-18   3.068482e-03   3.965196e-20   17760320
  5.552991e+00   1.260460e-18   3.068060e-03   3.934333e-20   17827562
  5.563619e+00   1.354788e-18   3.067912e-03   3.898990e-20   17895488
  5.574247e+00   1.216045e-18   3.068230e-03   3.871635e-20   17963576
  5.584874e+00   1.205860e-18   3.067616e-03   3.840456e-20   18027500
  5.595502e+00   1.274612e-18   3.068831e-03   3.811478e-20   18105650
  5.606129e+00   1.301499e-18   3.066269e-03   3.777871e-20   18160880
  5.616752e+00   1.221161e-18   3.067084e-03   3.752085e-20   18233144
  5.627379e+00   1.337335e-18   3.067872e-03   3.720613e-20   18307310
  5.638008e+00   1.213961e-18   3.068420e-03   3.693186e-20   18381680
  5.648639e+00   1.269370e-18   3.068723e-03   3.663035e-20   18450536
  5.659270e+00   1.208288e-18   3.069549e-03   3.631169e-20   18522128
  5.669897e+00   1.256136e-18   3.067067e-03   3.605164e-20   18578414
  5.680523e+00   1.169924e-18   3.067781e-03   3.578754e-20   18654304
  5.691150e+00   1.222713e-18   3.067639e-03   3.550563e-20   18722304
  5.701780e+00   1.268445e-18   3.069442e-03   3.525503e-20   18802472
  5.712409e+00   1.267771e-18   3.067729e-03   3.497828e-20   18864266
  5.723037e+00   1.203778e-18   3.067347e-03   3.476327e-20   18933260
  5.733662e+00   1.297097e-18   3.066799e-03   3.448492e-20   18997448
  5.744288e+00   1.225700e-18   3.068953e-03   3.423011e-20   19079816
  5.754917e+00   1.296232e-18   3.067744e-03   3.402507e-20   19145330
  5.765545e+00   1.190390e-18   3.067941e-03   3.376258e-20   19218276
  5.776172e+00   1.214776e-18   3.067784e-03   3.352133e-20   19286200
  5.786797e+00   1.274462e-18   3.066457e-03   3.331248e-20   19349738
  5.797427e+00   1.193071e-18   3.070714e-03   3.309598e-20   19450040
  5.808057e+00   1.273628e-18   3.065907e-03   3.285187e-20   19489688
  5.818683e+00   1.271970e-18   3.068803e-03   3.262069e-20   19576868
  5.829310e+00   1.260978e-18   3.067331e-03   3.242582e-20   19640282
  5.839940e+00   1.239262e-18   3.069683e-03   3.221361e-20   19728800
  5.850566e+00   1.271693e-18   3.065237e-03   3.201231e-20   19770152
  5.861190e+00   1.195541e-18   3.068717e-03   3.176579e-20   19863516
  5.871821e+00   1.256923e-18   3.069639e-03   3.161533e-20   19943594
  5.882452e+00   1.122177e-18   3.067597e-03   3.143249e-20   20003440
  5.893081e+00   1.221053e-18   3.068832e-03   3.122093e-20   20081768
  5.903706e+00   1.192246e-18   3.066188e-03   3.104890e-20   20136200
  5.914335e+00   1.224615e-18   3.070449e-03   3.087091e-20   20238094
  5.924964e+00   1.231254e-18   3.066146e-03   3.070000e-20   20282544
  5.935584e+00   1.211357e-18   3.065727e-03   3.053043e-20   20351720
  5.946209e+00   1.214177e-18   3.068474e-03   3.034430e-20   20444714
  5.956838e+00   1.212075e-18   3.067781e-03   3.020573e-20   20515116
  5.967470e+00   1.156812e-18   3.070149e-03   3.000766e-20   20602384
  5.978102e+00   1.163718e-18   3.068165e-03   2.988738e-20   20659872
  5.988728e+00   1.191535e-18   3.067093e-03   2.971162e-20   20727682
  5.999356e+00   1.202206e-18   3.068732e-03   2.956829e-20   20814416
  6.009986e+00   1.200463e-18   3.068153e-03   2.940255e-20   20881100
  6.020612e+00   1.175414e-18   3.068117e-03   2.922269e-20   20953688
  6.031238e+00   1.224573e-18   3.066654e-03   2.914992e-20   21021050
  6.041866e+00   1.189346e-18   3.068891e-03   2.897436e-20   21111632
  6.052496e+00   1.159820e-18   3.068341e-03   2.883727e-20   21179972
  6.063121e+00   1.215783e-18   3.066368e-03   2.872562e-20   21240488
  6.073747e+00   1.192136e-18   3.068419e-03   2.861399e-20   21331418
  6.084375e+00   1.217089e-18   3.067338e-03   2.846253e-20   21397304
  6.095000e+00   1.183344e-18   3.067405e-03   2.835441e-20   21469764
  6.105627e+00   1.192428e-18   3.068819e-03   2.824406e-20   21556122
  6.116254e+00   1.114330e-18   3.066479e-03   2.814554e-20   21618312
  6.126884e+00   1.117606e-18   3.069809e-03   2.799683e-20   21716096
  6.137516e+00   1.189105e-18   3.068719e-03   2.788600e-20   21781352
  6.148144e+00   1.185126e-18   3.067428e-03   2.782879e-20   21848870
  6.158771e+00   1.181072e-18   3.067652e-03   2.771818e-20   21927536
  6.169400e+00   1.200536e-18   3.068795e-03   2.763102e-20   22008944
  6.180028e+00   1.188615e-18   3.067865e-03   2.751138e-20   22076136
  6.190652e+00   1.117489e-18   3.066547e-03   2.743591e-20   22145270
  6.201282e+00   1.180875e-18   3.070373e-03   2.736786e-20   22250960
  6.211913e+00   1.221465e-18   3.066914e-03   2.729129e-20   22300864
  6.222538e+00   1.198444e-18   3.067186e-03   2.716319e-20   22378586
  6.233165e+00   1.227241e-18   3.068261e-03   2.712098e-20   22464104
  6.243795e+00   1.268256e-18   3.068708e-03   2.704655e-20   22542892
  6.254421e+00   1.232667e-18   3.067123e-03   2.702727e-20   22606008
  6.265047e+00   1.174010e-18   3.067919e-03   2.691493e-20   22690002
  6.275673e+00   1.172790e-18   3.066936e-03   2.687889e-20   22762216
  6.286298e+00   1.089842e-18   3.068880e-03   2.665530e-20   22815779
  6.296927e+00   1.018537e-18   3.067733e-03   2.623233e-20   22772312
  6.307555e+00   8.407213e-19   3.067923e-03   2.578811e-20   22733708
  6.318183e+00   6.919502e-19   3.068441e-03   2.533900e-20   22697672
  6.328811e+00   6.301802e-19   3.067507e-03   2.494553e-20   22651460
  6.339438e+00   6.136432e-19   3.068199e-03   2.452245e-20   22616024
  6.350068e+00   5.503612e-19   3.069309e-03   2.411283e-20   22583496
  6.360694e+00   4.728108e-19   3.065960e-03   2.374819e-20   22519252
  6.371317e+00   4.461035e-19   3.067197e-03   2.339512e-20   22488992
  6.381944e+00   4.381341e-19   3.067780e-03   2.297409e-20   22453172
  6.392574e+00   3.896081e-19   3.069105e-03   2.264906e-20   22420584
  6.403204e+00   4.137607e-19   3.068296e-03   2.230238e-20   22371700
  6.413832e+00   3.917590e-19   3.068296e-03   2.193823e-20   22329896
  6.424460e+00   3.356098e-19   3.067512e-03   2.161076e-20   22282876
  6.435088e+00   3.363192e-19   3.068899e-03   2.127867e-20   22250692
  6.445715e+00   3.314594e-19   3.066872e-03   2.096451e-20   22194436
  6.456340e+00   2.911555e-19   3.066996e-03   2.064948e-20   22153540
  6.466968e+00   3.313678e-19   3.068722e-03   2.037259e-20   22122584
  6.477597e+00   3.402826e-19   3.067957e-03   2.005787e-20   22073004
  6.488227e+00   2.812788e-19   3.069406e-03   1.977673e-20   22039640
  6.498854e+00   2.719395e-19   3.066107e-03   1.949058e-20   21971624
  6.509482e+00   2.630950e-19   3.070097e-03   1.920437e-20   21955708
  6.520106e+00   2.345364e-19   3.063845e-03   1.895859e-20   21867720
  6.530733e+00   2.681898e-19   3.071600e-03   1.867528e-20   21878900
  6.541363e+00   2.836966e-19   3.065935e-03   1.843726e-20   21794260
  6.551990e+00   3.238287e-19   3.068881e-03   1.818265e-20   21770256
  6.562619e+00   3.183475e-19   3.068010e-03   1.793584e-20   21718124
  6.573247e+00   2.536927e-19   3.067905e-03   1.770797e-20   21671096
  6.583874e+00   2.756247e-19   3.067932e-03   1.744787e-20   21625412
  6.594503e+00   2.443409e-19   3.069070e-03   1.722624e-20   21587284
  6.605129e+00   2.253355e-19   3.066010e-03   1.701454e-20   21519648
  6.615755e+00   2.532920e-19   3.068792e-03   1.679337e-20   21493344
  6.626384e+00   2.187651e-19   3.067812e-03   1.655356e-20   21439360
  6.637013e+00   2.001093e-19   3.068679e-03   1.636063e-20   21398900
  6.647644e+00   1.854700e-19   3.068668e-03   1.615002e-20   21351488
  6.658271e+00   2.227886e-19   3.066526e-03   1.595907e-20   21288012
  6.668898e+00   2.597377e-19   3.068796e-03   1.573980e-20   21255052
  6.679525e+00   2.111864e-19   3.067400e-03   1.553823e-20   21196928
  6.690151e+00   1.627416e-19   3.067431e-03   1.536188e-20   21149036
  6.700778e+00   1.817978e-19   3.068015e-03   1.517845e-20   21105304
  6.711407e+00   2.208036e-19   3.068524e-03   1.499443e-20   21059992
  6.722038e+00   2.148795e-19   3.069263e-03   1.479252e-20   21014904
  6.732667e+00   1.932540e-19   3.067536e-03   1.463433e-20   20953620
  6.743293e+00   2.210647e-19   3.067478e-03   1.446294e-20   20902948
  6.753920e+00   1.782731e-19   3.068064e-03   1.427884e-20   20856528
  6.764548e+00   1.889094e-19   3.068448e-03   1.412696e-20   20808868
  6.775174e+00   1.877567e-19   3.066599e-03   1.393833e-20   20746700
  6.785798e+00   1.792960e-19   3.066925e-03   1.380243e-20   20699040
  6.796428e+00   1.652623e-19   3.069860e-03   1.363064e-20   20667584
  6.807054e+00   1.926513e-19   3.064988e-03   1.348367e-20   20583320
  6.817679e+00   1.994407e-19   3.069606e-03   1.332449e-20   20562728
  6.828310e+00   1.729809e-19   3.067915e-03   1.317045e-20   20499120
  6.838938e+00   1.597109e-19   3.068337e-03   1.302902e-20   20448668
  6.849566e+00   1.544402e-19   3.068077e-03   1.288934e-20   20394408
  6.860195e+00   1.959111e-19   3.068320e-03   1.274452e-20   20344236
  6.870823e+00   1.717795e-19   3.067630e-03   1.262023e-20   20287988
  6.881451e+00   1.546359e-19   3.068044e-03   1.246150e-20   20237280
  6.892077e+00   1.800488e-19   3.067320e-03   1.233504e-20   20178328
  6.902707e+00   1.811186e-19   3.069652e-03   1.220121e-20   20139844
  6.913336e+00   1.550884e-19   3.067174e-03   1.207486e-20   20069748
  6.923962e+00   1.255022e-19   3.067514e-03   1.193434e-20   20016800
  6.934587e+00   1.297107e-19   3.067642e-03   1.181178e-20   19962224
  6.945217e+00   1.479577e-19   3.069885e-03   1.168085e-20   19923568
  6.955848e+00   1.739729e-19   3.067490e-03   1.156653e-20   19854300
  6.966474e+00   1.618111e-19   3.067154e-03   1.145374e-20   19797056
  6.977101e+00   1.576149e-19   3.067706e-03   1.132771e-20   19744940
  6.987728e+00   1.246144e-19   3.068174e-03   1.122004e-20   19691768
  6.998356e+00   1.357489e-19   3.067321e-03   1.109900e-20   19629548
  7.008982e+00   1.443785e-19   3.067740e-03   1.098336e-20   19575480
  7.019610e+00   1.307824e-19   3.068413e-03   1.088619e-20   19523296
  7.030241e+00   1.563521e-19   3.069533e-03   1.076784e-20   19474344
  7.040867e+00   1.290138e-19   3.065611e-03   1.067233e-20   19392868
  7.051493e+00   1.139980e-19   3.069073e-03   1.055701e-20   19356176
  7.062123e+00   1.432827e-19   3.068592e-03   1.045628e-20   19294916
  7.072754e+00   1.391988e-19   3.069110e-03   1.034847e-20   19240856
  7.083382e+00   1.205580e-19   3.067066e-03   1.025806e-20   19170884
  7.094007e+00   1.059646e-19   3.066966e-03   1.015104e-20   19111352
  7.104633e+00   1.357879e-19   3.068278e-03   1.006137e-20   19060016
  7.115261e+00   1.312239e-19   3.067998e-03   9.975159e-21   18999752
  7.125886e+00   1.447245e-19   3.066210e-03   9.879881e-21   18930272
  7.136511e+00   1.204200e-19   3.068009e-03   9.786672e-21   18882340
  7.147141e+00   1.197788e-19   3.069133e-03   9.692564e-21   18829056
  7.157770e+00   1.278881e-19   3.067293e-03   9.601742e-21   18757640
  7.168398e+00   1.261138e-19   3.069197e-03   9.511623e-21   18709036
  7.179027e+00   1.172745e-19   3.067378e-03   9.432666e-21   18637668
  7.189656e+00   1.201623e-19   3.069146e-03   9.340161e-21   18587048
  7.200283e+00   1.554769e-19   3.066626e-03   9.257800e-21   18510972
  7.210909e+00   1.311081e-19   3.067730e-03   9.172841e-21   18456692
  7.221535e+00   1.353158e-19   3.067567e-03   9.096980e-21   18394084
  7.232164e+00   1.201804e-19   3.069110e-03   9.014645e-21   18341352
  7.242794e+00   1.244774e-19   3.068234e-03   8.938329e-21   18273884
  7.253423e+00   1.248885e-19   3.068036e-03   8.864851e-21   18211148
  7.264048e+00   1.329437e-19   3.066171e-03   8.786608e-21   18137692
  7.274674e+00   1.130194e-19   3.069088e-03   8.706923e-21   18091580
  7.285305e+00   1.062507e-19   3.068515e-03   8.633973e-21   18024560
  7.295932e+00   1.096906e-19   3.067362e-03   8.561313e-21   17955116
  7.306559e+00   1.373206e-19   3.067637e-03   8.494723e-21   17893232
  7.317187e+00   9.141734e-20   3.068343e-03   8.414865e-21   17832620
  7.327816e+00   1.194753e-19   3.068327e-03   8.356217e-21   17767864
  7.338445e+00   1.124446e-19   3.068809e-03   8.282272e-21   17706956
  7.349073e+00   1.120343e-19   3.066947e-03   8.215847e-21   17632632
  7.359699e+00   1.108155e-19   3.068061e-03   8.153431e-21   17573524
  7.370327e+00   9.603040e-20   3.067901e-03   8.088736e-21   17506380
  7.380954e+00   1.168580e-19   3.068207e-03   8.025078e-21   17442548
  7.391580e+00   1.087548e-19   3.066528e-03   7.958200e-21   17368556
  7.402208e+00   1.051003e-19   3.069314e-03   7.895455e-21   17318260
  7.412837e+00   9.757271e-20   3.067939e-03   7.837956e-21   17243792
  7.423463e+00   1.118916e-19   3.066549e-03   7.774103e-21   17169716
  7.434088e+00   9.882885e-20   3.067759e-03   7.720248e-21   17109768
  7.444715e+00   1.152951e-19   3.068012e-03   7.658758e-21   17044064
  7.455345e+00   9.556808e-20   3.068894e-03   7.600020e-21   16981560
  7.465972e+00   1.044464e-19   3.066680e-03   7.545641e-21   16902264
  7.476600e+00   9.820478e-20   3.069499e-03   7.487006e-21   16849940
  7.487230e+00   8.487184e-20   3.067461e-03   7.435308e-21   16770600
  7.497858e+00   1.026800e-19   3.068497e-03   7.377976e-21   16707512
  7.508485e+00   9.796659e-20   3.067634e-03   7.327183e-21   16634480
  7.519114e+00   9.256555e-20   3.068242e-03   7.270719e-21   16569424
  7.529741e+00   1.231478e-19   3.067751e-03   7.215132e-21   16497216
  7.540372e+00   9.474094e-20   3.069501e-03   7.173261e-21   16436416
  7.550999e+00   9.901011e-20   3.067032e-03   7.120924e-21   16353532
  7.561624e+00   9.764753e-20   3.067126e-03   7.073510e-21   16284908
  7.572251e+00   9.244455e-20   3.068426e-03   7.023514e-21   16221948
  7.582881e+00   9.451904e-20   3.068614e-03   6.977056e-21   16152552
  7.593510e+00   7.946802e-20   3.068122e-03   6.930147e-21   16078864
  7.604137e+00   1.058825e-19   3.067536e-03   6.881877e-21   16005296
  7.614766e+00   9.670104e-20   3.068300e-03   6.840791e-21   15938220
  7.625392e+00   7.660848e-20   3.066841e-03   6.797292e-21   15858440
  7.636016e+00   1.099265e-19   3.067373e-03   6.754911e-21   15789252
  7.646642e+00   8.491034e-20   3.067548e-03   6.705910e-21   15718944
  7.657269e+00   9.105392e-20   3.067947e-03   6.664579e-21   15648652
  7.667899e+00   8.256927e-20   3.069201e-03   6.623309e-21   15581944
  7.678531e+00   8.532552e-20   3.069010e-03   6.591002e-21   15508744
  7.689158e+00   7.865420e-20   3.066436e-03   6.543565e-21   15422472
  7.699784e+00   9.110315e-20   3.068878e-03   6.498213e-21   15361536
  7.710413e+00   8.397951e-20   3.067494e-03   6.465339e-21   15281048
  7.721038e+00   8.164622e-20   3.067557e-03   6.425748e-21   15207752
  7.731666e+00   8.774973e-20   3.067687e-03   6.384913e-21   15134800
  7.742292e+00   9.654393e-20   3.067594e-03   6.349442e-21   15059664
  7.752920e+00   8.920718e-20   3.068106e-03   6.306746e-21   14987020
  7.763550e+00   8.178120e-20   3.069757e-03   6.276322e-21   14919936
  7.774179e+00   9.314678e-20   3.066979e-03   6.244610e-21   14831776
  7.784807e+00   8.821788e-20   3.069197e-03   6.206892e-21   14767552
  7.795435e+00   8.484348e-20   3.066309e-03   6.172490e-21   14678336
  7.806062e+00   9.645865e-20   3.069079e-03   6.133791e-21   14615044
  7.816690e+00   8.604289e-20   3.067275e-03   6.107968e-21   14530200
  7.827317e+00   8.612778e-20   3.067927e-03   6.076505e-21   14457000
  7.837945e+00   8.742072e-20   3.068558e-03   6.039143e-21   14383440
  7.848573e+00   7.732372e-20   3.067003e-03   6.009073e-21   14299516
  7.859199e+00   8.752026e-20   3.067899e-03   5.977952e-21   14226024
  7.869825e+00   7.448022e-20   3.067223e-03   5.950537e-21   14145048
  7.880455e+00   8.395422e-20   3.070446e-03   5.918369e-21   14082144
  7.891083e+00   8.164809e-20   3.065393e-03   5.895431e-21   13981640
  7.901708e+00   8.480139e-20   3.068688e-03   5.866699e-21   13918460
  7.912338e+00   9.029668e-20   3.068702e-03   5.832661e-21   13839752
  7.922969e+00   8.511033e-20   3.069182e-03   5.801450e-21   13762736
  7.933598e+00   8.187356e-20   3.067868e-03   5.779976e-21   13677980
  7.944225e+00   8.265536e-20   3.067250e-03   5.758908e-21   13596196
  7.954850e+00   7.385476e-20   3.067470e-03   5.727417e-21   13517736
  7.965475e+00   9.166154e-20   3.066448e-03   5.707245e-21   13433184
  7.976100e+00   7.002292e-20   3.068623e-03   5.678206e-21   13362296
  7.986730e+00   5.986176e-20   3.068494e-03   5.655826e-21   13281376
  7.997360e+00   8.821326e-20   3.069113e-03   5.636262e-21   13203336
  8.007987e+00   7.857179e-20   3.066719e-03   5.607537e-21   13113016
  8.018613e+00   6.583556e-20   3.067735e-03   5.590370e-21   13036400
  8.029240e+00   8.020107e-20   3.067468e-03   5.569860e-21   12953648
  8.039869e+00   7.383260e-20   3.069185e-03   5.548767e-21   12879016
  8.050498e+00   7.131010e-20   3.067538e-03   5.526817e-21   12790124
  8.061127e+00   7.150691e-20   3.068996e-03   5.502569e-21   12714152
  8.071753e+00   6.988108e-20   3.066076e-03   5.487230e-21   12619608
  8.082379e+00   9.481525e-20   3.068682e-03   5.460790e-21   12547232
  8.093011e+00   5.879897e-20   3.070245e-03   5.437617e-21   12470568
  8.103638e+00   7.445878e-20   3.065215e-03   5.421997e-21   12368136
  8.114264e+00   6.565228e-20   3.069116e-03   5.403170e-21   12300504
  8.124894e+00   7.030682e-20   3.068128e-03   5.388617e-21   12212172
  8.135522e+00   6.242306e-20   3.067779e-03   5.371237e-21   12126228
  8.146149e+00   6.397351e-20   3.068089e-03   5.354431e-21   12043352
  8.156778e+00   4.628850e-20   3.068301e-03   5.338948e-21   11959896
  8.167401e+00   6.453606e-20   3.065268e-03   5.325216e-21   11863804
  8.178026e+00   7.349826e-20   3.068937e-03   5.304553e-21   11792812
  8.188656e+00   7.153788e-20   3.068597e-03   5.294679e-21   11705392
  8.199283e+00   6.123222e-20   3.066984e-03   5.274817e-21   11613836
  8.209914e+00   7.323940e-20   3.070536e-03   5.259664e-21   11541532
  8.220543e+00   5.488321e-20   3.066346e-03   5.251323e-21   11440232
  8.231170e+00   5.982461e-20   3.068846e-03   5.234557e-21   11363008
  8.241796e+00   7.195984e-20   3.066631e-03   5.221077e-21   11267848
  8.252424e+00   6.447282e-20   3.069306e-03   5.210712e-21   11190640
  8.263054e+00   5.772560e-20   3.068558e-03   5.195599e-21   11101084
  8.273680e+00   6.774508e-20   3.065604e-03   5.186095e-21   11003284
  8.284304e+00   6.360763e-20   3.068360e-03   5.175214e-21   10925424
  8.294932e+00   6.810295e-20   3.067667e-03   5.163318e-21   10834724
  8.305560e+00   5.427260e-20   3.068711e-03   5.155749e-21   10750156
  8.316186e+00   5.924281e-20   3.066587e-03   5.140242e-21   10655280
  8.326811e+00   6.752194e-20   3.067310e-03   5.133242e-21   10569120
  8.337437e+00   7.420645e-20   3.067168e-03   5.114812e-21   10479672
  8.348070e+00   5.635906e-20   3.071527e-03   5.114442e-21   10404504
  8.358704e+00   5.597395e-20   3.068456e-03   5.102986e-21   10304108
  8.369331e+00   5.741830e-20   3.066991e-03   5.097126e-21   10209940
  8.379958e+00   5.428514e-20   3.068937e-03   5.087942e-21   10126584
  8.390585e+00   5.492246e-20   3.066106e-03   5.078392e-21   10027064
  8.401210e+00   5.647394e-20   3.068731e-03   5.069038e-21   9945072
  8.411836e+00   5.675433e-20   3.065849e-03   5.069545e-21   9844764
  8.422464e+00   5.934014e-20   3.070904e-03   5.053878e-21   9769940
  8.433095e+00   6.785246e-20   3.066721e-03   5.045779e-21   9666072
  8.443721e+00   6.425479e-20   3.067629e-03   5.046794e-21   9577112
  8.454348e+00   6.419149e-20   3.067871e-03   5.041480e-21   9485848
  8.464977e+00   5.276470e-20   3.068818e-03   5.034795e-21   9396136
  8.475607e+00   5.095141e-20   3.068947e-03   5.029969e-21   9304408
  8.486231e+00   5.850409e-20   3.064605e-03   5.026443e-21   9199028
  8.496854e+00   4.964033e-20   3.068671e-03   5.018325e-21   9118288
  8.507481e+00   4.239905e-20   3.066868e-03   5.010757e-21   9019624
  8.518111e+00   4.268075e-20   3.070919e-03   4.993729e-21   8937420
  8.528743e+00   4.690068e-20   3.067653e-03   4.995317e-21   8835200
  8.539369e+00   5.254525e-20   3.066847e-03   4.999209e-21   8739332
  8.549995e+00   4.252586e-20   3.067747e-03   4.984886e-21   8648112
  8.560624e+00   5.017704e-20   3.067898e-03   4.989936e-21   8553372
  8.571253e+00   4.786600e-20   3.069319e-03   4.981019e-21   8461944
  8.581883e+00   4.292182e-20   3.068067e-03   4.974926e-21   8363348
  8.592509e+00   4.425595e-20   3.067870e-03   4.975429e-21   8267792
  8.603135e+00   6.158087e-20   3.066599e-03   4.969152e-21   8169380
  8.613762e+00   5.195850e-20   3.069517e-03   4.960139e-21   8081008
  8.624389e+00   4.217717e-20   3.065774e-03   4.944064e-21   7975632
  8.635016e+00   4.241142e-20   3.069603e-03   4.955748e-21   7889116
  8.645643e+00   5.131115e-20   3.066011e-03   4.944352e-21   7784008
  8.656270e+00   5.376008e-20   3.068709e-03   4.947161e-21   7693848
  8.666897e+00   5.161759e-20   3.067011e-03   4.934977e-21   7592468
  8.677525e+00   5.092202e-20   3.068931e-03   4.925594e-21   7499076
  8.688155e+00   4.859847e-20   3.069474e-03   4.923559e-21   7402880
  8.698786e+00   4.461964e-20   3.067607e-03   4.906732e-21   7300768
  8.709411e+00   5.117685e-20   3.067652e-03   4.915865e-21   7203316
  8.720032e+00   2.750175e-20   3.063689e-03   4.890975e-21   7095724
  8.730662e+00   4.697056e-20   3.073665e-03   4.890792e-21   7019608
  8.741295e+00   3.381353e-20   3.065344e-03   4.864882e-21   6901916
  8.751922e+00   4.145672e-20   3.069704e-03   4.859329e-21   6812952
  8.762548e+00   4.613478e-20   3.065523e-03   4.833846e-21   6704548
  8.773175e+00   3.637675e-20   3.068967e-03   4.828603e-21   6612168
  8.783803e+00   2.220370e-20   3.067598e-03   4.798914e-21   6508628
  8.794433e+00   2.839601e-20   3.069277e-03   4.800354e-21   6412072
  8.805059e+00   2.825375e-20   3.066868e-03   4.768531e-21   6306660
  8.815685e+00   2.961669e-20   3.067492e-03   4.736525e-21   6207592
  8.826308e+00   2.029536e-20   3.066222e-03   4.716215e-21   6103860
  8.836934e+00   3.490103e-20   3.068576e-03   4.678833e-21   6007184
  8.847563e+00   1.725669e-20   3.068782e-03   4.652973e-21   5905660
  8.858194e+00   2.971926e-20   3.069160e-03   4.607769e-21   5805132
  8.868823e+00   1.737582e-20   3.067313e-03   4.574644e-21   5700008
  8.879446e+00   3.362078e-20   3.065734e-03   4.520989e-21   5594856
  8.890075e+00   2.410727e-20   3.070306e-03   4.456174e-21   5502341
  8.900707e+00   1.816492e-20   3.068193e-03   4.427114e-21   5404852
  8.911333e+00   2.497740e-20   3.066920e-03   4.384140e-21   5313930
  8.921960e+00   3.113782e-20   3.068151e-03   4.352653e-21   5230396
  8.932587e+00   2.431535e-20   3.067037e-03   4.324709e-21   5145158
  8.943214e+00   2.744152e-20   3.067644e-03   4.287700e-21   5064506
  8.953844e+00   1.771133e-20   3.070354e-03   4.272998e-21   4989464
  8.964475e+00   2.703234e-20   3.067471e-03   4.244473e-21   4907486
  8.975102e+00   1.463506e-20   3.067454e-03   4.227281e-21   4831952
  8.985729e+00   2.462560e-20   3.067333e-03   4.189157e-21   4757392
  8.996357e+00   1.965004e-20   3.068563e-03   4.171424e-21   4685902
  9.006985e+00   1.984142e-20   3.067839e-03   4.160783e-21   4612826
  9.017611e+00   1.678982e-20   3.067647e-03   4.132629e-21   4542436
  9.028240e+00   2.393304e-20   3.068771e-03   4.121370e-21   4475408
  9.038866e+00   1.123465e-20   3.065432e-03   4.101975e-21   4402686
  9.049492e+00   1.810319e-20   3.069222e-03   4.086867e-21   4340854
  9.060123e+00   2.710261e-20   3.068666e-03   4.059189e-21   4273862
  9.070751e+00   1.414687e-20   3.068093e-03   4.051761e-21   4208538
  9.081377e+00   2.556212e-20   3.066329e-03   4.038143e-21   4142584
  9.092002e+00   2.436836e-20   3.067445e-03   4.013096e-21   4081232
  9.102629e+00   1.324511e-20   3.068061e-03   3.996942e-21   4019668
  9.113260e+00   2.035469e-20   3.070507e-03   3.989020e-21   3961416
  9.123892e+00   1.212870e-20   3.068468e-03   3.983695e-21   3898848
  9.134518e+00   2.304391e-20   3.065914e-03   3.965607e-21   3836718
  9.145140e+00   1.350736e-20   3.066518e-03   3.958420e-21   3779272
  9.155765e+00   2.311485e-20   3.066689e-03   3.948115e-21   3721434
  9.166394e+00   1.573716e-20   3.070316e-03   3.934115e-21   3668198
  9.177028e+00   1.338060e-20   3.069776e-03   3.926805e-21   3611346
  9.187656e+00   1.854427e-20   3.066455e-03   3.913008e-21   3552442
  9.198281e+00   1.073467e-20   3.067337e-03   3.909269e-21   3498908
  9.208908e+00   1.862905e-20   3.067980e-03   3.905268e-21   3445382
  9.219536e+00   1.398830e-21   3.068389e-03   3.890580e-21   3392244
  9.230165e+00   1.179418e-20   3.068360e-03   3.888156e-21   3339634
  9.240792e+00   9.120293e-21   3.067248e-03   3.883759e-21   3286752
  9.251416e+00   2.224862e-20   3.065818e-03   3.880082e-21   3234180
  9.262040e+00   2.002164e-20   3.067094e-03   3.867855e-21   3184556
  9.272670e+00   1.508544e-20   3.070362e-03   3.862902e-21   3137238
  9.283304e+00   1.579372e-20   3.070377e-03   3.860111e-21   3087670
  9.293936e+00   1.146446e-20   3.068566e-03   3.857479e-21   3037460
  9.304560e+00   1.447122e-20   3.064548e-03   3.852077e-21   2985736
  9.315180e+00   2.134060e-20   3.066413e-03   3.849430e-21   2939708
  9.325811e+00   2.251892e-20   3.071553e-03   3.857159e-21   2897012
  9.336443e+00   2.468264e-20   3.067620e-03   3.850385e-21   2846890
  9.347067e+00   1.981377e-20   3.065693e-03   3.852582e-21   2799588
  9.357689e+00   1.097186e-20   3.066395e-03   3.840028e-21   2754954
  9.368315e+00   1.474313e-20   3.068270e-03   3.838544e-21   2711500
  9.378948e+00   1.578536e-20   3.070601e-03   3.844483e-21   2669006
  9.389576e+00   1.698002e-20   3.065837e-03   3.845512e-21   2621264
  9.400202e+00   2.276743e-20   3.068913e-03   3.845018e-21   2580726
  9.410830e+00   1.727763e-20   3.067141e-03   3.841997e-21   2536470
  9.421456e+00   2.132955e-20   3.067445e-03   3.834072e-21   2494370
  9.432084e+00   8.011158e-21   3.068834e-03   3.844752e-21   2453556
  9.442716e+00   1.600503e-20   3.070117e-03   3.847101e-21   2413246
  9.453347e+00   1.870385e-20   3.067994e-03   3.850719e-21   2370914
  9.463973e+00   1.759796e-20   3.067217e-03   3.854661e-21   2330126
  9.474601e+00   1.302983e-20   3.068570e-03   3.859003e-21   2291406
  9.485227e+00   2.320824e-20   3.066158e-03   3.870004e-21   2250410
  9.495850e+00   1.985108e-20   3.066006e-03   3.870636e-21   2211486
  9.506474e+00   1.471942e-20   3.067734e-03   3.877901e-21   2174194
  9.517102e+00   1.730890e-20   3.068176e-03   3.878682e-21   2136416
  9.527733e+00   7.993963e-21   3.069929e-03   3.882103e-21   2100070
  9.538360e+00   2.020252e-20   3.065560e-03   3.892217e-21   2060026
  9.548986e+00   2.321048e-20   3.069362e-03   3.902053e-21   2025910
  9.559615e+00   2.003462e-20   3.067530e-03   3.919682e-21   1988576
  9.570241e+00   1.378869e-20   3.067060e-03   3.914998e-21   1952610
  9.580867e+00   1.458794e-20   3.067361e-03   3.932492e-21   1917470
  9.591493e+00   2.214043e-20   3.067399e-03   3.934397e-21   1882484
  9.602120e+00   1.987547e-20   3.068076e-03   3.942344e-21   1848262
  9.612753e+00   1.888441e-20   3.071327e-03   3.957748e-21   1816024
  9.623386e+00   1.244653e-20   3.068076e-03   3.971102e-21   1780418
  9.634012e+00   1.673867e-20   3.067038e-03   3.979134e-21   1746576
  9.644639e+00   1.926816e-20   3.068628e-03   3.987030e-21   1714622
  9.655268e+00   1.265542e-20   3.067669e-03   4.005637e-21   1681692
  9.665895e+00   1.230241e-20   3.067468e-03   4.014118e-21   1649574
  9.676515e+00   1.488303e-20   3.063511e-03   4.041030e-21   1615788
  9.687137e+00   1.716135e-20   3.068656e-03   4.049452e-21   1587064
  9.697769e+00   1.824791e-20   3.069826e-03   4.071212e-21   1556598
  9.708400e+00   1.444529e-20   3.068471e-03   4.081238e-21   1525380
  9.719030e+00   1.132172e-20   3.068670e-03   4.101907e-21   1495360
  9.729656e+00   2.833280e-20   3.066126e-03   4.129070e-21   1464370
  9.740281e+00   1.388028e-20   3.067601e-03   4.130879e-21   1435656
  9.750907e+00   1.493455e-20   3.067002e-03   4.154519e-21   1406304
  9.761532e+00   1.438186e-20   3.067147e-03   4.178164e-21   1377628
  9.772159e+00   2.108414e-20   3.068370e-03   4.204947e-21   1349744
  9.782788e+00   1.910344e-20   3.068343e-03   4.212878e-21   1321682
  9.793418e+00   2.033598e-20   3.069098e-03   4.232830e-21   1294376
  9.804048e+00   1.950210e-20   3.068140e-03   4.274930e-21   1266768
  9.814673e+00   1.214016e-20   3.066275e-03   4.280494e-21   1239172
  9.825295e+00   1.051884e-20   3.065238e-03   4.318956e-21   1212224
  9.835918e+00   1.391976e-20   3.067386e-03   4.330082e-21   1186796
  9.846547e+00   1.380781e-20   3.069034e-03   4.363579e-21   1161432
  9.857176e+00   2.357391e-20   3.067927e-03   4.386644e-21   1135408
  9.867804e+00   2.240347e-20   3.068239e-03   4.427099e-21   1110324
  9.878434e+00   9.984278e-21   3.068926e-03   4.436207e-21   1085680
  9.889062e+00   1.043576e-20   3.066842e-03   4.488574e-21   1060364
  9.899688e+00   1.148867e-20   3.068767e-03   4.513763e-21   1036736
  9.910321e+00   7.882528e-21   3.070562e-03   4.545890e-21   1013388
  9.920951e+00   2.308897e-20   3.066769e-03   4.573809e-21   988656
  9.931575e+00   2.283570e-20   3.066738e-03   4.615546e-21   965530
  9.942197e+00   1.710460e-20   3.064855e-03   4.649045e-21   942100
  9.952819e+00   1.439443e-20   3.066142e-03   4.690712e-21   919888
  9.963442e+00   1.542470e-20   3.066491e-03   4.726234e-21   897628
  9.974067e+00   1.874105e-20   3.067504e-03   4.763284e-21   875856
  9.984696e+00   1.900249e-20   3.069599e-03   4.807368e-21   854736
  9.995330e+00   1.033496e-20   3.070044e-03   4.852076e-21   833510
  1.000596e+01   1.296613e-20   3.068120e-03   4.888021e-21   811976
  1.001659e+01   2.212683e-20   3.066566e-03   4.935867e-21   790844
  1.002721e+01   1.958390e-20   3.066302e-03   4.976536e-21   770320
  1.003784e+01   2.287292e-20   3.069162e-03   5.024986e-21   750838
  1.004847e+01   2.533653e-20   3.068729e-03   5.068598e-21   730864
  1.005909e+01   8.417404e-21   3.067039e-03   5.135240e-21   710984
  1.006972e+01   3.807669e-20   3.067274e-03   5.194646e-21   691894
  1.008035e+01   1.316982e-20   3.066106e-03   5.235691e-21   672776
  1.009097e+01   2.191941e-20   3.067065e-03   5.297274e-21   654372
  1.010160e+01   2.396498e-20   3.065537e-03   5.401920e-21   635682
  1.011222e+01   1.351932e-20   3.064886e-03   5.447079e-21   617460
  1.012284e+01   2.052074e-20   3.066767e-03   5.463833e-21   600024
  1.013346e+01   1.809793e-20   3.068404e-03   5.544053e-21   582830
  1.014410e+01   1.919202e-20   3.070337e-03   5.627024e-21   566000
  1.015473e+01   1.028998e-20   3.066543e-03   5.707029e-21   548458
  1.016535e+01   3.108257e-20   3.067619e-03   5.755059e-21   532084
  1.017598e+01   1.026851e-20   3.065740e-03   5.857379e-21   515440
  1.018660e+01   2.765124e-20   3.064533e-03   5.907345e-21   499174
  1.019722e+01   2.334336e-20   3.064552e-03   6.026456e-21   483368
  1.020784e+01   5.268078e-21   3.067558e-03   6.082514e-21   468270
  1.021847e+01   3.501838e-20   3.071740e-03   6.191421e-21   453568
  1.022911e+01   2.347047e-20   3.068522e-03   6.291471e-21   438106
  1.023974e+01   1.305962e-20   3.068674e-03   6.354616e-21   423508
  1.025036e+01   6.804901e-21   3.065352e-03   6.428954e-21   408754
  1.026098e+01   1.610354e-20   3.064549e-03   6.573306e-21   394612
  1.027160e+01   6.973993e-21   3.064825e-03   6.647704e-21   380826
  1.028223e+01   1.187527e-20   3.063635e-03   6.809197e-21   367086
  1.029285e+01   3.712627e-20   3.065226e-03   6.915135e-21   353904
  1.030347e+01   2.832722e-20   3.067842e-03   6.997301e-21   341046
  1.031410e+01   3.138716e-20   3.067827e-03   7.125839e-21   328144
  1.032473e+01   6.616464e-21   3.068491e-03   7.240972e-21   315598
  1.033536e+01   3.896991e-20   3.070442e-03   7.404398e-21   303466
  1.034599e+01   2.978045e-20   3.070558e-03   7.583897e-21   291456
  1.035662e+01   7.041638e-21   3.069010e-03   7.722171e-21   279614
  1.036725e+01   1.994528e-20   3.062765e-03   7.833752e-21   267680
  1.037786e+01   7.570289e-21   3.061142e-03   8.006774e-21   256438
  1.038848e+01   4.685232e-21   3.062004e-03   8.176760e-21   245618
  1.039909e+01   4.989834e-21   3.058865e-03   8.408167e-21   234708
  1.040970e+01   1.361022e-20   3.057929e-03   8.559507e-21   224210
  1.042032e+01   2.315211e-20   3.058509e-03   8.681043e-21   214046
  1.043093e+01   2.856947e-20   3.059874e-03   8.972635e-21   204152
  1.044155e+01   9.720879e-21   3.062766e-03   9.189207e-21   194558
  1.045217e+01   1.167045e-20   3.062838e-03   9.390677e-21   185018
  1.046279e+01   2.594178e-20   3.066092e-03   9.612033e-21   175918
  1.047341e+01   2.990840e-20   3.068348e-03   9.912443e-21   166992
  1.048404e+01   2.569442e-20   3.070094e-03   1.016366e-20   158294
  1.049468e+01   2.071561e-20   3.071097e-03   1.045130e-20   149842
  1.050531e+01   3.090737e-21   3.068653e-03   1.079132e-20   141530
  1.051593e+01   -5.139763e-21   3.060509e-03   1.106802e-20   133284
  1.052654e+01   3.362432e-20   3.057354e-03   1.140285e-20   125546
  1.053715e+01   3.520946e-20   3.051144e-03   1.180551e-20   117950
  1.054776e+01   5.284330e-20   3.048602e-03   1.214569e-20   110746
  1.055836e+01   1.490637e-20   3.039799e-03   1.251955e-20   103572
  1.056895e+01   3.666310e-20   3.036073e-03   1.307141e-20   96818
  1.057954e+01   3.876342e-20   3.031333e-03   1.367327e-20   90262
  1.059013e+01   2.283057e-20   3.027317e-03   1.401178e-20   83970
  1.060072e+01   -6.145209e-22   3.019853e-03   1.444569e-20   77846
  1.061129e+01   2.883360e-20   3.012052e-03   1.514578e-20   71984
  1.062186e+01   3.637123e-20   3.005730e-03   1.583436e-20   66398
  1.063243e+01   1.065742e-20   3.000369e-03   1.642097e-20   61058
  1.064300e+01   1.752008e-20   2.995714e-03   1.718716e-20   55958
  1.065357e+01   1.635743e-20   2.990697e-03   1.797812e-20   51082
  1.066413e+01   2.988873e-20   2.981767e-03   1.900653e-20   46398
  1.067469e+01   3.515799e-20   2.970930e-03   1.962755e-20   41954
  1.068524e+01   7.749446e-20   2.955045e-03   2.125957e-20   37718
  1.069578e+01   3.030481e-20   2.938133e-03   2.192906e-20   33736
  1.070631e+01   2.635407e-20   2.922830e-03   2.390761e-20   30006
  1.071684e+01   3.818103e-20   2.912268e-03   2.570191e-20   26522
  1.072739e+01   -1.247543e-20   2.905476e-03   2.678675e-20   23254
  1.073793e+01   1.051725e-19   2.895825e-03   2.903773e-20   20178
  1.074848e+01   3.781386e-20   2.890787e-03   3.091521e-20   17342
  1.075903e+01   -3.675188e-20   2.886580e-03   3.430694e-20   14714
  1.076959e+01   2.892760e-20   2.887906e-03   3.715125e-20   12310
  1.078015e+01   -3.677336e-21   2.880436e-03   4.232689e-20   10098
  1.079071e+01   1.992995e-20   2.879327e-03   4.566438e-20   8126
  1.080127e+01   2.028171e-20   2.877797e-03   5.291248e-20   6362
  1.081184e+01   -9.142356e-20   2.888638e-03   6.155055e-20   4822
  1.082239e+01   -4.529146e-20   2.872451e-03   7.087273e-20   3474
  1.083292e+01   -9.286838e-21   2.869225e-03   8.894334e-20   2366
  1.084344e+01   5.584855e-20   2.860034e-03   1.057014e-19   1466
  1.085397e+01   -1.649177e-19   2.925135e-03   1.468401e-19   790
  1.086426e+01   3.803081e-19   2.767211e-03   2.777409e-19   306
  1.087389e+01   -8.079117e-19   2.357714e-03   5.069272e-19   62
