# cross spectrum of phi(z1) and phi(z2)
# redshift z=0.398845
# k              Pk             sigma(k)       sigma(Pk)      count
  7.830312e-03   2.307850e-10   1.198114e-03   5.195616e-11   18
  1.686348e-02   2.729315e-10   2.897918e-03   2.606392e-11   152
  2.725284e-02   1.630953e-10   3.060867e-03   7.629513e-12   416
  3.742835e-02   8.922580e-11   2.912555e-03   3.348017e-12   770
  4.808679e-02   5.577762e-11   3.119650e-03   1.638275e-12   1364
  5.876109e-02   3.674927e-11   3.054550e-03   8.371869e-13   1976
  6.939824e-02   2.785975e-11   3.112555e-03   5.302487e-13   2792
  7.984642e-02   2.037827e-11   2.971805e-03   3.445608e-13   3578
  9.038229e-02   1.460832e-11   3.049521e-03   2.154844e-13   4724
  1.011318e-01   1.090614e-11   3.134595e-03   1.436650e-13   6032
  1.117485e-01   8.475941e-12   3.016599e-03   1.048305e-13   7072
  1.222702e-01   7.185422e-12   3.056387e-03   7.935043e-14   8634
  1.329722e-01   6.063249e-12   3.095256e-03   6.147665e-14   10336
  1.436677e-01   4.949175e-12   3.082009e-03   4.509492e-14   11940
  1.541872e-01   4.018891e-12   3.021465e-03   3.573100e-14   13490
  1.647185e-01   3.391099e-12   3.054444e-03   2.711750e-14   15656
  1.754149e-01   2.864150e-12   3.102608e-03   2.154610e-14   18008
  1.860920e-01   2.519694e-12   3.069464e-03   1.811377e-14   19964
  1.966957e-01   2.202828e-12   3.066093e-03   1.507024e-14   22354
  2.072851e-01   1.882807e-12   3.030819e-03   1.217850e-14   24648
  2.179134e-01   1.641682e-12   3.083109e-03   9.955234e-15   27592
  2.285517e-01   1.462832e-12   3.075318e-03   8.684842e-15   30152
  2.391687e-01   1.293392e-12   3.069056e-03   7.399609e-15   33046
  2.497808e-01   1.170036e-12   3.053846e-03   6.343703e-15   35992
  2.604233e-01   1.060162e-12   3.074764e-03   5.551292e-15   39304
  2.710722e-01   9.552749e-13   3.082145e-03   4.766776e-15   42608
  2.817050e-01   8.612744e-13   3.058267e-03   4.169096e-15   45758
  2.923349e-01   7.721895e-13   3.072286e-03   3.629927e-15   49536
  3.029238e-01   7.054075e-13   3.039208e-03   3.201968e-15   52488
  3.135134e-01   6.552150e-13   3.084628e-03   2.861640e-15   57034
  3.241511e-01   5.861547e-13   3.061146e-03   2.484125e-15   60648
  3.347969e-01   5.488904e-13   3.076329e-03   2.266496e-15   65044
  3.454223e-01   5.057918e-13   3.057760e-03   2.021022e-15   68720
  3.560505e-01   4.630281e-13   3.078281e-03   1.805841e-15   73538
  3.667175e-01   4.281217e-13   3.076939e-03   1.627924e-15   78080
  3.773260e-01   4.005033e-13   3.039859e-03   1.497873e-15   81572
  3.879192e-01   3.718885e-13   3.081238e-03   1.360788e-15   87248
  3.985882e-01   3.439326e-13   3.084591e-03   1.216735e-15   92266
  4.092322e-01   3.223381e-13   3.063169e-03   1.123106e-15   96696
  4.198039e-01   2.984829e-13   3.037602e-03   1.029406e-15   100904
  4.303789e-01   2.814648e-13   3.065517e-03   9.342753e-16   107036
  4.410480e-01   2.634643e-13   3.089487e-03   8.546444e-16   113362
  4.517307e-01   2.469438e-13   3.072092e-03   7.856354e-16   118176
  4.623378e-01   2.318538e-13   3.054661e-03   7.334648e-16   122944
  4.729644e-01   2.180607e-13   3.083007e-03   6.786231e-16   129902
  4.836049e-01   2.052405e-13   3.061727e-03   6.211001e-16   134944
  4.942158e-01   1.937118e-13   3.064979e-03   5.803222e-16   140952
  5.048213e-01   1.824357e-13   3.064662e-03   5.381614e-16   147072
  5.154342e-01   1.720352e-13   3.060800e-03   5.002097e-16   153382
  5.260893e-01   1.627795e-13   3.082622e-03   4.626112e-16   160952
  5.367508e-01   1.525830e-13   3.070294e-03   4.319679e-16   166640
  5.473579e-01   1.462446e-13   3.057153e-03   4.067689e-16   172448
  5.579787e-01   1.375799e-13   3.077577e-03   3.806108e-16   180594
  5.686178e-01   1.311889e-13   3.060710e-03   3.557435e-16   186556
  5.792219e-01   1.237613e-13   3.063394e-03   3.312741e-16   193528
  5.898242e-01   1.177020e-13   3.060684e-03   3.115740e-16   200626
  6.004609e-01   1.114888e-13   3.076604e-03   2.916140e-16   209256
  6.111150e-01   1.061258e-13   3.069663e-03   2.758530e-16   216020
  6.217510e-01   1.017098e-13   3.075746e-03   2.601354e-16   223768
  6.323610e-01   9.642624e-14   3.055783e-03   2.454710e-16   230234
  6.429887e-01   9.212494e-14   3.074922e-03   2.305728e-16   239800
  6.536248e-01   8.731258e-14   3.063054e-03   2.181390e-16   246568
  6.642393e-01   8.408673e-14   3.068328e-03   2.080896e-16   254828
  6.748534e-01   7.917616e-14   3.064424e-03   1.946921e-16   263074
  6.854951e-01   7.581962e-14   3.071509e-03   1.848988e-16   272312
  6.961385e-01   7.259877e-14   3.070197e-03   1.751298e-16   280376
  7.067732e-01   6.935167e-14   3.071500e-03   1.668352e-16   288884
  7.174012e-01   6.591112e-14   3.068501e-03   1.573379e-16   297602
  7.280177e-01   6.339294e-14   3.057614e-03   1.503632e-16   305520
  7.386402e-01   6.049563e-14   3.075198e-03   1.430380e-16   315976
  7.492461e-01   5.748121e-14   3.052723e-03   1.363790e-16   322778
  7.598720e-01   5.537151e-14   3.080021e-03   1.296949e-16   335372
  7.705286e-01   5.275439e-14   3.068318e-03   1.234811e-16   343464
  7.811635e-01   5.054858e-14   3.070705e-03   1.178921e-16   352912
  7.917934e-01   4.849969e-14   3.070498e-03   1.126629e-16   362666
  8.024224e-01   4.610147e-14   3.063690e-03   1.075601e-16   371884
  8.130465e-01   4.449282e-14   3.069929e-03   1.024071e-16   382280
  8.236583e-01   4.262940e-14   3.060755e-03   9.844630e-17   390888
  8.342648e-01   4.093721e-14   3.067168e-03   9.403576e-17   402234
  8.448912e-01   3.906678e-14   3.064832e-03   8.998323e-17   412576
  8.555263e-01   3.733109e-14   3.071788e-03   8.573258e-17   423732
  8.661590e-01   3.584605e-14   3.068142e-03   8.228253e-17   433624
  8.767950e-01   3.444179e-14   3.072203e-03   7.896649e-17   445154
  8.874347e-01   3.315013e-14   3.069139e-03   7.609326e-17   455584
  8.980596e-01   3.149674e-14   3.064716e-03   7.249291e-17   465588
  9.086714e-01   3.030608e-14   3.065163e-03   6.972806e-17   476762
  9.193048e-01   2.916525e-14   3.073106e-03   6.692081e-17   489552
  9.299472e-01   2.793960e-14   3.069632e-03   6.420675e-17   500328
  9.405628e-01   2.680182e-14   3.059261e-03   6.205226e-17   509852
  9.511854e-01   2.573562e-14   3.074339e-03   5.955271e-17   524234
  9.618189e-01   2.473520e-14   3.061952e-03   5.733541e-17   534104
  9.724448e-01   2.376165e-14   3.070528e-03   5.525469e-17   547048
  9.830800e-01   2.267079e-14   3.073862e-03   5.306034e-17   559328
  9.937180e-01   2.189496e-14   3.070866e-03   5.127693e-17   571326
  1.004339e+00   2.089648e-14   3.060367e-03   4.943595e-17   581920
  1.014951e+00   2.019377e-14   3.064588e-03   4.780688e-17   594832
  1.025571e+00   1.919894e-14   3.068054e-03   4.565375e-17   608048
  1.036206e+00   1.870232e-14   3.070252e-03   4.441878e-17   621526
  1.046839e+00   1.795678e-14   3.066112e-03   4.291999e-17   633240
  1.057456e+00   1.718529e-14   3.064953e-03   4.143337e-17   645472
  1.068086e+00   1.643185e-14   3.075342e-03   3.988275e-17   660906
  1.078726e+00   1.582521e-14   3.067576e-03   3.866926e-17   672856
  1.089356e+00   1.514965e-14   3.067094e-03   3.732240e-17   685980
  1.099980e+00   1.460000e-14   3.067978e-03   3.604187e-17   699256
  1.110619e+00   1.394410e-14   3.074976e-03   3.482499e-17   714730
  1.121246e+00   1.355715e-14   3.059348e-03   3.391712e-17   725152
  1.131863e+00   1.300222e-14   3.067634e-03   3.267381e-17   740420
  1.142485e+00   1.245350e-14   3.069089e-03   3.173340e-17   754312
  1.153114e+00   1.195553e-14   3.069897e-03   3.060836e-17   769114
  1.163749e+00   1.148866e-14   3.069209e-03   2.964309e-17   783488
  1.174365e+00   1.103155e-14   3.058900e-03   2.883237e-17   794968
  1.184981e+00   1.060524e-14   3.070107e-03   2.792221e-17   812366
  1.195609e+00   1.010067e-14   3.065134e-03   2.695777e-17   825976
  1.206250e+00   9.753707e-15   3.075220e-03   2.625342e-17   843352
  1.216898e+00   9.375686e-15   3.073224e-03   2.540998e-17   857280
  1.227524e+00   9.047185e-15   3.063189e-03   2.476109e-17   869542
  1.238147e+00   8.629426e-15   3.070752e-03   2.392148e-17   887128
  1.248772e+00   8.400923e-15   3.063166e-03   2.334929e-17   900032
  1.259388e+00   7.984267e-15   3.067377e-03   2.262524e-17   916560
  1.270005e+00   7.683884e-15   3.061783e-03   2.194310e-17   930922
  1.280635e+00   7.411520e-15   3.071795e-03   2.133403e-17   949844
  1.291287e+00   7.157407e-15   3.076939e-03   2.073844e-17   966736
  1.301925e+00   6.851924e-15   3.065819e-03   2.019370e-17   978776
  1.312537e+00   6.598231e-15   3.064137e-03   1.966098e-17   994522
  1.323161e+00   6.341510e-15   3.068907e-03   1.908572e-17   1012420
  1.333794e+00   6.090799e-15   3.071598e-03   1.858228e-17   1029408
  1.344410e+00   5.873725e-15   3.058405e-03   1.807483e-17   1041658
  1.355032e+00   5.653044e-15   3.072381e-03   1.758448e-17   1063520
  1.365659e+00   5.432027e-15   3.060689e-03   1.714924e-17   1075808
  1.376294e+00   5.210593e-15   3.080019e-03   1.666041e-17   1098956
  1.386928e+00   5.052402e-15   3.061670e-03   1.626589e-17   1109810
  1.397545e+00   4.820969e-15   3.065288e-03   1.580789e-17   1128608
  1.408178e+00   4.662609e-15   3.073589e-03   1.544584e-17   1148264
  1.418813e+00   4.473545e-15   3.067917e-03   1.503143e-17   1163252
  1.429436e+00   4.322713e-15   3.067070e-03   1.462699e-17   1181042
  1.440060e+00   4.110690e-15   3.064325e-03   1.425167e-17   1197848
  1.450692e+00   3.939764e-15   3.073737e-03   1.385195e-17   1218848
  1.461323e+00   3.838841e-15   3.064859e-03   1.356560e-17   1232916
  1.471945e+00   3.654337e-15   3.068844e-03   1.322091e-17   1253002
  1.482566e+00   3.525930e-15   3.062284e-03   1.291323e-17   1268576
  1.493191e+00   3.392920e-15   3.071552e-03   1.257189e-17   1290128
  1.503822e+00   3.225341e-15   3.068342e-03   1.229853e-17   1307402
  1.514455e+00   3.122500e-15   3.069122e-03   1.196072e-17   1327028
  1.525083e+00   3.029227e-15   3.064970e-03   1.169655e-17   1343648
  1.535711e+00   2.862703e-15   3.070217e-03   1.139141e-17   1364096
  1.546341e+00   2.788108e-15   3.068950e-03   1.111898e-17   1382730
  1.556974e+00   2.645297e-15   3.068757e-03   1.086854e-17   1402164
  1.567604e+00   2.586800e-15   3.068159e-03   1.060093e-17   1420464
  1.578221e+00   2.471702e-15   3.063798e-03   1.038838e-17   1437368
  1.588847e+00   2.377591e-15   3.072142e-03   1.009826e-17   1461530
  1.599480e+00   2.287489e-15   3.065069e-03   9.875067e-18   1478264
  1.610108e+00   2.176272e-15   3.068902e-03   9.647583e-18   1499356
  1.620732e+00   2.112713e-15   3.065238e-03   9.439055e-18   1517016
  1.631360e+00   2.038685e-15   3.070849e-03   9.213980e-18   1540090
  1.641988e+00   1.939933e-15   3.065366e-03   8.981798e-18   1557360
  1.652609e+00   1.873675e-15   3.066926e-03   8.828261e-18   1577780
  1.663242e+00   1.799526e-15   3.075107e-03   8.605565e-18   1602578
  1.673875e+00   1.739154e-15   3.063542e-03   8.430615e-18   1617672
  1.684498e+00   1.673218e-15   3.069033e-03   8.247262e-18   1641016
  1.695122e+00   1.603913e-15   3.065080e-03   8.050672e-18   1659416
  1.705746e+00   1.538936e-15   3.068431e-03   7.873722e-18   1682670
  1.716382e+00   1.482954e-15   3.070690e-03   7.694594e-18   1705256
  1.727024e+00   1.433614e-15   3.071890e-03   7.510776e-18   1726312
  1.737645e+00   1.420129e-15   3.062639e-03   7.389528e-18   1741880
  1.748261e+00   1.322484e-15   3.067156e-03   7.217505e-18   1766454
  1.758897e+00   1.282504e-15   3.073105e-03   7.059503e-18   1791784
  1.769528e+00   1.234260e-15   3.063894e-03   6.924885e-18   1807712
  1.780139e+00   1.189303e-15   3.062775e-03   6.779612e-18   1829002
  1.790759e+00   1.151512e-15   3.067263e-03   6.618667e-18   1854216
  1.801400e+00   1.093346e-15   3.074631e-03   6.480726e-18   1880156
  1.812037e+00   1.042550e-15   3.068349e-03   6.342957e-18   1897568
  1.822663e+00   1.021405e-15   3.068475e-03   6.206364e-18   1920458
  1.833288e+00   9.711802e-16   3.065997e-03   6.078873e-18   1942208
  1.843915e+00   9.355080e-16   3.067813e-03   5.960988e-18   1965612
  1.854544e+00   9.035252e-16   3.069639e-03   5.832443e-18   1989000
  1.865168e+00   8.692948e-16   3.064465e-03   5.714179e-18   2009114
  1.875791e+00   8.593321e-16   3.067400e-03   5.592570e-18   2034464
  1.886424e+00   8.094852e-16   3.070174e-03   5.482538e-18   2058476
  1.897052e+00   7.877851e-16   3.068039e-03   5.371860e-18   2079648
  1.907673e+00   7.470053e-16   3.065891e-03   5.255897e-18   2102578
  1.918306e+00   7.336625e-16   3.070742e-03   5.151240e-18   2129928
  1.928942e+00   6.942004e-16   3.069733e-03   5.052367e-18   2152096
  1.939563e+00   6.670981e-16   3.062858e-03   4.958103e-18   2171142
  1.950185e+00   6.530094e-16   3.069150e-03   4.855506e-18   2200248
  1.960824e+00   6.281831e-16   3.071017e-03   4.745129e-18   2225216
  1.971460e+00   5.990803e-16   3.070942e-03   4.664508e-18   2248448
  1.982084e+00   5.893626e-16   3.064272e-03   4.570973e-18   2267942
  1.992710e+00   5.629457e-16   3.071051e-03   4.489318e-18   2298072
  2.003337e+00   5.466995e-16   3.064068e-03   4.391098e-18   2317272
  2.013961e+00   5.155165e-16   3.069747e-03   4.302456e-18   2345808
  2.024580e+00   5.059026e-16   3.062469e-03   4.221634e-18   2365650
  2.035206e+00   4.823723e-16   3.069930e-03   4.135501e-18   2396940
  2.045842e+00   4.653987e-16   3.069936e-03   4.064894e-18   2421272
  2.056473e+00   4.546222e-16   3.068399e-03   3.978648e-18   2444576
  2.067102e+00   4.271389e-16   3.069748e-03   3.903202e-18   2471490
  2.077728e+00   4.150628e-16   3.064854e-03   3.830054e-18   2493180
  2.088349e+00   4.037055e-16   3.068019e-03   3.760567e-18   2520952
  2.098972e+00   3.839900e-16   3.065319e-03   3.685734e-18   2544946
  2.109598e+00   3.760934e-16   3.068311e-03   3.607786e-18   2573856
  2.120230e+00   3.596637e-16   3.069026e-03   3.543011e-18   2600016
  2.130862e+00   3.551724e-16   3.069102e-03   3.481749e-18   2625484
  2.141490e+00   3.395322e-16   3.068080e-03   3.410725e-18   2651122
  2.152130e+00   3.360687e-16   3.074348e-03   3.349604e-18   2683488
  2.162754e+00   3.164924e-16   3.059466e-03   3.292767e-18   2696352
  2.173371e+00   3.042041e-16   3.071171e-03   3.224791e-18   2733020
  2.184002e+00   2.906280e-16   3.067530e-03   3.169374e-18   2757378
  2.194631e+00   2.890951e-16   3.067942e-03   3.113988e-18   2784864
  2.205259e+00   2.892358e-16   3.067811e-03   3.049836e-18   2811168
  2.215874e+00   2.667598e-16   3.061061e-03   2.995896e-18   2832274
  2.226505e+00   2.664635e-16   3.075611e-03   2.936495e-18   2873636
  2.237142e+00   2.567974e-16   3.064877e-03   2.888885e-18   2890496
  2.247766e+00   2.444078e-16   3.069851e-03   2.837519e-18   2921800
  2.258399e+00   2.318682e-16   3.071101e-03   2.780201e-18   2951298
  2.269032e+00   2.255186e-16   3.066274e-03   2.734098e-18   2975476
  2.279663e+00   2.237405e-16   3.071375e-03   2.680116e-18   3007728
  2.290285e+00   2.165255e-16   3.061886e-03   2.633548e-18   3025776
  2.300910e+00   2.106794e-16   3.072955e-03   2.589510e-18   3065762
  2.311540e+00   1.996031e-16   3.063208e-03   2.536120e-18   3084856
  2.322162e+00   1.901266e-16   3.068985e-03   2.493198e-18   3118044
  2.332782e+00   1.842295e-16   3.064319e-03   2.443939e-18   3141352
  2.343410e+00   1.831936e-16   3.072036e-03   2.400553e-18   3179274
  2.354046e+00   1.707134e-16   3.067682e-03   2.364761e-18   3204120
  2.364668e+00   1.689521e-16   3.063610e-03   2.323826e-18   3227900
  2.375288e+00   1.666664e-16   3.068722e-03   2.278331e-18   3262394
  2.385925e+00   1.491175e-16   3.071814e-03   2.238679e-18   3295680
  2.396559e+00   1.589301e-16   3.067166e-03   2.197945e-18   3319560
  2.407184e+00   1.500840e-16   3.068070e-03   2.158293e-18   3348972
  2.417810e+00   1.460729e-16   3.068540e-03   2.118966e-18   3379722
  2.428441e+00   1.379075e-16   3.068348e-03   2.083921e-18   3410720
  2.439075e+00   1.366017e-16   3.069517e-03   2.047369e-18   3441504
  2.449697e+00   1.371970e-16   3.063301e-03   2.015423e-18   3463624
  2.460317e+00   1.246140e-16   3.068043e-03   1.980088e-18   3499790
  2.470951e+00   1.202270e-16   3.070702e-03   1.942206e-18   3533560
  2.481588e+00   1.213339e-16   3.069830e-03   1.908290e-18   3561920
  2.492209e+00   1.226821e-16   3.064208e-03   1.878408e-18   3585208
  2.502830e+00   1.171572e-16   3.069185e-03   1.842152e-18   3622518
  2.513468e+00   1.094297e-16   3.072344e-03   1.812545e-18   3657584
  2.524094e+00   1.111966e-16   3.062507e-03   1.782230e-18   3676440
  2.534707e+00   1.095313e-16   3.065232e-03   1.752857e-18   3711282
  2.545334e+00   1.019784e-16   3.068763e-03   1.718919e-18   3747696
  2.555965e+00   1.014900e-16   3.067225e-03   1.690268e-18   3776188
  2.566601e+00   9.760819e-17   3.074483e-03   1.663518e-18   3815304
  2.577232e+00   9.720156e-17   3.064660e-03   1.635307e-18   3835370
  2.587856e+00   9.207732e-17   3.068926e-03   1.608356e-18   3873424
  2.598487e+00   9.209040e-17   3.067978e-03   1.579161e-18   3903420
  2.609117e+00   8.752417e-17   3.070036e-03   1.553326e-18   3937624
  2.619745e+00   8.814427e-17   3.066011e-03   1.525719e-18   3965658
  2.630375e+00   8.565398e-17   3.069802e-03   1.503326e-18   4002984
  2.641001e+00   8.092563e-17   3.065136e-03   1.477349e-18   4027928
  2.651616e+00   7.950254e-17   3.064941e-03   1.452180e-18   4059844
  2.662241e+00   7.479086e-17   3.069945e-03   1.427183e-18   4100338
  2.672876e+00   7.846937e-17   3.069128e-03   1.404812e-18   4132264
  2.683506e+00   7.704395e-17   3.068474e-03   1.379197e-18   4163216
  2.694131e+00   7.581757e-17   3.066146e-03   1.357480e-18   4193350
  2.704761e+00   6.954126e-17   3.071068e-03   1.334065e-18   4234456
  2.715390e+00   6.934379e-17   3.064079e-03   1.313936e-18   4257264
  2.726012e+00   6.943931e-17   3.069774e-03   1.292061e-18   4297352
  2.736640e+00   6.775919e-17   3.067495e-03   1.270621e-18   4328642
  2.747272e+00   6.472581e-17   3.070663e-03   1.247630e-18   4367948
  2.757895e+00   6.561697e-17   3.061799e-03   1.229908e-18   4388384
  2.768519e+00   6.336955e-17   3.072247e-03   1.209178e-18   4436648
  2.779154e+00   6.078777e-17   3.067997e-03   1.190418e-18   4465658
  2.789787e+00   5.808480e-17   3.069677e-03   1.170112e-18   4502948
  2.800413e+00   5.713039e-17   3.064787e-03   1.150758e-18   4528880
  2.811033e+00   6.034212e-17   3.067181e-03   1.132764e-18   4566290
  2.821663e+00   5.830404e-17   3.070655e-03   1.113886e-18   4606856
  2.832293e+00   5.886396e-17   3.066552e-03   1.096420e-18   4635380
  2.842916e+00   5.302979e-17   3.067131e-03   1.080415e-18   4670384
  2.853543e+00   5.357815e-17   3.069161e-03   1.061628e-18   4709258
  2.864179e+00   5.354353e-17   3.070324e-03   1.043584e-18   4747352
  2.874805e+00   5.187742e-17   3.063655e-03   1.028000e-18   4771664
  2.885427e+00   5.016720e-17   3.068600e-03   1.010371e-18   4813532
  2.896058e+00   4.741748e-17   3.070437e-03   9.950211e-19   4852322
  2.906693e+00   4.809164e-17   3.069013e-03   9.782983e-19   4886480
  2.917320e+00   4.586188e-17   3.066289e-03   9.646642e-19   4917248
  2.927939e+00   4.486219e-17   3.065099e-03   9.481938e-19   4950828
  2.938569e+00   4.480579e-17   3.072788e-03   9.327359e-19   5000170
  2.949204e+00   4.502552e-17   3.066857e-03   9.190867e-19   5026952
  2.959825e+00   4.406171e-17   3.064676e-03   9.038216e-19   5058752
  2.970445e+00   4.358343e-17   3.067741e-03   8.906390e-19   5100722
  2.981076e+00   4.104320e-17   3.068979e-03   8.753885e-19   5140124
  2.991706e+00   4.024297e-17   3.067937e-03   8.626648e-19   5174072
  3.002335e+00   4.009494e-17   3.068928e-03   8.479734e-19   5211608
  3.012962e+00   3.888763e-17   3.067917e-03   8.347365e-19   5247794
  3.023589e+00   4.062548e-17   3.066908e-03   8.231373e-19   5284196
  3.034222e+00   3.781972e-17   3.071657e-03   8.090660e-19   5328800
  3.044847e+00   3.898679e-17   3.063109e-03   7.976525e-19   5350872
  3.055470e+00   3.796156e-17   3.069608e-03   7.837873e-19   5400634
  3.066097e+00   3.763547e-17   3.065291e-03   7.721190e-19   5430968
  3.076725e+00   3.774857e-17   3.070185e-03   7.598507e-19   5475908
  3.087355e+00   3.565292e-17   3.068352e-03   7.484847e-19   5510016
  3.097986e+00   3.574366e-17   3.069695e-03   7.377474e-19   5552114
  3.108620e+00   3.604687e-17   3.068841e-03   7.259227e-19   5588944
  3.119249e+00   3.252316e-17   3.067703e-03   7.145790e-19   5623828
  3.129873e+00   3.383449e-17   3.066629e-03   7.045836e-19   5660722
  3.140497e+00   3.354840e-17   3.066422e-03   6.932549e-19   5699896
  3.151124e+00   3.177150e-17   3.068968e-03   6.828257e-19   5741936
  3.161754e+00   3.207787e-17   3.069010e-03   6.726524e-19   5779568
  3.172381e+00   3.031438e-17   3.067639e-03   6.615219e-19   5817222
  3.183006e+00   3.116118e-17   3.066013e-03   6.517060e-19   5854600
  3.193635e+00   3.040937e-17   3.069791e-03   6.413142e-19   5900040
  3.204262e+00   2.992136e-17   3.066501e-03   6.325360e-19   5931976
  3.214890e+00   2.964087e-17   3.070101e-03   6.224526e-19   5979390
  3.225518e+00   3.056771e-17   3.065321e-03   6.135454e-19   6010200
  3.236144e+00   2.952898e-17   3.069327e-03   6.042176e-19   6056496
  3.246769e+00   2.857548e-17   3.066211e-03   5.955359e-19   6089504
  3.257396e+00   3.031952e-17   3.069391e-03   5.865287e-19   6137114
  3.268025e+00   2.914748e-17   3.067201e-03   5.766111e-19   6173332
  3.278652e+00   2.649606e-17   3.067882e-03   5.691105e-19   6214128
  3.289279e+00   2.590223e-17   3.067306e-03   5.596480e-19   6253874
  3.299910e+00   2.534059e-17   3.069629e-03   5.514653e-19   6300104
  3.310539e+00   2.712883e-17   3.066365e-03   5.437393e-19   6332612
  3.321166e+00   2.473756e-17   3.070240e-03   5.348768e-19   6379768
  3.331797e+00   2.584577e-17   3.068597e-03   5.274342e-19   6418218
  3.342427e+00   2.397515e-17   3.068360e-03   5.192561e-19   6459880
  3.353052e+00   2.368008e-17   3.066116e-03   5.121756e-19   6495652
  3.363680e+00   2.392041e-17   3.070231e-03   5.042692e-19   6545296
  3.374311e+00   2.358090e-17   3.067227e-03   4.973554e-19   6581570
  3.384935e+00   2.317263e-17   3.065246e-03   4.900962e-19   6618960
  3.395556e+00   2.157857e-17   3.067158e-03   4.828227e-19   6663352
  3.406178e+00   2.212882e-17   3.065376e-03   4.762473e-19   6701334
  3.416809e+00   2.255072e-17   3.072512e-03   4.689000e-19   6759920
  3.427444e+00   2.164398e-17   3.067179e-03   4.616914e-19   6789696
  3.438073e+00   2.129642e-17   3.069955e-03   4.552639e-19   6837208
  3.448703e+00   2.235181e-17   3.067492e-03   4.484972e-19   6874966
  3.459333e+00   2.174161e-17   3.068613e-03   4.417231e-19   6920864
  3.469960e+00   2.111448e-17   3.066758e-03   4.359986e-19   6957816
  3.480585e+00   1.954842e-17   3.068144e-03   4.292025e-19   7002232
  3.491208e+00   2.013594e-17   3.066540e-03   4.234436e-19   7043114
  3.501840e+00   1.904190e-17   3.070403e-03   4.167695e-19   7096020
  3.512471e+00   1.977541e-17   3.067394e-03   4.105333e-19   7130640
  3.523097e+00   2.023424e-17   3.068276e-03   4.048725e-19   7175472
  3.533723e+00   1.885173e-17   3.067248e-03   3.991101e-19   7217786
  3.544353e+00   1.827402e-17   3.068999e-03   3.933303e-19   7265564
  3.554979e+00   1.925475e-17   3.066319e-03   3.880022e-19   7301288
  3.565600e+00   1.821161e-17   3.066375e-03   3.817977e-19   7345330
  3.576227e+00   1.780309e-17   3.069052e-03   3.763783e-19   7397048
  3.586856e+00   1.783707e-17   3.067039e-03   3.714311e-19   7435920
  3.597485e+00   1.770550e-17   3.069220e-03   3.658451e-19   7484140
  3.608113e+00   1.655119e-17   3.067643e-03   3.609250e-19   7525578
  3.618741e+00   1.770822e-17   3.067518e-03   3.557550e-19   7571376
  3.629371e+00   1.740189e-17   3.068480e-03   3.508100e-19   7617064
  3.640002e+00   1.672004e-17   3.069456e-03   3.457905e-19   7662092
  3.650627e+00   1.633413e-17   3.066324e-03   3.409210e-19   7699658
  3.661254e+00   1.615031e-17   3.068945e-03   3.359494e-19   7752416
  3.671886e+00   1.519344e-17   3.069408e-03   3.309827e-19   7797776
  3.682511e+00   1.610612e-17   3.065176e-03   3.266585e-19   7831720
  3.693136e+00   1.524560e-17   3.069723e-03   3.219513e-19   7889926
  3.703768e+00   1.563966e-17   3.067981e-03   3.175059e-19   7931480
  3.714397e+00   1.501002e-17   3.068251e-03   3.128803e-19   7976688
  3.725016e+00   1.530583e-17   3.062621e-03   3.088112e-19   8007786
  3.735639e+00   1.404913e-17   3.070332e-03   3.041960e-19   8074564
  3.746275e+00   1.444475e-17   3.070085e-03   3.000247e-19   8118904
  3.756904e+00   1.373804e-17   3.066957e-03   2.957035e-19   8155824
  3.767533e+00   1.451370e-17   3.070641e-03   2.917858e-19   8212802
  3.778161e+00   1.452129e-17   3.065118e-03   2.878513e-19   8245268
  3.788791e+00   1.336952e-17   3.071754e-03   2.833436e-19   8308816
  3.799422e+00   1.398930e-17   3.066301e-03   2.799932e-19   8340304
  3.810044e+00   1.312483e-17   3.066222e-03   2.759247e-19   8387738
  3.820668e+00   1.332882e-17   3.067207e-03   2.720107e-19   8437624
  3.831296e+00   1.298806e-17   3.068826e-03   2.682282e-19   8487796
  3.841921e+00   1.297842e-17   3.066430e-03   2.648892e-19   8527936
  3.852549e+00   1.296938e-17   3.069409e-03   2.611181e-19   8585122
  3.863180e+00   1.261814e-17   3.067925e-03   2.573358e-19   8628200
  3.873811e+00   1.291744e-17   3.069670e-03   2.537558e-19   8679484
  3.884439e+00   1.243620e-17   3.067320e-03   2.505400e-19   8721466
  3.895064e+00   1.217056e-17   3.065795e-03   2.469231e-19   8765840
  3.905692e+00   1.227382e-17   3.070355e-03   2.435110e-19   8825136
  3.916320e+00   1.197345e-17   3.066753e-03   2.402034e-19   8861768
  3.926948e+00   1.162792e-17   3.069321e-03   2.369434e-19   8919278
  3.937577e+00   1.194231e-17   3.066595e-03   2.338410e-19   8961008
  3.948205e+00   1.181329e-17   3.068779e-03   2.305247e-19   9014456
  3.958835e+00   1.112628e-17   3.068818e-03   2.275472e-19   9062240
  3.969465e+00   1.121812e-17   3.068277e-03   2.246403e-19   9110510
  3.980091e+00   1.150726e-17   3.066455e-03   2.215214e-19   9154048
  3.990712e+00   1.098892e-17   3.065703e-03   2.184550e-19   9198928
  4.001336e+00   1.111008e-17   3.068826e-03   2.155389e-19   9257194
  4.011967e+00   1.098049e-17   3.069362e-03   2.126745e-19   9310168
  4.022596e+00   1.081527e-17   3.066324e-03   2.097225e-19   9350316
  4.033222e+00   1.070982e-17   3.069210e-03   2.068022e-19   9407120
  4.043852e+00   1.097678e-17   3.068250e-03   2.042091e-19   9454642
  4.054482e+00   1.038452e-17   3.068405e-03   2.015417e-19   9506272
  4.065111e+00   9.873330e-18   3.067355e-03   1.987608e-19   9551228
  4.075735e+00   1.000828e-17   3.067594e-03   1.964868e-19   9600264
  4.086360e+00   9.920387e-18   3.067530e-03   1.937019e-19   9651458
  4.096991e+00   9.596543e-18   3.070122e-03   1.908821e-19   9711488
  4.107620e+00   9.094472e-18   3.066189e-03   1.884770e-19   9749144
  4.118247e+00   8.794026e-18   3.069033e-03   1.859536e-19   9807908
  4.128876e+00   9.253199e-18   3.067607e-03   1.834550e-19   9854786
  4.139508e+00   9.213808e-18   3.070269e-03   1.808994e-19   9914304
  4.150134e+00   8.988502e-18   3.064668e-03   1.787493e-19   9945544
  4.160753e+00   9.423872e-18   3.066794e-03   1.763984e-19   10003414
  4.171379e+00   8.954936e-18   3.068671e-03   1.739543e-19   10062032
  4.182011e+00   9.533720e-18   3.069142e-03   1.718228e-19   10114792
  4.192645e+00   8.846711e-18   3.070449e-03   1.694676e-19   10169936
  4.203267e+00   8.991059e-18   3.062650e-03   1.674884e-19   10196602
  4.213895e+00   8.793106e-18   3.072265e-03   1.649576e-19   10281156
  4.224526e+00   8.352084e-18   3.065688e-03   1.629595e-19   10309376
  4.235150e+00   8.431945e-18   3.068567e-03   1.607962e-19   10369856
  4.245775e+00   8.482116e-18   3.066063e-03   1.587132e-19   10415370
  4.256404e+00   8.225589e-18   3.070045e-03   1.565822e-19   10481988
  4.267039e+00   8.165139e-18   3.069556e-03   1.546355e-19   10531200
  4.277665e+00   8.019869e-18   3.065408e-03   1.528246e-19   10569416
  4.288289e+00   8.033626e-18   3.068216e-03   1.508570e-19   10633066
  4.298919e+00   8.133576e-18   3.068866e-03   1.487944e-19   10687548
  4.309552e+00   7.756222e-18   3.070419e-03   1.468160e-19   10743968
  4.320180e+00   7.475993e-18   3.065849e-03   1.449042e-19   10782130
  4.330801e+00   7.372298e-18   3.066095e-03   1.432006e-19   10837792
  4.341427e+00   7.599201e-18   3.068321e-03   1.413204e-19   10897368
  4.352058e+00   7.420969e-18   3.069642e-03   1.394271e-19   10953940
  4.362687e+00   7.770347e-18   3.067969e-03   1.377430e-19   11003274
  4.373313e+00   7.537937e-18   3.066343e-03   1.360539e-19   11052800
  4.383943e+00   7.307232e-18   3.070099e-03   1.341120e-19   11118176
  4.394573e+00   7.618359e-18   3.067934e-03   1.326111e-19   11162268
  4.405196e+00   7.263840e-18   3.066117e-03   1.309072e-19   11211458
  4.415820e+00   7.548400e-18   3.067310e-03   1.292020e-19   11271888
  4.426448e+00   7.110818e-18   3.068640e-03   1.275394e-19   11329304
  4.437073e+00   6.628599e-18   3.066385e-03   1.260531e-19   11375026
  4.447701e+00   6.946827e-18   3.069261e-03   1.243922e-19   11442532
  4.458330e+00   6.910046e-18   3.066551e-03   1.229685e-19   11487264
  4.468957e+00   6.614400e-18   3.068098e-03   1.212125e-19   11545680
  4.479587e+00   7.012123e-18   3.069842e-03   1.197017e-19   11607058
  4.490221e+00   6.762837e-18   3.069925e-03   1.182331e-19   11664300
  4.500851e+00   6.945596e-18   3.066963e-03   1.168294e-19   11707488
  4.511474e+00   6.599800e-18   3.066617e-03   1.152398e-19   11759536
  4.522104e+00   6.393044e-18   3.071176e-03   1.137289e-19   11833690
  4.532737e+00   6.667677e-18   3.067542e-03   1.124411e-19   11877808
  4.543362e+00   6.254415e-18   3.065778e-03   1.111474e-19   11925836
  4.553987e+00   6.352955e-18   3.068899e-03   1.096055e-19   11992168
  4.564616e+00   6.480918e-18   3.067784e-03   1.082944e-19   12044554
  4.575242e+00   6.530177e-18   3.067168e-03   1.070411e-19   12098976
  4.585865e+00   6.382713e-18   3.066173e-03   1.057117e-19   12149996
  4.596487e+00   6.041296e-18   3.067038e-03   1.043844e-19   12209594
  4.607117e+00   6.192525e-18   3.069983e-03   1.030687e-19   12279272
  4.617752e+00   6.395328e-18   3.070004e-03   1.018607e-19   12336072
  4.628383e+00   5.831053e-18   3.067416e-03   1.006758e-19   12381744
  4.639009e+00   6.168153e-18   3.068068e-03   9.952094e-20   12441590
  4.649637e+00   6.272277e-18   3.067557e-03   9.820961e-20   12497256
  4.660262e+00   5.983055e-18   3.066825e-03   9.700387e-20   12550032
  4.670884e+00   5.920386e-18   3.066185e-03   9.581905e-20   12603936
  4.681508e+00   5.813203e-18   3.068111e-03   9.457399e-20   12671230
  4.692142e+00   5.798794e-18   3.070828e-03   9.344712e-20   12740920
  4.702775e+00   5.818159e-18   3.067767e-03   9.243542e-20   12784560
  4.713398e+00   5.827930e-18   3.065894e-03   9.128928e-20   12834176
  4.724025e+00   5.988076e-18   3.069663e-03   9.025990e-20   12909006
  4.734656e+00   5.732726e-18   3.068089e-03   8.907796e-20   12959680
  4.745283e+00   5.550746e-18   3.067551e-03   8.802863e-20   13014232
  4.755909e+00   5.534728e-18   3.068154e-03   8.700425e-20   13076514
  4.766534e+00   5.416115e-18   3.065684e-03   8.594676e-20   13127112
  4.777164e+00   5.348406e-18   3.070665e-03   8.489569e-20   13205852
  4.787797e+00   5.215133e-18   3.068206e-03   8.395437e-20   13252032
  4.798423e+00   5.424228e-18   3.066967e-03   8.291017e-20   13307450
  4.809051e+00   5.281093e-18   3.068506e-03   8.193123e-20   13374160
  4.819680e+00   5.470357e-18   3.067567e-03   8.095320e-20   13426348
  4.830308e+00   5.252820e-18   3.069633e-03   8.005957e-20   13492760
  4.840934e+00   5.280117e-18   3.066142e-03   7.914911e-20   13539546
  4.851560e+00   5.399350e-18   3.068338e-03   7.824129e-20   13610704
  4.862187e+00   5.184529e-18   3.066835e-03   7.729826e-20   13662024
  4.872813e+00   4.957560e-18   3.068248e-03   7.637907e-20   13727492
  4.883443e+00   4.880542e-18   3.069111e-03   7.548166e-20   13793394
  4.894073e+00   5.121090e-18   3.067154e-03   7.464774e-20   13844456
  4.904699e+00   5.155485e-18   3.067927e-03   7.375964e-20   13905184
  4.915325e+00   4.757363e-18   3.067971e-03   7.285727e-20   13965958
  4.925951e+00   4.910747e-18   3.067148e-03   7.205260e-20   14025192
  4.936580e+00   4.930431e-18   3.068951e-03   7.124278e-20   14093768
  4.947211e+00   4.874009e-18   3.068454e-03   7.043036e-20   14150440
  4.957840e+00   4.970901e-18   3.068630e-03   6.954688e-20   14213450
  4.968468e+00   4.767492e-18   3.066726e-03   6.884738e-20   14267036
  4.979095e+00   4.851762e-18   3.068568e-03   6.803876e-20   14335032
  4.989722e+00   4.539390e-18   3.067092e-03   6.729657e-20   14387664
  5.000347e+00   4.541979e-18   3.068270e-03   6.655418e-20   14455698
  5.010977e+00   4.648099e-18   3.068677e-03   6.571828e-20   14520452
  5.021607e+00   4.523758e-18   3.068497e-03   6.496517e-20   14580272
  5.032232e+00   4.850864e-18   3.065614e-03   6.428170e-20   14628050
  5.042860e+00   4.564125e-18   3.070982e-03   6.358267e-20   14716744
  5.053489e+00   4.445482e-18   3.065407e-03   6.290998e-20   14751712
  5.064115e+00   4.491133e-18   3.069456e-03   6.217020e-20   14831620
  5.074740e+00   4.393237e-18   3.065470e-03   6.149621e-20   14875522
  5.085366e+00   4.394108e-18   3.068961e-03   6.083203e-20   14956720
  5.095994e+00   4.556414e-18   3.066998e-03   6.017987e-20   15008272
  5.106620e+00   4.498457e-18   3.067783e-03   5.950831e-20   15073780
  5.117248e+00   4.403128e-18   3.069002e-03   5.882957e-20   15144866
  5.127883e+00   4.333303e-18   3.070052e-03   5.818023e-20   15213872
  5.138515e+00   4.268671e-18   3.067931e-03   5.752879e-20   15263976
  5.149140e+00   4.334540e-18   3.066723e-03   5.695073e-20   15320236
  5.159767e+00   4.235219e-18   3.069367e-03   5.629811e-20   15398322
  5.170396e+00   4.303779e-18   3.067121e-03   5.573856e-20   15450864
  5.181021e+00   4.187267e-18   3.067373e-03   5.509116e-20   15513888
  5.191645e+00   4.057420e-18   3.066596e-03   5.449840e-20   15574626
  5.202274e+00   4.170201e-18   3.069893e-03   5.387726e-20   15657956
  5.212904e+00   4.141174e-18   3.066736e-03   5.336194e-20   15704248
  5.223531e+00   4.125663e-18   3.068512e-03   5.277474e-20   15774824
  5.234161e+00   4.095667e-18   3.069354e-03   5.221560e-20   15844898
  5.244790e+00   4.044034e-18   3.066994e-03   5.166470e-20   15898956
  5.255415e+00   4.031919e-18   3.067091e-03   5.112773e-20   15961768
  5.266040e+00   4.059733e-18   3.068481e-03   5.060856e-20   16032208
  5.276669e+00   4.036747e-18   3.068464e-03   5.008115e-20   16099530
  5.287295e+00   3.964553e-18   3.065856e-03   4.954323e-20   16152712
  5.297924e+00   3.929538e-18   3.069693e-03   4.899677e-20   16235740
  5.308553e+00   3.915517e-18   3.067725e-03   4.853190e-20   16288856
  5.319183e+00   3.889056e-18   3.069408e-03   4.804692e-20   16365074
  5.329812e+00   3.818189e-18   3.067066e-03   4.752929e-20   16418248
  5.340434e+00   3.740255e-18   3.065573e-03   4.705666e-20   16473180
  5.351058e+00   3.895006e-18   3.069491e-03   4.657031e-20   16560234
  5.361687e+00   3.899047e-18   3.067046e-03   4.612976e-20   16616088
  5.372317e+00   3.866618e-18   3.069133e-03   4.567957e-20   16693264
  5.382948e+00   3.817026e-18   3.068526e-03   4.515252e-20   16753864
  5.393577e+00   3.701138e-18   3.068569e-03   4.477678e-20   16820702
  5.404204e+00   3.716896e-18   3.066887e-03   4.432765e-20   16879288
  5.414832e+00   3.746275e-18   3.068277e-03   4.388938e-20   16951712
  5.425456e+00   3.786687e-18   3.066689e-03   4.343683e-20   17007560
  5.436084e+00   3.676079e-18   3.069534e-03   4.297551e-20   17092086
  5.446713e+00   3.596885e-18   3.067265e-03   4.262035e-20   17148392
  5.457342e+00   3.635825e-18   3.068696e-03   4.219073e-20   17222288
  5.467971e+00   3.729727e-18   3.068089e-03   4.176394e-20   17285096
  5.478597e+00   3.639021e-18   3.066549e-03   4.135875e-20   17344826
  5.489223e+00   3.661506e-18   3.068300e-03   4.099298e-20   17421236
  5.499853e+00   3.626897e-18   3.069479e-03   4.056293e-20   17494160
  5.510478e+00   3.552575e-18   3.065109e-03   4.024313e-20   17538122
  5.521100e+00   3.622713e-18   3.067347e-03   3.983340e-20   17620136
  5.531731e+00   3.501714e-18   3.069687e-03   3.946418e-20   17700428
  5.542362e+00   3.475943e-18   3.068482e-03   3.908770e-20   17760320
  5.552991e+00   3.523474e-18   3.068060e-03   3.874968e-20   17827562
  5.563619e+00   3.532607e-18   3.067912e-03   3.837142e-20   17895488
  5.574247e+00   3.559806e-18   3.068230e-03   3.806354e-20   17963576
  5.584874e+00   3.519787e-18   3.067616e-03   3.768783e-20   18027500
  5.595502e+00   3.469112e-18   3.068831e-03   3.738736e-20   18105650
  5.606129e+00   3.526734e-18   3.066269e-03   3.706533e-20   18160880
  5.616752e+00   3.455341e-18   3.067084e-03   3.672303e-20   18233144
  5.627379e+00   3.464977e-18   3.067872e-03   3.636772e-20   18307310
  5.638008e+00   3.469840e-18   3.068420e-03   3.609111e-20   18381680
  5.648639e+00   3.468423e-18   3.068723e-03   3.577501e-20   18450536
  5.659270e+00   3.397018e-18   3.069549e-03   3.544688e-20   18522128
  5.669897e+00   3.412553e-18   3.067067e-03   3.514377e-20   18578414
  5.680523e+00   3.405514e-18   3.067781e-03   3.484937e-20   18654304
  5.691150e+00   3.425988e-18   3.067639e-03   3.457487e-20   18722304
  5.701780e+00   3.302084e-18   3.069442e-03   3.426533e-20   18802472
  5.712409e+00   3.321139e-18   3.067729e-03   3.398829e-20   18864266
  5.723037e+00   3.415472e-18   3.067347e-03   3.372732e-20   18933260
  5.733662e+00   3.320558e-18   3.066799e-03   3.344041e-20   18997448
  5.744288e+00   3.296795e-18   3.068953e-03   3.317943e-20   19079816
  5.754917e+00   3.255183e-18   3.067744e-03   3.292534e-20   19145330
  5.765545e+00   3.358673e-18   3.067941e-03   3.262534e-20   19218276
  5.776172e+00   3.286639e-18   3.067784e-03   3.237506e-20   19286200
  5.786797e+00   3.318811e-18   3.066457e-03   3.213890e-20   19349738
  5.797427e+00   3.261181e-18   3.070714e-03   3.189807e-20   19450040
  5.808057e+00   3.277344e-18   3.065907e-03   3.167046e-20   19489688
  5.818683e+00   3.246497e-18   3.068803e-03   3.144466e-20   19576868
  5.829310e+00   3.274456e-18   3.067331e-03   3.119758e-20   19640282
  5.839940e+00   3.305763e-18   3.069683e-03   3.097543e-20   19728800
  5.850566e+00   3.176542e-18   3.065237e-03   3.075806e-20   19770152
  5.861190e+00   3.240782e-18   3.068717e-03   3.054749e-20   19863516
  5.871821e+00   3.143644e-18   3.069639e-03   3.027378e-20   19943594
  5.882452e+00   3.312112e-18   3.067597e-03   3.008760e-20   20003440
  5.893081e+00   3.209940e-18   3.068832e-03   2.989579e-20   20081768
  5.903706e+00   3.264768e-18   3.066188e-03   2.970139e-20   20136200
  5.914335e+00   3.217978e-18   3.070449e-03   2.951945e-20   20238094
  5.924964e+00   3.129782e-18   3.066146e-03   2.931757e-20   20282544
  5.935584e+00   3.193370e-18   3.065727e-03   2.914919e-20   20351720
  5.946209e+00   3.211312e-18   3.068474e-03   2.892804e-20   20444714
  5.956838e+00   3.199516e-18   3.067781e-03   2.876516e-20   20515116
  5.967470e+00   3.177795e-18   3.070149e-03   2.855693e-20   20602384
  5.978102e+00   3.099057e-18   3.068165e-03   2.839974e-20   20659872
  5.988728e+00   3.214755e-18   3.067093e-03   2.822763e-20   20727682
  5.999356e+00   3.146724e-18   3.068732e-03   2.806741e-20   20814416
  6.009986e+00   3.169530e-18   3.068153e-03   2.790063e-20   20881100
  6.020612e+00   3.095956e-18   3.068117e-03   2.776597e-20   20953688
  6.031238e+00   3.208981e-18   3.066654e-03   2.760051e-20   21021050
  6.041866e+00   3.145952e-18   3.068891e-03   2.742011e-20   21111632
  6.052496e+00   3.098989e-18   3.068341e-03   2.727190e-20   21179972
  6.063121e+00   3.083421e-18   3.066368e-03   2.716190e-20   21240488
  6.073747e+00   3.115375e-18   3.068419e-03   2.704110e-20   21331418
  6.084375e+00   3.135878e-18   3.067338e-03   2.688118e-20   21397304
  6.095000e+00   3.097089e-18   3.067405e-03   2.675500e-20   21469764
  6.105627e+00   3.140759e-18   3.068819e-03   2.663913e-20   21556122
  6.116254e+00   3.135184e-18   3.066479e-03   2.654302e-20   21618312
  6.126884e+00   3.127654e-18   3.069809e-03   2.637886e-20   21716096
  6.137516e+00   3.084780e-18   3.068719e-03   2.628041e-20   21781352
  6.148144e+00   3.138093e-18   3.067428e-03   2.617441e-20   21848870
  6.158771e+00   3.151081e-18   3.067652e-03   2.606666e-20   21927536
  6.169400e+00   3.148145e-18   3.068795e-03   2.592743e-20   22008944
  6.180028e+00   3.063947e-18   3.067865e-03   2.587508e-20   22076136
  6.190652e+00   3.175697e-18   3.066547e-03   2.577305e-20   22145270
  6.201282e+00   3.090733e-18   3.070373e-03   2.566198e-20   22250960
  6.211913e+00   3.118567e-18   3.066914e-03   2.556235e-20   22300864
  6.222538e+00   3.106180e-18   3.067186e-03   2.545879e-20   22378586
  6.233165e+00   3.181161e-18   3.068261e-03   2.542407e-20   22464104
  6.243795e+00   3.181441e-18   3.068708e-03   2.532403e-20   22542892
  6.254421e+00   3.102254e-18   3.067123e-03   2.526923e-20   22606008
  6.265047e+00   3.077660e-18   3.067919e-03   2.518461e-20   22690002
  6.275673e+00   3.186016e-18   3.066936e-03   2.514152e-20   22762216
  6.286298e+00   2.996650e-18   3.068880e-03   2.491936e-20   22815779
  6.296927e+00   2.718747e-18   3.067733e-03   2.451110e-20   22772312
  6.307555e+00   2.491204e-18   3.067923e-03   2.409904e-20   22733708
  6.318183e+00   2.294912e-18   3.068441e-03   2.367789e-20   22697672
  6.328811e+00   2.168760e-18   3.067507e-03   2.329956e-20   22651460
  6.339438e+00   1.930213e-18   3.068199e-03   2.290726e-20   22616024
  6.350068e+00   1.784568e-18   3.069309e-03   2.254374e-20   22583496
  6.360694e+00   1.673415e-18   3.065960e-03   2.220486e-20   22519252
  6.371317e+00   1.557676e-18   3.067197e-03   2.180980e-20   22488992
  6.381944e+00   1.466178e-18   3.067780e-03   2.147156e-20   22453172
  6.392574e+00   1.356828e-18   3.069105e-03   2.115662e-20   22420584
  6.403204e+00   1.283415e-18   3.068296e-03   2.081765e-20   22371700
  6.413832e+00   1.197722e-18   3.068296e-03   2.050614e-20   22329896
  6.424460e+00   1.102796e-18   3.067512e-03   2.018536e-20   22282876
  6.435088e+00   1.026682e-18   3.068899e-03   1.987002e-20   22250692
  6.445715e+00   9.950537e-19   3.066872e-03   1.957753e-20   22194436
  6.456340e+00   9.623104e-19   3.066996e-03   1.929439e-20   22153540
  6.466968e+00   8.669646e-19   3.068722e-03   1.898570e-20   22122584
  6.477597e+00   8.350598e-19   3.067957e-03   1.875570e-20   22073004
  6.488227e+00   8.678063e-19   3.069406e-03   1.845377e-20   22039640
  6.498854e+00   8.069122e-19   3.066107e-03   1.820840e-20   21971624
  6.509482e+00   7.830997e-19   3.070097e-03   1.793817e-20   21955708
  6.520106e+00   7.296059e-19   3.063845e-03   1.767571e-20   21867720
  6.530733e+00   7.309827e-19   3.071600e-03   1.741789e-20   21878900
  6.541363e+00   7.324752e-19   3.065935e-03   1.720064e-20   21794260
  6.551990e+00   6.753162e-19   3.068881e-03   1.695207e-20   21770256
  6.562619e+00   6.261358e-19   3.068010e-03   1.671260e-20   21718124
  6.573247e+00   6.674198e-19   3.067905e-03   1.650276e-20   21671096
  6.583874e+00   6.315249e-19   3.067932e-03   1.626302e-20   21625412
  6.594503e+00   6.201432e-19   3.069070e-03   1.603130e-20   21587284
  6.605129e+00   6.171847e-19   3.066010e-03   1.582556e-20   21519648
  6.615755e+00   6.420067e-19   3.068792e-03   1.562713e-20   21493344
  6.626384e+00   5.284160e-19   3.067812e-03   1.540372e-20   21439360
  6.637013e+00   5.863994e-19   3.068679e-03   1.521235e-20   21398900
  6.647644e+00   5.542993e-19   3.068668e-03   1.500049e-20   21351488
  6.658271e+00   5.627415e-19   3.066526e-03   1.482854e-20   21288012
  6.668898e+00   5.393110e-19   3.068796e-03   1.462264e-20   21255052
  6.679525e+00   5.484393e-19   3.067400e-03   1.443010e-20   21196928
  6.690151e+00   5.407756e-19   3.067431e-03   1.427229e-20   21149036
  6.700778e+00   5.172335e-19   3.068015e-03   1.408146e-20   21105304
  6.711407e+00   4.854214e-19   3.068524e-03   1.389349e-20   21059992
  6.722038e+00   4.684652e-19   3.069263e-03   1.373286e-20   21014904
  6.732667e+00   4.920984e-19   3.067536e-03   1.356387e-20   20953620
  6.743293e+00   4.882476e-19   3.067478e-03   1.338824e-20   20902948
  6.753920e+00   4.815945e-19   3.068064e-03   1.322500e-20   20856528
  6.764548e+00   4.288838e-19   3.068448e-03   1.305836e-20   20808868
  6.775174e+00   4.763357e-19   3.066599e-03   1.290108e-20   20746700
  6.785798e+00   4.519512e-19   3.066925e-03   1.276173e-20   20699040
  6.796428e+00   4.119037e-19   3.069860e-03   1.260011e-20   20667584
  6.807054e+00   4.504863e-19   3.064988e-03   1.245978e-20   20583320
  6.817679e+00   4.627172e-19   3.069606e-03   1.230064e-20   20562728
  6.828310e+00   4.506780e-19   3.067915e-03   1.215032e-20   20499120
  6.838938e+00   3.997816e-19   3.068337e-03   1.202512e-20   20448668
  6.849566e+00   4.093698e-19   3.068077e-03   1.188024e-20   20394408
  6.860195e+00   4.172245e-19   3.068320e-03   1.173757e-20   20344236
  6.870823e+00   4.187030e-19   3.067630e-03   1.160859e-20   20287988
  6.881451e+00   3.862736e-19   3.068044e-03   1.147366e-20   20237280
  6.892077e+00   3.667542e-19   3.067320e-03   1.135211e-20   20178328
  6.902707e+00   4.097068e-19   3.069652e-03   1.121130e-20   20139844
  6.913336e+00   3.632110e-19   3.067174e-03   1.110732e-20   20069748
  6.923962e+00   3.441579e-19   3.067514e-03   1.097844e-20   20016800
  6.934587e+00   3.710166e-19   3.067642e-03   1.085786e-20   19962224
  6.945217e+00   3.710955e-19   3.069885e-03   1.073542e-20   19923568
  6.955848e+00   3.787211e-19   3.067490e-03   1.061972e-20   19854300
  6.966474e+00   3.322995e-19   3.067154e-03   1.050313e-20   19797056
  6.977101e+00   3.693825e-19   3.067706e-03   1.039137e-20   19744940
  6.987728e+00   3.427063e-19   3.068174e-03   1.027030e-20   19691768
  6.998356e+00   3.455858e-19   3.067321e-03   1.017190e-20   19629548
  7.008982e+00   3.420497e-19   3.067740e-03   1.006811e-20   19575480
  7.019610e+00   3.370879e-19   3.068413e-03   9.961866e-21   19523296
  7.030241e+00   3.362407e-19   3.069533e-03   9.850411e-21   19474344
  7.040867e+00   3.117365e-19   3.065611e-03   9.750430e-21   19392868
  7.051493e+00   3.089183e-19   3.069073e-03   9.649526e-21   19356176
  7.062123e+00   3.290963e-19   3.068592e-03   9.547292e-21   19294916
  7.072754e+00   3.340484e-19   3.069110e-03   9.454671e-21   19240856
  7.083382e+00   3.075582e-19   3.067066e-03   9.363906e-21   19170884
  7.094007e+00   3.195484e-19   3.066966e-03   9.268967e-21   19111352
  7.104633e+00   3.258632e-19   3.068278e-03   9.171128e-21   19060016
  7.115261e+00   3.039532e-19   3.067998e-03   9.074278e-21   18999752
  7.125886e+00   3.179810e-19   3.066210e-03   8.997320e-21   18930272
  7.136511e+00   2.887569e-19   3.068009e-03   8.903507e-21   18882340
  7.147141e+00   2.755040e-19   3.069133e-03   8.807641e-21   18829056
  7.157770e+00   2.756907e-19   3.067293e-03   8.727803e-21   18757640
  7.168398e+00   2.832907e-19   3.069197e-03   8.642685e-21   18709036
  7.179027e+00   2.711595e-19   3.067378e-03   8.564037e-21   18637668
  7.189656e+00   2.954746e-19   3.069146e-03   8.478793e-21   18587048
  7.200283e+00   2.731137e-19   3.066626e-03   8.399809e-21   18510972
  7.210909e+00   2.698733e-19   3.067730e-03   8.318061e-21   18456692
  7.221535e+00   2.585730e-19   3.067567e-03   8.242724e-21   18394084
  7.232164e+00   2.616259e-19   3.069110e-03   8.161872e-21   18341352
  7.242794e+00   2.762988e-19   3.068234e-03   8.094161e-21   18273884
  7.253423e+00   2.627252e-19   3.068036e-03   8.012454e-21   18211148
  7.264048e+00   2.731202e-19   3.066171e-03   7.950903e-21   18137692
  7.274674e+00   2.520669e-19   3.069088e-03   7.867345e-21   18091580
  7.285305e+00   2.476667e-19   3.068515e-03   7.799765e-21   18024560
  7.295932e+00   2.514465e-19   3.067362e-03   7.729936e-21   17955116
  7.306559e+00   2.484290e-19   3.067637e-03   7.667688e-21   17893232
  7.317187e+00   2.427627e-19   3.068343e-03   7.592259e-21   17832620
  7.327816e+00   2.500554e-19   3.068327e-03   7.528721e-21   17767864
  7.338445e+00   2.573215e-19   3.068809e-03   7.464303e-21   17706956
  7.349073e+00   2.502202e-19   3.066947e-03   7.398784e-21   17632632
  7.359699e+00   2.417885e-19   3.068061e-03   7.338245e-21   17573524
  7.370327e+00   2.543768e-19   3.067901e-03   7.281842e-21   17506380
  7.380954e+00   2.345846e-19   3.068207e-03   7.208988e-21   17442548
  7.391580e+00   2.258441e-19   3.066528e-03   7.145013e-21   17368556
  7.402208e+00   2.452478e-19   3.069314e-03   7.092395e-21   17318260
  7.412837e+00   2.242102e-19   3.067939e-03   7.029371e-21   17243792
  7.423463e+00   2.163587e-19   3.066549e-03   6.975241e-21   17169716
  7.434088e+00   2.354370e-19   3.067759e-03   6.918381e-21   17109768
  7.444715e+00   2.260449e-19   3.068012e-03   6.859979e-21   17044064
  7.455345e+00   2.151267e-19   3.068894e-03   6.805881e-21   16981560
  7.465972e+00   2.376814e-19   3.066680e-03   6.754152e-21   16902264
  7.476600e+00   2.241413e-19   3.069499e-03   6.693041e-21   16849940
  7.487230e+00   2.021033e-19   3.067461e-03   6.648916e-21   16770600
  7.497858e+00   2.290007e-19   3.068497e-03   6.590542e-21   16707512
  7.508485e+00   2.067995e-19   3.067634e-03   6.543623e-21   16634480
  7.519114e+00   2.212655e-19   3.068242e-03   6.490360e-21   16569424
  7.529741e+00   2.150392e-19   3.067751e-03   6.438586e-21   16497216
  7.540372e+00   2.162004e-19   3.069501e-03   6.394883e-21   16436416
  7.550999e+00   1.970599e-19   3.067032e-03   6.346574e-21   16353532
  7.561624e+00   2.202602e-19   3.067126e-03   6.294587e-21   16284908
  7.572251e+00   2.134048e-19   3.068426e-03   6.246365e-21   16221948
  7.582881e+00   2.012825e-19   3.068614e-03   6.199698e-21   16152552
  7.593510e+00   1.904056e-19   3.068122e-03   6.153324e-21   16078864
  7.604137e+00   2.071750e-19   3.067536e-03   6.115684e-21   16005296
  7.614766e+00   2.070963e-19   3.068300e-03   6.070436e-21   15938220
  7.625392e+00   2.075855e-19   3.066841e-03   6.027545e-21   15858440
  7.636016e+00   1.922543e-19   3.067373e-03   5.984055e-21   15789252
  7.646642e+00   1.942110e-19   3.067548e-03   5.942355e-21   15718944
  7.657269e+00   1.937935e-19   3.067947e-03   5.897927e-21   15648652
  7.667899e+00   1.951356e-19   3.069201e-03   5.862600e-21   15581944
  7.678531e+00   2.014973e-19   3.069010e-03   5.820732e-21   15508744
  7.689158e+00   1.905259e-19   3.066436e-03   5.785339e-21   15422472
  7.699784e+00   1.786794e-19   3.068878e-03   5.744168e-21   15361536
  7.710413e+00   1.858223e-19   3.067494e-03   5.708563e-21   15281048
  7.721038e+00   1.787186e-19   3.067557e-03   5.671830e-21   15207752
  7.731666e+00   1.715708e-19   3.067687e-03   5.628497e-21   15134800
  7.742292e+00   1.719160e-19   3.067594e-03   5.600611e-21   15059664
  7.752920e+00   1.739556e-19   3.068106e-03   5.560536e-21   14987020
  7.763550e+00   1.819857e-19   3.069757e-03   5.527868e-21   14919936
  7.774179e+00   1.818196e-19   3.066979e-03   5.492220e-21   14831776
  7.784807e+00   1.670543e-19   3.069197e-03   5.459595e-21   14767552
  7.795435e+00   1.661776e-19   3.066309e-03   5.427950e-21   14678336
  7.806062e+00   1.766084e-19   3.069079e-03   5.393082e-21   14615044
  7.816690e+00   1.744589e-19   3.067275e-03   5.359793e-21   14530200
  7.827317e+00   1.621313e-19   3.067927e-03   5.333333e-21   14457000
  7.837945e+00   1.809323e-19   3.068558e-03   5.304234e-21   14383440
  7.848573e+00   1.702053e-19   3.067003e-03   5.268321e-21   14299516
  7.859199e+00   1.684496e-19   3.067899e-03   5.236730e-21   14226024
  7.869825e+00   1.726358e-19   3.067223e-03   5.208730e-21   14145048
  7.880455e+00   1.608450e-19   3.070446e-03   5.176776e-21   14082144
  7.891083e+00   1.652175e-19   3.065393e-03   5.151907e-21   13981640
  7.901708e+00   1.548812e-19   3.068688e-03   5.121648e-21   13918460
  7.912338e+00   1.619742e-19   3.068702e-03   5.095124e-21   13839752
  7.922969e+00   1.686788e-19   3.069182e-03   5.066820e-21   13762736
  7.933598e+00   1.523376e-19   3.067868e-03   5.040648e-21   13677980
  7.944225e+00   1.567999e-19   3.067250e-03   5.018541e-21   13596196
  7.954850e+00   1.670123e-19   3.067470e-03   4.995808e-21   13517736
  7.965475e+00   1.567390e-19   3.066448e-03   4.970811e-21   13433184
  7.976100e+00   1.555779e-19   3.068623e-03   4.941261e-21   13362296
  7.986730e+00   1.628889e-19   3.068494e-03   4.920117e-21   13281376
  7.997360e+00   1.510783e-19   3.069113e-03   4.897259e-21   13203336
  8.007987e+00   1.481196e-19   3.066719e-03   4.873217e-21   13113016
  8.018613e+00   1.678156e-19   3.067735e-03   4.852921e-21   13036400
  8.029240e+00   1.515633e-19   3.067468e-03   4.834748e-21   12953648
  8.039869e+00   1.592891e-19   3.069185e-03   4.811869e-21   12879016
  8.050498e+00   1.406257e-19   3.067538e-03   4.785147e-21   12790124
  8.061127e+00   1.539494e-19   3.068996e-03   4.767358e-21   12714152
  8.071753e+00   1.451392e-19   3.066076e-03   4.746116e-21   12619608
  8.082379e+00   1.434367e-19   3.068682e-03   4.727052e-21   12547232
  8.093011e+00   1.620426e-19   3.070245e-03   4.709659e-21   12470568
  8.103638e+00   1.405267e-19   3.065215e-03   4.691179e-21   12368136
  8.114264e+00   1.421968e-19   3.069116e-03   4.665581e-21   12300504
  8.124894e+00   1.292346e-19   3.068128e-03   4.649702e-21   12212172
  8.135522e+00   1.479771e-19   3.067779e-03   4.636406e-21   12126228
  8.146149e+00   1.384061e-19   3.068089e-03   4.609462e-21   12043352
  8.156778e+00   1.424196e-19   3.068301e-03   4.605982e-21   11959896
  8.167401e+00   1.445028e-19   3.065268e-03   4.585717e-21   11863804
  8.178026e+00   1.341340e-19   3.068937e-03   4.568647e-21   11792812
  8.188656e+00   1.329140e-19   3.068597e-03   4.549647e-21   11705392
  8.199283e+00   1.425481e-19   3.066984e-03   4.540133e-21   11613836
  8.209914e+00   1.375380e-19   3.070536e-03   4.517451e-21   11541532
  8.220543e+00   1.380598e-19   3.066346e-03   4.507938e-21   11440232
  8.231170e+00   1.255542e-19   3.068846e-03   4.496487e-21   11363008
  8.241796e+00   1.315718e-19   3.066631e-03   4.479825e-21   11267848
  8.252424e+00   1.375881e-19   3.069306e-03   4.466388e-21   11190640
  8.263054e+00   1.335509e-19   3.068558e-03   4.456153e-21   11101084
  8.273680e+00   1.326567e-19   3.065604e-03   4.446343e-21   11003284
  8.284304e+00   1.286653e-19   3.068360e-03   4.433502e-21   10925424
  8.294932e+00   1.190751e-19   3.067667e-03   4.417260e-21   10834724
  8.305560e+00   1.309596e-19   3.068711e-03   4.410764e-21   10750156
  8.316186e+00   1.336084e-19   3.066587e-03   4.394041e-21   10655280
  8.326811e+00   1.347370e-19   3.067310e-03   4.390761e-21   10569120
  8.337437e+00   1.244363e-19   3.067168e-03   4.375266e-21   10479672
  8.348070e+00   1.242401e-19   3.071527e-03   4.366105e-21   10404504
  8.358704e+00   1.250251e-19   3.068456e-03   4.356071e-21   10304108
  8.369331e+00   1.294018e-19   3.066991e-03   4.347586e-21   10209940
  8.379958e+00   1.324123e-19   3.068937e-03   4.337457e-21   10126584
  8.390585e+00   1.134680e-19   3.066106e-03   4.332775e-21   10027064
  8.401210e+00   1.173411e-19   3.068731e-03   4.321818e-21   9945072
  8.411836e+00   1.185981e-19   3.065849e-03   4.311603e-21   9844764
  8.422464e+00   1.196209e-19   3.070904e-03   4.304783e-21   9769940
  8.433095e+00   1.173681e-19   3.066721e-03   4.303506e-21   9666072
  8.443721e+00   1.197036e-19   3.067629e-03   4.293466e-21   9577112
  8.454348e+00   1.049257e-19   3.067871e-03   4.282630e-21   9485848
  8.464977e+00   1.216200e-19   3.068818e-03   4.277152e-21   9396136
  8.475607e+00   1.204008e-19   3.068947e-03   4.275457e-21   9304408
  8.486231e+00   1.160165e-19   3.064605e-03   4.262737e-21   9199028
  8.496854e+00   1.149860e-19   3.068671e-03   4.260859e-21   9118288
  8.507481e+00   1.052526e-19   3.066868e-03   4.251889e-21   9019624
  8.518111e+00   1.250596e-19   3.070919e-03   4.241816e-21   8937420
  8.528743e+00   1.063662e-19   3.067653e-03   4.239476e-21   8835200
  8.539369e+00   1.034338e-19   3.066847e-03   4.235851e-21   8739332
  8.549995e+00   9.831242e-20   3.067747e-03   4.230119e-21   8648112
  8.560624e+00   9.579877e-20   3.067898e-03   4.226574e-21   8553372
  8.571253e+00   1.040014e-19   3.069319e-03   4.215142e-21   8461944
  8.581883e+00   9.324434e-20   3.068067e-03   4.212572e-21   8363348
  8.592509e+00   1.004973e-19   3.067870e-03   4.211962e-21   8267792
  8.603135e+00   9.574782e-20   3.066599e-03   4.201246e-21   8169380
  8.613762e+00   1.015786e-19   3.069517e-03   4.197741e-21   8081008
  8.624389e+00   9.123968e-20   3.065774e-03   4.188682e-21   7975632
  8.635016e+00   9.342744e-20   3.069603e-03   4.188758e-21   7889116
  8.645643e+00   9.273975e-20   3.066011e-03   4.179982e-21   7784008
  8.656270e+00   8.136636e-20   3.068709e-03   4.176992e-21   7693848
  8.666897e+00   8.369817e-20   3.067011e-03   4.161670e-21   7592468
  8.677525e+00   9.177879e-20   3.068931e-03   4.157849e-21   7499076
  8.688155e+00   8.255733e-20   3.069474e-03   4.149927e-21   7402880
  8.698786e+00   7.997939e-20   3.067607e-03   4.145260e-21   7300768
  8.709411e+00   8.056262e-20   3.067652e-03   4.143729e-21   7203316
  8.720032e+00   7.346191e-20   3.063689e-03   4.121999e-21   7095724
  8.730662e+00   7.248110e-20   3.073665e-03   4.118131e-21   7019608
  8.741295e+00   7.626302e-20   3.065344e-03   4.105000e-21   6901916
  8.751922e+00   6.864309e-20   3.069704e-03   4.099746e-21   6812952
  8.762548e+00   7.059395e-20   3.065523e-03   4.082407e-21   6704548
  8.773175e+00   6.834734e-20   3.068967e-03   4.075501e-21   6612168
  8.783803e+00   6.459177e-20   3.067598e-03   4.052239e-21   6508628
  8.794433e+00   5.736314e-20   3.069277e-03   4.044697e-21   6412072
  8.805059e+00   6.813109e-20   3.066868e-03   4.022333e-21   6306660
  8.815685e+00   6.595547e-20   3.067492e-03   3.996908e-21   6207592
  8.826308e+00   5.149597e-20   3.066222e-03   3.976446e-21   6103860
  8.836934e+00   4.994363e-20   3.068576e-03   3.942737e-21   6007184
  8.847563e+00   5.111314e-20   3.068782e-03   3.923782e-21   5905660
  8.858194e+00   5.360442e-20   3.069160e-03   3.882944e-21   5805132
  8.868823e+00   4.732348e-20   3.067313e-03   3.853055e-21   5700008
  8.879446e+00   4.822601e-20   3.065734e-03   3.810469e-21   5594856
  8.890075e+00   4.873016e-20   3.070306e-03   3.759099e-21   5502341
  8.900707e+00   4.054662e-20   3.068193e-03   3.731207e-21   5404852
  8.911333e+00   4.416516e-20   3.066920e-03   3.700843e-21   5313930
  8.921960e+00   3.483435e-20   3.068151e-03   3.677915e-21   5230396
  8.932587e+00   3.105426e-20   3.067037e-03   3.648349e-21   5145158
  8.943214e+00   3.761777e-20   3.067644e-03   3.628119e-21   5064506
  8.953844e+00   3.704896e-20   3.070354e-03   3.602364e-21   4989464
  8.964475e+00   2.540317e-20   3.067471e-03   3.573917e-21   4907486
  8.975102e+00   2.217389e-20   3.067454e-03   3.556823e-21   4831952
  8.985729e+00   4.184736e-20   3.067333e-03   3.535191e-21   4757392
  8.996357e+00   2.865316e-20   3.068563e-03   3.524736e-21   4685902
  9.006985e+00   3.298181e-20   3.067839e-03   3.499281e-21   4612826
  9.017611e+00   2.612852e-20   3.067647e-03   3.488094e-21   4542436
  9.028240e+00   3.107319e-20   3.068771e-03   3.466422e-21   4475408
  9.038866e+00   3.023720e-20   3.065432e-03   3.445581e-21   4402686
  9.049492e+00   2.956282e-20   3.069222e-03   3.439527e-21   4340854
  9.060123e+00   2.884964e-20   3.068666e-03   3.416062e-21   4273862
  9.070751e+00   2.984771e-20   3.068093e-03   3.409568e-21   4208538
  9.081377e+00   2.751964e-20   3.066329e-03   3.397040e-21   4142584
  9.092002e+00   2.320865e-20   3.067445e-03   3.385113e-21   4081232
  9.102629e+00   1.534097e-20   3.068061e-03   3.376426e-21   4019668
  9.113260e+00   3.333586e-20   3.070507e-03   3.359389e-21   3961416
  9.123892e+00   2.988839e-20   3.068468e-03   3.344638e-21   3898848
  9.134518e+00   2.097346e-20   3.065914e-03   3.334370e-21   3836718
  9.145140e+00   2.230530e-20   3.066518e-03   3.332348e-21   3779272
  9.155765e+00   3.510697e-20   3.066689e-03   3.314933e-21   3721434
  9.166394e+00   2.797757e-20   3.070316e-03   3.307882e-21   3668198
  9.177028e+00   2.237580e-20   3.069776e-03   3.295846e-21   3611346
  9.187656e+00   2.224678e-20   3.066455e-03   3.288531e-21   3552442
  9.198281e+00   2.405987e-20   3.067337e-03   3.281726e-21   3498908
  9.208908e+00   2.962878e-20   3.067980e-03   3.277654e-21   3445382
  9.219536e+00   2.635719e-20   3.068389e-03   3.263995e-21   3392244
  9.230165e+00   2.312530e-20   3.068360e-03   3.258470e-21   3339634
  9.240792e+00   2.651773e-20   3.067248e-03   3.256290e-21   3286752
  9.251416e+00   2.638031e-20   3.065818e-03   3.246748e-21   3234180
  9.262040e+00   2.347168e-20   3.067094e-03   3.246712e-21   3184556
  9.272670e+00   3.545000e-20   3.070362e-03   3.235695e-21   3137238
  9.283304e+00   2.969585e-20   3.070377e-03   3.236255e-21   3087670
  9.293936e+00   2.578769e-20   3.068566e-03   3.227353e-21   3037460
  9.304560e+00   1.878035e-20   3.064548e-03   3.215454e-21   2985736
  9.315180e+00   2.551883e-20   3.066413e-03   3.214302e-21   2939708
  9.325811e+00   3.573368e-20   3.071553e-03   3.213071e-21   2897012
  9.336443e+00   1.399010e-20   3.067620e-03   3.209915e-21   2846890
  9.347067e+00   2.772681e-20   3.065693e-03   3.205443e-21   2799588
  9.357689e+00   3.123664e-20   3.066395e-03   3.209023e-21   2754954
  9.368315e+00   2.278683e-20   3.068270e-03   3.198887e-21   2711500
  9.378948e+00   3.192223e-20   3.070601e-03   3.199246e-21   2669006
  9.389576e+00   2.776745e-20   3.065837e-03   3.198886e-21   2621264
  9.400202e+00   2.728489e-20   3.068913e-03   3.194812e-21   2580726
  9.410830e+00   2.408826e-20   3.067141e-03   3.195990e-21   2536470
  9.421456e+00   2.829701e-20   3.067445e-03   3.201069e-21   2494370
  9.432084e+00   2.313501e-20   3.068834e-03   3.199896e-21   2453556
  9.442716e+00   2.716099e-20   3.070117e-03   3.201201e-21   2413246
  9.453347e+00   3.146451e-20   3.067994e-03   3.200968e-21   2370914
  9.463973e+00   2.456098e-20   3.067217e-03   3.201448e-21   2330126
  9.474601e+00   1.805327e-20   3.068570e-03   3.204496e-21   2291406
  9.485227e+00   2.486868e-20   3.066158e-03   3.208272e-21   2250410
  9.495850e+00   2.892880e-20   3.066006e-03   3.204335e-21   2211486
  9.506474e+00   2.572900e-20   3.067734e-03   3.220509e-21   2174194
  9.517102e+00   3.264372e-20   3.068176e-03   3.219084e-21   2136416
  9.527733e+00   2.877565e-20   3.069929e-03   3.220843e-21   2100070
  9.538360e+00   2.161952e-20   3.065560e-03   3.223172e-21   2060026
  9.548986e+00   2.331151e-20   3.069362e-03   3.224308e-21   2025910
  9.559615e+00   1.957996e-20   3.067530e-03   3.225197e-21   1988576
  9.570241e+00   2.379349e-20   3.067060e-03   3.236238e-21   1952610
  9.580867e+00   2.623940e-20   3.067361e-03   3.256371e-21   1917470
  9.591493e+00   2.808700e-20   3.067399e-03   3.255798e-21   1882484
  9.602120e+00   3.002757e-20   3.068076e-03   3.263670e-21   1848262
  9.612753e+00   2.846625e-20   3.071327e-03   3.268593e-21   1816024
  9.623386e+00   2.019785e-20   3.068076e-03   3.277745e-21   1780418
  9.634012e+00   2.164382e-20   3.067038e-03   3.280072e-21   1746576
  9.644639e+00   1.929688e-20   3.068628e-03   3.290561e-21   1714622
  9.655268e+00   2.816667e-20   3.067669e-03   3.309734e-21   1681692
  9.665895e+00   2.517015e-20   3.067468e-03   3.309282e-21   1649574
  9.676515e+00   2.994916e-20   3.063511e-03   3.321906e-21   1615788
  9.687137e+00   2.764874e-20   3.068656e-03   3.329985e-21   1587064
  9.697769e+00   2.662212e-20   3.069826e-03   3.340055e-21   1556598
  9.708400e+00   2.249580e-20   3.068471e-03   3.353794e-21   1525380
  9.719030e+00   1.840877e-20   3.068670e-03   3.365072e-21   1495360
  9.729656e+00   3.006240e-20   3.066126e-03   3.383079e-21   1464370
  9.740281e+00   2.145498e-20   3.067601e-03   3.385471e-21   1435656
  9.750907e+00   1.980511e-20   3.067002e-03   3.417681e-21   1406304
  9.761532e+00   2.637974e-20   3.067147e-03   3.427175e-21   1377628
  9.772159e+00   2.522498e-20   3.068370e-03   3.446104e-21   1349744
  9.782788e+00   3.283360e-20   3.068343e-03   3.456942e-21   1321682
  9.793418e+00   1.994420e-20   3.069098e-03   3.468460e-21   1294376
  9.804048e+00   2.598477e-20   3.068140e-03   3.488724e-21   1266768
  9.814673e+00   3.187300e-20   3.066275e-03   3.507531e-21   1239172
  9.825295e+00   2.632599e-20   3.065238e-03   3.518660e-21   1212224
  9.835918e+00   3.486942e-20   3.067386e-03   3.545816e-21   1186796
  9.846547e+00   1.781875e-20   3.069034e-03   3.561312e-21   1161432
  9.857176e+00   2.576335e-20   3.067927e-03   3.581856e-21   1135408
  9.867804e+00   2.307519e-20   3.068239e-03   3.610251e-21   1110324
  9.878434e+00   2.946069e-20   3.068926e-03   3.629465e-21   1085680
  9.889062e+00   2.323021e-20   3.066842e-03   3.649595e-21   1060364
  9.899688e+00   2.930425e-20   3.068767e-03   3.671720e-21   1036736
  9.910321e+00   3.114792e-20   3.070562e-03   3.707750e-21   1013388
  9.920951e+00   2.944396e-20   3.066769e-03   3.732630e-21   988656
  9.931575e+00   2.550941e-20   3.066738e-03   3.750063e-21   965530
  9.942197e+00   2.598462e-20   3.064855e-03   3.783976e-21   942100
  9.952819e+00   2.738577e-20   3.066142e-03   3.809156e-21   919888
  9.963442e+00   2.652496e-20   3.066491e-03   3.828793e-21   897628
  9.974067e+00   1.746950e-20   3.067504e-03   3.868411e-21   875856
  9.984696e+00   1.773766e-20   3.069599e-03   3.897836e-21   854736
  9.995330e+00   2.941933e-20   3.070044e-03   3.926983e-21   833510
  1.000596e+01   2.818719e-20   3.068120e-03   3.968650e-21   811976
  1.001659e+01   2.327133e-20   3.066566e-03   3.999806e-21   790844
  1.002721e+01   3.284963e-20   3.066302e-03   4.031064e-21   770320
  1.003784e+01   3.268044e-20   3.069162e-03   4.071780e-21   750838
  1.004847e+01   1.860578e-20   3.068729e-03   4.122166e-21   730864
  1.005909e+01   3.358703e-20   3.067039e-03   4.155788e-21   710984
  1.006972e+01   3.033791e-20   3.067274e-03   4.200905e-21   691894
  1.008035e+01   2.313605e-20   3.066106e-03   4.232928e-21   672776
  1.009097e+01   2.259021e-20   3.067065e-03   4.288027e-21   654372
  1.010160e+01   6.723581e-21   3.065537e-03   4.329154e-21   635682
  1.011222e+01   1.423483e-20   3.064886e-03   4.371200e-21   617460
  1.012284e+01   2.468604e-20   3.066767e-03   4.434636e-21   600024
  1.013346e+01   2.961053e-20   3.068404e-03   4.461568e-21   582830
  1.014410e+01   2.506177e-20   3.070337e-03   4.536682e-21   566000
  1.015473e+01   1.987239e-20   3.066543e-03   4.589120e-21   548458
  1.016535e+01   2.073206e-20   3.067619e-03   4.644039e-21   532084
  1.017598e+01   3.766335e-20   3.065740e-03   4.710300e-21   515440
  1.018660e+01   2.773021e-20   3.064533e-03   4.784556e-21   499174
  1.019722e+01   2.058429e-20   3.064552e-03   4.845645e-21   483368
  1.020784e+01   1.608664e-20   3.067558e-03   4.878506e-21   468270
  1.021847e+01   2.649641e-20   3.071740e-03   4.967466e-21   453568
  1.022911e+01   2.513916e-20   3.068522e-03   5.050374e-21   438106
  1.023974e+01   2.084926e-20   3.068674e-03   5.091674e-21   423508
  1.025036e+01   2.188487e-20   3.065352e-03   5.193609e-21   408754
  1.026098e+01   2.110004e-20   3.064549e-03   5.259345e-21   394612
  1.027160e+01   9.972237e-21   3.064825e-03   5.357550e-21   380826
  1.028223e+01   3.466965e-20   3.063635e-03   5.421778e-21   367086
  1.029285e+01   2.947269e-20   3.065226e-03   5.514737e-21   353904
  1.030347e+01   2.649471e-20   3.067842e-03   5.617480e-21   341046
  1.031410e+01   3.149032e-20   3.067827e-03   5.734651e-21   328144
  1.032473e+01   2.007498e-20   3.068491e-03   5.838679e-21   315598
  1.033536e+01   3.051343e-20   3.070442e-03   5.940767e-21   303466
  1.034599e+01   3.443978e-20   3.070558e-03   6.075680e-21   291456
  1.035662e+01   1.931537e-20   3.069010e-03   6.167539e-21   279614
  1.036725e+01   3.770512e-20   3.062765e-03   6.271162e-21   267680
  1.037786e+01   1.304946e-20   3.061142e-03   6.426432e-21   256438
  1.038848e+01   3.239569e-20   3.062004e-03   6.538857e-21   245618
  1.039909e+01   1.315460e-20   3.058865e-03   6.690030e-21   234708
  1.040970e+01   2.804068e-20   3.057929e-03   6.853839e-21   224210
  1.042032e+01   3.485789e-20   3.058509e-03   6.971147e-21   214046
  1.043093e+01   1.702234e-20   3.059874e-03   7.177507e-21   204152
  1.044155e+01   2.767530e-20   3.062766e-03   7.309414e-21   194558
  1.045217e+01   7.600360e-21   3.062838e-03   7.507216e-21   185018
  1.046279e+01   2.543853e-20   3.066092e-03   7.680452e-21   175918
  1.047341e+01   1.416191e-20   3.068348e-03   7.873636e-21   166992
  1.048404e+01   1.921528e-20   3.070094e-03   8.111524e-21   158294
  1.049468e+01   4.221258e-20   3.071097e-03   8.292962e-21   149842
  1.050531e+01   2.441055e-20   3.068653e-03   8.481756e-21   141530
  1.051593e+01   2.161381e-20   3.060509e-03   8.728971e-21   133284
  1.052654e+01   4.329970e-20   3.057354e-03   9.041109e-21   125546
  1.053715e+01   4.253621e-20   3.051144e-03   9.390859e-21   117950
  1.054776e+01   2.250870e-20   3.048602e-03   9.680542e-21   110746
  1.055836e+01   4.023557e-20   3.039799e-03   9.996537e-21   103572
  1.056895e+01   1.163111e-20   3.036073e-03   1.037113e-20   96818
  1.057954e+01   3.988451e-20   3.031333e-03   1.067016e-20   90262
  1.059013e+01   1.489717e-20   3.027317e-03   1.108623e-20   83970
  1.060072e+01   3.767432e-20   3.019853e-03   1.161073e-20   77846
  1.061129e+01   3.574592e-20   3.012052e-03   1.204198e-20   71984
  1.062186e+01   5.268203e-20   3.005730e-03   1.256987e-20   66398
  1.063243e+01   4.799735e-20   3.000369e-03   1.309381e-20   61058
  1.064300e+01   4.023755e-20   2.995714e-03   1.379134e-20   55958
  1.065357e+01   6.116909e-20   2.990697e-03   1.419880e-20   51082
  1.066413e+01   -1.396682e-21   2.981767e-03   1.508039e-20   46398
  1.067469e+01   1.744612e-21   2.970930e-03   1.578414e-20   41954
  1.068524e+01   4.848460e-20   2.955045e-03   1.672886e-20   37718
  1.069578e+01   3.193608e-20   2.938133e-03   1.757764e-20   33736
  1.070631e+01   -1.656943e-20   2.922830e-03   1.868520e-20   30006
  1.071684e+01   6.186345e-20   2.912268e-03   2.012826e-20   26522
  1.072739e+01   4.600510e-20   2.905476e-03   2.129464e-20   23254
  1.073793e+01   6.584024e-20   2.895825e-03   2.316761e-20   20178
  1.074848e+01   -1.082797e-21   2.890787e-03   2.522632e-20   17342
  1.075903e+01   2.823784e-20   2.886580e-03   2.700186e-20   14714
  1.076959e+01   4.414777e-20   2.887906e-03   3.042732e-20   12310
  1.078015e+01   7.907850e-20   2.880436e-03   3.355959e-20   10098
  1.079071e+01   8.498028e-20   2.879327e-03   3.679015e-20   8126
  1.080127e+01   8.422818e-20   2.877797e-03   4.291359e-20   6362
  1.081184e+01   8.495437e-20   2.888638e-03   4.891549e-20   4822
  1.082239e+01   -2.294901e-20   2.872451e-03   5.474529e-20   3474
  1.083292e+01   1.009332e-19   2.869225e-03   6.886615e-20   2366
  1.084344e+01   -9.513306e-20   2.860034e-03   9.090404e-20   1466
  1.085397e+01   -1.610449e-19   2.925135e-03   1.186496e-19   790
  1.086426e+01   5.521274e-19   2.767211e-03   1.713686e-19   306
  1.087389e+01   2.509667e-19   2.357714e-03   5.503664e-19   62
