# cross spectrum of phi(z1) and phi(z2)
# redshift z=1.293448
# k              Pk             sigma(k)       sigma(Pk)      count
  7.830312e-03   2.547124e-10   1.198114e-03   5.734374e-11   18
  1.686348e-02   3.016901e-10   2.897918e-03   2.881887e-11   152
  2.725284e-02   1.802683e-10   3.060867e-03   8.430218e-12   416
  3.742835e-02   9.874218e-11   2.912555e-03   3.699402e-12   770
  4.808679e-02   6.191042e-11   3.119650e-03   1.816283e-12   1364
  5.876109e-02   4.072180e-11   3.054550e-03   9.264758e-13   1976
  6.939824e-02   3.099345e-11   3.112555e-03   5.894295e-13   2792
  7.984642e-02   2.264017e-11   2.971805e-03   3.844545e-13   3578
  9.038229e-02   1.628996e-11   3.049521e-03   2.401408e-13   4724
  1.011318e-01   1.210093e-11   3.134595e-03   1.596160e-13   6032
  1.117485e-01   9.449101e-12   3.016599e-03   1.158142e-13   7072
  1.222702e-01   7.984772e-12   3.056387e-03   8.767180e-14   8634
  1.329722e-01   6.770742e-12   3.095256e-03   6.786620e-14   10336
  1.436677e-01   5.499855e-12   3.082009e-03   4.970949e-14   11940
  1.541872e-01   4.446503e-12   3.021465e-03   3.923132e-14   13490
  1.647185e-01   3.717045e-12   3.054444e-03   2.943042e-14   15656
  1.754149e-01   3.146960e-12   3.102608e-03   2.348514e-14   18008
  1.860920e-01   2.780133e-12   3.069464e-03   1.967892e-14   19964
  1.966957e-01   2.429681e-12   3.066093e-03   1.634759e-14   22354
  2.072851e-01   2.078799e-12   3.030819e-03   1.325597e-14   24648
  2.179134e-01   1.805510e-12   3.083109e-03   1.079752e-14   27592
  2.285517e-01   1.591383e-12   3.075318e-03   9.176313e-15   30152
  2.391687e-01   1.411494e-12   3.069056e-03   7.827646e-15   33046
  2.497808e-01   1.284137e-12   3.053846e-03   6.795865e-15   35992
  2.604233e-01   1.160642e-12   3.074764e-03   5.897391e-15   39304
  2.710722e-01   1.053130e-12   3.082145e-03   5.091314e-15   42608
  2.817050e-01   9.403363e-13   3.058267e-03   4.413323e-15   45758
  2.923349e-01   8.432172e-13   3.072286e-03   3.838480e-15   49536
  3.029238e-01   7.709455e-13   3.039208e-03   3.365813e-15   52488
  3.135134e-01   7.165148e-13   3.084628e-03   3.009195e-15   57034
  3.241511e-01   6.412807e-13   3.061146e-03   2.601900e-15   60648
  3.347969e-01   5.981159e-13   3.076329e-03   2.350788e-15   65044
  3.454223e-01   5.536739e-13   3.057760e-03   2.100038e-15   68720
  3.560505e-01   5.062451e-13   3.078281e-03   1.865350e-15   73538
  3.667175e-01   4.690282e-13   3.076939e-03   1.682053e-15   78080
  3.773260e-01   4.387792e-13   3.039859e-03   1.540521e-15   81572
  3.879192e-01   4.097788e-13   3.081238e-03   1.389879e-15   87248
  3.985882e-01   3.800643e-13   3.084591e-03   1.251138e-15   92266
  4.092322e-01   3.564882e-13   3.063169e-03   1.155261e-15   96696
  4.198039e-01   3.313343e-13   3.037602e-03   1.050194e-15   100904
  4.303789e-01   3.123544e-13   3.065517e-03   9.602584e-16   107036
  4.410480e-01   2.946031e-13   3.089487e-03   8.779384e-16   113362
  4.517307e-01   2.758190e-13   3.072092e-03   7.983847e-16   118176
  4.623378e-01   2.607298e-13   3.054661e-03   7.509746e-16   122944
  4.729644e-01   2.463362e-13   3.083007e-03   6.887813e-16   129902
  4.836049e-01   2.308333e-13   3.061727e-03   6.288838e-16   134944
  4.942158e-01   2.206943e-13   3.064979e-03   5.904721e-16   140952
  5.048213e-01   2.073065e-13   3.064662e-03   5.436735e-16   147072
  5.154342e-01   1.971363e-13   3.060800e-03   5.030237e-16   153382
  5.260893e-01   1.880552e-13   3.082622e-03   4.656239e-16   160952
  5.367508e-01   1.774111e-13   3.070294e-03   4.359403e-16   166640
  5.473579e-01   1.704528e-13   3.057153e-03   4.119172e-16   172448
  5.579787e-01   1.614236e-13   3.077577e-03   3.815447e-16   180594
  5.686178e-01   1.542456e-13   3.060710e-03   3.563755e-16   186556
  5.792219e-01   1.471278e-13   3.063394e-03   3.342382e-16   193528
  5.898242e-01   1.412417e-13   3.060684e-03   3.153540e-16   200626
  6.004609e-01   1.345949e-13   3.076604e-03   2.957968e-16   209256
  6.111150e-01   1.292226e-13   3.069663e-03   2.788341e-16   216020
  6.217510e-01   1.243189e-13   3.075746e-03   2.631795e-16   223768
  6.323610e-01   1.183510e-13   3.055783e-03   2.482055e-16   230234
  6.429887e-01   1.140547e-13   3.074922e-03   2.332196e-16   239800
  6.536248e-01   1.096656e-13   3.063054e-03   2.213203e-16   246568
  6.642393e-01   1.057615e-13   3.068328e-03   2.098087e-16   254828
  6.748534e-01   1.009640e-13   3.064424e-03   1.966065e-16   263074
  6.854951e-01   9.720140e-14   3.071509e-03   1.866540e-16   272312
  6.961385e-01   9.377266e-14   3.070197e-03   1.775191e-16   280376
  7.067732e-01   9.058335e-14   3.071500e-03   1.691973e-16   288884
  7.174012e-01   8.709881e-14   3.068501e-03   1.598134e-16   297602
  7.280177e-01   8.465138e-14   3.057614e-03   1.534289e-16   305520
  7.386402e-01   8.124910e-14   3.075198e-03   1.444343e-16   315976
  7.492461e-01   7.850288e-14   3.052723e-03   1.377302e-16   322778
  7.598720e-01   7.632506e-14   3.080021e-03   1.319654e-16   335372
  7.705286e-01   7.337061e-14   3.068318e-03   1.255609e-16   343464
  7.811635e-01   7.097860e-14   3.070705e-03   1.200389e-16   352912
  7.917934e-01   6.866951e-14   3.070498e-03   1.139655e-16   362666
  8.024224e-01   6.678829e-14   3.063690e-03   1.101377e-16   371884
  8.130465e-01   6.465245e-14   3.069929e-03   1.045209e-16   382280
  8.236583e-01   6.267416e-14   3.060755e-03   1.003097e-16   390888
  8.342648e-01   6.068855e-14   3.067168e-03   9.610656e-17   402234
  8.448912e-01   5.933635e-14   3.064832e-03   9.257192e-17   412576
  8.555263e-01   5.707010e-14   3.071788e-03   8.794143e-17   423732
  8.661590e-01   5.552958e-14   3.068142e-03   8.452459e-17   433624
  8.767950e-01   5.398502e-14   3.072203e-03   8.101224e-17   445154
  8.874347e-01   5.260961e-14   3.069139e-03   7.836057e-17   455584
  8.980596e-01   5.099117e-14   3.064716e-03   7.496740e-17   465588
  9.086714e-01   4.953975e-14   3.065163e-03   7.200072e-17   476762
  9.193048e-01   4.819043e-14   3.073106e-03   6.910219e-17   489552
  9.299472e-01   4.705895e-14   3.069632e-03   6.685986e-17   500328
  9.405628e-01   4.589115e-14   3.059261e-03   6.452267e-17   509852
  9.511854e-01   4.453291e-14   3.074339e-03   6.178208e-17   524234
  9.618189e-01   4.335784e-14   3.061952e-03   5.951347e-17   534104
  9.724448e-01   4.228258e-14   3.070528e-03   5.745645e-17   547048
  9.830800e-01   4.118533e-14   3.073862e-03   5.516997e-17   559328
  9.937180e-01   4.022902e-14   3.070866e-03   5.339394e-17   571326
  1.004339e+00   3.915556e-14   3.060367e-03   5.149719e-17   581920
  1.014951e+00   3.822601e-14   3.064588e-03   4.975293e-17   594832
  1.025571e+00   3.724832e-14   3.068054e-03   4.799654e-17   608048
  1.036206e+00   3.648276e-14   3.070252e-03   4.648941e-17   621526
  1.046839e+00   3.558420e-14   3.066112e-03   4.510080e-17   633240
  1.057456e+00   3.468860e-14   3.064953e-03   4.332760e-17   645472
  1.068086e+00   3.384769e-14   3.075342e-03   4.190355e-17   660906
  1.078726e+00   3.310860e-14   3.067576e-03   4.057743e-17   672856
  1.089356e+00   3.236012e-14   3.067094e-03   3.916964e-17   685980
  1.099980e+00   3.164441e-14   3.067978e-03   3.800007e-17   699256
  1.110619e+00   3.095015e-14   3.074976e-03   3.675411e-17   714730
  1.121246e+00   3.026620e-14   3.059348e-03   3.580203e-17   725152
  1.131863e+00   2.960551e-14   3.067634e-03   3.464125e-17   740420
  1.142485e+00   2.887433e-14   3.069089e-03   3.351261e-17   754312
  1.153114e+00   2.824774e-14   3.069897e-03   3.246736e-17   769114
  1.163749e+00   2.773968e-14   3.069209e-03   3.160823e-17   783488
  1.174365e+00   2.708967e-14   3.058900e-03   3.058938e-17   794968
  1.184981e+00   2.655603e-14   3.070107e-03   2.964762e-17   812366
  1.195609e+00   2.605376e-14   3.065134e-03   2.886006e-17   825976
  1.206250e+00   2.545388e-14   3.075220e-03   2.791141e-17   843352
  1.216898e+00   2.490580e-14   3.073224e-03   2.707542e-17   857280
  1.227524e+00   2.450287e-14   3.063189e-03   2.641025e-17   869542
  1.238147e+00   2.401351e-14   3.070752e-03   2.567760e-17   887128
  1.248772e+00   2.352817e-14   3.063166e-03   2.496014e-17   900032
  1.259388e+00   2.301834e-14   3.067377e-03   2.419464e-17   916560
  1.270005e+00   2.251648e-14   3.061783e-03   2.357500e-17   930922
  1.280635e+00   2.213209e-14   3.071795e-03   2.285988e-17   949844
  1.291287e+00   2.175198e-14   3.076939e-03   2.219844e-17   966736
  1.301925e+00   2.130326e-14   3.065819e-03   2.170662e-17   978776
  1.312537e+00   2.090877e-14   3.064137e-03   2.112387e-17   994522
  1.323161e+00   2.050176e-14   3.068907e-03   2.051059e-17   1012420
  1.333794e+00   2.007362e-14   3.071598e-03   1.992530e-17   1029408
  1.344410e+00   1.973752e-14   3.058405e-03   1.953202e-17   1041658
  1.355032e+00   1.938807e-14   3.072381e-03   1.893061e-17   1063520
  1.365659e+00   1.904858e-14   3.060689e-03   1.849675e-17   1075808
  1.376294e+00   1.868986e-14   3.080019e-03   1.795606e-17   1098956
  1.386928e+00   1.837830e-14   3.061670e-03   1.760855e-17   1109810
  1.397545e+00   1.806609e-14   3.065288e-03   1.715430e-17   1128608
  1.408178e+00   1.773719e-14   3.073589e-03   1.663823e-17   1148264
  1.418813e+00   1.740434e-14   3.067917e-03   1.628703e-17   1163252
  1.429436e+00   1.707342e-14   3.067070e-03   1.587642e-17   1181042
  1.440060e+00   1.682430e-14   3.064325e-03   1.548578e-17   1197848
  1.450692e+00   1.647393e-14   3.073737e-03   1.503417e-17   1218848
  1.461323e+00   1.622845e-14   3.064859e-03   1.474787e-17   1232916
  1.471945e+00   1.593405e-14   3.068844e-03   1.438314e-17   1253002
  1.482566e+00   1.567176e-14   3.062284e-03   1.403433e-17   1268576
  1.493191e+00   1.540979e-14   3.071552e-03   1.370145e-17   1290128
  1.503822e+00   1.514288e-14   3.068342e-03   1.336940e-17   1307402
  1.514455e+00   1.490218e-14   3.069122e-03   1.305644e-17   1327028
  1.525083e+00   1.463294e-14   3.064970e-03   1.274489e-17   1343648
  1.535711e+00   1.440509e-14   3.070217e-03   1.246723e-17   1364096
  1.546341e+00   1.416046e-14   3.068950e-03   1.219779e-17   1382730
  1.556974e+00   1.391617e-14   3.068757e-03   1.188380e-17   1402164
  1.567604e+00   1.369176e-14   3.068159e-03   1.160216e-17   1420464
  1.578221e+00   1.346207e-14   3.063798e-03   1.135963e-17   1437368
  1.588847e+00   1.327139e-14   3.072142e-03   1.107888e-17   1461530
  1.599480e+00   1.303257e-14   3.065069e-03   1.085269e-17   1478264
  1.610108e+00   1.286244e-14   3.068902e-03   1.062408e-17   1499356
  1.620732e+00   1.264798e-14   3.065238e-03   1.037960e-17   1517016
  1.631360e+00   1.245619e-14   3.070849e-03   1.014419e-17   1540090
  1.641988e+00   1.222690e-14   3.065366e-03   9.924366e-18   1557360
  1.652609e+00   1.207252e-14   3.066926e-03   9.723266e-18   1577780
  1.663242e+00   1.186212e-14   3.075107e-03   9.483454e-18   1602578
  1.673875e+00   1.171002e-14   3.063542e-03   9.317645e-18   1617672
  1.684498e+00   1.153375e-14   3.069033e-03   9.109026e-18   1641016
  1.695122e+00   1.135115e-14   3.065080e-03   8.938729e-18   1659416
  1.705746e+00   1.115017e-14   3.068431e-03   8.690407e-18   1682670
  1.716382e+00   1.099441e-14   3.070690e-03   8.526138e-18   1705256
  1.727024e+00   1.079979e-14   3.071890e-03   8.334032e-18   1726312
  1.737645e+00   1.065775e-14   3.062639e-03   8.198689e-18   1741880
  1.748261e+00   1.050139e-14   3.067156e-03   8.003715e-18   1766454
  1.758897e+00   1.034662e-14   3.073105e-03   7.831091e-18   1791784
  1.769528e+00   1.020568e-14   3.063894e-03   7.702924e-18   1807712
  1.780139e+00   1.005936e-14   3.062775e-03   7.546491e-18   1829002
  1.790759e+00   9.908478e-15   3.067263e-03   7.388924e-18   1854216
  1.801400e+00   9.784635e-15   3.074631e-03   7.234590e-18   1880156
  1.812037e+00   9.610062e-15   3.068349e-03   7.075099e-18   1897568
  1.822663e+00   9.473727e-15   3.068475e-03   6.944368e-18   1920458
  1.833288e+00   9.334329e-15   3.065997e-03   6.798992e-18   1942208
  1.843915e+00   9.193309e-15   3.067813e-03   6.649737e-18   1965612
  1.854544e+00   9.060234e-15   3.069639e-03   6.521428e-18   1989000
  1.865168e+00   8.944663e-15   3.064465e-03   6.405223e-18   2009114
  1.875791e+00   8.810574e-15   3.067400e-03   6.267719e-18   2034464
  1.886424e+00   8.694104e-15   3.070174e-03   6.155891e-18   2058476
  1.897052e+00   8.566691e-15   3.068039e-03   6.031517e-18   2079648
  1.907673e+00   8.434065e-15   3.065891e-03   5.921269e-18   2102578
  1.918306e+00   8.313151e-15   3.070742e-03   5.782794e-18   2129928
  1.928942e+00   8.207652e-15   3.069733e-03   5.687083e-18   2152096
  1.939563e+00   8.094481e-15   3.062858e-03   5.585166e-18   2171142
  1.950185e+00   7.978309e-15   3.069150e-03   5.479007e-18   2200248
  1.960824e+00   7.856821e-15   3.071017e-03   5.357720e-18   2225216
  1.971460e+00   7.763865e-15   3.070942e-03   5.260313e-18   2248448
  1.982084e+00   7.642473e-15   3.064272e-03   5.173996e-18   2267942
  1.992710e+00   7.554395e-15   3.071051e-03   5.071265e-18   2298072
  2.003337e+00   7.448036e-15   3.064068e-03   4.979884e-18   2317272
  2.013961e+00   7.337927e-15   3.069747e-03   4.883010e-18   2345808
  2.024580e+00   7.242440e-15   3.062469e-03   4.792015e-18   2365650
  2.035206e+00   7.143021e-15   3.069930e-03   4.706799e-18   2396940
  2.045842e+00   7.056607e-15   3.069936e-03   4.614949e-18   2421272
  2.056473e+00   6.966869e-15   3.068399e-03   4.542816e-18   2444576
  2.067102e+00   6.863475e-15   3.069748e-03   4.450027e-18   2471490
  2.077728e+00   6.761414e-15   3.064854e-03   4.368452e-18   2493180
  2.088349e+00   6.686320e-15   3.068019e-03   4.294510e-18   2520952
  2.098972e+00   6.577971e-15   3.065319e-03   4.198852e-18   2544946
  2.109598e+00   6.495079e-15   3.068311e-03   4.129509e-18   2573856
  2.120230e+00   6.415699e-15   3.069026e-03   4.060071e-18   2600016
  2.130862e+00   6.328158e-15   3.069102e-03   3.985743e-18   2625484
  2.141490e+00   6.248078e-15   3.068080e-03   3.924273e-18   2651122
  2.152130e+00   6.170729e-15   3.074348e-03   3.848628e-18   2683488
  2.162754e+00   6.085913e-15   3.059466e-03   3.785210e-18   2696352
  2.173371e+00   6.008564e-15   3.071171e-03   3.711659e-18   2733020
  2.184002e+00   5.921176e-15   3.067530e-03   3.645598e-18   2757378
  2.194631e+00   5.848699e-15   3.067942e-03   3.585922e-18   2784864
  2.205259e+00   5.777349e-15   3.067811e-03   3.522607e-18   2811168
  2.215874e+00   5.694078e-15   3.061061e-03   3.456913e-18   2832274
  2.226505e+00   5.630638e-15   3.075611e-03   3.391561e-18   2873636
  2.237142e+00   5.560065e-15   3.064877e-03   3.348485e-18   2890496
  2.247766e+00   5.481254e-15   3.069851e-03   3.278901e-18   2921800
  2.258399e+00   5.405697e-15   3.071101e-03   3.216847e-18   2951298
  2.269032e+00   5.346844e-15   3.066274e-03   3.175544e-18   2975476
  2.279663e+00   5.275230e-15   3.071375e-03   3.114255e-18   3007728
  2.290285e+00   5.207388e-15   3.061886e-03   3.067087e-18   3025776
  2.300910e+00   5.155226e-15   3.072955e-03   3.018557e-18   3065762
  2.311540e+00   5.070489e-15   3.063208e-03   2.957452e-18   3084856
  2.322162e+00   5.009712e-15   3.068985e-03   2.910371e-18   3118044
  2.332782e+00   4.941484e-15   3.064319e-03   2.858356e-18   3141352
  2.343410e+00   4.888504e-15   3.072036e-03   2.811996e-18   3179274
  2.354046e+00   4.824808e-15   3.067682e-03   2.761448e-18   3204120
  2.364668e+00   4.761031e-15   3.063610e-03   2.721630e-18   3227900
  2.375288e+00   4.707860e-15   3.068722e-03   2.674555e-18   3262394
  2.385925e+00   4.644461e-15   3.071814e-03   2.627454e-18   3295680
  2.396559e+00   4.587981e-15   3.067166e-03   2.585233e-18   3319560
  2.407184e+00   4.521630e-15   3.068070e-03   2.539293e-18   3348972
  2.417810e+00   4.467931e-15   3.068540e-03   2.500260e-18   3379722
  2.428441e+00   4.419765e-15   3.068348e-03   2.453693e-18   3410720
  2.439075e+00   4.365581e-15   3.069517e-03   2.419482e-18   3441504
  2.449697e+00   4.311586e-15   3.063301e-03   2.383193e-18   3463624
  2.460317e+00   4.250326e-15   3.068043e-03   2.340208e-18   3499790
  2.470951e+00   4.203674e-15   3.070702e-03   2.302805e-18   3533560
  2.481588e+00   4.146521e-15   3.069830e-03   2.258588e-18   3561920
  2.492209e+00   4.100454e-15   3.064208e-03   2.228703e-18   3585208
  2.502830e+00   4.047729e-15   3.069185e-03   2.190842e-18   3622518
  2.513468e+00   3.997712e-15   3.072344e-03   2.153009e-18   3657584
  2.524094e+00   3.952629e-15   3.062507e-03   2.127237e-18   3676440
  2.534707e+00   3.909025e-15   3.065232e-03   2.090119e-18   3711282
  2.545334e+00   3.854412e-15   3.068763e-03   2.051275e-18   3747696
  2.555965e+00   3.808066e-15   3.067225e-03   2.020069e-18   3776188
  2.566601e+00   3.765054e-15   3.074483e-03   1.988481e-18   3815304
  2.577232e+00   3.714448e-15   3.064660e-03   1.954351e-18   3835370
  2.587856e+00   3.673695e-15   3.068926e-03   1.927861e-18   3873424
  2.598487e+00   3.628699e-15   3.067978e-03   1.895947e-18   3903420
  2.609117e+00   3.584817e-15   3.070036e-03   1.866617e-18   3937624
  2.619745e+00   3.539287e-15   3.066011e-03   1.835837e-18   3965658
  2.630375e+00   3.499959e-15   3.069802e-03   1.808712e-18   4002984
  2.641001e+00   3.458600e-15   3.065136e-03   1.778340e-18   4027928
  2.651616e+00   3.417111e-15   3.064941e-03   1.754343e-18   4059844
  2.662241e+00   3.374336e-15   3.069945e-03   1.725265e-18   4100338
  2.672876e+00   3.328584e-15   3.069128e-03   1.693883e-18   4132264
  2.683506e+00   3.292388e-15   3.068474e-03   1.670171e-18   4163216
  2.694131e+00   3.253801e-15   3.066146e-03   1.645391e-18   4193350
  2.704761e+00   3.215636e-15   3.071068e-03   1.616499e-18   4234456
  2.715390e+00   3.176913e-15   3.064079e-03   1.595424e-18   4257264
  2.726012e+00   3.137319e-15   3.069774e-03   1.568525e-18   4297352
  2.736640e+00   3.102076e-15   3.067495e-03   1.544244e-18   4328642
  2.747272e+00   3.064375e-15   3.070663e-03   1.521598e-18   4367948
  2.757895e+00   3.028686e-15   3.061799e-03   1.499089e-18   4388384
  2.768519e+00   2.995383e-15   3.072247e-03   1.474585e-18   4436648
  2.779154e+00   2.956534e-15   3.067997e-03   1.451514e-18   4465658
  2.789787e+00   2.926477e-15   3.069677e-03   1.432829e-18   4502948
  2.800413e+00   2.886704e-15   3.064787e-03   1.407927e-18   4528880
  2.811033e+00   2.857844e-15   3.067181e-03   1.389865e-18   4566290
  2.821663e+00   2.820609e-15   3.070655e-03   1.365223e-18   4606856
  2.832293e+00   2.789897e-15   3.066552e-03   1.345260e-18   4635380
  2.842916e+00   2.756676e-15   3.067131e-03   1.325241e-18   4670384
  2.853543e+00   2.723362e-15   3.069161e-03   1.305748e-18   4709258
  2.864179e+00   2.692234e-15   3.070324e-03   1.284650e-18   4747352
  2.874805e+00   2.658412e-15   3.063655e-03   1.267347e-18   4771664
  2.885427e+00   2.630122e-15   3.068600e-03   1.249153e-18   4813532
  2.896058e+00   2.598033e-15   3.070437e-03   1.227926e-18   4852322
  2.906693e+00   2.566247e-15   3.069013e-03   1.210097e-18   4886480
  2.917320e+00   2.541673e-15   3.066289e-03   1.194286e-18   4917248
  2.927939e+00   2.506007e-15   3.065099e-03   1.173256e-18   4950828
  2.938569e+00   2.478963e-15   3.072788e-03   1.156220e-18   5000170
  2.949204e+00   2.450869e-15   3.066857e-03   1.141042e-18   5026952
  2.959825e+00   2.422925e-15   3.064676e-03   1.125393e-18   5058752
  2.970445e+00   2.395789e-15   3.067741e-03   1.107822e-18   5100722
  2.981076e+00   2.366816e-15   3.068979e-03   1.089588e-18   5140124
  2.991706e+00   2.338435e-15   3.067937e-03   1.073957e-18   5174072
  3.002335e+00   2.312261e-15   3.068928e-03   1.058929e-18   5211608
  3.012962e+00   2.284247e-15   3.067917e-03   1.043387e-18   5247794
  3.023589e+00   2.258155e-15   3.066908e-03   1.027321e-18   5284196
  3.034222e+00   2.233997e-15   3.071657e-03   1.012215e-18   5328800
  3.044847e+00   2.208742e-15   3.063109e-03   9.995341e-19   5350872
  3.055470e+00   2.180559e-15   3.069608e-03   9.826503e-19   5400634
  3.066097e+00   2.158356e-15   3.065291e-03   9.694639e-19   5430968
  3.076725e+00   2.132897e-15   3.070185e-03   9.559667e-19   5475908
  3.087355e+00   2.109355e-15   3.068352e-03   9.422263e-19   5510016
  3.097986e+00   2.083237e-15   3.069695e-03   9.265849e-19   5552114
  3.108620e+00   2.062767e-15   3.068841e-03   9.159043e-19   5588944
  3.119249e+00   2.037332e-15   3.067703e-03   9.020864e-19   5623828
  3.129873e+00   2.016102e-15   3.066629e-03   8.891598e-19   5660722
  3.140497e+00   1.991105e-15   3.066422e-03   8.757023e-19   5699896
  3.151124e+00   1.967243e-15   3.068968e-03   8.625573e-19   5741936
  3.161754e+00   1.945371e-15   3.069010e-03   8.497215e-19   5779568
  3.172381e+00   1.923915e-15   3.067639e-03   8.387368e-19   5817222
  3.183006e+00   1.904245e-15   3.066013e-03   8.275489e-19   5854600
  3.193635e+00   1.878892e-15   3.069791e-03   8.132745e-19   5900040
  3.204262e+00   1.860039e-15   3.066501e-03   8.047376e-19   5931976
  3.214890e+00   1.836626e-15   3.070101e-03   7.909323e-19   5979390
  3.225518e+00   1.816270e-15   3.065321e-03   7.807344e-19   6010200
  3.236144e+00   1.794565e-15   3.069327e-03   7.683592e-19   6056496
  3.246769e+00   1.777029e-15   3.066211e-03   7.590639e-19   6089504
  3.257396e+00   1.755910e-15   3.069391e-03   7.473132e-19   6137114
  3.268025e+00   1.737125e-15   3.067201e-03   7.377687e-19   6173332
  3.278652e+00   1.717507e-15   3.067882e-03   7.274338e-19   6214128
  3.289279e+00   1.697434e-15   3.067306e-03   7.167771e-19   6253874
  3.299910e+00   1.677470e-15   3.069629e-03   7.062031e-19   6300104
  3.310539e+00   1.658102e-15   3.066365e-03   6.959224e-19   6332612
  3.321166e+00   1.640513e-15   3.070240e-03   6.862961e-19   6379768
  3.331797e+00   1.622906e-15   3.068597e-03   6.779513e-19   6418218
  3.342427e+00   1.602964e-15   3.068360e-03   6.681081e-19   6459880
  3.353052e+00   1.586199e-15   3.066116e-03   6.586683e-19   6495652
  3.363680e+00   1.568085e-15   3.070231e-03   6.498805e-19   6545296
  3.374311e+00   1.551876e-15   3.067227e-03   6.412032e-19   6581570
  3.384935e+00   1.533275e-15   3.065246e-03   6.321467e-19   6618960
  3.395556e+00   1.516819e-15   3.067158e-03   6.235986e-19   6663352
  3.406178e+00   1.500384e-15   3.065376e-03   6.153397e-19   6701334
  3.416809e+00   1.482434e-15   3.072512e-03   6.051945e-19   6759920
  3.427444e+00   1.467319e-15   3.067179e-03   5.979560e-19   6789696
  3.438073e+00   1.451761e-15   3.069955e-03   5.904828e-19   6837208
  3.448703e+00   1.433322e-15   3.067492e-03   5.811089e-19   6874966
  3.459333e+00   1.418657e-15   3.068613e-03   5.735342e-19   6920864
  3.469960e+00   1.401003e-15   3.066758e-03   5.651249e-19   6957816
  3.480585e+00   1.386753e-15   3.068144e-03   5.580883e-19   7002232
  3.491208e+00   1.371046e-15   3.066540e-03   5.505179e-19   7043114
  3.501840e+00   1.357914e-15   3.070403e-03   5.436928e-19   7096020
  3.512471e+00   1.341862e-15   3.067394e-03   5.354078e-19   7130640
  3.523097e+00   1.326506e-15   3.068276e-03   5.279676e-19   7175472
  3.533723e+00   1.311123e-15   3.067248e-03   5.205711e-19   7217786
  3.544353e+00   1.296509e-15   3.068999e-03   5.139243e-19   7265564
  3.554979e+00   1.281422e-15   3.066319e-03   5.063307e-19   7301288
  3.565600e+00   1.267769e-15   3.066375e-03   4.998747e-19   7345330
  3.576227e+00   1.254166e-15   3.069052e-03   4.924932e-19   7397048
  3.586856e+00   1.241277e-15   3.067039e-03   4.869712e-19   7435920
  3.597485e+00   1.226768e-15   3.069220e-03   4.801860e-19   7484140
  3.608113e+00   1.213946e-15   3.067643e-03   4.741795e-19   7525578
  3.618741e+00   1.200887e-15   3.067518e-03   4.674070e-19   7571376
  3.629371e+00   1.186458e-15   3.068480e-03   4.607257e-19   7617064
  3.640002e+00   1.174473e-15   3.069456e-03   4.550721e-19   7662092
  3.650627e+00   1.161774e-15   3.066324e-03   4.490513e-19   7699658
  3.661254e+00   1.149110e-15   3.068945e-03   4.429727e-19   7752416
  3.671886e+00   1.136220e-15   3.069408e-03   4.370980e-19   7797776
  3.682511e+00   1.124531e-15   3.065176e-03   4.318622e-19   7831720
  3.693136e+00   1.111088e-15   3.069723e-03   4.255139e-19   7889926
  3.703768e+00   1.098822e-15   3.067981e-03   4.195136e-19   7931480
  3.714397e+00   1.086099e-15   3.068251e-03   4.139007e-19   7976688
  3.725016e+00   1.074194e-15   3.062621e-03   4.088731e-19   8007786
  3.735639e+00   1.062688e-15   3.070332e-03   4.025191e-19   8074564
  3.746275e+00   1.052172e-15   3.070085e-03   3.977636e-19   8118904
  3.756904e+00   1.039814e-15   3.066957e-03   3.926739e-19   8155824
  3.767533e+00   1.029392e-15   3.070641e-03   3.873410e-19   8212802
  3.778161e+00   1.017493e-15   3.065118e-03   3.825924e-19   8245268
  3.788791e+00   1.006818e-15   3.071754e-03   3.772916e-19   8308816
  3.799422e+00   9.963945e-16   3.066301e-03   3.727974e-19   8340304
  3.810044e+00   9.849418e-16   3.066222e-03   3.678650e-19   8387738
  3.820668e+00   9.735004e-16   3.067207e-03   3.626786e-19   8437624
  3.831296e+00   9.637838e-16   3.068826e-03   3.580595e-19   8487796
  3.841921e+00   9.535427e-16   3.066430e-03   3.538918e-19   8527936
  3.852549e+00   9.416545e-16   3.069409e-03   3.483854e-19   8585122
  3.863180e+00   9.319328e-16   3.067925e-03   3.438950e-19   8628200
  3.873811e+00   9.216451e-16   3.069670e-03   3.392501e-19   8679484
  3.884439e+00   9.125628e-16   3.067320e-03   3.354781e-19   8721466
  3.895064e+00   9.020320e-16   3.065795e-03   3.310090e-19   8765840
  3.905692e+00   8.925258e-16   3.070355e-03   3.265298e-19   8825136
  3.916320e+00   8.829130e-16   3.066753e-03   3.226867e-19   8861768
  3.926948e+00   8.736997e-16   3.069321e-03   3.183553e-19   8919278
  3.937577e+00   8.636342e-16   3.066595e-03   3.137705e-19   8961008
  3.948205e+00   8.548216e-16   3.068779e-03   3.101155e-19   9014456
  3.958835e+00   8.453312e-16   3.068818e-03   3.061804e-19   9062240
  3.969465e+00   8.360412e-16   3.068277e-03   3.022231e-19   9110510
  3.980091e+00   8.270853e-16   3.066455e-03   2.982394e-19   9154048
  3.990712e+00   8.183902e-16   3.065703e-03   2.944256e-19   9198928
  4.001336e+00   8.095692e-16   3.068826e-03   2.906852e-19   9257194
  4.011967e+00   8.011873e-16   3.069362e-03   2.871032e-19   9310168
  4.022596e+00   7.921729e-16   3.066324e-03   2.833427e-19   9350316
  4.033222e+00   7.836716e-16   3.069210e-03   2.798440e-19   9407120
  4.043852e+00   7.752027e-16   3.068250e-03   2.761643e-19   9454642
  4.054482e+00   7.675191e-16   3.068405e-03   2.728003e-19   9506272
  4.065111e+00   7.588205e-16   3.067355e-03   2.695165e-19   9551228
  4.075735e+00   7.507564e-16   3.067594e-03   2.659278e-19   9600264
  4.086360e+00   7.429609e-16   3.067530e-03   2.628874e-19   9651458
  4.096991e+00   7.349448e-16   3.070122e-03   2.592219e-19   9711488
  4.107620e+00   7.269244e-16   3.066189e-03   2.559347e-19   9749144
  4.118247e+00   7.185745e-16   3.069033e-03   2.523407e-19   9807908
  4.128876e+00   7.117458e-16   3.067607e-03   2.495617e-19   9854786
  4.139508e+00   7.041292e-16   3.070269e-03   2.463191e-19   9914304
  4.150134e+00   6.964162e-16   3.064668e-03   2.434719e-19   9945544
  4.160753e+00   6.895162e-16   3.066794e-03   2.403734e-19   10003414
  4.171379e+00   6.816738e-16   3.068671e-03   2.370893e-19   10062032
  4.182011e+00   6.747208e-16   3.069142e-03   2.343254e-19   10114792
  4.192645e+00   6.671096e-16   3.070449e-03   2.312959e-19   10169936
  4.203267e+00   6.603348e-16   3.062650e-03   2.287450e-19   10196602
  4.213895e+00   6.538342e-16   3.072265e-03   2.255291e-19   10281156
  4.224526e+00   6.465839e-16   3.065688e-03   2.230399e-19   10309376
  4.235150e+00   6.396823e-16   3.068567e-03   2.200652e-19   10369856
  4.245775e+00   6.329156e-16   3.066063e-03   2.176166e-19   10415370
  4.256404e+00   6.266791e-16   3.070045e-03   2.147572e-19   10481988
  4.267039e+00   6.196063e-16   3.069556e-03   2.121893e-19   10531200
  4.277665e+00   6.130716e-16   3.065408e-03   2.094158e-19   10569416
  4.288289e+00   6.064326e-16   3.068216e-03   2.067779e-19   10633066
  4.298919e+00   6.001828e-16   3.068866e-03   2.043127e-19   10687548
  4.309552e+00   5.941426e-16   3.070419e-03   2.019959e-19   10743968
  4.320180e+00   5.876447e-16   3.065849e-03   1.995597e-19   10782130
  4.330801e+00   5.818962e-16   3.066095e-03   1.971466e-19   10837792
  4.341427e+00   5.758582e-16   3.068321e-03   1.947244e-19   10897368
  4.352058e+00   5.694862e-16   3.069642e-03   1.920486e-19   10953940
  4.362687e+00   5.632883e-16   3.067969e-03   1.899348e-19   11003274
  4.373313e+00   5.571497e-16   3.066343e-03   1.874596e-19   11052800
  4.383943e+00   5.516885e-16   3.070099e-03   1.852880e-19   11118176
  4.394573e+00   5.457275e-16   3.067934e-03   1.830138e-19   11162268
  4.405196e+00   5.404754e-16   3.066117e-03   1.810178e-19   11211458
  4.415820e+00   5.346828e-16   3.067310e-03   1.787757e-19   11271888
  4.426448e+00   5.291816e-16   3.068640e-03   1.765379e-19   11329304
  4.437073e+00   5.233016e-16   3.066385e-03   1.743243e-19   11375026
  4.447701e+00   5.179341e-16   3.069261e-03   1.722706e-19   11442532
  4.458330e+00   5.127851e-16   3.066551e-03   1.703472e-19   11487264
  4.468957e+00   5.074038e-16   3.068098e-03   1.682359e-19   11545680
  4.479587e+00   5.020219e-16   3.069842e-03   1.661070e-19   11607058
  4.490221e+00   4.966160e-16   3.069925e-03   1.640209e-19   11664300
  4.500851e+00   4.913870e-16   3.066963e-03   1.620793e-19   11707488
  4.511474e+00   4.866139e-16   3.066617e-03   1.603930e-19   11759536
  4.522104e+00   4.811154e-16   3.071176e-03   1.582348e-19   11833690
  4.532737e+00   4.765795e-16   3.067542e-03   1.564896e-19   11877808
  4.543362e+00   4.713354e-16   3.065778e-03   1.546884e-19   11925836
  4.553987e+00   4.667764e-16   3.068899e-03   1.528529e-19   11992168
  4.564616e+00   4.618385e-16   3.067784e-03   1.510034e-19   12044554
  4.575242e+00   4.571170e-16   3.067168e-03   1.494130e-19   12098976
  4.585865e+00   4.527249e-16   3.066173e-03   1.475560e-19   12149996
  4.596487e+00   4.476312e-16   3.067038e-03   1.456902e-19   12209594
  4.607117e+00   4.434744e-16   3.069983e-03   1.440733e-19   12279272
  4.617752e+00   4.386338e-16   3.070004e-03   1.422546e-19   12336072
  4.628383e+00   4.341939e-16   3.067416e-03   1.409044e-19   12381744
  4.639009e+00   4.301315e-16   3.068068e-03   1.392232e-19   12441590
  4.649637e+00   4.251970e-16   3.067557e-03   1.373463e-19   12497256
  4.660262e+00   4.213033e-16   3.066825e-03   1.358379e-19   12550032
  4.670884e+00   4.167757e-16   3.066185e-03   1.343292e-19   12603936
  4.681508e+00   4.127550e-16   3.068111e-03   1.328498e-19   12671230
  4.692142e+00   4.083114e-16   3.070828e-03   1.311470e-19   12740920
  4.702775e+00   4.043307e-16   3.067767e-03   1.297817e-19   12784560
  4.713398e+00   4.000175e-16   3.065894e-03   1.283797e-19   12834176
  4.724025e+00   3.961678e-16   3.069663e-03   1.268796e-19   12909006
  4.734656e+00   3.921466e-16   3.068089e-03   1.253344e-19   12959680
  4.745283e+00   3.880689e-16   3.067551e-03   1.239959e-19   13014232
  4.755909e+00   3.842309e-16   3.068154e-03   1.225226e-19   13076514
  4.766534e+00   3.804962e-16   3.065684e-03   1.213215e-19   13127112
  4.777164e+00   3.766415e-16   3.070665e-03   1.197160e-19   13205852
  4.787797e+00   3.727743e-16   3.068206e-03   1.183603e-19   13252032
  4.798423e+00   3.688242e-16   3.066967e-03   1.170590e-19   13307450
  4.809051e+00   3.655356e-16   3.068506e-03   1.159404e-19   13374160
  4.819680e+00   3.614634e-16   3.067567e-03   1.144304e-19   13426348
  4.830308e+00   3.580592e-16   3.069633e-03   1.131766e-19   13492760
  4.840934e+00   3.540006e-16   3.066142e-03   1.117975e-19   13539546
  4.851560e+00   3.508437e-16   3.068338e-03   1.105970e-19   13610704
  4.862187e+00   3.473889e-16   3.066835e-03   1.094949e-19   13662024
  4.872813e+00   3.438099e-16   3.068248e-03   1.081452e-19   13727492
  4.883443e+00   3.404987e-16   3.069111e-03   1.069787e-19   13793394
  4.894073e+00   3.371237e-16   3.067154e-03   1.058569e-19   13844456
  4.904699e+00   3.334820e-16   3.067927e-03   1.045512e-19   13905184
  4.915325e+00   3.301756e-16   3.067971e-03   1.034951e-19   13965958
  4.925951e+00   3.272665e-16   3.067148e-03   1.024055e-19   14025192
  4.936580e+00   3.238834e-16   3.068951e-03   1.011550e-19   14093768
  4.947211e+00   3.209270e-16   3.068454e-03   1.001702e-19   14150440
  4.957840e+00   3.177062e-16   3.068630e-03   9.916620e-20   14213450
  4.968468e+00   3.145056e-16   3.066726e-03   9.794838e-20   14267036
  4.979095e+00   3.112846e-16   3.068568e-03   9.692052e-20   14335032
  4.989722e+00   3.080605e-16   3.067092e-03   9.575846e-20   14387664
  5.000347e+00   3.052850e-16   3.068270e-03   9.477385e-20   14455698
  5.010977e+00   3.019905e-16   3.068677e-03   9.368211e-20   14520452
  5.021607e+00   2.993890e-16   3.068497e-03   9.287993e-20   14580272
  5.032232e+00   2.962539e-16   3.065614e-03   9.186757e-20   14628050
  5.042860e+00   2.936657e-16   3.070982e-03   9.086804e-20   14716744
  5.053489e+00   2.906645e-16   3.065407e-03   8.985097e-20   14751712
  5.064115e+00   2.878147e-16   3.069456e-03   8.891496e-20   14831620
  5.074740e+00   2.850342e-16   3.065470e-03   8.795925e-20   14875522
  5.085366e+00   2.822070e-16   3.068961e-03   8.703361e-20   14956720
  5.095994e+00   2.796798e-16   3.066998e-03   8.610794e-20   15008272
  5.106620e+00   2.769494e-16   3.067783e-03   8.528182e-20   15073780
  5.117248e+00   2.741529e-16   3.069002e-03   8.434433e-20   15144866
  5.127883e+00   2.717732e-16   3.070052e-03   8.349743e-20   15213872
  5.138515e+00   2.688962e-16   3.067931e-03   8.256391e-20   15263976
  5.149140e+00   2.663519e-16   3.066723e-03   8.181811e-20   15320236
  5.159767e+00   2.641221e-16   3.069367e-03   8.090506e-20   15398322
  5.170396e+00   2.615513e-16   3.067121e-03   8.021934e-20   15450864
  5.181021e+00   2.590674e-16   3.067373e-03   7.932614e-20   15513888
  5.191645e+00   2.563489e-16   3.066596e-03   7.851275e-20   15574626
  5.202274e+00   2.540883e-16   3.069893e-03   7.771811e-20   15657956
  5.212904e+00   2.514287e-16   3.066736e-03   7.680407e-20   15704248
  5.223531e+00   2.493923e-16   3.068512e-03   7.621815e-20   15774824
  5.234161e+00   2.470094e-16   3.069354e-03   7.545093e-20   15844898
  5.244790e+00   2.447468e-16   3.066994e-03   7.467812e-20   15898956
  5.255415e+00   2.423848e-16   3.067091e-03   7.386855e-20   15961768
  5.266040e+00   2.400740e-16   3.068481e-03   7.313777e-20   16032208
  5.276669e+00   2.378750e-16   3.068464e-03   7.241587e-20   16099530
  5.287295e+00   2.358419e-16   3.065856e-03   7.178894e-20   16152712
  5.297924e+00   2.335616e-16   3.069693e-03   7.101356e-20   16235740
  5.308553e+00   2.313454e-16   3.067725e-03   7.030205e-20   16288856
  5.319183e+00   2.292869e-16   3.069408e-03   6.970309e-20   16365074
  5.329812e+00   2.273170e-16   3.067066e-03   6.903174e-20   16418248
  5.340434e+00   2.250529e-16   3.065573e-03   6.838604e-20   16473180
  5.351058e+00   2.231995e-16   3.069491e-03   6.772008e-20   16560234
  5.361687e+00   2.210704e-16   3.067046e-03   6.708505e-20   16616088
  5.372317e+00   2.190790e-16   3.069133e-03   6.643201e-20   16693264
  5.382948e+00   2.170033e-16   3.068526e-03   6.579545e-20   16753864
  5.393577e+00   2.150642e-16   3.068569e-03   6.520300e-20   16820702
  5.404204e+00   2.131351e-16   3.066887e-03   6.456819e-20   16879288
  5.414832e+00   2.112839e-16   3.068277e-03   6.402592e-20   16951712
  5.425456e+00   2.093593e-16   3.066689e-03   6.345096e-20   17007560
  5.436084e+00   2.075145e-16   3.069534e-03   6.278102e-20   17092086
  5.446713e+00   2.058237e-16   3.067265e-03   6.234755e-20   17148392
  5.457342e+00   2.040763e-16   3.068696e-03   6.172830e-20   17222288
  5.467971e+00   2.019997e-16   3.068089e-03   6.108783e-20   17285096
  5.478597e+00   2.002742e-16   3.066549e-03   6.060665e-20   17344826
  5.489223e+00   1.983821e-16   3.068300e-03   6.001131e-20   17421236
  5.499853e+00   1.968900e-16   3.069479e-03   5.959235e-20   17494160
  5.510478e+00   1.951770e-16   3.065109e-03   5.907327e-20   17538122
  5.521100e+00   1.934993e-16   3.067347e-03   5.853211e-20   17620136
  5.531731e+00   1.917891e-16   3.069687e-03   5.800192e-20   17700428
  5.542362e+00   1.902537e-16   3.068482e-03   5.750909e-20   17760320
  5.552991e+00   1.885039e-16   3.068060e-03   5.704778e-20   17827562
  5.563619e+00   1.870230e-16   3.067912e-03   5.654884e-20   17895488
  5.574247e+00   1.853418e-16   3.068230e-03   5.605014e-20   17963576
  5.584874e+00   1.836991e-16   3.067616e-03   5.558253e-20   18027500
  5.595502e+00   1.822749e-16   3.068831e-03   5.515611e-20   18105650
  5.606129e+00   1.808113e-16   3.066269e-03   5.475752e-20   18160880
  5.616752e+00   1.794008e-16   3.067084e-03   5.433026e-20   18233144
  5.627379e+00   1.776961e-16   3.067872e-03   5.381928e-20   18307310
  5.638008e+00   1.764592e-16   3.068420e-03   5.346658e-20   18381680
  5.648639e+00   1.748511e-16   3.068723e-03   5.299655e-20   18450536
  5.659270e+00   1.734452e-16   3.069549e-03   5.258461e-20   18522128
  5.669897e+00   1.720892e-16   3.067067e-03   5.216320e-20   18578414
  5.680523e+00   1.708050e-16   3.067781e-03   5.180844e-20   18654304
  5.691150e+00   1.692919e-16   3.067639e-03   5.133364e-20   18722304
  5.701780e+00   1.680431e-16   3.069442e-03   5.102044e-20   18802472
  5.712409e+00   1.667013e-16   3.067729e-03   5.064624e-20   18864266
  5.723037e+00   1.654327e-16   3.067347e-03   5.028733e-20   18933260
  5.733662e+00   1.640201e-16   3.066799e-03   4.986449e-20   18997448
  5.744288e+00   1.629208e-16   3.068953e-03   4.957960e-20   19079816
  5.754917e+00   1.616016e-16   3.067744e-03   4.923527e-20   19145330
  5.765545e+00   1.603624e-16   3.067941e-03   4.887937e-20   19218276
  5.776172e+00   1.590968e-16   3.067784e-03   4.851697e-20   19286200
  5.786797e+00   1.578906e-16   3.066457e-03   4.816896e-20   19349738
  5.797427e+00   1.569720e-16   3.070714e-03   4.790636e-20   19450040
  5.808057e+00   1.557143e-16   3.065907e-03   4.759510e-20   19489688
  5.818683e+00   1.543888e-16   3.068803e-03   4.721410e-20   19576868
  5.829310e+00   1.532541e-16   3.067331e-03   4.692929e-20   19640282
  5.839940e+00   1.522163e-16   3.069683e-03   4.663528e-20   19728800
  5.850566e+00   1.510630e-16   3.065237e-03   4.634835e-20   19770152
  5.861190e+00   1.499806e-16   3.068717e-03   4.606525e-20   19863516
  5.871821e+00   1.490594e-16   3.069639e-03   4.577402e-20   19943594
  5.882452e+00   1.479212e-16   3.067597e-03   4.553966e-20   20003440
  5.893081e+00   1.468760e-16   3.068832e-03   4.521969e-20   20081768
  5.903706e+00   1.458756e-16   3.066188e-03   4.496686e-20   20136200
  5.914335e+00   1.448968e-16   3.070449e-03   4.472584e-20   20238094
  5.924964e+00   1.439740e-16   3.066146e-03   4.448951e-20   20282544
  5.935584e+00   1.430250e-16   3.065727e-03   4.426016e-20   20351720
  5.946209e+00   1.419766e-16   3.068474e-03   4.396829e-20   20444714
  5.956838e+00   1.409952e-16   3.067781e-03   4.372669e-20   20515116
  5.967470e+00   1.401837e-16   3.070149e-03   4.355340e-20   20602384
  5.978102e+00   1.392911e-16   3.068165e-03   4.334573e-20   20659872
  5.988728e+00   1.383877e-16   3.067093e-03   4.312702e-20   20727682
  5.999356e+00   1.375604e-16   3.068732e-03   4.297212e-20   20814416
  6.009986e+00   1.367011e-16   3.068153e-03   4.272375e-20   20881100
  6.020612e+00   1.358109e-16   3.068117e-03   4.256855e-20   20953688
  6.031238e+00   1.350167e-16   3.066654e-03   4.237249e-20   21021050
  6.041866e+00   1.341285e-16   3.068891e-03   4.212012e-20   21111632
  6.052496e+00   1.333340e-16   3.068341e-03   4.194769e-20   21179972
  6.063121e+00   1.325858e-16   3.066368e-03   4.182942e-20   21240488
  6.073747e+00   1.317993e-16   3.068419e-03   4.162246e-20   21331418
  6.084375e+00   1.310928e-16   3.067338e-03   4.148333e-20   21397304
  6.095000e+00   1.303616e-16   3.067405e-03   4.137727e-20   21469764
  6.105627e+00   1.295932e-16   3.068819e-03   4.114994e-20   21556122
  6.116254e+00   1.289502e-16   3.066479e-03   4.103904e-20   21618312
  6.126884e+00   1.281885e-16   3.069809e-03   4.088465e-20   21716096
  6.137516e+00   1.274647e-16   3.068719e-03   4.072676e-20   21781352
  6.148144e+00   1.268364e-16   3.067428e-03   4.063900e-20   21848870
  6.158771e+00   1.261418e-16   3.067652e-03   4.049850e-20   21927536
  6.169400e+00   1.256577e-16   3.068795e-03   4.045667e-20   22008944
  6.180028e+00   1.249789e-16   3.067865e-03   4.033189e-20   22076136
  6.190652e+00   1.244361e-16   3.066547e-03   4.029454e-20   22145270
  6.201282e+00   1.238636e-16   3.070373e-03   4.014802e-20   22250960
  6.211913e+00   1.232108e-16   3.066914e-03   4.002818e-20   22300864
  6.222538e+00   1.225986e-16   3.067186e-03   3.989242e-20   22378586
  6.233165e+00   1.221731e-16   3.068261e-03   3.989226e-20   22464104
  6.243795e+00   1.215740e-16   3.068708e-03   3.978947e-20   22542892
  6.254421e+00   1.210766e-16   3.067123e-03   3.973193e-20   22606008
  6.265047e+00   1.206219e-16   3.067919e-03   3.966192e-20   22690002
  6.275673e+00   1.200462e-16   3.066936e-03   3.962618e-20   22762216
  6.286298e+00   1.191318e-16   3.068880e-03   3.934679e-20   22815779
  6.296927e+00   1.173611e-16   3.067733e-03   3.866986e-20   22772312
  6.307555e+00   1.154914e-16   3.067923e-03   3.801007e-20   22733708
  6.318183e+00   1.135610e-16   3.068441e-03   3.726911e-20   22697672
  6.328811e+00   1.119064e-16   3.067507e-03   3.666679e-20   22651460
  6.339438e+00   1.099922e-16   3.068199e-03   3.591826e-20   22616024
  6.350068e+00   1.083601e-16   3.069309e-03   3.534637e-20   22583496
  6.360694e+00   1.066332e-16   3.065960e-03   3.471590e-20   22519252
  6.371317e+00   1.050016e-16   3.067197e-03   3.412055e-20   22488992
  6.381944e+00   1.035026e-16   3.067780e-03   3.356306e-20   22453172
  6.392574e+00   1.018136e-16   3.069105e-03   3.295816e-20   22420584
  6.403204e+00   1.002747e-16   3.068296e-03   3.242115e-20   22371700
  6.413832e+00   9.879584e-17   3.068296e-03   3.187716e-20   22329896
  6.424460e+00   9.744203e-17   3.067512e-03   3.141841e-20   22282876
  6.435088e+00   9.586564e-17   3.068899e-03   3.086265e-20   22250692
  6.445715e+00   9.442701e-17   3.066872e-03   3.038747e-20   22194436
  6.456340e+00   9.301859e-17   3.066996e-03   2.986840e-20   22153540
  6.466968e+00   9.176872e-17   3.068722e-03   2.944940e-20   22122584
  6.477597e+00   9.034306e-17   3.067957e-03   2.896517e-20   22073004
  6.488227e+00   8.911298e-17   3.069406e-03   2.854831e-20   22039640
  6.498854e+00   8.775097e-17   3.066107e-03   2.806829e-20   21971624
  6.509482e+00   8.651079e-17   3.070097e-03   2.764897e-20   21955708
  6.520106e+00   8.527542e-17   3.063845e-03   2.725319e-20   21867720
  6.530733e+00   8.403414e-17   3.071600e-03   2.680601e-20   21878900
  6.541363e+00   8.290506e-17   3.065935e-03   2.642929e-20   21794260
  6.551990e+00   8.165187e-17   3.068881e-03   2.598983e-20   21770256
  6.562619e+00   8.050062e-17   3.068010e-03   2.561642e-20   21718124
  6.573247e+00   7.938804e-17   3.067905e-03   2.526881e-20   21671096
  6.583874e+00   7.825664e-17   3.067932e-03   2.490293e-20   21625412
  6.594503e+00   7.721114e-17   3.069070e-03   2.453694e-20   21587284
  6.605129e+00   7.615885e-17   3.066010e-03   2.420952e-20   21519648
  6.615755e+00   7.507682e-17   3.068792e-03   2.386410e-20   21493344
  6.626384e+00   7.399442e-17   3.067812e-03   2.350428e-20   21439360
  6.637013e+00   7.296621e-17   3.068679e-03   2.315766e-20   21398900
  6.647644e+00   7.198628e-17   3.068668e-03   2.283921e-20   21351488
  6.658271e+00   7.110335e-17   3.066526e-03   2.255573e-20   21288012
  6.668898e+00   7.007402e-17   3.068796e-03   2.224828e-20   21255052
  6.679525e+00   6.907264e-17   3.067400e-03   2.193784e-20   21196928
  6.690151e+00   6.820860e-17   3.067431e-03   2.165648e-20   21149036
  6.700778e+00   6.729146e-17   3.068015e-03   2.136316e-20   21105304
  6.711407e+00   6.636901e-17   3.068524e-03   2.105753e-20   21059992
  6.722038e+00   6.554285e-17   3.069263e-03   2.081414e-20   21014904
  6.732667e+00   6.463318e-17   3.067536e-03   2.052955e-20   20953620
  6.743293e+00   6.376715e-17   3.067478e-03   2.023479e-20   20902948
  6.753920e+00   6.296120e-17   3.068064e-03   2.001158e-20   20856528
  6.764548e+00   6.209258e-17   3.068448e-03   1.974159e-20   20808868
  6.775174e+00   6.128552e-17   3.066599e-03   1.949456e-20   20746700
  6.785798e+00   6.049087e-17   3.066925e-03   1.924169e-20   20699040
  6.796428e+00   5.973672e-17   3.069860e-03   1.900066e-20   20667584
  6.807054e+00   5.895309e-17   3.064988e-03   1.877571e-20   20583320
  6.817679e+00   5.819846e-17   3.069606e-03   1.853536e-20   20562728
  6.828310e+00   5.744997e-17   3.067915e-03   1.832982e-20   20499120
  6.838938e+00   5.671577e-17   3.068337e-03   1.810409e-20   20448668
  6.849566e+00   5.595359e-17   3.068077e-03   1.786156e-20   20394408
  6.860195e+00   5.528908e-17   3.068320e-03   1.766262e-20   20344236
  6.870823e+00   5.458893e-17   3.067630e-03   1.746469e-20   20287988
  6.881451e+00   5.386565e-17   3.068044e-03   1.723149e-20   20237280
  6.892077e+00   5.316622e-17   3.067320e-03   1.702044e-20   20178328
  6.902707e+00   5.252560e-17   3.069652e-03   1.683902e-20   20139844
  6.913336e+00   5.191998e-17   3.067174e-03   1.665746e-20   20069748
  6.923962e+00   5.122062e-17   3.067514e-03   1.645589e-20   20016800
  6.934587e+00   5.057578e-17   3.067642e-03   1.626549e-20   19962224
  6.945217e+00   4.997090e-17   3.069885e-03   1.606950e-20   19923568
  6.955848e+00   4.933878e-17   3.067490e-03   1.589255e-20   19854300
  6.966474e+00   4.873739e-17   3.067154e-03   1.571461e-20   19797056
  6.977101e+00   4.814049e-17   3.067706e-03   1.553390e-20   19744940
  6.987728e+00   4.753288e-17   3.068174e-03   1.536110e-20   19691768
  6.998356e+00   4.700733e-17   3.067321e-03   1.520326e-20   19629548
  7.008982e+00   4.637650e-17   3.067740e-03   1.502104e-20   19575480
  7.019610e+00   4.584429e-17   3.068413e-03   1.485662e-20   19523296
  7.030241e+00   4.529960e-17   3.069533e-03   1.469618e-20   19474344
  7.040867e+00   4.474767e-17   3.065611e-03   1.455431e-20   19392868
  7.051493e+00   4.419645e-17   3.069073e-03   1.439277e-20   19356176
  7.062123e+00   4.367556e-17   3.068592e-03   1.424293e-20   19294916
  7.072754e+00   4.315740e-17   3.069110e-03   1.408911e-20   19240856
  7.083382e+00   4.266012e-17   3.067066e-03   1.395564e-20   19170884
  7.094007e+00   4.213549e-17   3.066966e-03   1.380665e-20   19111352
  7.104633e+00   4.162778e-17   3.068278e-03   1.364654e-20   19060016
  7.115261e+00   4.115474e-17   3.067998e-03   1.352596e-20   18999752
  7.125886e+00   4.066494e-17   3.066210e-03   1.338829e-20   18930272
  7.136511e+00   4.014790e-17   3.068009e-03   1.323483e-20   18882340
  7.147141e+00   3.972365e-17   3.069133e-03   1.311681e-20   18829056
  7.157770e+00   3.923254e-17   3.067293e-03   1.297801e-20   18757640
  7.168398e+00   3.879690e-17   3.069197e-03   1.286020e-20   18709036
  7.179027e+00   3.835655e-17   3.067378e-03   1.273332e-20   18637668
  7.189656e+00   3.788314e-17   3.069146e-03   1.258945e-20   18587048
  7.200283e+00   3.742886e-17   3.066626e-03   1.246275e-20   18510972
  7.210909e+00   3.701885e-17   3.067730e-03   1.235567e-20   18456692
  7.221535e+00   3.660265e-17   3.067567e-03   1.223837e-20   18394084
  7.232164e+00   3.619107e-17   3.069110e-03   1.212471e-20   18341352
  7.242794e+00   3.581430e-17   3.068234e-03   1.201484e-20   18273884
  7.253423e+00   3.537561e-17   3.068036e-03   1.189967e-20   18211148
  7.264048e+00   3.498088e-17   3.066171e-03   1.178582e-20   18137692
  7.274674e+00   3.459039e-17   3.069088e-03   1.168064e-20   18091580
  7.285305e+00   3.421916e-17   3.068515e-03   1.157238e-20   18024560
  7.295932e+00   3.381808e-17   3.067362e-03   1.146930e-20   17955116
  7.306559e+00   3.343253e-17   3.067637e-03   1.136211e-20   17893232
  7.317187e+00   3.304905e-17   3.068343e-03   1.125718e-20   17832620
  7.327816e+00   3.269519e-17   3.068327e-03   1.115847e-20   17767864
  7.338445e+00   3.232589e-17   3.068809e-03   1.106265e-20   17706956
  7.349073e+00   3.198685e-17   3.066947e-03   1.097727e-20   17632632
  7.359699e+00   3.163084e-17   3.068061e-03   1.087037e-20   17573524
  7.370327e+00   3.129960e-17   3.067901e-03   1.077964e-20   17506380
  7.380954e+00   3.094401e-17   3.068207e-03   1.068092e-20   17442548
  7.391580e+00   3.061977e-17   3.066528e-03   1.060526e-20   17368556
  7.402208e+00   3.027332e-17   3.069314e-03   1.051023e-20   17318260
  7.412837e+00   2.995438e-17   3.067939e-03   1.041291e-20   17243792
  7.423463e+00   2.961974e-17   3.066549e-03   1.033081e-20   17169716
  7.434088e+00   2.930788e-17   3.067759e-03   1.024918e-20   17109768
  7.444715e+00   2.894129e-17   3.068012e-03   1.014995e-20   17044064
  7.455345e+00   2.867400e-17   3.068894e-03   1.006885e-20   16981560
  7.465972e+00   2.838571e-17   3.066680e-03   1.000223e-20   16902264
  7.476600e+00   2.807730e-17   3.069499e-03   9.921530e-21   16849940
  7.487230e+00   2.776306e-17   3.067461e-03   9.836776e-21   16770600
  7.497858e+00   2.746672e-17   3.068497e-03   9.756588e-21   16707512
  7.508485e+00   2.719048e-17   3.067634e-03   9.687150e-21   16634480
  7.519114e+00   2.690607e-17   3.068242e-03   9.608945e-21   16569424
  7.529741e+00   2.662004e-17   3.067751e-03   9.544506e-21   16497216
  7.540372e+00   2.632998e-17   3.069501e-03   9.454391e-21   16436416
  7.550999e+00   2.607090e-17   3.067032e-03   9.392258e-21   16353532
  7.561624e+00   2.580041e-17   3.067126e-03   9.322191e-21   16284908
  7.572251e+00   2.554671e-17   3.068426e-03   9.266183e-21   16221948
  7.582881e+00   2.527702e-17   3.068614e-03   9.191609e-21   16152552
  7.593510e+00   2.501182e-17   3.068122e-03   9.121459e-21   16078864
  7.604137e+00   2.476138e-17   3.067536e-03   9.056403e-21   16005296
  7.614766e+00   2.449216e-17   3.068300e-03   8.987861e-21   15938220
  7.625392e+00   2.423379e-17   3.066841e-03   8.924669e-21   15858440
  7.636016e+00   2.401283e-17   3.067373e-03   8.866423e-21   15789252
  7.646642e+00   2.376127e-17   3.067548e-03   8.799141e-21   15718944
  7.657269e+00   2.351046e-17   3.067947e-03   8.738005e-21   15648652
  7.667899e+00   2.327387e-17   3.069201e-03   8.677284e-21   15581944
  7.678531e+00   2.306437e-17   3.069010e-03   8.619563e-21   15508744
  7.689158e+00   2.282273e-17   3.066436e-03   8.574834e-21   15422472
  7.699784e+00   2.259107e-17   3.068878e-03   8.509077e-21   15361536
  7.710413e+00   2.237590e-17   3.067494e-03   8.455073e-21   15281048
  7.721038e+00   2.217770e-17   3.067557e-03   8.416020e-21   15207752
  7.731666e+00   2.195139e-17   3.067687e-03   8.351583e-21   15134800
  7.742292e+00   2.171829e-17   3.067594e-03   8.293754e-21   15059664
  7.752920e+00   2.150598e-17   3.068106e-03   8.242237e-21   14987020
  7.763550e+00   2.131442e-17   3.069757e-03   8.199068e-21   14919936
  7.774179e+00   2.108015e-17   3.066979e-03   8.139757e-21   14831776
  7.784807e+00   2.090896e-17   3.069197e-03   8.100086e-21   14767552
  7.795435e+00   2.071076e-17   3.066309e-03   8.048082e-21   14678336
  7.806062e+00   2.050003e-17   3.069079e-03   8.002016e-21   14615044
  7.816690e+00   2.029668e-17   3.067275e-03   7.954765e-21   14530200
  7.827317e+00   2.010632e-17   3.067927e-03   7.909204e-21   14457000
  7.837945e+00   1.992106e-17   3.068558e-03   7.861509e-21   14383440
  7.848573e+00   1.973036e-17   3.067003e-03   7.824323e-21   14299516
  7.859199e+00   1.954445e-17   3.067899e-03   7.778797e-21   14226024
  7.869825e+00   1.936199e-17   3.067223e-03   7.735317e-21   14145048
  7.880455e+00   1.918809e-17   3.070446e-03   7.696656e-21   14082144
  7.891083e+00   1.901088e-17   3.065393e-03   7.658607e-21   13981640
  7.901708e+00   1.884559e-17   3.068688e-03   7.627632e-21   13918460
  7.912338e+00   1.866237e-17   3.068702e-03   7.581531e-21   13839752
  7.922969e+00   1.847640e-17   3.069182e-03   7.535710e-21   13762736
  7.933598e+00   1.831212e-17   3.067868e-03   7.499521e-21   13677980
  7.944225e+00   1.815721e-17   3.067250e-03   7.468264e-21   13596196
  7.954850e+00   1.797744e-17   3.067470e-03   7.427798e-21   13517736
  7.965475e+00   1.781087e-17   3.066448e-03   7.398092e-21   13433184
  7.976100e+00   1.766385e-17   3.068623e-03   7.359680e-21   13362296
  7.986730e+00   1.749332e-17   3.068494e-03   7.330209e-21   13281376
  7.997360e+00   1.734025e-17   3.069113e-03   7.294036e-21   13203336
  8.007987e+00   1.717264e-17   3.066719e-03   7.260122e-21   13113016
  8.018613e+00   1.703839e-17   3.067735e-03   7.233973e-21   13036400
  8.029240e+00   1.687338e-17   3.067468e-03   7.193844e-21   12953648
  8.039869e+00   1.674176e-17   3.069185e-03   7.169533e-21   12879016
  8.050498e+00   1.657094e-17   3.067538e-03   7.142668e-21   12790124
  8.061127e+00   1.642673e-17   3.068996e-03   7.100323e-21   12714152
  8.071753e+00   1.628820e-17   3.066076e-03   7.080725e-21   12619608
  8.082379e+00   1.616097e-17   3.068682e-03   7.055721e-21   12547232
  8.093011e+00   1.602837e-17   3.070245e-03   7.031654e-21   12470568
  8.103638e+00   1.585546e-17   3.065215e-03   7.000567e-21   12368136
  8.114264e+00   1.571905e-17   3.069116e-03   6.973536e-21   12300504
  8.124894e+00   1.560591e-17   3.068128e-03   6.954903e-21   12212172
  8.135522e+00   1.548609e-17   3.067779e-03   6.926133e-21   12126228
  8.146149e+00   1.533352e-17   3.068089e-03   6.909889e-21   12043352
  8.156778e+00   1.520739e-17   3.068301e-03   6.883371e-21   11959896
  8.167401e+00   1.508453e-17   3.065268e-03   6.872175e-21   11863804
  8.178026e+00   1.493786e-17   3.068937e-03   6.834466e-21   11792812
  8.188656e+00   1.483611e-17   3.068597e-03   6.822024e-21   11705392
  8.199283e+00   1.470439e-17   3.066984e-03   6.803168e-21   11613836
  8.209914e+00   1.457053e-17   3.070536e-03   6.783394e-21   11541532
  8.220543e+00   1.442854e-17   3.066346e-03   6.754436e-21   11440232
  8.231170e+00   1.433221e-17   3.068846e-03   6.741363e-21   11363008
  8.241796e+00   1.419725e-17   3.066631e-03   6.723083e-21   11267848
  8.252424e+00   1.410081e-17   3.069306e-03   6.713067e-21   11190640
  8.263054e+00   1.397801e-17   3.068558e-03   6.686052e-21   11101084
  8.273680e+00   1.385115e-17   3.065604e-03   6.674035e-21   11003284
  8.284304e+00   1.375711e-17   3.068360e-03   6.664638e-21   10925424
  8.294932e+00   1.362936e-17   3.067667e-03   6.650373e-21   10834724
  8.305560e+00   1.351977e-17   3.068711e-03   6.627098e-21   10750156
  8.316186e+00   1.341611e-17   3.066587e-03   6.621503e-21   10655280
  8.326811e+00   1.331506e-17   3.067310e-03   6.605987e-21   10569120
  8.337437e+00   1.318240e-17   3.067168e-03   6.583133e-21   10479672
  8.348070e+00   1.310137e-17   3.071527e-03   6.581125e-21   10404504
  8.358704e+00   1.297126e-17   3.068456e-03   6.563247e-21   10304108
  8.369331e+00   1.286929e-17   3.066991e-03   6.555122e-21   10209940
  8.379958e+00   1.276806e-17   3.068937e-03   6.546164e-21   10126584
  8.390585e+00   1.266392e-17   3.066106e-03   6.533773e-21   10027064
  8.401210e+00   1.255854e-17   3.068731e-03   6.524846e-21   9945072
  8.411836e+00   1.245967e-17   3.065849e-03   6.526816e-21   9844764
  8.422464e+00   1.237665e-17   3.070904e-03   6.506379e-21   9769940
  8.433095e+00   1.224961e-17   3.066721e-03   6.493144e-21   9666072
  8.443721e+00   1.214687e-17   3.067629e-03   6.489379e-21   9577112
  8.454348e+00   1.205738e-17   3.067871e-03   6.482387e-21   9485848
  8.464977e+00   1.195252e-17   3.068818e-03   6.470738e-21   9396136
  8.475607e+00   1.186049e-17   3.068947e-03   6.477138e-21   9304408
  8.486231e+00   1.174046e-17   3.064605e-03   6.457148e-21   9199028
  8.496854e+00   1.166215e-17   3.068671e-03   6.457147e-21   9118288
  8.507481e+00   1.155800e-17   3.066868e-03   6.450681e-21   9019624
  8.518111e+00   1.147667e-17   3.070919e-03   6.448313e-21   8937420
  8.528743e+00   1.137020e-17   3.067653e-03   6.431118e-21   8835200
  8.539369e+00   1.127208e-17   3.066847e-03   6.432570e-21   8739332
  8.549995e+00   1.117441e-17   3.067747e-03   6.425001e-21   8648112
  8.560624e+00   1.108076e-17   3.067898e-03   6.417837e-21   8553372
  8.571253e+00   1.098676e-17   3.069319e-03   6.421727e-21   8461944
  8.581883e+00   1.089456e-17   3.068067e-03   6.410257e-21   8363348
  8.592509e+00   1.078278e-17   3.067870e-03   6.405647e-21   8267792
  8.603135e+00   1.069256e-17   3.066599e-03   6.396266e-21   8169380
  8.613762e+00   1.058309e-17   3.069517e-03   6.399797e-21   8081008
  8.624389e+00   1.048462e-17   3.065774e-03   6.380039e-21   7975632
  8.635016e+00   1.039279e-17   3.069603e-03   6.382745e-21   7889116
  8.645643e+00   1.030685e-17   3.066011e-03   6.381867e-21   7784008
  8.656270e+00   1.022336e-17   3.068709e-03   6.379431e-21   7693848
  8.666897e+00   1.009655e-17   3.067011e-03   6.356499e-21   7592468
  8.677525e+00   1.000906e-17   3.068931e-03   6.365671e-21   7499076
  8.688155e+00   9.904155e-18   3.069474e-03   6.353540e-21   7402880
  8.698786e+00   9.779715e-18   3.067607e-03   6.324999e-21   7300768
  8.709411e+00   9.723463e-18   3.067652e-03   6.340536e-21   7203316
  8.720032e+00   9.581015e-18   3.063689e-03   6.302394e-21   7095724
  8.730662e+00   9.510697e-18   3.073665e-03   6.316170e-21   7019608
  8.741295e+00   9.359780e-18   3.065344e-03   6.270132e-21   6901916
  8.751922e+00   9.268399e-18   3.069704e-03   6.267532e-21   6812952
  8.762548e+00   9.149211e-18   3.065523e-03   6.250581e-21   6704548
  8.773175e+00   9.039585e-18   3.068967e-03   6.232080e-21   6612168
  8.783803e+00   8.922857e-18   3.067598e-03   6.198840e-21   6508628
  8.794433e+00   8.803900e-18   3.069277e-03   6.176798e-21   6412072
  8.805059e+00   8.676935e-18   3.066868e-03   6.135785e-21   6306660
  8.815685e+00   8.563186e-18   3.067492e-03   6.105126e-21   6207592
  8.826308e+00   8.451820e-18   3.066222e-03   6.089215e-21   6103860
  8.836934e+00   8.295924e-18   3.068576e-03   6.017804e-21   6007184
  8.847563e+00   8.190110e-18   3.068782e-03   5.988360e-21   5905660
  8.858194e+00   8.036343e-18   3.069160e-03   5.915283e-21   5805132
  8.868823e+00   7.901278e-18   3.067313e-03   5.863764e-21   5700008
  8.879446e+00   7.754993e-18   3.065734e-03   5.787107e-21   5594856
  8.890075e+00   7.623409e-18   3.070306e-03   5.721751e-21   5502341
  8.900707e+00   7.475639e-18   3.068193e-03   5.647043e-21   5404852
  8.911333e+00   7.364918e-18   3.066920e-03   5.590852e-21   5313930
  8.921960e+00   7.243204e-18   3.068151e-03   5.548927e-21   5230396
  8.932587e+00   7.145546e-18   3.067037e-03   5.502948e-21   5145158
  8.943214e+00   7.045648e-18   3.067644e-03   5.459013e-21   5064506
  8.953844e+00   6.935256e-18   3.070354e-03   5.424406e-21   4989464
  8.964475e+00   6.834201e-18   3.067471e-03   5.384418e-21   4907486
  8.975102e+00   6.754582e-18   3.067454e-03   5.360551e-21   4831952
  8.985729e+00   6.659210e-18   3.067333e-03   5.316620e-21   4757392
  8.996357e+00   6.574173e-18   3.068563e-03   5.292321e-21   4685902
  9.006985e+00   6.504364e-18   3.067839e-03   5.261872e-21   4612826
  9.017611e+00   6.423070e-18   3.067647e-03   5.235117e-21   4542436
  9.028240e+00   6.323256e-18   3.068771e-03   5.191301e-21   4475408
  9.038866e+00   6.243777e-18   3.065432e-03   5.175119e-21   4402686
  9.049492e+00   6.166906e-18   3.069222e-03   5.147409e-21   4340854
  9.060123e+00   6.098344e-18   3.068666e-03   5.126387e-21   4273862
  9.070751e+00   6.030790e-18   3.068093e-03   5.106339e-21   4208538
  9.081377e+00   5.952494e-18   3.066329e-03   5.083276e-21   4142584
  9.092002e+00   5.884503e-18   3.067445e-03   5.056343e-21   4081232
  9.102629e+00   5.813875e-18   3.068061e-03   5.041591e-21   4019668
  9.113260e+00   5.749746e-18   3.070507e-03   5.020307e-21   3961416
  9.123892e+00   5.699619e-18   3.068468e-03   5.015278e-21   3898848
  9.134518e+00   5.616964e-18   3.065914e-03   4.982917e-21   3836718
  9.145140e+00   5.570353e-18   3.066518e-03   4.974320e-21   3779272
  9.155765e+00   5.512746e-18   3.066689e-03   4.961167e-21   3721434
  9.166394e+00   5.434712e-18   3.070316e-03   4.934078e-21   3668198
  9.177028e+00   5.381139e-18   3.069776e-03   4.926067e-21   3611346
  9.187656e+00   5.315203e-18   3.066455e-03   4.910664e-21   3552442
  9.198281e+00   5.269858e-18   3.067337e-03   4.903028e-21   3498908
  9.208908e+00   5.204797e-18   3.067980e-03   4.875773e-21   3445382
  9.219536e+00   5.150960e-18   3.068389e-03   4.861952e-21   3392244
  9.230165e+00   5.092199e-18   3.068360e-03   4.862287e-21   3339634
  9.240792e+00   5.046735e-18   3.067248e-03   4.841234e-21   3286752
  9.251416e+00   4.977177e-18   3.065818e-03   4.839011e-21   3234180
  9.262040e+00   4.936569e-18   3.067094e-03   4.823709e-21   3184556
  9.272670e+00   4.882743e-18   3.070362e-03   4.818524e-21   3137238
  9.283304e+00   4.839166e-18   3.070377e-03   4.808650e-21   3087670
  9.293936e+00   4.782580e-18   3.068566e-03   4.792649e-21   3037460
  9.304560e+00   4.738089e-18   3.064548e-03   4.782723e-21   2985736
  9.315180e+00   4.691937e-18   3.066413e-03   4.785634e-21   2939708
  9.325811e+00   4.640607e-18   3.071553e-03   4.775124e-21   2897012
  9.336443e+00   4.596584e-18   3.067620e-03   4.777559e-21   2846890
  9.347067e+00   4.544838e-18   3.065693e-03   4.755788e-21   2799588
  9.357689e+00   4.507150e-18   3.066395e-03   4.768732e-21   2754954
  9.368315e+00   4.463164e-18   3.068270e-03   4.766242e-21   2711500
  9.378948e+00   4.438132e-18   3.070601e-03   4.767484e-21   2669006
  9.389576e+00   4.378898e-18   3.065837e-03   4.758263e-21   2621264
  9.400202e+00   4.338049e-18   3.068913e-03   4.758233e-21   2580726
  9.410830e+00   4.298936e-18   3.067141e-03   4.752985e-21   2536470
  9.421456e+00   4.264597e-18   3.067445e-03   4.762262e-21   2494370
  9.432084e+00   4.224838e-18   3.068834e-03   4.755543e-21   2453556
  9.442716e+00   4.197203e-18   3.070117e-03   4.760314e-21   2413246
  9.453347e+00   4.146932e-18   3.067994e-03   4.757988e-21   2370914
  9.463973e+00   4.115246e-18   3.067217e-03   4.766196e-21   2330126
  9.474601e+00   4.077847e-18   3.068570e-03   4.773580e-21   2291406
  9.485227e+00   4.032818e-18   3.066158e-03   4.759232e-21   2250410
  9.495850e+00   3.998681e-18   3.066006e-03   4.769977e-21   2211486
  9.506474e+00   3.974515e-18   3.067734e-03   4.780795e-21   2174194
  9.517102e+00   3.939991e-18   3.068176e-03   4.771871e-21   2136416
  9.527733e+00   3.910083e-18   3.069929e-03   4.790041e-21   2100070
  9.538360e+00   3.868506e-18   3.065560e-03   4.790654e-21   2060026
  9.548986e+00   3.838693e-18   3.069362e-03   4.795003e-21   2025910
  9.559615e+00   3.805368e-18   3.067530e-03   4.817214e-21   1988576
  9.570241e+00   3.776884e-18   3.067060e-03   4.812948e-21   1952610
  9.580867e+00   3.732271e-18   3.067361e-03   4.828496e-21   1917470
  9.591493e+00   3.708848e-18   3.067399e-03   4.833095e-21   1882484
  9.602120e+00   3.677889e-18   3.068076e-03   4.850916e-21   1848262
  9.612753e+00   3.672639e-18   3.071327e-03   4.873453e-21   1816024
  9.623386e+00   3.627997e-18   3.068076e-03   4.873621e-21   1780418
  9.634012e+00   3.606023e-18   3.067038e-03   4.893438e-21   1746576
  9.644639e+00   3.582482e-18   3.068628e-03   4.904366e-21   1714622
  9.655268e+00   3.540597e-18   3.067669e-03   4.908425e-21   1681692
  9.665895e+00   3.521053e-18   3.067468e-03   4.933807e-21   1649574
  9.676515e+00   3.495953e-18   3.063511e-03   4.950529e-21   1615788
  9.687137e+00   3.463069e-18   3.068656e-03   4.967710e-21   1587064
  9.697769e+00   3.446327e-18   3.069826e-03   4.973382e-21   1556598
  9.708400e+00   3.414163e-18   3.068471e-03   4.986789e-21   1525380
  9.719030e+00   3.404444e-18   3.068670e-03   5.030213e-21   1495360
  9.729656e+00   3.355741e-18   3.066126e-03   5.024283e-21   1464370
  9.740281e+00   3.344661e-18   3.067601e-03   5.063414e-21   1435656
  9.750907e+00   3.308075e-18   3.067002e-03   5.075701e-21   1406304
  9.761532e+00   3.291020e-18   3.067147e-03   5.100772e-21   1377628
  9.772159e+00   3.275405e-18   3.068370e-03   5.133913e-21   1349744
  9.782788e+00   3.260688e-18   3.068343e-03   5.160453e-21   1321682
  9.793418e+00   3.241653e-18   3.069098e-03   5.176582e-21   1294376
  9.804048e+00   3.212872e-18   3.068140e-03   5.195905e-21   1266768
  9.814673e+00   3.198542e-18   3.066275e-03   5.235244e-21   1239172
  9.825295e+00   3.172369e-18   3.065238e-03   5.269561e-21   1212224
  9.835918e+00   3.155568e-18   3.067386e-03   5.296621e-21   1186796
  9.846547e+00   3.122249e-18   3.069034e-03   5.317447e-21   1161432
  9.857176e+00   3.130861e-18   3.067927e-03   5.371190e-21   1135408
  9.867804e+00   3.074778e-18   3.068239e-03   5.369372e-21   1110324
  9.878434e+00   3.073428e-18   3.068926e-03   5.410880e-21   1085680
  9.889062e+00   3.038590e-18   3.066842e-03   5.443060e-21   1060364
  9.899688e+00   3.036339e-18   3.068767e-03   5.492796e-21   1036736
  9.910321e+00   3.018505e-18   3.070562e-03   5.540276e-21   1013388
  9.920951e+00   2.996566e-18   3.066769e-03   5.564747e-21   988656
  9.931575e+00   2.983285e-18   3.066738e-03   5.621712e-21   965530
  9.942197e+00   2.976049e-18   3.064855e-03   5.666838e-21   942100
  9.952819e+00   2.963671e-18   3.066142e-03   5.696313e-21   919888
  9.963442e+00   2.927227e-18   3.066491e-03   5.738573e-21   897628
  9.974067e+00   2.926588e-18   3.067504e-03   5.777962e-21   875856
  9.984696e+00   2.903306e-18   3.069599e-03   5.838172e-21   854736
  9.995330e+00   2.888597e-18   3.070044e-03   5.887602e-21   833510
  1.000596e+01   2.882700e-18   3.068120e-03   5.941156e-21   811976
  1.001659e+01   2.846472e-18   3.066566e-03   5.976317e-21   790844
  1.002721e+01   2.845609e-18   3.066302e-03   6.044585e-21   770320
  1.003784e+01   2.811895e-18   3.069162e-03   6.088369e-21   750838
  1.004847e+01   2.819537e-18   3.068729e-03   6.170416e-21   730864
  1.005909e+01   2.802040e-18   3.067039e-03   6.234613e-21   710984
  1.006972e+01   2.794783e-18   3.067274e-03   6.272487e-21   691894
  1.008035e+01   2.767619e-18   3.066106e-03   6.333302e-21   672776
  1.009097e+01   2.779469e-18   3.067065e-03   6.452854e-21   654372
  1.010160e+01   2.770354e-18   3.065537e-03   6.494822e-21   635682
  1.011222e+01   2.763276e-18   3.064886e-03   6.575156e-21   617460
  1.012284e+01   2.724130e-18   3.066767e-03   6.642048e-21   600024
  1.013346e+01   2.714164e-18   3.068404e-03   6.710053e-21   582830
  1.014410e+01   2.703793e-18   3.070337e-03   6.806474e-21   566000
  1.015473e+01   2.707491e-18   3.066543e-03   6.907083e-21   548458
  1.016535e+01   2.686681e-18   3.067619e-03   6.957357e-21   532084
  1.017598e+01   2.694289e-18   3.065740e-03   7.083320e-21   515440
  1.018660e+01   2.681474e-18   3.064533e-03   7.157115e-21   499174
  1.019722e+01   2.657530e-18   3.064552e-03   7.253704e-21   483368
  1.020784e+01   2.646575e-18   3.067558e-03   7.340130e-21   468270
  1.021847e+01   2.641073e-18   3.071740e-03   7.448343e-21   453568
  1.022911e+01   2.629677e-18   3.068522e-03   7.562957e-21   438106
  1.023974e+01   2.623989e-18   3.068674e-03   7.661153e-21   423508
  1.025036e+01   2.600067e-18   3.065352e-03   7.800413e-21   408754
  1.026098e+01   2.619755e-18   3.064549e-03   7.944566e-21   394612
  1.027160e+01   2.600666e-18   3.064825e-03   8.063400e-21   380826
  1.028223e+01   2.596991e-18   3.063635e-03   8.219521e-21   367086
  1.029285e+01   2.580830e-18   3.065226e-03   8.303505e-21   353904
  1.030347e+01   2.585926e-18   3.067842e-03   8.466221e-21   341046
  1.031410e+01   2.552891e-18   3.067827e-03   8.592245e-21   328144
  1.032473e+01   2.561684e-18   3.068491e-03   8.807580e-21   315598
  1.033536e+01   2.544877e-18   3.070442e-03   8.884160e-21   303466
  1.034599e+01   2.534038e-18   3.070558e-03   9.088667e-21   291456
  1.035662e+01   2.549442e-18   3.069010e-03   9.245280e-21   279614
  1.036725e+01   2.528946e-18   3.062765e-03   9.457497e-21   267680
  1.037786e+01   2.538352e-18   3.061142e-03   9.714349e-21   256438
  1.038848e+01   2.533878e-18   3.062004e-03   9.791203e-21   245618
  1.039909e+01   2.534455e-18   3.058865e-03   1.003938e-20   234708
  1.040970e+01   2.508526e-18   3.057929e-03   1.033483e-20   224210
  1.042032e+01   2.520481e-18   3.058509e-03   1.051077e-20   214046
  1.043093e+01   2.519685e-18   3.059874e-03   1.072301e-20   204152
  1.044155e+01   2.527774e-18   3.062766e-03   1.102928e-20   194558
  1.045217e+01   2.494845e-18   3.062838e-03   1.127431e-20   185018
  1.046279e+01   2.480263e-18   3.066092e-03   1.153854e-20   175918
  1.047341e+01   2.490629e-18   3.068348e-03   1.188581e-20   166992
  1.048404e+01   2.513615e-18   3.070094e-03   1.220925e-20   158294
  1.049468e+01   2.478878e-18   3.071097e-03   1.254473e-20   149842
  1.050531e+01   2.460517e-18   3.068653e-03   1.284616e-20   141530
  1.051593e+01   2.431553e-18   3.060509e-03   1.320280e-20   133284
  1.052654e+01   2.461791e-18   3.057354e-03   1.368556e-20   125546
  1.053715e+01   2.486194e-18   3.051144e-03   1.415656e-20   117950
  1.054776e+01   2.509298e-18   3.048602e-03   1.463915e-20   110746
  1.055836e+01   2.483600e-18   3.039799e-03   1.515182e-20   103572
  1.056895e+01   2.486068e-18   3.036073e-03   1.559620e-20   96818
  1.057954e+01   2.501794e-18   3.031333e-03   1.615603e-20   90262
  1.059013e+01   2.525413e-18   3.027317e-03   1.683920e-20   83970
  1.060072e+01   2.487331e-18   3.019853e-03   1.735869e-20   77846
  1.061129e+01   2.479033e-18   3.012052e-03   1.822842e-20   71984
  1.062186e+01   2.504867e-18   3.005730e-03   1.888973e-20   66398
  1.063243e+01   2.473040e-18   3.000369e-03   1.966489e-20   61058
  1.064300e+01   2.501556e-18   2.995714e-03   2.068469e-20   55958
  1.065357e+01   2.473218e-18   2.990697e-03   2.166520e-20   51082
  1.066413e+01   2.491350e-18   2.981767e-03   2.255537e-20   46398
  1.067469e+01   2.510965e-18   2.970930e-03   2.408480e-20   41954
  1.068524e+01   2.449492e-18   2.955045e-03   2.534547e-20   37718
  1.069578e+01   2.498274e-18   2.938133e-03   2.690961e-20   33736
  1.070631e+01   2.490726e-18   2.922830e-03   2.802919e-20   30006
  1.071684e+01   2.508010e-18   2.912268e-03   3.021740e-20   26522
  1.072739e+01   2.522442e-18   2.905476e-03   3.235513e-20   23254
  1.073793e+01   2.437028e-18   2.895825e-03   3.508737e-20   20178
  1.074848e+01   2.495399e-18   2.890787e-03   3.759516e-20   17342
  1.075903e+01   2.534724e-18   2.886580e-03   4.135458e-20   14714
  1.076959e+01   2.394853e-18   2.887906e-03   4.454283e-20   12310
  1.078015e+01   2.542950e-18   2.880436e-03   4.912260e-20   10098
  1.079071e+01   2.566196e-18   2.879327e-03   5.548972e-20   8126
  1.080127e+01   2.474539e-18   2.877797e-03   6.458682e-20   6362
  1.081184e+01   2.474896e-18   2.888638e-03   7.011355e-20   4822
  1.082239e+01   2.431048e-18   2.872451e-03   8.401380e-20   3474
  1.083292e+01   2.613815e-18   2.869225e-03   1.045069e-19   2366
  1.084344e+01   3.223998e-18   2.860034e-03   1.464907e-19   1466
  1.085397e+01   2.752129e-18   2.925135e-03   1.804098e-19   790
  1.086426e+01   2.636638e-18   2.767211e-03   3.143261e-19   306
  1.087389e+01   1.338304e-18   2.357714e-03   6.568374e-19   62
