# cross spectrum of phi(z1) and phi(z2)
# redshift z=-0.000147
# k              Pk             sigma(k)       sigma(Pk)      count
  7.830312e-03   2.020271e-10   1.198114e-03   4.548430e-11   18
  1.686348e-02   2.386537e-10   2.897918e-03   2.278723e-11   152
  2.725284e-02   1.425618e-10   3.060867e-03   6.671100e-12   416
  3.742835e-02   7.788790e-11   2.912555e-03   2.926363e-12   770
  4.808679e-02   4.856753e-11   3.119650e-03   1.428243e-12   1364
  5.876109e-02   3.200169e-11   3.054550e-03   7.301551e-13   1976
  6.939824e-02   2.417393e-11   3.112555e-03   4.611310e-13   2792
  7.984642e-02   1.767298e-11   2.971805e-03   2.988267e-13   3578
  9.038229e-02   1.261634e-11   3.049521e-03   1.868871e-13   4724
  1.011318e-01   9.432791e-12   3.134595e-03   1.246515e-13   6032
  1.117485e-01   7.292245e-12   3.016599e-03   9.119749e-14   7072
  1.222702e-01   6.178956e-12   3.056387e-03   6.897011e-14   8634
  1.329722e-01   5.184740e-12   3.095256e-03   5.339570e-14   10336
  1.436677e-01   4.235911e-12   3.082009e-03   3.918993e-14   11940
  1.541872e-01   3.434676e-12   3.021465e-03   3.102083e-14   13490
  1.647185e-01   2.907165e-12   3.054444e-03   2.370802e-14   15656
  1.754149e-01   2.442808e-12   3.102608e-03   1.877595e-14   18008
  1.860920e-01   2.133293e-12   3.069464e-03   1.579390e-14   19964
  1.966957e-01   1.860390e-12   3.066093e-03   1.311534e-14   22354
  2.072851e-01   1.581747e-12   3.030819e-03   1.059665e-14   24648
  2.179134e-01   1.374911e-12   3.083109e-03   8.645359e-15   27592
  2.285517e-01   1.226414e-12   3.075318e-03   7.630585e-15   30152
  2.391687e-01   1.077059e-12   3.069056e-03   6.477406e-15   33046
  2.497808e-01   9.668937e-13   3.053846e-03   5.529368e-15   35992
  2.604233e-01   8.720663e-13   3.074764e-03   4.831304e-15   39304
  2.710722e-01   7.763374e-13   3.082145e-03   4.138519e-15   42608
  2.817050e-01   6.998054e-13   3.058267e-03   3.628455e-15   45758
  2.923349e-01   6.228639e-13   3.072286e-03   3.146259e-15   49536
  3.029238e-01   5.641805e-13   3.039208e-03   2.793856e-15   52488
  3.135134e-01   5.200963e-13   3.084628e-03   2.481353e-15   57034
  3.241511e-01   4.616341e-13   3.061146e-03   2.150307e-15   60648
  3.347969e-01   4.304380e-13   3.076329e-03   1.970216e-15   65044
  3.454223e-01   3.924393e-13   3.057760e-03   1.751861e-15   68720
  3.560505e-01   3.573105e-13   3.078281e-03   1.571832e-15   73538
  3.667175e-01   3.276484e-13   3.076939e-03   1.415270e-15   78080
  3.773260e-01   3.040051e-13   3.039859e-03   1.301316e-15   81572
  3.879192e-01   2.780462e-13   3.081238e-03   1.179059e-15   87248
  3.985882e-01   2.536890e-13   3.084591e-03   1.054707e-15   92266
  4.092322e-01   2.362051e-13   3.063169e-03   9.707078e-16   96696
  4.198039e-01   2.167508e-13   3.037602e-03   8.896560e-16   100904
  4.303789e-01   2.019140e-13   3.065517e-03   8.060012e-16   107036
  4.410480e-01   1.859880e-13   3.089487e-03   7.352993e-16   113362
  4.517307e-01   1.731987e-13   3.072092e-03   6.819781e-16   118176
  4.623378e-01   1.603494e-13   3.054661e-03   6.322351e-16   122944
  4.729644e-01   1.484780e-13   3.083007e-03   5.827328e-16   129902
  4.836049e-01   1.387126e-13   3.061727e-03   5.359745e-16   134944
  4.942158e-01   1.284231e-13   3.064979e-03   4.985883e-16   140952
  5.048213e-01   1.194872e-13   3.064662e-03   4.632110e-16   147072
  5.154342e-01   1.113445e-13   3.060800e-03   4.325163e-16   153382
  5.260893e-01   1.038231e-13   3.082622e-03   4.009292e-16   160952
  5.367508e-01   9.577611e-14   3.070294e-03   3.740379e-16   166640
  5.473579e-01   9.014340e-14   3.057153e-03   3.501943e-16   172448
  5.579787e-01   8.361717e-14   3.077577e-03   3.279647e-16   180594
  5.686178e-01   7.877461e-14   3.060710e-03   3.068924e-16   186556
  5.792219e-01   7.308606e-14   3.063394e-03   2.867914e-16   193528
  5.898242e-01   6.816009e-14   3.060684e-03   2.703313e-16   200626
  6.004609e-01   6.339878e-14   3.076604e-03   2.519366e-16   209256
  6.111150e-01   5.943930e-14   3.069663e-03   2.386891e-16   216020
  6.217510e-01   5.593327e-14   3.075746e-03   2.257031e-16   223768
  6.323610e-01   5.217597e-14   3.055783e-03   2.125089e-16   230234
  6.429887e-01   4.902747e-14   3.074922e-03   2.002454e-16   239800
  6.536248e-01   4.535888e-14   3.063054e-03   1.890762e-16   246568
  6.642393e-01   4.332825e-14   3.068328e-03   1.807023e-16   254828
  6.748534e-01   3.983289e-14   3.064424e-03   1.706216e-16   263074
  6.854951e-01   3.745749e-14   3.071509e-03   1.615061e-16   272312
  6.961385e-01   3.519189e-14   3.070197e-03   1.537668e-16   280376
  7.067732e-01   3.287747e-14   3.071500e-03   1.465468e-16   288884
  7.174012e-01   3.059837e-14   3.068501e-03   1.381071e-16   297602
  7.280177e-01   2.884673e-14   3.057614e-03   1.327076e-16   305520
  7.386402e-01   2.711257e-14   3.075198e-03   1.263473e-16   315976
  7.492461e-01   2.523270e-14   3.052723e-03   1.209458e-16   322778
  7.598720e-01   2.375435e-14   3.080021e-03   1.149134e-16   335372
  7.705286e-01   2.220077e-14   3.068318e-03   1.093136e-16   343464
  7.811635e-01   2.092576e-14   3.070705e-03   1.050708e-16   352912
  7.917934e-01   1.960965e-14   3.070498e-03   1.001833e-16   362666
  8.024224e-01   1.822066e-14   3.063690e-03   9.639281e-17   371884
  8.130465e-01   1.738847e-14   3.069929e-03   9.213513e-17   382280
  8.236583e-01   1.607404e-14   3.060755e-03   8.858667e-17   390888
  8.342648e-01   1.521337e-14   3.067168e-03   8.508309e-17   402234
  8.448912e-01   1.405991e-14   3.064832e-03   8.107329e-17   412576
  8.555263e-01   1.324542e-14   3.071788e-03   7.770959e-17   423732
  8.661590e-01   1.248258e-14   3.068142e-03   7.493467e-17   433624
  8.767950e-01   1.176330e-14   3.072203e-03   7.203393e-17   445154
  8.874347e-01   1.111162e-14   3.069139e-03   6.943076e-17   455584
  8.980596e-01   1.033386e-14   3.064716e-03   6.656388e-17   465588
  9.086714e-01   9.690605e-15   3.065163e-03   6.412094e-17   476762
  9.193048e-01   9.163820e-15   3.073106e-03   6.171358e-17   489552
  9.299472e-01   8.498000e-15   3.069632e-03   5.941632e-17   500328
  9.405628e-01   7.991371e-15   3.059261e-03   5.757011e-17   509852
  9.511854e-01   7.504301e-15   3.074339e-03   5.516738e-17   524234
  9.618189e-01   7.075874e-15   3.061952e-03   5.346119e-17   534104
  9.724448e-01   6.595635e-15   3.070528e-03   5.152052e-17   547048
  9.830800e-01   6.086463e-15   3.073862e-03   4.968406e-17   559328
  9.937180e-01   5.780767e-15   3.070866e-03   4.809527e-17   571326
  1.004339e+00   5.408969e-15   3.060367e-03   4.651236e-17   581920
  1.014951e+00   5.124451e-15   3.064588e-03   4.496523e-17   594832
  1.025571e+00   4.731964e-15   3.068054e-03   4.317921e-17   608048
  1.036206e+00   4.581830e-15   3.070252e-03   4.209584e-17   621526
  1.046839e+00   4.379682e-15   3.066112e-03   4.073487e-17   633240
  1.057456e+00   3.984008e-15   3.064953e-03   3.928718e-17   645472
  1.068086e+00   3.808313e-15   3.075342e-03   3.814037e-17   660906
  1.078726e+00   3.578718e-15   3.067576e-03   3.672827e-17   672856
  1.089356e+00   3.330126e-15   3.067094e-03   3.571454e-17   685980
  1.099980e+00   3.160011e-15   3.067978e-03   3.470602e-17   699256
  1.110619e+00   2.798555e-15   3.074976e-03   3.343704e-17   714730
  1.121246e+00   2.821169e-15   3.059348e-03   3.255371e-17   725152
  1.131863e+00   2.620234e-15   3.067634e-03   3.152785e-17   740420
  1.142485e+00   2.408859e-15   3.069089e-03   3.057248e-17   754312
  1.153114e+00   2.329570e-15   3.069897e-03   2.955037e-17   769114
  1.163749e+00   2.234021e-15   3.069209e-03   2.877782e-17   783488
  1.174365e+00   2.027186e-15   3.058900e-03   2.800618e-17   794968
  1.184981e+00   1.928481e-15   3.070107e-03   2.711928e-17   812366
  1.195609e+00   1.843241e-15   3.065134e-03   2.636298e-17   825976
  1.206250e+00   1.672525e-15   3.075220e-03   2.559959e-17   843352
  1.216898e+00   1.632110e-15   3.073224e-03   2.485156e-17   857280
  1.227524e+00   1.504490e-15   3.063189e-03   2.422070e-17   869542
  1.238147e+00   1.410487e-15   3.070752e-03   2.343330e-17   887128
  1.248772e+00   1.360909e-15   3.063166e-03   2.288015e-17   900032
  1.259388e+00   1.256800e-15   3.067377e-03   2.220723e-17   916560
  1.270005e+00   1.155058e-15   3.061783e-03   2.160659e-17   930922
  1.280635e+00   1.178575e-15   3.071795e-03   2.090303e-17   949844
  1.291287e+00   1.057783e-15   3.076939e-03   2.040259e-17   966736
  1.301925e+00   9.490671e-16   3.065819e-03   1.995957e-17   978776
  1.312537e+00   9.446352e-16   3.064137e-03   1.934634e-17   994522
  1.323161e+00   8.716250e-16   3.068907e-03   1.882608e-17   1012420
  1.333794e+00   8.367631e-16   3.071598e-03   1.834860e-17   1029408
  1.344410e+00   7.507742e-16   3.058405e-03   1.788041e-17   1041658
  1.355032e+00   7.660120e-16   3.072381e-03   1.743686e-17   1063520
  1.365659e+00   7.244959e-16   3.060689e-03   1.696331e-17   1075808
  1.376294e+00   6.622217e-16   3.080019e-03   1.646555e-17   1098956
  1.386928e+00   6.492148e-16   3.061670e-03   1.614635e-17   1109810
  1.397545e+00   5.922461e-16   3.065288e-03   1.572054e-17   1128608
  1.408178e+00   5.893914e-16   3.073589e-03   1.527770e-17   1148264
  1.418813e+00   5.308298e-16   3.067917e-03   1.488997e-17   1163252
  1.429436e+00   4.951217e-16   3.067070e-03   1.452799e-17   1181042
  1.440060e+00   4.962835e-16   3.064325e-03   1.413336e-17   1197848
  1.450692e+00   4.535441e-16   3.073737e-03   1.379278e-17   1218848
  1.461323e+00   4.506549e-16   3.064859e-03   1.345469e-17   1232916
  1.471945e+00   3.910506e-16   3.068844e-03   1.314836e-17   1253002
  1.482566e+00   4.158246e-16   3.062284e-03   1.280239e-17   1268576
  1.493191e+00   3.784831e-16   3.071552e-03   1.252132e-17   1290128
  1.503822e+00   3.693653e-16   3.068342e-03   1.223050e-17   1307402
  1.514455e+00   3.580312e-16   3.069122e-03   1.193526e-17   1327028
  1.525083e+00   3.242086e-16   3.064970e-03   1.162996e-17   1343648
  1.535711e+00   3.261479e-16   3.070217e-03   1.133641e-17   1364096
  1.546341e+00   3.163580e-16   3.068950e-03   1.111221e-17   1382730
  1.556974e+00   2.563608e-16   3.068757e-03   1.081432e-17   1402164
  1.567604e+00   3.049496e-16   3.068159e-03   1.057434e-17   1420464
  1.578221e+00   2.583510e-16   3.063798e-03   1.032515e-17   1437368
  1.588847e+00   2.249560e-16   3.072142e-03   1.006128e-17   1461530
  1.599480e+00   2.323328e-16   3.065069e-03   9.849685e-18   1478264
  1.610108e+00   2.245220e-16   3.068902e-03   9.615601e-18   1499356
  1.620732e+00   2.282722e-16   3.065238e-03   9.402740e-18   1517016
  1.631360e+00   2.037881e-16   3.070849e-03   9.188916e-18   1540090
  1.641988e+00   1.950100e-16   3.065366e-03   8.969398e-18   1557360
  1.652609e+00   1.817698e-16   3.066926e-03   8.805751e-18   1577780
  1.663242e+00   2.079973e-16   3.075107e-03   8.560729e-18   1602578
  1.673875e+00   2.128640e-16   3.063542e-03   8.384524e-18   1617672
  1.684498e+00   1.866133e-16   3.069033e-03   8.186820e-18   1641016
  1.695122e+00   1.553388e-16   3.065080e-03   8.020188e-18   1659416
  1.705746e+00   1.694598e-16   3.068431e-03   7.833209e-18   1682670
  1.716382e+00   1.570861e-16   3.070690e-03   7.638113e-18   1705256
  1.727024e+00   1.291906e-16   3.071890e-03   7.485479e-18   1726312
  1.737645e+00   1.710661e-16   3.062639e-03   7.332027e-18   1741880
  1.748261e+00   1.358829e-16   3.067156e-03   7.168780e-18   1766454
  1.758897e+00   1.628757e-16   3.073105e-03   7.003924e-18   1791784
  1.769528e+00   1.221485e-16   3.063894e-03   6.875995e-18   1807712
  1.780139e+00   1.347391e-16   3.062775e-03   6.736400e-18   1829002
  1.790759e+00   1.285438e-16   3.067263e-03   6.589409e-18   1854216
  1.801400e+00   1.097014e-16   3.074631e-03   6.441456e-18   1880156
  1.812037e+00   1.034497e-16   3.068349e-03   6.302509e-18   1897568
  1.822663e+00   9.994371e-17   3.068475e-03   6.169577e-18   1920458
  1.833288e+00   1.050797e-16   3.065997e-03   6.028530e-18   1942208
  1.843915e+00   1.087625e-16   3.067813e-03   5.912486e-18   1965612
  1.854544e+00   1.078014e-16   3.069639e-03   5.789039e-18   1989000
  1.865168e+00   1.039929e-16   3.064465e-03   5.672401e-18   2009114
  1.875791e+00   9.445476e-17   3.067400e-03   5.539728e-18   2034464
  1.886424e+00   1.025825e-16   3.070174e-03   5.424616e-18   2058476
  1.897052e+00   1.079782e-16   3.068039e-03   5.324414e-18   2079648
  1.907673e+00   7.642953e-17   3.065891e-03   5.207061e-18   2102578
  1.918306e+00   9.293418e-17   3.070742e-03   5.097009e-18   2129928
  1.928942e+00   8.561572e-17   3.069733e-03   4.996048e-18   2152096
  1.939563e+00   8.087855e-17   3.062858e-03   4.909217e-18   2171142
  1.950185e+00   7.770239e-17   3.069150e-03   4.794197e-18   2200248
  1.960824e+00   6.650709e-17   3.071017e-03   4.691563e-18   2225216
  1.971460e+00   7.454026e-17   3.070942e-03   4.605218e-18   2248448
  1.982084e+00   7.158942e-17   3.064272e-03   4.518431e-18   2267942
  1.992710e+00   6.638874e-17   3.071051e-03   4.425204e-18   2298072
  2.003337e+00   6.787729e-17   3.064068e-03   4.325618e-18   2317272
  2.013961e+00   7.180056e-17   3.069747e-03   4.253213e-18   2345808
  2.024580e+00   6.941979e-17   3.062469e-03   4.169276e-18   2365650
  2.035206e+00   6.534802e-17   3.069930e-03   4.081383e-18   2396940
  2.045842e+00   6.043994e-17   3.069936e-03   4.006527e-18   2421272
  2.056473e+00   6.571983e-17   3.068399e-03   3.922755e-18   2444576
  2.067102e+00   5.307237e-17   3.069748e-03   3.844572e-18   2471490
  2.077728e+00   6.047970e-17   3.064854e-03   3.776898e-18   2493180
  2.088349e+00   5.135719e-17   3.068019e-03   3.705669e-18   2520952
  2.098972e+00   5.441807e-17   3.065319e-03   3.619357e-18   2544946
  2.109598e+00   5.435166e-17   3.068311e-03   3.550765e-18   2573856
  2.120230e+00   5.923184e-17   3.069026e-03   3.493510e-18   2600016
  2.130862e+00   4.769715e-17   3.069102e-03   3.418233e-18   2625484
  2.141490e+00   4.519249e-17   3.068080e-03   3.353565e-18   2651122
  2.152130e+00   5.467874e-17   3.074348e-03   3.283419e-18   2683488
  2.162754e+00   4.661189e-17   3.059466e-03   3.233294e-18   2696352
  2.173371e+00   4.573138e-17   3.071171e-03   3.161497e-18   2733020
  2.184002e+00   3.937276e-17   3.067530e-03   3.102892e-18   2757378
  2.194631e+00   4.500282e-17   3.067942e-03   3.053289e-18   2784864
  2.205259e+00   4.392791e-17   3.067811e-03   2.988756e-18   2811168
  2.215874e+00   4.504748e-17   3.061061e-03   2.933359e-18   2832274
  2.226505e+00   5.238165e-17   3.075611e-03   2.877438e-18   2873636
  2.237142e+00   4.672631e-17   3.064877e-03   2.828318e-18   2890496
  2.247766e+00   3.927635e-17   3.069851e-03   2.771594e-18   2921800
  2.258399e+00   4.457294e-17   3.071101e-03   2.722419e-18   2951298
  2.269032e+00   4.507010e-17   3.066274e-03   2.670249e-18   2975476
  2.279663e+00   4.379140e-17   3.071375e-03   2.623840e-18   3007728
  2.290285e+00   3.844105e-17   3.061886e-03   2.576565e-18   3025776
  2.300910e+00   3.683951e-17   3.072955e-03   2.525449e-18   3065762
  2.311540e+00   4.062618e-17   3.063208e-03   2.480717e-18   3084856
  2.322162e+00   3.586972e-17   3.068985e-03   2.433818e-18   3118044
  2.332782e+00   3.769343e-17   3.064319e-03   2.389649e-18   3141352
  2.343410e+00   3.804880e-17   3.072036e-03   2.346149e-18   3179274
  2.354046e+00   2.860062e-17   3.067682e-03   2.304553e-18   3204120
  2.364668e+00   3.264630e-17   3.063610e-03   2.266801e-18   3227900
  2.375288e+00   2.987471e-17   3.068722e-03   2.220291e-18   3262394
  2.385925e+00   3.313162e-17   3.071814e-03   2.182425e-18   3295680
  2.396559e+00   3.186550e-17   3.067166e-03   2.143265e-18   3319560
  2.407184e+00   3.410862e-17   3.068070e-03   2.103039e-18   3348972
  2.417810e+00   2.640820e-17   3.068540e-03   2.063607e-18   3379722
  2.428441e+00   3.015366e-17   3.068348e-03   2.030226e-18   3410720
  2.439075e+00   2.466394e-17   3.069517e-03   1.991383e-18   3441504
  2.449697e+00   2.709819e-17   3.063301e-03   1.959658e-18   3463624
  2.460317e+00   3.153997e-17   3.068043e-03   1.921347e-18   3499790
  2.470951e+00   2.609122e-17   3.070702e-03   1.890555e-18   3533560
  2.481588e+00   2.709940e-17   3.069830e-03   1.854856e-18   3561920
  2.492209e+00   3.087786e-17   3.064208e-03   1.823559e-18   3585208
  2.502830e+00   2.473801e-17   3.069185e-03   1.791810e-18   3622518
  2.513468e+00   2.616872e-17   3.072344e-03   1.757667e-18   3657584
  2.524094e+00   3.231894e-17   3.062507e-03   1.731787e-18   3676440
  2.534707e+00   2.227012e-17   3.065232e-03   1.700252e-18   3711282
  2.545334e+00   2.337544e-17   3.068763e-03   1.668675e-18   3747696
  2.555965e+00   2.631622e-17   3.067225e-03   1.642168e-18   3776188
  2.566601e+00   2.316955e-17   3.074483e-03   1.609294e-18   3815304
  2.577232e+00   2.626543e-17   3.064660e-03   1.585857e-18   3835370
  2.587856e+00   2.045078e-17   3.068926e-03   1.556541e-18   3873424
  2.598487e+00   2.552090e-17   3.067978e-03   1.531295e-18   3903420
  2.609117e+00   2.162225e-17   3.070036e-03   1.503146e-18   3937624
  2.619745e+00   2.542573e-17   3.066011e-03   1.477593e-18   3965658
  2.630375e+00   2.327843e-17   3.069802e-03   1.453333e-18   4002984
  2.641001e+00   2.057347e-17   3.065136e-03   1.427556e-18   4027928
  2.651616e+00   1.768150e-17   3.064941e-03   1.405327e-18   4059844
  2.662241e+00   1.669863e-17   3.069945e-03   1.378520e-18   4100338
  2.672876e+00   1.853005e-17   3.069128e-03   1.357534e-18   4132264
  2.683506e+00   2.008315e-17   3.068474e-03   1.333843e-18   4163216
  2.694131e+00   2.128750e-17   3.066146e-03   1.311467e-18   4193350
  2.704761e+00   1.958321e-17   3.071068e-03   1.290617e-18   4234456
  2.715390e+00   2.025678e-17   3.064079e-03   1.269842e-18   4257264
  2.726012e+00   1.606196e-17   3.069774e-03   1.246584e-18   4297352
  2.736640e+00   1.772765e-17   3.067495e-03   1.226147e-18   4328642
  2.747272e+00   1.740966e-17   3.070663e-03   1.203656e-18   4367948
  2.757895e+00   1.727584e-17   3.061799e-03   1.185624e-18   4388384
  2.768519e+00   1.954437e-17   3.072247e-03   1.164801e-18   4436648
  2.779154e+00   1.581558e-17   3.067997e-03   1.145851e-18   4465658
  2.789787e+00   1.844665e-17   3.069677e-03   1.127966e-18   4502948
  2.800413e+00   1.813703e-17   3.064787e-03   1.110263e-18   4528880
  2.811033e+00   1.419848e-17   3.067181e-03   1.090217e-18   4566290
  2.821663e+00   1.392419e-17   3.070655e-03   1.072733e-18   4606856
  2.832293e+00   1.677852e-17   3.066552e-03   1.054740e-18   4635380
  2.842916e+00   1.497939e-17   3.067131e-03   1.038435e-18   4670384
  2.853543e+00   1.603634e-17   3.069161e-03   1.020354e-18   4709258
  2.864179e+00   1.577624e-17   3.070324e-03   1.002983e-18   4747352
  2.874805e+00   1.497060e-17   3.063655e-03   9.891113e-19   4771664
  2.885427e+00   1.242501e-17   3.068600e-03   9.729109e-19   4813532
  2.896058e+00   1.304056e-17   3.070437e-03   9.553946e-19   4852322
  2.906693e+00   1.543392e-17   3.069013e-03   9.405197e-19   4886480
  2.917320e+00   1.325704e-17   3.066289e-03   9.256599e-19   4917248
  2.927939e+00   1.227558e-17   3.065099e-03   9.118459e-19   4950828
  2.938569e+00   8.399596e-18   3.072788e-03   8.948848e-19   5000170
  2.949204e+00   1.350329e-17   3.066857e-03   8.811313e-19   5026952
  2.959825e+00   1.305025e-17   3.064676e-03   8.677755e-19   5058752
  2.970445e+00   1.203516e-17   3.067741e-03   8.533268e-19   5100722
  2.981076e+00   1.152462e-17   3.068979e-03   8.382826e-19   5140124
  2.991706e+00   1.237451e-17   3.067937e-03   8.264732e-19   5174072
  3.002335e+00   1.140820e-17   3.068928e-03   8.133104e-19   5211608
  3.012962e+00   1.152052e-17   3.067917e-03   8.003718e-19   5247794
  3.023589e+00   1.095971e-17   3.066908e-03   7.867374e-19   5284196
  3.034222e+00   1.124370e-17   3.071657e-03   7.753104e-19   5328800
  3.044847e+00   1.190688e-17   3.063109e-03   7.647181e-19   5350872
  3.055470e+00   1.156904e-17   3.069608e-03   7.504777e-19   5400634
  3.066097e+00   9.341886e-18   3.065291e-03   7.393862e-19   5430968
  3.076725e+00   7.997071e-18   3.070185e-03   7.274224e-19   5475908
  3.087355e+00   1.017306e-17   3.068352e-03   7.172167e-19   5510016
  3.097986e+00   1.036792e-17   3.069695e-03   7.056867e-19   5552114
  3.108620e+00   1.016439e-17   3.068841e-03   6.937380e-19   5588944
  3.119249e+00   1.060502e-17   3.067703e-03   6.836395e-19   5623828
  3.129873e+00   9.010629e-18   3.066629e-03   6.731032e-19   5660722
  3.140497e+00   9.484165e-18   3.066422e-03   6.622511e-19   5699896
  3.151124e+00   1.074456e-17   3.068968e-03   6.527968e-19   5741936
  3.161754e+00   1.031340e-17   3.069010e-03   6.416527e-19   5779568
  3.172381e+00   1.001659e-17   3.067639e-03   6.326772e-19   5817222
  3.183006e+00   8.356085e-18   3.066013e-03   6.223420e-19   5854600
  3.193635e+00   7.974964e-18   3.069791e-03   6.125575e-19   5900040
  3.204262e+00   1.032969e-17   3.066501e-03   6.031235e-19   5931976
  3.214890e+00   9.431876e-18   3.070101e-03   5.947979e-19   5979390
  3.225518e+00   8.552822e-18   3.065321e-03   5.855035e-19   6010200
  3.236144e+00   9.468117e-18   3.069327e-03   5.761700e-19   6056496
  3.246769e+00   7.942905e-18   3.066211e-03   5.676212e-19   6089504
  3.257396e+00   8.517735e-18   3.069391e-03   5.596969e-19   6137114
  3.268025e+00   8.103327e-18   3.067201e-03   5.504832e-19   6173332
  3.278652e+00   8.813056e-18   3.067882e-03   5.422563e-19   6214128
  3.289279e+00   6.352298e-18   3.067306e-03   5.336893e-19   6253874
  3.299910e+00   8.377409e-18   3.069629e-03   5.252652e-19   6300104
  3.310539e+00   7.786488e-18   3.066365e-03   5.177833e-19   6332612
  3.321166e+00   8.136007e-18   3.070240e-03   5.093575e-19   6379768
  3.331797e+00   7.693579e-18   3.068597e-03   5.021733e-19   6418218
  3.342427e+00   7.051608e-18   3.068360e-03   4.948885e-19   6459880
  3.353052e+00   7.245607e-18   3.066116e-03   4.875033e-19   6495652
  3.363680e+00   6.912177e-18   3.070231e-03   4.800877e-19   6545296
  3.374311e+00   7.314546e-18   3.067227e-03   4.733120e-19   6581570
  3.384935e+00   6.788556e-18   3.065246e-03   4.664784e-19   6618960
  3.395556e+00   6.055002e-18   3.067158e-03   4.587547e-19   6663352
  3.406178e+00   6.464064e-18   3.065376e-03   4.521125e-19   6701334
  3.416809e+00   7.051033e-18   3.072512e-03   4.453261e-19   6759920
  3.427444e+00   6.972325e-18   3.067179e-03   4.388921e-19   6789696
  3.438073e+00   7.058646e-18   3.069955e-03   4.327312e-19   6837208
  3.448703e+00   6.356198e-18   3.067492e-03   4.257510e-19   6874966
  3.459333e+00   6.719851e-18   3.068613e-03   4.196268e-19   6920864
  3.469960e+00   7.136690e-18   3.066758e-03   4.134917e-19   6957816
  3.480585e+00   6.826476e-18   3.068144e-03   4.075195e-19   7002232
  3.491208e+00   5.891763e-18   3.066540e-03   4.019541e-19   7043114
  3.501840e+00   5.780222e-18   3.070403e-03   3.955740e-19   7096020
  3.512471e+00   5.053993e-18   3.067394e-03   3.897236e-19   7130640
  3.523097e+00   6.763853e-18   3.068276e-03   3.843134e-19   7175472
  3.533723e+00   6.438674e-18   3.067248e-03   3.792020e-19   7217786
  3.544353e+00   5.975607e-18   3.068999e-03   3.729113e-19   7265564
  3.554979e+00   5.950797e-18   3.066319e-03   3.677090e-19   7301288
  3.565600e+00   5.769281e-18   3.066375e-03   3.625141e-19   7345330
  3.576227e+00   5.704723e-18   3.069052e-03   3.567798e-19   7397048
  3.586856e+00   6.193239e-18   3.067039e-03   3.516040e-19   7435920
  3.597485e+00   5.196923e-18   3.069220e-03   3.465868e-19   7484140
  3.608113e+00   5.834566e-18   3.067643e-03   3.417729e-19   7525578
  3.618741e+00   5.077321e-18   3.067518e-03   3.368325e-19   7571376
  3.629371e+00   5.598991e-18   3.068480e-03   3.317219e-19   7617064
  3.640002e+00   5.408675e-18   3.069456e-03   3.272152e-19   7662092
  3.650627e+00   5.642284e-18   3.066324e-03   3.228472e-19   7699658
  3.661254e+00   4.640855e-18   3.068945e-03   3.177667e-19   7752416
  3.671886e+00   4.853181e-18   3.069408e-03   3.135698e-19   7797776
  3.682511e+00   5.822374e-18   3.065176e-03   3.094343e-19   7831720
  3.693136e+00   4.578483e-18   3.069723e-03   3.044222e-19   7889926
  3.703768e+00   5.186285e-18   3.067981e-03   3.005080e-19   7931480
  3.714397e+00   4.470957e-18   3.068251e-03   2.959616e-19   7976688
  3.725016e+00   4.482408e-18   3.062621e-03   2.919407e-19   8007786
  3.735639e+00   5.136940e-18   3.070332e-03   2.877621e-19   8074564
  3.746275e+00   5.239306e-18   3.070085e-03   2.834405e-19   8118904
  3.756904e+00   4.752893e-18   3.066957e-03   2.797399e-19   8155824
  3.767533e+00   4.964459e-18   3.070641e-03   2.756892e-19   8212802
  3.778161e+00   4.564814e-18   3.065118e-03   2.720241e-19   8245268
  3.788791e+00   4.907997e-18   3.071754e-03   2.675908e-19   8308816
  3.799422e+00   5.097543e-18   3.066301e-03   2.644525e-19   8340304
  3.810044e+00   4.424600e-18   3.066222e-03   2.603393e-19   8387738
  3.820668e+00   4.461422e-18   3.067207e-03   2.571933e-19   8437624
  3.831296e+00   4.731954e-18   3.068826e-03   2.535402e-19   8487796
  3.841921e+00   4.173304e-18   3.066430e-03   2.498852e-19   8527936
  3.852549e+00   4.880715e-18   3.069409e-03   2.460766e-19   8585122
  3.863180e+00   4.151466e-18   3.067925e-03   2.426967e-19   8628200
  3.873811e+00   4.600039e-18   3.069670e-03   2.393538e-19   8679484
  3.884439e+00   4.290973e-18   3.067320e-03   2.362348e-19   8721466
  3.895064e+00   4.558747e-18   3.065795e-03   2.330567e-19   8765840
  3.905692e+00   4.322905e-18   3.070355e-03   2.295846e-19   8825136
  3.916320e+00   4.576260e-18   3.066753e-03   2.267061e-19   8861768
  3.926948e+00   3.825992e-18   3.069321e-03   2.234355e-19   8919278
  3.937577e+00   3.726598e-18   3.066595e-03   2.203347e-19   8961008
  3.948205e+00   4.136800e-18   3.068779e-03   2.172848e-19   9014456
  3.958835e+00   4.302214e-18   3.068818e-03   2.142647e-19   9062240
  3.969465e+00   3.817096e-18   3.068277e-03   2.113540e-19   9110510
  3.980091e+00   4.092629e-18   3.066455e-03   2.087403e-19   9154048
  3.990712e+00   4.034582e-18   3.065703e-03   2.057170e-19   9198928
  4.001336e+00   3.965261e-18   3.068826e-03   2.029433e-19   9257194
  4.011967e+00   3.627682e-18   3.069362e-03   1.999709e-19   9310168
  4.022596e+00   3.910897e-18   3.066324e-03   1.976303e-19   9350316
  4.033222e+00   3.921270e-18   3.069210e-03   1.947040e-19   9407120
  4.043852e+00   3.544006e-18   3.068250e-03   1.919414e-19   9454642
  4.054482e+00   3.292020e-18   3.068405e-03   1.894972e-19   9506272
  4.065111e+00   3.388767e-18   3.067355e-03   1.870239e-19   9551228
  4.075735e+00   3.241182e-18   3.067594e-03   1.844982e-19   9600264
  4.086360e+00   4.157494e-18   3.067530e-03   1.820352e-19   9651458
  4.096991e+00   3.888459e-18   3.070122e-03   1.795759e-19   9711488
  4.107620e+00   3.143181e-18   3.066189e-03   1.771655e-19   9749144
  4.118247e+00   3.573890e-18   3.069033e-03   1.746721e-19   9807908
  4.128876e+00   3.440090e-18   3.067607e-03   1.725220e-19   9854786
  4.139508e+00   3.347149e-18   3.070269e-03   1.700017e-19   9914304
  4.150134e+00   3.136794e-18   3.064668e-03   1.680207e-19   9945544
  4.160753e+00   3.422282e-18   3.066794e-03   1.657111e-19   10003414
  4.171379e+00   3.400374e-18   3.068671e-03   1.634509e-19   10062032
  4.182011e+00   3.181552e-18   3.069142e-03   1.612568e-19   10114792
  4.192645e+00   3.631535e-18   3.070449e-03   1.592702e-19   10169936
  4.203267e+00   3.425967e-18   3.062650e-03   1.573249e-19   10196602
  4.213895e+00   3.075637e-18   3.072265e-03   1.548020e-19   10281156
  4.224526e+00   3.007297e-18   3.065688e-03   1.530886e-19   10309376
  4.235150e+00   3.119140e-18   3.068567e-03   1.507795e-19   10369856
  4.245775e+00   2.710928e-18   3.066063e-03   1.490201e-19   10415370
  4.256404e+00   2.994314e-18   3.070045e-03   1.468692e-19   10481988
  4.267039e+00   3.029491e-18   3.069556e-03   1.449508e-19   10531200
  4.277665e+00   2.748518e-18   3.065408e-03   1.431612e-19   10569416
  4.288289e+00   3.229951e-18   3.068216e-03   1.412342e-19   10633066
  4.298919e+00   2.789831e-18   3.068866e-03   1.394380e-19   10687548
  4.309552e+00   2.834171e-18   3.070419e-03   1.376430e-19   10743968
  4.320180e+00   3.200249e-18   3.065849e-03   1.358840e-19   10782130
  4.330801e+00   2.783316e-18   3.066095e-03   1.341186e-19   10837792
  4.341427e+00   2.529495e-18   3.068321e-03   1.322465e-19   10897368
  4.352058e+00   2.476815e-18   3.069642e-03   1.305361e-19   10953940
  4.362687e+00   2.828856e-18   3.067969e-03   1.288869e-19   11003274
  4.373313e+00   2.961174e-18   3.066343e-03   1.272132e-19   11052800
  4.383943e+00   2.582727e-18   3.070099e-03   1.256678e-19   11118176
  4.394573e+00   2.753536e-18   3.067934e-03   1.241457e-19   11162268
  4.405196e+00   2.730824e-18   3.066117e-03   1.225558e-19   11211458
  4.415820e+00   2.360080e-18   3.067310e-03   1.209244e-19   11271888
  4.426448e+00   2.632939e-18   3.068640e-03   1.193124e-19   11329304
  4.437073e+00   2.315510e-18   3.066385e-03   1.178327e-19   11375026
  4.447701e+00   2.464400e-18   3.069261e-03   1.162704e-19   11442532
  4.458330e+00   2.612431e-18   3.066551e-03   1.150915e-19   11487264
  4.468957e+00   2.407812e-18   3.068098e-03   1.133733e-19   11545680
  4.479587e+00   2.220237e-18   3.069842e-03   1.118598e-19   11607058
  4.490221e+00   2.609673e-18   3.069925e-03   1.104908e-19   11664300
  4.500851e+00   2.679476e-18   3.066963e-03   1.091198e-19   11707488
  4.511474e+00   2.313858e-18   3.066617e-03   1.077452e-19   11759536
  4.522104e+00   2.310766e-18   3.071176e-03   1.063196e-19   11833690
  4.532737e+00   2.099071e-18   3.067542e-03   1.050593e-19   11877808
  4.543362e+00   2.210351e-18   3.065778e-03   1.038737e-19   11925836
  4.553987e+00   2.435364e-18   3.068899e-03   1.023715e-19   11992168
  4.564616e+00   2.363733e-18   3.067784e-03   1.011681e-19   12044554
  4.575242e+00   2.464605e-18   3.067168e-03   9.994354e-20   12098976
  4.585865e+00   2.196285e-18   3.066173e-03   9.870466e-20   12149996
  4.596487e+00   2.062098e-18   3.067038e-03   9.743384e-20   12209594
  4.607117e+00   2.228005e-18   3.069983e-03   9.618843e-20   12279272
  4.617752e+00   2.129513e-18   3.070004e-03   9.505492e-20   12336072
  4.628383e+00   2.130621e-18   3.067416e-03   9.390039e-20   12381744
  4.639009e+00   2.245876e-18   3.068068e-03   9.268273e-20   12441590
  4.649637e+00   2.167339e-18   3.067557e-03   9.152821e-20   12497256
  4.660262e+00   2.130101e-18   3.066825e-03   9.040241e-20   12550032
  4.670884e+00   1.960055e-18   3.066185e-03   8.930986e-20   12603936
  4.681508e+00   1.974337e-18   3.068111e-03   8.824943e-20   12671230
  4.692142e+00   2.184459e-18   3.070828e-03   8.712211e-20   12740920
  4.702775e+00   1.921113e-18   3.067767e-03   8.610481e-20   12784560
  4.713398e+00   1.913570e-18   3.065894e-03   8.510666e-20   12834176
  4.724025e+00   2.002182e-18   3.069663e-03   8.403644e-20   12909006
  4.734656e+00   1.922391e-18   3.068089e-03   8.296902e-20   12959680
  4.745283e+00   2.057953e-18   3.067551e-03   8.203068e-20   13014232
  4.755909e+00   2.034173e-18   3.068154e-03   8.100763e-20   13076514
  4.766534e+00   1.879461e-18   3.065684e-03   8.004117e-20   13127112
  4.777164e+00   1.992265e-18   3.070665e-03   7.899734e-20   13205852
  4.787797e+00   1.503446e-18   3.068206e-03   7.804316e-20   13252032
  4.798423e+00   1.441671e-18   3.066967e-03   7.715772e-20   13307450
  4.809051e+00   1.778899e-18   3.068506e-03   7.630498e-20   13374160
  4.819680e+00   1.711918e-18   3.067567e-03   7.534824e-20   13426348
  4.830308e+00   1.869872e-18   3.069633e-03   7.442178e-20   13492760
  4.840934e+00   1.718597e-18   3.066142e-03   7.363614e-20   13539546
  4.851560e+00   1.579188e-18   3.068338e-03   7.261996e-20   13610704
  4.862187e+00   1.583919e-18   3.066835e-03   7.181126e-20   13662024
  4.872813e+00   1.570426e-18   3.068248e-03   7.097735e-20   13727492
  4.883443e+00   1.802217e-18   3.069111e-03   7.011913e-20   13793394
  4.894073e+00   1.598335e-18   3.067154e-03   6.929599e-20   13844456
  4.904699e+00   1.670326e-18   3.067927e-03   6.848357e-20   13905184
  4.915325e+00   1.506539e-18   3.067971e-03   6.771608e-20   13965958
  4.925951e+00   1.647907e-18   3.067148e-03   6.690727e-20   14025192
  4.936580e+00   1.513756e-18   3.068951e-03   6.606811e-20   14093768
  4.947211e+00   1.694230e-18   3.068454e-03   6.541650e-20   14150440
  4.957840e+00   1.561958e-18   3.068630e-03   6.459563e-20   14213450
  4.968468e+00   1.586349e-18   3.066726e-03   6.380612e-20   14267036
  4.979095e+00   1.539370e-18   3.068568e-03   6.313958e-20   14335032
  4.989722e+00   1.614619e-18   3.067092e-03   6.240013e-20   14387664
  5.000347e+00   1.457111e-18   3.068270e-03   6.166733e-20   14455698
  5.010977e+00   1.567137e-18   3.068677e-03   6.095445e-20   14520452
  5.021607e+00   1.602869e-18   3.068497e-03   6.023767e-20   14580272
  5.032232e+00   1.454242e-18   3.065614e-03   5.964134e-20   14628050
  5.042860e+00   1.575750e-18   3.070982e-03   5.892157e-20   14716744
  5.053489e+00   1.463769e-18   3.065407e-03   5.822092e-20   14751712
  5.064115e+00   1.435262e-18   3.069456e-03   5.759235e-20   14831620
  5.074740e+00   1.529211e-18   3.065470e-03   5.698309e-20   14875522
  5.085366e+00   1.381822e-18   3.068961e-03   5.632741e-20   14956720
  5.095994e+00   1.486411e-18   3.066998e-03   5.567195e-20   15008272
  5.106620e+00   1.403817e-18   3.067783e-03   5.503894e-20   15073780
  5.117248e+00   1.342813e-18   3.069002e-03   5.442611e-20   15144866
  5.127883e+00   1.432219e-18   3.070052e-03   5.381960e-20   15213872
  5.138515e+00   1.435061e-18   3.067931e-03   5.322708e-20   15263976
  5.149140e+00   1.428520e-18   3.066723e-03   5.267998e-20   15320236
  5.159767e+00   1.306899e-18   3.069367e-03   5.207203e-20   15398322
  5.170396e+00   1.223022e-18   3.067121e-03   5.154084e-20   15450864
  5.181021e+00   1.423963e-18   3.067373e-03   5.096268e-20   15513888
  5.191645e+00   1.343123e-18   3.066596e-03   5.040926e-20   15574626
  5.202274e+00   1.375703e-18   3.069893e-03   4.984884e-20   15657956
  5.212904e+00   1.337001e-18   3.066736e-03   4.932458e-20   15704248
  5.223531e+00   1.374765e-18   3.068512e-03   4.879087e-20   15774824
  5.234161e+00   1.277783e-18   3.069354e-03   4.818776e-20   15844898
  5.244790e+00   1.362547e-18   3.066994e-03   4.767129e-20   15898956
  5.255415e+00   1.275684e-18   3.067091e-03   4.723145e-20   15961768
  5.266040e+00   1.354171e-18   3.068481e-03   4.674801e-20   16032208
  5.276669e+00   1.255560e-18   3.068464e-03   4.622652e-20   16099530
  5.287295e+00   1.261075e-18   3.065856e-03   4.574786e-20   16152712
  5.297924e+00   1.234000e-18   3.069693e-03   4.524123e-20   16235740
  5.308553e+00   1.278824e-18   3.067725e-03   4.477275e-20   16288856
  5.319183e+00   1.297102e-18   3.069408e-03   4.429870e-20   16365074
  5.329812e+00   1.183182e-18   3.067066e-03   4.386105e-20   16418248
  5.340434e+00   1.167763e-18   3.065573e-03   4.338644e-20   16473180
  5.351058e+00   1.270285e-18   3.069491e-03   4.296421e-20   16560234
  5.361687e+00   1.229966e-18   3.067046e-03   4.250866e-20   16616088
  5.372317e+00   1.331445e-18   3.069133e-03   4.208896e-20   16693264
  5.382948e+00   1.181260e-18   3.068526e-03   4.164389e-20   16753864
  5.393577e+00   1.163042e-18   3.068569e-03   4.124911e-20   16820702
  5.404204e+00   1.241580e-18   3.066887e-03   4.080198e-20   16879288
  5.414832e+00   1.196638e-18   3.068277e-03   4.040729e-20   16951712
  5.425456e+00   1.295836e-18   3.066689e-03   3.999147e-20   17007560
  5.436084e+00   1.211985e-18   3.069534e-03   3.958899e-20   17092086
  5.446713e+00   1.281529e-18   3.067265e-03   3.925044e-20   17148392
  5.457342e+00   1.244066e-18   3.068696e-03   3.880608e-20   17222288
  5.467971e+00   1.227371e-18   3.068089e-03   3.841471e-20   17285096
  5.478597e+00   1.055932e-18   3.066549e-03   3.807334e-20   17344826
  5.489223e+00   1.141309e-18   3.068300e-03   3.769360e-20   17421236
  5.499853e+00   1.117441e-18   3.069479e-03   3.732439e-20   17494160
  5.510478e+00   1.146212e-18   3.065109e-03   3.696719e-20   17538122
  5.521100e+00   1.143278e-18   3.067347e-03   3.662554e-20   17620136
  5.531731e+00   1.176418e-18   3.069687e-03   3.626371e-20   17700428
  5.542362e+00   1.229775e-18   3.068482e-03   3.592690e-20   17760320
  5.552991e+00   1.207997e-18   3.068060e-03   3.558180e-20   17827562
  5.563619e+00   1.210799e-18   3.067912e-03   3.527066e-20   17895488
  5.574247e+00   1.100572e-18   3.068230e-03   3.496628e-20   17963576
  5.584874e+00   1.096218e-18   3.067616e-03   3.460671e-20   18027500
  5.595502e+00   1.112304e-18   3.068831e-03   3.428162e-20   18105650
  5.606129e+00   1.111076e-18   3.066269e-03   3.397983e-20   18160880
  5.616752e+00   1.131602e-18   3.067084e-03   3.370285e-20   18233144
  5.627379e+00   1.149125e-18   3.067872e-03   3.338470e-20   18307310
  5.638008e+00   1.155954e-18   3.068420e-03   3.308365e-20   18381680
  5.648639e+00   1.134702e-18   3.068723e-03   3.279381e-20   18450536
  5.659270e+00   1.162947e-18   3.069549e-03   3.248900e-20   18522128
  5.669897e+00   1.163966e-18   3.067067e-03   3.222524e-20   18578414
  5.680523e+00   1.142036e-18   3.067781e-03   3.192406e-20   18654304
  5.691150e+00   1.183728e-18   3.067639e-03   3.164854e-20   18722304
  5.701780e+00   1.150891e-18   3.069442e-03   3.138288e-20   18802472
  5.712409e+00   1.091272e-18   3.067729e-03   3.114664e-20   18864266
  5.723037e+00   1.061386e-18   3.067347e-03   3.090247e-20   18933260
  5.733662e+00   1.088460e-18   3.066799e-03   3.061975e-20   18997448
  5.744288e+00   1.140748e-18   3.068953e-03   3.035904e-20   19079816
  5.754917e+00   1.098694e-18   3.067744e-03   3.014795e-20   19145330
  5.765545e+00   1.179174e-18   3.067941e-03   2.989028e-20   19218276
  5.776172e+00   1.111720e-18   3.067784e-03   2.963840e-20   19286200
  5.786797e+00   1.151465e-18   3.066457e-03   2.942348e-20   19349738
  5.797427e+00   1.108323e-18   3.070714e-03   2.918913e-20   19450040
  5.808057e+00   1.130061e-18   3.065907e-03   2.899845e-20   19489688
  5.818683e+00   1.151720e-18   3.068803e-03   2.873448e-20   19576868
  5.829310e+00   1.110889e-18   3.067331e-03   2.856903e-20   19640282
  5.839940e+00   1.128832e-18   3.069683e-03   2.829036e-20   19728800
  5.850566e+00   1.101004e-18   3.065237e-03   2.812614e-20   19770152
  5.861190e+00   1.113577e-18   3.068717e-03   2.790789e-20   19863516
  5.871821e+00   1.076646e-18   3.069639e-03   2.770456e-20   19943594
  5.882452e+00   1.067968e-18   3.067597e-03   2.751458e-20   20003440
  5.893081e+00   1.127724e-18   3.068832e-03   2.731952e-20   20081768
  5.903706e+00   1.067625e-18   3.066188e-03   2.713049e-20   20136200
  5.914335e+00   1.088855e-18   3.070449e-03   2.693969e-20   20238094
  5.924964e+00   1.096404e-18   3.066146e-03   2.677808e-20   20282544
  5.935584e+00   1.034266e-18   3.065727e-03   2.660796e-20   20351720
  5.946209e+00   1.022526e-18   3.068474e-03   2.639711e-20   20444714
  5.956838e+00   1.049228e-18   3.067781e-03   2.624301e-20   20515116
  5.967470e+00   1.108376e-18   3.070149e-03   2.607644e-20   20602384
  5.978102e+00   1.041933e-18   3.068165e-03   2.592636e-20   20659872
  5.988728e+00   1.052939e-18   3.067093e-03   2.574881e-20   20727682
  5.999356e+00   1.085827e-18   3.068732e-03   2.560520e-20   20814416
  6.009986e+00   1.032999e-18   3.068153e-03   2.544507e-20   20881100
  6.020612e+00   1.000385e-18   3.068117e-03   2.529945e-20   20953688
  6.031238e+00   1.091625e-18   3.066654e-03   2.519333e-20   21021050
  6.041866e+00   1.111617e-18   3.068891e-03   2.498600e-20   21111632
  6.052496e+00   1.021077e-18   3.068341e-03   2.488893e-20   21179972
  6.063121e+00   1.090933e-18   3.066368e-03   2.474424e-20   21240488
  6.073747e+00   1.080371e-18   3.068419e-03   2.463151e-20   21331418
  6.084375e+00   1.036191e-18   3.067338e-03   2.452295e-20   21397304
  6.095000e+00   1.101537e-18   3.067405e-03   2.437573e-20   21469764
  6.105627e+00   1.082156e-18   3.068819e-03   2.426003e-20   21556122
  6.116254e+00   1.054404e-18   3.066479e-03   2.416407e-20   21618312
  6.126884e+00   1.087891e-18   3.069809e-03   2.403694e-20   21716096
  6.137516e+00   1.028423e-18   3.068719e-03   2.393667e-20   21781352
  6.148144e+00   1.012920e-18   3.067428e-03   2.383016e-20   21848870
  6.158771e+00   1.055622e-18   3.067652e-03   2.372682e-20   21927536
  6.169400e+00   1.055731e-18   3.068795e-03   2.364522e-20   22008944
  6.180028e+00   1.003376e-18   3.067865e-03   2.354326e-20   22076136
  6.190652e+00   1.059865e-18   3.066547e-03   2.350072e-20   22145270
  6.201282e+00   1.031847e-18   3.070373e-03   2.334933e-20   22250960
  6.211913e+00   1.047828e-18   3.066914e-03   2.329033e-20   22300864
  6.222538e+00   9.762380e-19   3.067186e-03   2.318845e-20   22378586
  6.233165e+00   1.035055e-18   3.068261e-03   2.313741e-20   22464104
  6.243795e+00   1.026208e-18   3.068708e-03   2.305901e-20   22542892
  6.254421e+00   1.038764e-18   3.067123e-03   2.298098e-20   22606008
  6.265047e+00   1.063336e-18   3.067919e-03   2.291345e-20   22690002
  6.275673e+00   1.103429e-18   3.066936e-03   2.289686e-20   22762216
  6.286298e+00   1.005643e-18   3.068880e-03   2.268499e-20   22815779
  6.296927e+00   8.171992e-19   3.067733e-03   2.229964e-20   22772312
  6.307555e+00   6.176913e-19   3.067923e-03   2.192002e-20   22733708
  6.318183e+00   6.169338e-19   3.068441e-03   2.152212e-20   22697672
  6.328811e+00   5.423687e-19   3.067507e-03   2.120254e-20   22651460
  6.339438e+00   4.895551e-19   3.068199e-03   2.081993e-20   22616024
  6.350068e+00   4.839504e-19   3.069309e-03   2.049595e-20   22583496
  6.360694e+00   4.119296e-19   3.065960e-03   2.016650e-20   22519252
  6.371317e+00   4.036624e-19   3.067197e-03   1.982327e-20   22488992
  6.381944e+00   3.722761e-19   3.067780e-03   1.952424e-20   22453172
  6.392574e+00   3.515890e-19   3.069105e-03   1.918971e-20   22420584
  6.403204e+00   3.085555e-19   3.068296e-03   1.891301e-20   22371700
  6.413832e+00   3.301230e-19   3.068296e-03   1.859673e-20   22329896
  6.424460e+00   2.821070e-19   3.067512e-03   1.831988e-20   22282876
  6.435088e+00   2.989551e-19   3.068899e-03   1.803316e-20   22250692
  6.445715e+00   2.434714e-19   3.066872e-03   1.775268e-20   22194436
  6.456340e+00   2.637502e-19   3.066996e-03   1.751165e-20   22153540
  6.466968e+00   2.297756e-19   3.068722e-03   1.723489e-20   22122584
  6.477597e+00   2.685296e-19   3.067957e-03   1.695786e-20   22073004
  6.488227e+00   2.407168e-19   3.069406e-03   1.671822e-20   22039640
  6.498854e+00   2.792211e-19   3.066107e-03   1.647749e-20   21971624
  6.509482e+00   2.439183e-19   3.070097e-03   1.623860e-20   21955708
  6.520106e+00   2.546441e-19   3.063845e-03   1.600624e-20   21867720
  6.530733e+00   2.707432e-19   3.071600e-03   1.576325e-20   21878900
  6.541363e+00   2.006924e-19   3.065935e-03   1.554690e-20   21794260
  6.551990e+00   2.434821e-19   3.068881e-03   1.530764e-20   21770256
  6.562619e+00   2.419642e-19   3.068010e-03   1.510875e-20   21718124
  6.573247e+00   2.159815e-19   3.067905e-03   1.489633e-20   21671096
  6.583874e+00   2.121337e-19   3.067932e-03   1.468548e-20   21625412
  6.594503e+00   2.105514e-19   3.069070e-03   1.448128e-20   21587284
  6.605129e+00   2.239533e-19   3.066010e-03   1.429265e-20   21519648
  6.615755e+00   2.176164e-19   3.068792e-03   1.408516e-20   21493344
  6.626384e+00   2.078927e-19   3.067812e-03   1.390260e-20   21439360
  6.637013e+00   2.115503e-19   3.068679e-03   1.371859e-20   21398900
  6.647644e+00   2.034892e-19   3.068668e-03   1.352572e-20   21351488
  6.658271e+00   2.275801e-19   3.066526e-03   1.334458e-20   21288012
  6.668898e+00   1.724005e-19   3.068796e-03   1.317771e-20   21255052
  6.679525e+00   1.888477e-19   3.067400e-03   1.299794e-20   21196928
  6.690151e+00   1.735624e-19   3.067431e-03   1.283356e-20   21149036
  6.700778e+00   1.789636e-19   3.068015e-03   1.266509e-20   21105304
  6.711407e+00   1.847284e-19   3.068524e-03   1.250321e-20   21059992
  6.722038e+00   1.821048e-19   3.069263e-03   1.235457e-20   21014904
  6.732667e+00   1.942702e-19   3.067536e-03   1.218864e-20   20953620
  6.743293e+00   1.887402e-19   3.067478e-03   1.203261e-20   20902948
  6.753920e+00   1.491567e-19   3.068064e-03   1.189644e-20   20856528
  6.764548e+00   1.638358e-19   3.068448e-03   1.173199e-20   20808868
  6.775174e+00   1.699840e-19   3.066599e-03   1.160080e-20   20746700
  6.785798e+00   1.882607e-19   3.066925e-03   1.145031e-20   20699040
  6.796428e+00   1.644389e-19   3.069860e-03   1.128935e-20   20667584
  6.807054e+00   1.551922e-19   3.064988e-03   1.117940e-20   20583320
  6.817679e+00   1.680631e-19   3.069606e-03   1.103136e-20   20562728
  6.828310e+00   1.616231e-19   3.067915e-03   1.089832e-20   20499120
  6.838938e+00   1.697931e-19   3.068337e-03   1.076821e-20   20448668
  6.849566e+00   1.492986e-19   3.068077e-03   1.064117e-20   20394408
  6.860195e+00   1.524003e-19   3.068320e-03   1.051998e-20   20344236
  6.870823e+00   1.524756e-19   3.067630e-03   1.039535e-20   20287988
  6.881451e+00   1.465487e-19   3.068044e-03   1.027171e-20   20237280
  6.892077e+00   1.382581e-19   3.067320e-03   1.014974e-20   20178328
  6.902707e+00   1.551618e-19   3.069652e-03   1.003338e-20   20139844
  6.913336e+00   1.249272e-19   3.067174e-03   9.927385e-21   20069748
  6.923962e+00   1.545172e-19   3.067514e-03   9.805955e-21   20016800
  6.934587e+00   1.457795e-19   3.067642e-03   9.690747e-21   19962224
  6.945217e+00   1.338730e-19   3.069885e-03   9.584904e-21   19923568
  6.955848e+00   1.402254e-19   3.067490e-03   9.483691e-21   19854300
  6.966474e+00   1.325469e-19   3.067154e-03   9.381085e-21   19797056
  6.977101e+00   1.683787e-19   3.067706e-03   9.272884e-21   19744940
  6.987728e+00   1.503334e-19   3.068174e-03   9.171615e-21   19691768
  6.998356e+00   1.259768e-19   3.067321e-03   9.067363e-21   19629548
  7.008982e+00   1.318113e-19   3.067740e-03   8.963679e-21   19575480
  7.019610e+00   1.220282e-19   3.068413e-03   8.870709e-21   19523296
  7.030241e+00   1.562571e-19   3.069533e-03   8.779526e-21   19474344
  7.040867e+00   9.970783e-20   3.065611e-03   8.686912e-21   19392868
  7.051493e+00   1.284776e-19   3.069073e-03   8.588391e-21   19356176
  7.062123e+00   1.423443e-19   3.068592e-03   8.502756e-21   19294916
  7.072754e+00   1.152273e-19   3.069110e-03   8.412306e-21   19240856
  7.083382e+00   1.400447e-19   3.067066e-03   8.325933e-21   19170884
  7.094007e+00   1.418210e-19   3.066966e-03   8.235712e-21   19111352
  7.104633e+00   1.296165e-19   3.068278e-03   8.147412e-21   19060016
  7.115261e+00   1.138397e-19   3.067998e-03   8.063985e-21   18999752
  7.125886e+00   1.282387e-19   3.066210e-03   7.993073e-21   18930272
  7.136511e+00   1.077686e-19   3.068009e-03   7.905031e-21   18882340
  7.147141e+00   1.296410e-19   3.069133e-03   7.820006e-21   18829056
  7.157770e+00   1.180334e-19   3.067293e-03   7.751759e-21   18757640
  7.168398e+00   1.473115e-19   3.069197e-03   7.669308e-21   18709036
  7.179027e+00   9.918566e-20   3.067378e-03   7.596839e-21   18637668
  7.189656e+00   1.245891e-19   3.069146e-03   7.513520e-21   18587048
  7.200283e+00   9.445160e-20   3.066626e-03   7.440373e-21   18510972
  7.210909e+00   1.231045e-19   3.067730e-03   7.377789e-21   18456692
  7.221535e+00   1.108148e-19   3.067567e-03   7.302557e-21   18394084
  7.232164e+00   1.174654e-19   3.069110e-03   7.231365e-21   18341352
  7.242794e+00   1.010616e-19   3.068234e-03   7.162776e-21   18273884
  7.253423e+00   1.120726e-19   3.068036e-03   7.094110e-21   18211148
  7.264048e+00   1.112358e-19   3.066171e-03   7.029533e-21   18137692
  7.274674e+00   1.050213e-19   3.069088e-03   6.959267e-21   18091580
  7.285305e+00   1.179841e-19   3.068515e-03   6.893314e-21   18024560
  7.295932e+00   1.079216e-19   3.067362e-03   6.831052e-21   17955116
  7.306559e+00   1.105700e-19   3.067637e-03   6.765599e-21   17893232
  7.317187e+00   9.002193e-20   3.068343e-03   6.710393e-21   17832620
  7.327816e+00   9.079350e-20   3.068327e-03   6.648156e-21   17767864
  7.338445e+00   9.201860e-20   3.068809e-03   6.590780e-21   17706956
  7.349073e+00   8.559415e-20   3.066947e-03   6.525985e-21   17632632
  7.359699e+00   9.052879e-20   3.068061e-03   6.466585e-21   17573524
  7.370327e+00   8.059972e-20   3.067901e-03   6.410660e-21   17506380
  7.380954e+00   9.434806e-20   3.068207e-03   6.353037e-21   17442548
  7.391580e+00   9.041759e-20   3.066528e-03   6.300705e-21   17368556
  7.402208e+00   1.084396e-19   3.069314e-03   6.242688e-21   17318260
  7.412837e+00   9.342099e-20   3.067939e-03   6.188741e-21   17243792
  7.423463e+00   7.342344e-20   3.066549e-03   6.137941e-21   17169716
  7.434088e+00   8.592472e-20   3.067759e-03   6.085614e-21   17109768
  7.444715e+00   8.308396e-20   3.068012e-03   6.034322e-21   17044064
  7.455345e+00   7.191174e-20   3.068894e-03   5.983916e-21   16981560
  7.465972e+00   8.644408e-20   3.066680e-03   5.936883e-21   16902264
  7.476600e+00   7.826796e-20   3.069499e-03   5.884784e-21   16849940
  7.487230e+00   8.607644e-20   3.067461e-03   5.836059e-21   16770600
  7.497858e+00   7.993146e-20   3.068497e-03   5.785278e-21   16707512
  7.508485e+00   6.935989e-20   3.067634e-03   5.741601e-21   16634480
  7.519114e+00   7.420664e-20   3.068242e-03   5.700428e-21   16569424
  7.529741e+00   7.021377e-20   3.067751e-03   5.648952e-21   16497216
  7.540372e+00   7.041044e-20   3.069501e-03   5.606076e-21   16436416
  7.550999e+00   6.598628e-20   3.067032e-03   5.557606e-21   16353532
  7.561624e+00   6.503247e-20   3.067126e-03   5.521454e-21   16284908
  7.572251e+00   6.679576e-20   3.068426e-03   5.472241e-21   16221948
  7.582881e+00   7.803023e-20   3.068614e-03   5.434238e-21   16152552
  7.593510e+00   7.194626e-20   3.068122e-03   5.395036e-21   16078864
  7.604137e+00   6.589592e-20   3.067536e-03   5.348795e-21   16005296
  7.614766e+00   8.376865e-20   3.068300e-03   5.312001e-21   15938220
  7.625392e+00   6.701688e-20   3.066841e-03   5.274748e-21   15858440
  7.636016e+00   7.763629e-20   3.067373e-03   5.235095e-21   15789252
  7.646642e+00   7.549123e-20   3.067548e-03   5.197748e-21   15718944
  7.657269e+00   6.149868e-20   3.067947e-03   5.157204e-21   15648652
  7.667899e+00   6.315287e-20   3.069201e-03   5.118932e-21   15581944
  7.678531e+00   8.079049e-20   3.069010e-03   5.081352e-21   15508744
  7.689158e+00   6.031253e-20   3.066436e-03   5.049956e-21   15422472
  7.699784e+00   6.971314e-20   3.068878e-03   5.012387e-21   15361536
  7.710413e+00   7.004474e-20   3.067494e-03   4.976874e-21   15281048
  7.721038e+00   6.900409e-20   3.067557e-03   4.947272e-21   15207752
  7.731666e+00   6.423446e-20   3.067687e-03   4.912500e-21   15134800
  7.742292e+00   6.846622e-20   3.067594e-03   4.874630e-21   15059664
  7.752920e+00   5.560841e-20   3.068106e-03   4.845146e-21   14987020
  7.763550e+00   6.508974e-20   3.069757e-03   4.810102e-21   14919936
  7.774179e+00   6.549179e-20   3.066979e-03   4.785576e-21   14831776
  7.784807e+00   6.537451e-20   3.069197e-03   4.754992e-21   14767552
  7.795435e+00   7.094792e-20   3.066309e-03   4.722601e-21   14678336
  7.806062e+00   5.907053e-20   3.069079e-03   4.690291e-21   14615044
  7.816690e+00   6.954617e-20   3.067275e-03   4.662878e-21   14530200
  7.827317e+00   7.405849e-20   3.067927e-03   4.637030e-21   14457000
  7.837945e+00   6.457317e-20   3.068558e-03   4.603653e-21   14383440
  7.848573e+00   6.695312e-20   3.067003e-03   4.577198e-21   14299516
  7.859199e+00   6.409195e-20   3.067899e-03   4.558382e-21   14226024
  7.869825e+00   5.987471e-20   3.067223e-03   4.524960e-21   14145048
  7.880455e+00   6.951434e-20   3.070446e-03   4.497091e-21   14082144
  7.891083e+00   6.573072e-20   3.065393e-03   4.473472e-21   13981640
  7.901708e+00   5.832181e-20   3.068688e-03   4.448436e-21   13918460
  7.912338e+00   6.869490e-20   3.068702e-03   4.423457e-21   13839752
  7.922969e+00   5.333368e-20   3.069182e-03   4.395309e-21   13762736
  7.933598e+00   5.271791e-20   3.067868e-03   4.370222e-21   13677980
  7.944225e+00   6.451112e-20   3.067250e-03   4.348704e-21   13596196
  7.954850e+00   7.637738e-20   3.067470e-03   4.325504e-21   13517736
  7.965475e+00   8.289518e-20   3.066448e-03   4.303130e-21   13433184
  7.976100e+00   6.808163e-20   3.068623e-03   4.276803e-21   13362296
  7.986730e+00   6.281146e-20   3.068494e-03   4.257966e-21   13281376
  7.997360e+00   5.776075e-20   3.069113e-03   4.239253e-21   13203336
  8.007987e+00   6.534302e-20   3.066719e-03   4.217259e-21   13113016
  8.018613e+00   6.070878e-20   3.067735e-03   4.191531e-21   13036400
  8.029240e+00   6.291613e-20   3.067468e-03   4.173902e-21   12953648
  8.039869e+00   6.367586e-20   3.069185e-03   4.156903e-21   12879016
  8.050498e+00   5.420672e-20   3.067538e-03   4.136849e-21   12790124
  8.061127e+00   6.163600e-20   3.068996e-03   4.114454e-21   12714152
  8.071753e+00   6.123687e-20   3.066076e-03   4.098870e-21   12619608
  8.082379e+00   7.239531e-20   3.068682e-03   4.078266e-21   12547232
  8.093011e+00   5.307268e-20   3.070245e-03   4.061745e-21   12470568
  8.103638e+00   5.789479e-20   3.065215e-03   4.044349e-21   12368136
  8.114264e+00   5.757093e-20   3.069116e-03   4.023764e-21   12300504
  8.124894e+00   6.615169e-20   3.068128e-03   4.010114e-21   12212172
  8.135522e+00   5.852559e-20   3.067779e-03   3.995712e-21   12126228
  8.146149e+00   5.067964e-20   3.068089e-03   3.974795e-21   12043352
  8.156778e+00   6.452932e-20   3.068301e-03   3.959057e-21   11959896
  8.167401e+00   5.921429e-20   3.065268e-03   3.947250e-21   11863804
  8.178026e+00   4.979674e-20   3.068937e-03   3.930808e-21   11792812
  8.188656e+00   5.554506e-20   3.068597e-03   3.920055e-21   11705392
  8.199283e+00   5.407332e-20   3.066984e-03   3.902783e-21   11613836
  8.209914e+00   5.173374e-20   3.070536e-03   3.887370e-21   11541532
  8.220543e+00   7.075904e-20   3.066346e-03   3.878823e-21   11440232
  8.231170e+00   4.663094e-20   3.068846e-03   3.862752e-21   11363008
  8.241796e+00   5.433848e-20   3.066631e-03   3.848750e-21   11267848
  8.252424e+00   4.918194e-20   3.069306e-03   3.838351e-21   11190640
  8.263054e+00   5.498115e-20   3.068558e-03   3.827032e-21   11101084
  8.273680e+00   5.143559e-20   3.065604e-03   3.815848e-21   11003284
  8.284304e+00   4.832292e-20   3.068360e-03   3.801654e-21   10925424
  8.294932e+00   5.491359e-20   3.067667e-03   3.793027e-21   10834724
  8.305560e+00   4.927798e-20   3.068711e-03   3.776543e-21   10750156
  8.316186e+00   4.965357e-20   3.066587e-03   3.770212e-21   10655280
  8.326811e+00   4.915253e-20   3.067310e-03   3.761625e-21   10569120
  8.337437e+00   5.339864e-20   3.067168e-03   3.749359e-21   10479672
  8.348070e+00   5.549043e-20   3.071527e-03   3.743164e-21   10404504
  8.358704e+00   4.831456e-20   3.068456e-03   3.732466e-21   10304108
  8.369331e+00   5.376179e-20   3.066991e-03   3.722445e-21   10209940
  8.379958e+00   5.852549e-20   3.068937e-03   3.714196e-21   10126584
  8.390585e+00   5.525720e-20   3.066106e-03   3.707412e-21   10027064
  8.401210e+00   3.473449e-20   3.068731e-03   3.698518e-21   9945072
  8.411836e+00   4.438114e-20   3.065849e-03   3.688921e-21   9844764
  8.422464e+00   5.069634e-20   3.070904e-03   3.679705e-21   9769940
  8.433095e+00   4.499854e-20   3.066721e-03   3.678714e-21   9666072
  8.443721e+00   4.351596e-20   3.067629e-03   3.668546e-21   9577112
  8.454348e+00   4.581847e-20   3.067871e-03   3.655916e-21   9485848
  8.464977e+00   5.108868e-20   3.068818e-03   3.658183e-21   9396136
  8.475607e+00   5.742743e-20   3.068947e-03   3.648647e-21   9304408
  8.486231e+00   4.215821e-20   3.064605e-03   3.643487e-21   9199028
  8.496854e+00   3.623626e-20   3.068671e-03   3.639845e-21   9118288
  8.507481e+00   5.017494e-20   3.066868e-03   3.626030e-21   9019624
  8.518111e+00   4.504121e-20   3.070919e-03   3.625897e-21   8937420
  8.528743e+00   4.067448e-20   3.067653e-03   3.614371e-21   8835200
  8.539369e+00   5.176300e-20   3.066847e-03   3.615297e-21   8739332
  8.549995e+00   4.451868e-20   3.067747e-03   3.605656e-21   8648112
  8.560624e+00   4.416665e-20   3.067898e-03   3.601897e-21   8553372
  8.571253e+00   3.828368e-20   3.069319e-03   3.598104e-21   8461944
  8.581883e+00   3.777058e-20   3.068067e-03   3.586546e-21   8363348
  8.592509e+00   3.632109e-20   3.067870e-03   3.583278e-21   8267792
  8.603135e+00   4.057881e-20   3.066599e-03   3.580371e-21   8169380
  8.613762e+00   3.862424e-20   3.069517e-03   3.575587e-21   8081008
  8.624389e+00   4.016241e-20   3.065774e-03   3.559173e-21   7975632
  8.635016e+00   3.020661e-20   3.069603e-03   3.563416e-21   7889116
  8.645643e+00   3.440240e-20   3.066011e-03   3.554305e-21   7784008
  8.656270e+00   4.012677e-20   3.068709e-03   3.553142e-21   7693848
  8.666897e+00   4.410959e-20   3.067011e-03   3.547092e-21   7592468
  8.677525e+00   3.054551e-20   3.068931e-03   3.538374e-21   7499076
  8.688155e+00   3.381024e-20   3.069474e-03   3.533360e-21   7402880
  8.698786e+00   2.930906e-20   3.067607e-03   3.525133e-21   7300768
  8.709411e+00   3.601229e-20   3.067652e-03   3.517791e-21   7203316
  8.720032e+00   3.044989e-20   3.063689e-03   3.503554e-21   7095724
  8.730662e+00   3.374877e-20   3.073665e-03   3.503133e-21   7019608
  8.741295e+00   3.139707e-20   3.065344e-03   3.486308e-21   6901916
  8.751922e+00   3.706683e-20   3.069704e-03   3.486444e-21   6812952
  8.762548e+00   2.180291e-20   3.065523e-03   3.463234e-21   6704548
  8.773175e+00   2.951938e-20   3.068967e-03   3.456684e-21   6612168
  8.783803e+00   4.279115e-20   3.067598e-03   3.439896e-21   6508628
  8.794433e+00   2.485720e-20   3.069277e-03   3.423069e-21   6412072
  8.805059e+00   2.854643e-20   3.066868e-03   3.408869e-21   6306660
  8.815685e+00   1.902768e-20   3.067492e-03   3.393887e-21   6207592
  8.826308e+00   2.247758e-20   3.066222e-03   3.372044e-21   6103860
  8.836934e+00   2.306315e-20   3.068576e-03   3.341061e-21   6007184
  8.847563e+00   2.128729e-20   3.068782e-03   3.322278e-21   5905660
  8.858194e+00   2.234460e-20   3.069160e-03   3.284720e-21   5805132
  8.868823e+00   2.496709e-20   3.067313e-03   3.256960e-21   5700008
  8.879446e+00   1.113948e-20   3.065734e-03   3.224384e-21   5594856
  8.890075e+00   9.708785e-21   3.070306e-03   3.185830e-21   5502341
  8.900707e+00   1.520765e-20   3.068193e-03   3.155836e-21   5404852
  8.911333e+00   1.017896e-20   3.066920e-03   3.123882e-21   5313930
  8.921960e+00   1.768580e-20   3.068151e-03   3.103292e-21   5230396
  8.932587e+00   1.633563e-20   3.067037e-03   3.078186e-21   5145158
  8.943214e+00   1.095605e-20   3.067644e-03   3.058205e-21   5064506
  8.953844e+00   1.988350e-20   3.070354e-03   3.043376e-21   4989464
  8.964475e+00   3.263262e-21   3.067471e-03   3.021988e-21   4907486
  8.975102e+00   1.293175e-20   3.067454e-03   3.002819e-21   4831952
  8.985729e+00   1.668578e-20   3.067333e-03   2.987265e-21   4757392
  8.996357e+00   1.389547e-20   3.068563e-03   2.971075e-21   4685902
  9.006985e+00   1.512503e-20   3.067839e-03   2.946551e-21   4612826
  9.017611e+00   1.721310e-20   3.067647e-03   2.935485e-21   4542436
  9.028240e+00   1.457545e-20   3.068771e-03   2.921641e-21   4475408
  9.038866e+00   1.353387e-20   3.065432e-03   2.904407e-21   4402686
  9.049492e+00   2.116382e-20   3.069222e-03   2.895198e-21   4340854
  9.060123e+00   1.233519e-20   3.068666e-03   2.873970e-21   4273862
  9.070751e+00   2.094954e-20   3.068093e-03   2.865011e-21   4208538
  9.081377e+00   1.468631e-20   3.066329e-03   2.852335e-21   4142584
  9.092002e+00   1.593062e-20   3.067445e-03   2.836330e-21   4081232
  9.102629e+00   1.367062e-20   3.068061e-03   2.827037e-21   4019668
  9.113260e+00   2.103686e-20   3.070507e-03   2.820258e-21   3961416
  9.123892e+00   1.722625e-20   3.068468e-03   2.809449e-21   3898848
  9.134518e+00   1.119562e-20   3.065914e-03   2.794495e-21   3836718
  9.145140e+00   1.174489e-20   3.066518e-03   2.792926e-21   3779272
  9.155765e+00   1.466783e-20   3.066689e-03   2.782256e-21   3721434
  9.166394e+00   2.114633e-20   3.070316e-03   2.765892e-21   3668198
  9.177028e+00   1.193370e-20   3.069776e-03   2.763920e-21   3611346
  9.187656e+00   6.778784e-21   3.066455e-03   2.754349e-21   3552442
  9.198281e+00   1.415665e-20   3.067337e-03   2.741601e-21   3498908
  9.208908e+00   1.438413e-20   3.067980e-03   2.738823e-21   3445382
  9.219536e+00   1.528569e-20   3.068389e-03   2.733777e-21   3392244
  9.230165e+00   8.406776e-21   3.068360e-03   2.719000e-21   3339634
  9.240792e+00   1.494509e-20   3.067248e-03   2.716378e-21   3286752
  9.251416e+00   1.585851e-20   3.065818e-03   2.708210e-21   3234180
  9.262040e+00   1.276645e-20   3.067094e-03   2.701563e-21   3184556
  9.272670e+00   1.155107e-20   3.070362e-03   2.701667e-21   3137238
  9.283304e+00   1.011962e-20   3.070377e-03   2.699808e-21   3087670
  9.293936e+00   8.628141e-21   3.068566e-03   2.694084e-21   3037460
  9.304560e+00   3.121374e-21   3.064548e-03   2.683515e-21   2985736
  9.315180e+00   9.521894e-21   3.066413e-03   2.679760e-21   2939708
  9.325811e+00   9.042970e-21   3.071553e-03   2.674506e-21   2897012
  9.336443e+00   4.126791e-21   3.067620e-03   2.675785e-21   2846890
  9.347067e+00   9.803136e-21   3.065693e-03   2.678161e-21   2799588
  9.357689e+00   1.084521e-20   3.066395e-03   2.665234e-21   2754954
  9.368315e+00   1.112233e-20   3.068270e-03   2.665083e-21   2711500
  9.378948e+00   9.389126e-21   3.070601e-03   2.663071e-21   2669006
  9.389576e+00   1.434459e-20   3.065837e-03   2.663540e-21   2621264
  9.400202e+00   1.086473e-20   3.068913e-03   2.664201e-21   2580726
  9.410830e+00   1.151676e-20   3.067141e-03   2.656488e-21   2536470
  9.421456e+00   1.204790e-20   3.067445e-03   2.660367e-21   2494370
  9.432084e+00   1.251855e-20   3.068834e-03   2.657605e-21   2453556
  9.442716e+00   3.106993e-21   3.070117e-03   2.658465e-21   2413246
  9.453347e+00   1.113718e-20   3.067994e-03   2.653059e-21   2370914
  9.463973e+00   5.665041e-21   3.067217e-03   2.651873e-21   2330126
  9.474601e+00   1.353998e-20   3.068570e-03   2.663019e-21   2291406
  9.485227e+00   1.138706e-20   3.066158e-03   2.661699e-21   2250410
  9.495850e+00   1.182291e-20   3.066006e-03   2.651681e-21   2211486
  9.506474e+00   1.299708e-20   3.067734e-03   2.661563e-21   2174194
  9.517102e+00   1.104324e-20   3.068176e-03   2.664126e-21   2136416
  9.527733e+00   9.067468e-21   3.069929e-03   2.670577e-21   2100070
  9.538360e+00   1.050204e-20   3.065560e-03   2.666045e-21   2060026
  9.548986e+00   1.171652e-20   3.069362e-03   2.670627e-21   2025910
  9.559615e+00   1.219615e-20   3.067530e-03   2.670140e-21   1988576
  9.570241e+00   9.848152e-21   3.067060e-03   2.679690e-21   1952610
  9.580867e+00   9.117746e-21   3.067361e-03   2.681475e-21   1917470
  9.591493e+00   1.556444e-20   3.067399e-03   2.687422e-21   1882484
  9.602120e+00   9.846054e-21   3.068076e-03   2.695105e-21   1848262
  9.612753e+00   1.358582e-20   3.071327e-03   2.695432e-21   1816024
  9.623386e+00   1.151927e-20   3.068076e-03   2.702568e-21   1780418
  9.634012e+00   1.028270e-20   3.067038e-03   2.711441e-21   1746576
  9.644639e+00   8.856166e-21   3.068628e-03   2.708192e-21   1714622
  9.655268e+00   1.295783e-20   3.067669e-03   2.725323e-21   1681692
  9.665895e+00   1.382677e-20   3.067468e-03   2.725176e-21   1649574
  9.676515e+00   1.236819e-20   3.063511e-03   2.728742e-21   1615788
  9.687137e+00   1.122584e-20   3.068656e-03   2.737174e-21   1587064
  9.697769e+00   1.660597e-20   3.069826e-03   2.752576e-21   1556598
  9.708400e+00   1.336775e-20   3.068471e-03   2.761029e-21   1525380
  9.719030e+00   1.297812e-20   3.068670e-03   2.768772e-21   1495360
  9.729656e+00   6.752756e-21   3.066126e-03   2.776869e-21   1464370
  9.740281e+00   1.364075e-20   3.067601e-03   2.789241e-21   1435656
  9.750907e+00   1.343527e-20   3.067002e-03   2.799007e-21   1406304
  9.761532e+00   1.758919e-20   3.067147e-03   2.821323e-21   1377628
  9.772159e+00   1.347482e-20   3.068370e-03   2.821790e-21   1349744
  9.782788e+00   1.505629e-20   3.068343e-03   2.836770e-21   1321682
  9.793418e+00   1.049660e-20   3.069098e-03   2.838698e-21   1294376
  9.804048e+00   7.269868e-21   3.068140e-03   2.865809e-21   1266768
  9.814673e+00   -1.547323e-21   3.066275e-03   2.881545e-21   1239172
  9.825295e+00   1.012423e-20   3.065238e-03   2.887996e-21   1212224
  9.835918e+00   1.577314e-20   3.067386e-03   2.903602e-21   1186796
  9.846547e+00   1.233184e-20   3.069034e-03   2.921203e-21   1161432
  9.857176e+00   9.764955e-21   3.067927e-03   2.937831e-21   1135408
  9.867804e+00   1.480478e-20   3.068239e-03   2.953748e-21   1110324
  9.878434e+00   5.838136e-21   3.068926e-03   2.971189e-21   1085680
  9.889062e+00   1.413278e-20   3.066842e-03   2.985958e-21   1060364
  9.899688e+00   7.679069e-21   3.068767e-03   3.006935e-21   1036736
  9.910321e+00   1.358591e-20   3.070562e-03   3.024642e-21   1013388
  9.920951e+00   9.675805e-21   3.066769e-03   3.045969e-21   988656
  9.931575e+00   1.287146e-20   3.066738e-03   3.067420e-21   965530
  9.942197e+00   1.392101e-20   3.064855e-03   3.086178e-21   942100
  9.952819e+00   1.178814e-20   3.066142e-03   3.110207e-21   919888
  9.963442e+00   1.620261e-20   3.066491e-03   3.136030e-21   897628
  9.974067e+00   1.127949e-20   3.067504e-03   3.144192e-21   875856
  9.984696e+00   1.272917e-20   3.069599e-03   3.175972e-21   854736
  9.995330e+00   1.421055e-20   3.070044e-03   3.210188e-21   833510
  1.000596e+01   8.304478e-21   3.068120e-03   3.235283e-21   811976
  1.001659e+01   9.045125e-21   3.066566e-03   3.270082e-21   790844
  1.002721e+01   -4.079716e-21   3.066302e-03   3.280582e-21   770320
  1.003784e+01   1.051982e-20   3.069162e-03   3.317822e-21   750838
  1.004847e+01   1.052784e-20   3.068729e-03   3.352106e-21   730864
  1.005909e+01   9.856479e-21   3.067039e-03   3.381187e-21   710984
  1.006972e+01   5.689530e-21   3.067274e-03   3.412603e-21   691894
  1.008035e+01   7.637730e-21   3.066106e-03   3.443543e-21   672776
  1.009097e+01   1.673194e-20   3.067065e-03   3.498781e-21   654372
  1.010160e+01   6.028164e-21   3.065537e-03   3.520494e-21   635682
  1.011222e+01   1.057093e-20   3.064886e-03   3.566421e-21   617460
  1.012284e+01   1.125710e-20   3.066767e-03   3.609164e-21   600024
  1.013346e+01   2.094404e-21   3.068404e-03   3.648884e-21   582830
  1.014410e+01   8.260463e-21   3.070337e-03   3.668436e-21   566000
  1.015473e+01   1.746979e-20   3.066543e-03   3.730607e-21   548458
  1.016535e+01   1.060501e-20   3.067619e-03   3.782484e-21   532084
  1.017598e+01   1.201330e-20   3.065740e-03   3.820082e-21   515440
  1.018660e+01   1.445300e-20   3.064533e-03   3.874029e-21   499174
  1.019722e+01   9.452767e-21   3.064552e-03   3.917883e-21   483368
  1.020784e+01   1.378409e-20   3.067558e-03   3.965786e-21   468270
  1.021847e+01   2.011512e-20   3.071740e-03   4.016764e-21   453568
  1.022911e+01   6.942792e-21   3.068522e-03   4.087142e-21   438106
  1.023974e+01   1.511830e-20   3.068674e-03   4.147141e-21   423508
  1.025036e+01   3.325016e-21   3.065352e-03   4.195541e-21   408754
  1.026098e+01   -7.522077e-22   3.064549e-03   4.279298e-21   394612
  1.027160e+01   9.487075e-21   3.064825e-03   4.354673e-21   380826
  1.028223e+01   1.363102e-20   3.063635e-03   4.403372e-21   367086
  1.029285e+01   1.236785e-20   3.065226e-03   4.484313e-21   353904
  1.030347e+01   -5.616512e-21   3.067842e-03   4.559296e-21   341046
  1.031410e+01   9.982012e-21   3.067827e-03   4.622698e-21   328144
  1.032473e+01   7.626364e-21   3.068491e-03   4.715111e-21   315598
  1.033536e+01   -6.278889e-21   3.070442e-03   4.797197e-21   303466
  1.034599e+01   -1.854448e-21   3.070558e-03   4.904573e-21   291456
  1.035662e+01   3.615477e-21   3.069010e-03   4.992230e-21   279614
  1.036725e+01   2.200402e-20   3.062765e-03   5.091328e-21   267680
  1.037786e+01   3.234257e-20   3.061142e-03   5.186156e-21   256438
  1.038848e+01   7.215580e-21   3.062004e-03   5.279556e-21   245618
  1.039909e+01   1.301521e-20   3.058865e-03   5.404451e-21   234708
  1.040970e+01   1.020116e-21   3.057929e-03   5.533430e-21   224210
  1.042032e+01   1.715380e-20   3.058509e-03   5.657236e-21   214046
  1.043093e+01   1.183354e-20   3.059874e-03   5.742637e-21   204152
  1.044155e+01   -2.248675e-21   3.062766e-03   5.914663e-21   194558
  1.045217e+01   1.688603e-21   3.062838e-03   6.097891e-21   185018
  1.046279e+01   -6.820200e-21   3.066092e-03   6.223456e-21   175918
  1.047341e+01   -4.166011e-21   3.068348e-03   6.347545e-21   166992
  1.048404e+01   -7.653486e-21   3.070094e-03   6.544175e-21   158294
  1.049468e+01   -7.161106e-21   3.071097e-03   6.702101e-21   149842
  1.050531e+01   -2.146844e-21   3.068653e-03   6.886871e-21   141530
  1.051593e+01   2.757430e-20   3.060509e-03   7.119325e-21   133284
  1.052654e+01   4.471328e-21   3.057354e-03   7.288416e-21   125546
  1.053715e+01   1.641080e-20   3.051144e-03   7.530089e-21   117950
  1.054776e+01   -1.223592e-20   3.048602e-03   7.728744e-21   110746
  1.055836e+01   1.937363e-20   3.039799e-03   8.113751e-21   103572
  1.056895e+01   9.748557e-21   3.036073e-03   8.341169e-21   96818
  1.057954e+01   2.431005e-20   3.031333e-03   8.622998e-21   90262
  1.059013e+01   2.506039e-20   3.027317e-03   8.975829e-21   83970
  1.060072e+01   1.323779e-20   3.019853e-03   9.323545e-21   77846
  1.061129e+01   1.283386e-20   3.012052e-03   9.799488e-21   71984
  1.062186e+01   1.961973e-20   3.005730e-03   1.011043e-20   66398
  1.063243e+01   3.406959e-20   3.000369e-03   1.052894e-20   61058
  1.064300e+01   -3.579538e-20   2.995714e-03   1.103769e-20   55958
  1.065357e+01   -2.162290e-21   2.990697e-03   1.147922e-20   51082
  1.066413e+01   2.132092e-20   2.981767e-03   1.212366e-20   46398
  1.067469e+01   2.351821e-20   2.970930e-03   1.285828e-20   41954
  1.068524e+01   2.261964e-20   2.955045e-03   1.348455e-20   37718
  1.069578e+01   -2.003105e-20   2.938133e-03   1.412889e-20   33736
  1.070631e+01   2.440334e-20   2.922830e-03   1.494593e-20   30006
  1.071684e+01   4.946629e-20   2.912268e-03   1.619253e-20   26522
  1.072739e+01   1.668231e-20   2.905476e-03   1.752174e-20   23254
  1.073793e+01   3.389156e-21   2.895825e-03   1.883709e-20   20178
  1.074848e+01   6.270304e-20   2.890787e-03   2.017609e-20   17342
  1.075903e+01   9.088485e-20   2.886580e-03   2.127747e-20   14714
  1.076959e+01   4.982688e-20   2.887906e-03   2.393599e-20   12310
  1.078015e+01   -3.122917e-20   2.880436e-03   2.681058e-20   10098
  1.079071e+01   -1.538979e-20   2.879327e-03   2.917939e-20   8126
  1.080127e+01   -3.810793e-20   2.877797e-03   3.330575e-20   6362
  1.081184e+01   -8.836564e-20   2.888638e-03   3.850425e-20   4822
  1.082239e+01   -3.762087e-20   2.872451e-03   4.370461e-20   3474
  1.083292e+01   1.058017e-19   2.869225e-03   5.548174e-20   2366
  1.084344e+01   -1.601907e-20   2.860034e-03   7.010021e-20   1466
  1.085397e+01   7.699332e-20   2.925135e-03   9.641443e-20   790
  1.086426e+01   5.128553e-20   2.767211e-03   1.561633e-19   306
  1.087389e+01   6.987302e-19   2.357714e-03   2.941518e-19   62
