# cross spectrum of phi(z1) and phi(z2)
# redshift z=1.197496
# k              Pk             sigma(k)       sigma(Pk)      count
  7.830312e-03   2.536724e-10   1.198114e-03   5.710938e-11   18
  1.686348e-02   3.004322e-10   2.897918e-03   2.869813e-11   152
  2.725284e-02   1.795207e-10   3.060867e-03   8.395387e-12   416
  3.742835e-02   9.832716e-11   2.912555e-03   3.684176e-12   770
  4.808679e-02   6.163998e-11   3.119650e-03   1.808464e-12   1364
  5.876109e-02   4.054923e-11   3.054550e-03   9.226151e-13   1976
  6.939824e-02   3.085564e-11   3.112555e-03   5.868054e-13   2792
  7.984642e-02   2.254228e-11   2.971805e-03   3.826607e-13   3578
  9.038229e-02   1.621647e-11   3.049521e-03   2.390391e-13   4724
  1.011318e-01   1.205047e-11   3.134595e-03   1.589260e-13   6032
  1.117485e-01   9.407552e-12   3.016599e-03   1.153555e-13   7072
  1.222702e-01   7.951854e-12   3.056387e-03   8.732527e-14   8634
  1.329722e-01   6.741250e-12   3.095256e-03   6.760364e-14   10336
  1.436677e-01   5.477768e-12   3.082009e-03   4.952200e-14   11940
  1.541872e-01   4.430379e-12   3.021465e-03   3.909798e-14   13490
  1.647185e-01   3.705950e-12   3.054444e-03   2.935129e-14   15656
  1.754149e-01   3.137374e-12   3.102608e-03   2.341459e-14   18008
  1.860920e-01   2.771336e-12   3.069464e-03   1.962429e-14   19964
  1.966957e-01   2.422188e-12   3.066093e-03   1.630646e-14   22354
  2.072851e-01   2.072503e-12   3.030819e-03   1.321899e-14   24648
  2.179134e-01   1.800774e-12   3.083109e-03   1.077098e-14   27592
  2.285517e-01   1.588502e-12   3.075318e-03   9.169863e-15   30152
  2.391687e-01   1.408871e-12   3.069056e-03   7.822514e-15   33046
  2.497808e-01   1.281473e-12   3.053846e-03   6.785181e-15   35992
  2.604233e-01   1.158591e-12   3.074764e-03   5.892838e-15   39304
  2.710722e-01   1.051087e-12   3.082145e-03   5.085972e-15   42608
  2.817050e-01   9.392706e-13   3.058267e-03   4.411214e-15   45758
  2.923349e-01   8.423672e-13   3.072286e-03   3.837746e-15   49536
  3.029238e-01   7.703536e-13   3.039208e-03   3.365697e-15   52488
  3.135134e-01   7.161095e-13   3.084628e-03   3.010144e-15   57034
  3.241511e-01   6.409736e-13   3.061146e-03   2.603574e-15   60648
  3.347969e-01   5.980833e-13   3.076329e-03   2.353450e-15   65044
  3.454223e-01   5.536143e-13   3.057760e-03   2.102675e-15   68720
  3.560505e-01   5.063160e-13   3.078281e-03   1.868372e-15   73538
  3.667175e-01   4.691530e-13   3.076939e-03   1.685079e-15   78080
  3.773260e-01   4.389978e-13   3.039859e-03   1.544031e-15   81572
  3.879192e-01   4.099987e-13   3.081238e-03   1.393778e-15   87248
  3.985882e-01   3.803124e-13   3.084591e-03   1.254034e-15   92266
  4.092322e-01   3.567862e-13   3.063169e-03   1.158587e-15   96696
  4.198039e-01   3.315599e-13   3.037602e-03   1.053461e-15   100904
  4.303789e-01   3.127277e-13   3.065517e-03   9.629966e-16   107036
  4.410480e-01   2.949379e-13   3.089487e-03   8.807829e-16   113362
  4.517307e-01   2.761873e-13   3.072092e-03   8.011070e-16   118176
  4.623378e-01   2.610587e-13   3.054661e-03   7.537605e-16   122944
  4.729644e-01   2.466825e-13   3.083007e-03   6.918313e-16   129902
  4.836049e-01   2.312669e-13   3.061727e-03   6.317465e-16   134944
  4.942158e-01   2.210524e-13   3.064979e-03   5.931347e-16   140952
  5.048213e-01   2.077143e-13   3.064662e-03   5.463378e-16   147072
  5.154342e-01   1.975076e-13   3.060800e-03   5.056398e-16   153382
  5.260893e-01   1.883644e-13   3.082622e-03   4.680693e-16   160952
  5.367508e-01   1.776824e-13   3.070294e-03   4.382052e-16   166640
  5.473579e-01   1.708123e-13   3.057153e-03   4.141696e-16   172448
  5.579787e-01   1.617178e-13   3.077577e-03   3.838403e-16   180594
  5.686178e-01   1.545653e-13   3.060710e-03   3.586125e-16   186556
  5.792219e-01   1.473946e-13   3.063394e-03   3.359472e-16   193528
  5.898242e-01   1.414853e-13   3.060684e-03   3.172166e-16   200626
  6.004609e-01   1.348259e-13   3.076604e-03   2.975506e-16   209256
  6.111150e-01   1.294173e-13   3.069663e-03   2.805367e-16   216020
  6.217510e-01   1.245506e-13   3.075746e-03   2.648977e-16   223768
  6.323610e-01   1.185676e-13   3.055783e-03   2.498701e-16   230234
  6.429887e-01   1.142659e-13   3.074922e-03   2.347385e-16   239800
  6.536248e-01   1.098327e-13   3.063054e-03   2.228619e-16   246568
  6.642393e-01   1.059368e-13   3.068328e-03   2.113107e-16   254828
  6.748534e-01   1.010995e-13   3.064424e-03   1.979560e-16   263074
  6.854951e-01   9.734959e-14   3.071509e-03   1.880097e-16   272312
  6.961385e-01   9.390487e-14   3.070197e-03   1.786912e-16   280376
  7.067732e-01   9.069096e-14   3.071500e-03   1.704191e-16   288884
  7.174012e-01   8.719814e-14   3.068501e-03   1.609976e-16   297602
  7.280177e-01   8.472295e-14   3.057614e-03   1.545196e-16   305520
  7.386402e-01   8.131940e-14   3.075198e-03   1.454972e-16   315976
  7.492461e-01   7.854260e-14   3.052723e-03   1.387831e-16   322778
  7.598720e-01   7.635135e-14   3.080021e-03   1.329070e-16   335372
  7.705286e-01   7.338487e-14   3.068318e-03   1.264976e-16   343464
  7.811635e-01   7.100365e-14   3.070705e-03   1.209950e-16   352912
  7.917934e-01   6.866655e-14   3.070498e-03   1.148226e-16   362666
  8.024224e-01   6.673651e-14   3.063690e-03   1.109280e-16   371884
  8.130465e-01   6.463250e-14   3.069929e-03   1.052901e-16   382280
  8.236583e-01   6.264063e-14   3.060755e-03   1.011430e-16   390888
  8.342648e-01   6.064016e-14   3.067168e-03   9.687205e-17   402234
  8.448912e-01   5.926080e-14   3.064832e-03   9.325873e-17   412576
  8.555263e-01   5.698505e-14   3.071788e-03   8.858252e-17   423732
  8.661590e-01   5.543157e-14   3.068142e-03   8.514229e-17   433624
  8.767950e-01   5.388696e-14   3.072203e-03   8.163675e-17   445154
  8.874347e-01   5.250432e-14   3.069139e-03   7.895645e-17   455584
  8.980596e-01   5.086189e-14   3.064716e-03   7.549289e-17   465588
  9.086714e-01   4.941587e-14   3.065163e-03   7.256475e-17   476762
  9.193048e-01   4.804085e-14   3.073106e-03   6.962099e-17   489552
  9.299472e-01   4.689942e-14   3.069632e-03   6.735332e-17   500328
  9.405628e-01   4.573390e-14   3.059261e-03   6.499814e-17   509852
  9.511854e-01   4.436476e-14   3.074339e-03   6.221090e-17   524234
  9.618189e-01   4.318248e-14   3.061952e-03   5.994045e-17   534104
  9.724448e-01   4.209500e-14   3.070528e-03   5.787655e-17   547048
  9.830800e-01   4.099006e-14   3.073862e-03   5.557267e-17   559328
  9.937180e-01   4.002801e-14   3.070866e-03   5.375915e-17   571326
  1.004339e+00   3.892765e-14   3.060367e-03   5.185390e-17   581920
  1.014951e+00   3.799847e-14   3.064588e-03   5.008275e-17   594832
  1.025571e+00   3.700358e-14   3.068054e-03   4.828203e-17   608048
  1.036206e+00   3.625183e-14   3.070252e-03   4.681159e-17   621526
  1.046839e+00   3.534257e-14   3.066112e-03   4.537300e-17   633240
  1.057456e+00   3.443313e-14   3.064953e-03   4.359099e-17   645472
  1.068086e+00   3.357105e-14   3.075342e-03   4.214337e-17   660906
  1.078726e+00   3.282407e-14   3.067576e-03   4.079588e-17   672856
  1.089356e+00   3.207439e-14   3.067094e-03   3.938992e-17   685980
  1.099980e+00   3.136248e-14   3.067978e-03   3.821179e-17   699256
  1.110619e+00   3.064683e-14   3.074976e-03   3.695587e-17   714730
  1.121246e+00   2.996415e-14   3.059348e-03   3.600737e-17   725152
  1.131863e+00   2.929951e-14   3.067634e-03   3.481315e-17   740420
  1.142485e+00   2.856366e-14   3.069089e-03   3.368616e-17   754312
  1.153114e+00   2.792911e-14   3.069897e-03   3.262744e-17   769114
  1.163749e+00   2.739987e-14   3.069209e-03   3.174032e-17   783488
  1.174365e+00   2.675771e-14   3.058900e-03   3.072873e-17   794968
  1.184981e+00   2.621314e-14   3.070107e-03   2.977317e-17   812366
  1.195609e+00   2.570191e-14   3.065134e-03   2.897424e-17   825976
  1.206250e+00   2.509356e-14   3.075220e-03   2.801003e-17   843352
  1.216898e+00   2.453883e-14   3.073224e-03   2.716791e-17   857280
  1.227524e+00   2.413291e-14   3.063189e-03   2.649688e-17   869542
  1.238147e+00   2.364178e-14   3.070752e-03   2.576444e-17   887128
  1.248772e+00   2.315201e-14   3.063166e-03   2.505173e-17   900032
  1.259388e+00   2.263513e-14   3.067377e-03   2.425871e-17   916560
  1.270005e+00   2.213280e-14   3.061783e-03   2.363618e-17   930922
  1.280635e+00   2.174141e-14   3.071795e-03   2.292095e-17   949844
  1.291287e+00   2.135653e-14   3.076939e-03   2.224135e-17   966736
  1.301925e+00   2.090133e-14   3.065819e-03   2.173951e-17   978776
  1.312537e+00   2.050125e-14   3.064137e-03   2.115621e-17   994522
  1.323161e+00   2.008751e-14   3.068907e-03   2.052950e-17   1012420
  1.333794e+00   1.966274e-14   3.071598e-03   1.996267e-17   1029408
  1.344410e+00   1.931617e-14   3.058405e-03   1.955190e-17   1041658
  1.355032e+00   1.896007e-14   3.072381e-03   1.893205e-17   1063520
  1.365659e+00   1.862048e-14   3.060689e-03   1.849797e-17   1075808
  1.376294e+00   1.825317e-14   3.080019e-03   1.795278e-17   1098956
  1.386928e+00   1.793948e-14   3.061670e-03   1.761154e-17   1109810
  1.397545e+00   1.761921e-14   3.065288e-03   1.714346e-17   1128608
  1.408178e+00   1.728990e-14   3.073589e-03   1.662955e-17   1148264
  1.418813e+00   1.695064e-14   3.067917e-03   1.627159e-17   1163252
  1.429436e+00   1.662066e-14   3.067070e-03   1.585578e-17   1181042
  1.440060e+00   1.636450e-14   3.064325e-03   1.546114e-17   1197848
  1.450692e+00   1.600920e-14   3.073737e-03   1.500538e-17   1218848
  1.461323e+00   1.576351e-14   3.064859e-03   1.471498e-17   1232916
  1.471945e+00   1.547022e-14   3.068844e-03   1.435355e-17   1253002
  1.482566e+00   1.520249e-14   3.062284e-03   1.399934e-17   1268576
  1.493191e+00   1.493118e-14   3.071552e-03   1.365210e-17   1290128
  1.503822e+00   1.466486e-14   3.068342e-03   1.332265e-17   1307402
  1.514455e+00   1.442072e-14   3.069122e-03   1.300780e-17   1327028
  1.525083e+00   1.414657e-14   3.064970e-03   1.268418e-17   1343648
  1.535711e+00   1.391400e-14   3.070217e-03   1.240474e-17   1364096
  1.546341e+00   1.366839e-14   3.068950e-03   1.213680e-17   1382730
  1.556974e+00   1.342374e-14   3.068757e-03   1.181441e-17   1402164
  1.567604e+00   1.319721e-14   3.068159e-03   1.154122e-17   1420464
  1.578221e+00   1.296226e-14   3.063798e-03   1.129362e-17   1437368
  1.588847e+00   1.276695e-14   3.072142e-03   1.100701e-17   1461530
  1.599480e+00   1.253001e-14   3.065069e-03   1.077522e-17   1478264
  1.610108e+00   1.235333e-14   3.068902e-03   1.054581e-17   1499356
  1.620732e+00   1.213848e-14   3.065238e-03   1.030150e-17   1517016
  1.631360e+00   1.194217e-14   3.070849e-03   1.006381e-17   1540090
  1.641988e+00   1.170790e-14   3.065366e-03   9.834064e-18   1557360
  1.652609e+00   1.156342e-14   3.066926e-03   9.644007e-18   1577780
  1.663242e+00   1.134481e-14   3.075107e-03   9.397282e-18   1602578
  1.673875e+00   1.119383e-14   3.063542e-03   9.231347e-18   1617672
  1.684498e+00   1.101635e-14   3.069033e-03   9.020256e-18   1641016
  1.695122e+00   1.082962e-14   3.065080e-03   8.850771e-18   1659416
  1.705746e+00   1.062631e-14   3.068431e-03   8.593206e-18   1682670
  1.716382e+00   1.046851e-14   3.070690e-03   8.433634e-18   1705256
  1.727024e+00   1.027423e-14   3.071890e-03   8.240946e-18   1726312
  1.737645e+00   1.013295e-14   3.062639e-03   8.103850e-18   1741880
  1.748261e+00   9.972324e-15   3.067156e-03   7.908549e-18   1766454
  1.758897e+00   9.815108e-15   3.073105e-03   7.729164e-18   1791784
  1.769528e+00   9.672170e-15   3.063894e-03   7.601708e-18   1807712
  1.780139e+00   9.528963e-15   3.062775e-03   7.448301e-18   1829002
  1.790759e+00   9.371998e-15   3.067263e-03   7.284083e-18   1854216
  1.801400e+00   9.247721e-15   3.074631e-03   7.130887e-18   1880156
  1.812037e+00   9.074066e-15   3.068349e-03   6.968930e-18   1897568
  1.822663e+00   8.937222e-15   3.068475e-03   6.837681e-18   1920458
  1.833288e+00   8.794354e-15   3.065997e-03   6.693204e-18   1942208
  1.843915e+00   8.654932e-15   3.067813e-03   6.543956e-18   1965612
  1.854544e+00   8.519664e-15   3.069639e-03   6.414280e-18   1989000
  1.865168e+00   8.402419e-15   3.064465e-03   6.296845e-18   2009114
  1.875791e+00   8.271921e-15   3.067400e-03   6.158479e-18   2034464
  1.886424e+00   8.152790e-15   3.070174e-03   6.046765e-18   2058476
  1.897052e+00   8.026139e-15   3.068039e-03   5.921156e-18   2079648
  1.907673e+00   7.892667e-15   3.065891e-03   5.808617e-18   2102578
  1.918306e+00   7.772176e-15   3.070742e-03   5.673596e-18   2129928
  1.928942e+00   7.666336e-15   3.069733e-03   5.575585e-18   2152096
  1.939563e+00   7.551023e-15   3.062858e-03   5.473257e-18   2171142
  1.950185e+00   7.433361e-15   3.069150e-03   5.367679e-18   2200248
  1.960824e+00   7.314032e-15   3.071017e-03   5.244695e-18   2225216
  1.971460e+00   7.218709e-15   3.070942e-03   5.147924e-18   2248448
  1.982084e+00   7.098633e-15   3.064272e-03   5.060670e-18   2267942
  1.992710e+00   7.009115e-15   3.071051e-03   4.957058e-18   2298072
  2.003337e+00   6.899149e-15   3.064068e-03   4.865185e-18   2317272
  2.013961e+00   6.789974e-15   3.069747e-03   4.768260e-18   2345808
  2.024580e+00   6.695726e-15   3.062469e-03   4.676419e-18   2365650
  2.035206e+00   6.596146e-15   3.069930e-03   4.593235e-18   2396940
  2.045842e+00   6.509650e-15   3.069936e-03   4.499310e-18   2421272
  2.056473e+00   6.420773e-15   3.068399e-03   4.426985e-18   2444576
  2.067102e+00   6.315036e-15   3.069748e-03   4.333472e-18   2471490
  2.077728e+00   6.214073e-15   3.064854e-03   4.251602e-18   2493180
  2.088349e+00   6.141603e-15   3.068019e-03   4.179813e-18   2520952
  2.098972e+00   6.031453e-15   3.065319e-03   4.082984e-18   2544946
  2.109598e+00   5.952596e-15   3.068311e-03   4.013983e-18   2573856
  2.120230e+00   5.872654e-15   3.069026e-03   3.944877e-18   2600016
  2.130862e+00   5.784807e-15   3.069102e-03   3.872071e-18   2625484
  2.141490e+00   5.704930e-15   3.068080e-03   3.807633e-18   2651122
  2.152130e+00   5.628083e-15   3.074348e-03   3.732970e-18   2683488
  2.162754e+00   5.543884e-15   3.059466e-03   3.670754e-18   2696352
  2.173371e+00   5.467758e-15   3.071171e-03   3.596694e-18   2733020
  2.184002e+00   5.378863e-15   3.067530e-03   3.529960e-18   2757378
  2.194631e+00   5.309509e-15   3.067942e-03   3.472078e-18   2784864
  2.205259e+00   5.238044e-15   3.067811e-03   3.407846e-18   2811168
  2.215874e+00   5.153851e-15   3.061061e-03   3.344087e-18   2832274
  2.226505e+00   5.091171e-15   3.075611e-03   3.277880e-18   2873636
  2.237142e+00   5.022490e-15   3.064877e-03   3.236168e-18   2890496
  2.247766e+00   4.941426e-15   3.069851e-03   3.163738e-18   2921800
  2.258399e+00   4.870485e-15   3.071101e-03   3.103551e-18   2951298
  2.269032e+00   4.810052e-15   3.066274e-03   3.062588e-18   2975476
  2.279663e+00   4.740478e-15   3.071375e-03   3.000742e-18   3007728
  2.290285e+00   4.672868e-15   3.061886e-03   2.954458e-18   3025776
  2.300910e+00   4.622743e-15   3.072955e-03   2.907735e-18   3065762
  2.311540e+00   4.539104e-15   3.063208e-03   2.847448e-18   3084856
  2.322162e+00   4.479505e-15   3.068985e-03   2.799366e-18   3118044
  2.332782e+00   4.412112e-15   3.064319e-03   2.746591e-18   3141352
  2.343410e+00   4.360621e-15   3.072036e-03   2.702434e-18   3179274
  2.354046e+00   4.298615e-15   3.067682e-03   2.653741e-18   3204120
  2.364668e+00   4.234994e-15   3.063610e-03   2.611477e-18   3227900
  2.375288e+00   4.182477e-15   3.068722e-03   2.565804e-18   3262394
  2.385925e+00   4.120501e-15   3.071814e-03   2.518886e-18   3295680
  2.396559e+00   4.065331e-15   3.067166e-03   2.476818e-18   3319560
  2.407184e+00   3.999910e-15   3.068070e-03   2.431526e-18   3348972
  2.417810e+00   3.949211e-15   3.068540e-03   2.392977e-18   3379722
  2.428441e+00   3.901113e-15   3.068348e-03   2.347306e-18   3410720
  2.439075e+00   3.847900e-15   3.069517e-03   2.312334e-18   3441504
  2.449697e+00   3.796221e-15   3.063301e-03   2.277467e-18   3463624
  2.460317e+00   3.735434e-15   3.068043e-03   2.235307e-18   3499790
  2.470951e+00   3.689988e-15   3.070702e-03   2.197795e-18   3533560
  2.481588e+00   3.633760e-15   3.069830e-03   2.152878e-18   3561920
  2.492209e+00   3.589528e-15   3.064208e-03   2.124288e-18   3585208
  2.502830e+00   3.537943e-15   3.069185e-03   2.087219e-18   3622518
  2.513468e+00   3.490703e-15   3.072344e-03   2.049969e-18   3657584
  2.524094e+00   3.445117e-15   3.062507e-03   2.023614e-18   3676440
  2.534707e+00   3.402181e-15   3.065232e-03   1.987546e-18   3711282
  2.545334e+00   3.350091e-15   3.068763e-03   1.948991e-18   3747696
  2.555965e+00   3.305931e-15   3.067225e-03   1.919238e-18   3776188
  2.566601e+00   3.265290e-15   3.074483e-03   1.888204e-18   3815304
  2.577232e+00   3.215067e-15   3.064660e-03   1.855269e-18   3835370
  2.587856e+00   3.175989e-15   3.068926e-03   1.828458e-18   3873424
  2.598487e+00   3.130910e-15   3.067978e-03   1.795603e-18   3903420
  2.609117e+00   3.089495e-15   3.070036e-03   1.767749e-18   3937624
  2.619745e+00   3.045053e-15   3.066011e-03   1.737362e-18   3965658
  2.630375e+00   3.008438e-15   3.069802e-03   1.710524e-18   4002984
  2.641001e+00   2.967630e-15   3.065136e-03   1.681256e-18   4027928
  2.651616e+00   2.927653e-15   3.064941e-03   1.656834e-18   4059844
  2.662241e+00   2.887258e-15   3.069945e-03   1.629573e-18   4100338
  2.672876e+00   2.844958e-15   3.069128e-03   1.599536e-18   4132264
  2.683506e+00   2.808197e-15   3.068474e-03   1.574462e-18   4163216
  2.694131e+00   2.771768e-15   3.066146e-03   1.551221e-18   4193350
  2.704761e+00   2.736029e-15   3.071068e-03   1.522841e-18   4234456
  2.715390e+00   2.698255e-15   3.064079e-03   1.502385e-18   4257264
  2.726012e+00   2.660391e-15   3.069774e-03   1.475398e-18   4297352
  2.736640e+00   2.626639e-15   3.067495e-03   1.452493e-18   4328642
  2.747272e+00   2.590299e-15   3.070663e-03   1.429518e-18   4367948
  2.757895e+00   2.556597e-15   3.061799e-03   1.408388e-18   4388384
  2.768519e+00   2.524597e-15   3.072247e-03   1.384098e-18   4436648
  2.779154e+00   2.487822e-15   3.067997e-03   1.362466e-18   4465658
  2.789787e+00   2.459067e-15   3.069677e-03   1.343478e-18   4502948
  2.800413e+00   2.422431e-15   3.064787e-03   1.319831e-18   4528880
  2.811033e+00   2.393443e-15   3.067181e-03   1.301419e-18   4566290
  2.821663e+00   2.360047e-15   3.070655e-03   1.278100e-18   4606856
  2.832293e+00   2.330129e-15   3.066552e-03   1.258306e-18   4635380
  2.842916e+00   2.298925e-15   3.067131e-03   1.238816e-18   4670384
  2.853543e+00   2.267489e-15   3.069161e-03   1.220260e-18   4709258
  2.864179e+00   2.238992e-15   3.070324e-03   1.199934e-18   4747352
  2.874805e+00   2.206483e-15   3.063655e-03   1.182632e-18   4771664
  2.885427e+00   2.179043e-15   3.068600e-03   1.165276e-18   4813532
  2.896058e+00   2.149904e-15   3.070437e-03   1.145035e-18   4852322
  2.906693e+00   2.119196e-15   3.069013e-03   1.127286e-18   4886480
  2.917320e+00   2.096206e-15   3.066289e-03   1.112070e-18   4917248
  2.927939e+00   2.064337e-15   3.065099e-03   1.092126e-18   4950828
  2.938569e+00   2.037869e-15   3.072788e-03   1.075267e-18   5000170
  2.949204e+00   2.011808e-15   3.066857e-03   1.060413e-18   5026952
  2.959825e+00   1.985491e-15   3.064676e-03   1.045123e-18   5058752
  2.970445e+00   1.960835e-15   3.067741e-03   1.028774e-18   5100722
  2.981076e+00   1.933097e-15   3.068979e-03   1.010842e-18   5140124
  2.991706e+00   1.907156e-15   3.067937e-03   9.958501e-19   5174072
  3.002335e+00   1.882442e-15   3.068928e-03   9.809528e-19   5211608
  3.012962e+00   1.856686e-15   3.067917e-03   9.663382e-19   5247794
  3.023589e+00   1.832794e-15   3.066908e-03   9.508430e-19   5284196
  3.034222e+00   1.810346e-15   3.071657e-03   9.366686e-19   5328800
  3.044847e+00   1.787163e-15   3.063109e-03   9.239638e-19   5350872
  3.055470e+00   1.760521e-15   3.069608e-03   9.074541e-19   5400634
  3.066097e+00   1.740035e-15   3.065291e-03   8.953062e-19   5430968
  3.076725e+00   1.716807e-15   3.070185e-03   8.821997e-19   5475908
  3.087355e+00   1.694405e-15   3.068352e-03   8.690216e-19   5510016
  3.097986e+00   1.671108e-15   3.069695e-03   8.538727e-19   5552114
  3.108620e+00   1.651705e-15   3.068841e-03   8.436997e-19   5588944
  3.119249e+00   1.628625e-15   3.067703e-03   8.306638e-19   5623828
  3.129873e+00   1.609138e-15   3.066629e-03   8.184526e-19   5660722
  3.140497e+00   1.586582e-15   3.066422e-03   8.054356e-19   5699896
  3.151124e+00   1.564404e-15   3.068968e-03   7.922190e-19   5741936
  3.161754e+00   1.544447e-15   3.069010e-03   7.801312e-19   5779568
  3.172381e+00   1.525416e-15   3.067639e-03   7.698947e-19   5817222
  3.183006e+00   1.506852e-15   3.066013e-03   7.591436e-19   5854600
  3.193635e+00   1.484280e-15   3.069791e-03   7.457377e-19   5900040
  3.204262e+00   1.467210e-15   3.066501e-03   7.374079e-19   5931976
  3.214890e+00   1.445934e-15   3.070101e-03   7.241211e-19   5979390
  3.225518e+00   1.427172e-15   3.065321e-03   7.144507e-19   6010200
  3.236144e+00   1.408145e-15   3.069327e-03   7.033119e-19   6056496
  3.246769e+00   1.392087e-15   3.066211e-03   6.935845e-19   6089504
  3.257396e+00   1.373653e-15   3.069391e-03   6.831321e-19   6137114
  3.268025e+00   1.355888e-15   3.067201e-03   6.736452e-19   6173332
  3.278652e+00   1.338870e-15   3.067882e-03   6.640021e-19   6214128
  3.289279e+00   1.320026e-15   3.067306e-03   6.533765e-19   6253874
  3.299910e+00   1.302290e-15   3.069629e-03   6.437797e-19   6300104
  3.310539e+00   1.284711e-15   3.066365e-03   6.338900e-19   6332612
  3.321166e+00   1.269489e-15   3.070240e-03   6.248730e-19   6379768
  3.331797e+00   1.253498e-15   3.068597e-03   6.170928e-19   6418218
  3.342427e+00   1.235916e-15   3.068360e-03   6.076436e-19   6459880
  3.353052e+00   1.220874e-15   3.066116e-03   5.988009e-19   6495652
  3.363680e+00   1.204851e-15   3.070231e-03   5.901434e-19   6545296
  3.374311e+00   1.189914e-15   3.067227e-03   5.818986e-19   6581570
  3.384935e+00   1.173941e-15   3.065246e-03   5.736161e-19   6618960
  3.395556e+00   1.158879e-15   3.067158e-03   5.649818e-19   6663352
  3.406178e+00   1.144310e-15   3.065376e-03   5.574417e-19   6701334
  3.416809e+00   1.128482e-15   3.072512e-03   5.480919e-19   6759920
  3.427444e+00   1.114609e-15   3.067179e-03   5.408685e-19   6789696
  3.438073e+00   1.101321e-15   3.069955e-03   5.338939e-19   6837208
  3.448703e+00   1.085255e-15   3.067492e-03   5.254374e-19   6874966
  3.459333e+00   1.072703e-15   3.068613e-03   5.180670e-19   6920864
  3.469960e+00   1.056911e-15   3.066758e-03   5.104581e-19   6957816
  3.480585e+00   1.044105e-15   3.068144e-03   5.037806e-19   7002232
  3.491208e+00   1.030977e-15   3.066540e-03   4.965565e-19   7043114
  3.501840e+00   1.018791e-15   3.070403e-03   4.899282e-19   7096020
  3.512471e+00   1.004375e-15   3.067394e-03   4.821987e-19   7130640
  3.523097e+00   9.916763e-16   3.068276e-03   4.755678e-19   7175472
  3.533723e+00   9.788525e-16   3.067248e-03   4.688600e-19   7217786
  3.544353e+00   9.653118e-16   3.068999e-03   4.623096e-19   7265564
  3.554979e+00   9.519849e-16   3.066319e-03   4.550747e-19   7301288
  3.565600e+00   9.404349e-16   3.066375e-03   4.490186e-19   7345330
  3.576227e+00   9.285647e-16   3.069052e-03   4.421619e-19   7397048
  3.586856e+00   9.179345e-16   3.067039e-03   4.370305e-19   7435920
  3.597485e+00   9.050753e-16   3.069220e-03   4.308760e-19   7484140
  3.608113e+00   8.937907e-16   3.067643e-03   4.253150e-19   7525578
  3.618741e+00   8.825760e-16   3.067518e-03   4.186120e-19   7571376
  3.629371e+00   8.703601e-16   3.068480e-03   4.127382e-19   7617064
  3.640002e+00   8.601250e-16   3.069456e-03   4.070059e-19   7662092
  3.650627e+00   8.491289e-16   3.066324e-03   4.015319e-19   7699658
  3.661254e+00   8.377991e-16   3.068945e-03   3.957045e-19   7752416
  3.671886e+00   8.272689e-16   3.069408e-03   3.903818e-19   7797776
  3.682511e+00   8.171320e-16   3.065176e-03   3.855079e-19   7831720
  3.693136e+00   8.058444e-16   3.069723e-03   3.797587e-19   7889926
  3.703768e+00   7.949959e-16   3.067981e-03   3.740185e-19   7931480
  3.714397e+00   7.845264e-16   3.068251e-03   3.689580e-19   7976688
  3.725016e+00   7.744852e-16   3.062621e-03   3.642861e-19   8007786
  3.735639e+00   7.645936e-16   3.070332e-03   3.585091e-19   8074564
  3.746275e+00   7.559667e-16   3.070085e-03   3.539510e-19   8118904
  3.756904e+00   7.455757e-16   3.066957e-03   3.493981e-19   8155824
  3.767533e+00   7.361938e-16   3.070641e-03   3.442272e-19   8212802
  3.778161e+00   7.264140e-16   3.065118e-03   3.399768e-19   8245268
  3.788791e+00   7.172987e-16   3.071754e-03   3.349794e-19   8308816
  3.799422e+00   7.087230e-16   3.066301e-03   3.307931e-19   8340304
  3.810044e+00   6.990381e-16   3.066222e-03   3.262479e-19   8387738
  3.820668e+00   6.898766e-16   3.067207e-03   3.215873e-19   8437624
  3.831296e+00   6.815812e-16   3.068826e-03   3.171793e-19   8487796
  3.841921e+00   6.729823e-16   3.066430e-03   3.132399e-19   8527936
  3.852549e+00   6.632195e-16   3.069409e-03   3.083123e-19   8585122
  3.863180e+00   6.546473e-16   3.067925e-03   3.042536e-19   8628200
  3.873811e+00   6.463417e-16   3.069670e-03   2.999125e-19   8679484
  3.884439e+00   6.386118e-16   3.067320e-03   2.963228e-19   8721466
  3.895064e+00   6.299451e-16   3.065795e-03   2.922969e-19   8765840
  3.905692e+00   6.221227e-16   3.070355e-03   2.881603e-19   8825136
  3.916320e+00   6.142695e-16   3.066753e-03   2.846970e-19   8861768
  3.926948e+00   6.065079e-16   3.069321e-03   2.806277e-19   8919278
  3.937577e+00   5.983280e-16   3.066595e-03   2.765780e-19   8961008
  3.948205e+00   5.911651e-16   3.068779e-03   2.731905e-19   9014456
  3.958835e+00   5.834319e-16   3.068818e-03   2.694432e-19   9062240
  3.969465e+00   5.759222e-16   3.068277e-03   2.659679e-19   9110510
  3.980091e+00   5.685702e-16   3.066455e-03   2.623286e-19   9154048
  3.990712e+00   5.611502e-16   3.065703e-03   2.587933e-19   9198928
  4.001336e+00   5.542470e-16   3.068826e-03   2.552453e-19   9257194
  4.011967e+00   5.473059e-16   3.069362e-03   2.521583e-19   9310168
  4.022596e+00   5.403448e-16   3.066324e-03   2.486734e-19   9350316
  4.033222e+00   5.331550e-16   3.069210e-03   2.454280e-19   9407120
  4.043852e+00   5.266487e-16   3.068250e-03   2.421678e-19   9454642
  4.054482e+00   5.200157e-16   3.068405e-03   2.389857e-19   9506272
  4.065111e+00   5.130020e-16   3.067355e-03   2.360189e-19   9551228
  4.075735e+00   5.068273e-16   3.067594e-03   2.328789e-19   9600264
  4.086360e+00   5.006231e-16   3.067530e-03   2.300233e-19   9651458
  4.096991e+00   4.937226e-16   3.070122e-03   2.265535e-19   9711488
  4.107620e+00   4.874783e-16   3.066189e-03   2.237177e-19   9749144
  4.118247e+00   4.810427e-16   3.069033e-03   2.205768e-19   9807908
  4.128876e+00   4.755017e-16   3.067607e-03   2.179577e-19   9854786
  4.139508e+00   4.693758e-16   3.070269e-03   2.149970e-19   9914304
  4.150134e+00   4.629493e-16   3.064668e-03   2.124038e-19   9945544
  4.160753e+00   4.577523e-16   3.066794e-03   2.097230e-19   10003414
  4.171379e+00   4.513511e-16   3.068671e-03   2.065973e-19   10062032
  4.182011e+00   4.458871e-16   3.069142e-03   2.040975e-19   10114792
  4.192645e+00   4.399376e-16   3.070449e-03   2.013620e-19   10169936
  4.203267e+00   4.344875e-16   3.062650e-03   1.991002e-19   10196602
  4.213895e+00   4.296526e-16   3.072265e-03   1.962517e-19   10281156
  4.224526e+00   4.235938e-16   3.065688e-03   1.938891e-19   10309376
  4.235150e+00   4.184229e-16   3.068567e-03   1.911106e-19   10369856
  4.245775e+00   4.130009e-16   3.066063e-03   1.889758e-19   10415370
  4.256404e+00   4.080415e-16   3.070045e-03   1.864353e-19   10481988
  4.267039e+00   4.026932e-16   3.069556e-03   1.840064e-19   10531200
  4.277665e+00   3.976234e-16   3.065408e-03   1.816507e-19   10569416
  4.288289e+00   3.926815e-16   3.068216e-03   1.792701e-19   10633066
  4.298919e+00   3.877225e-16   3.068866e-03   1.770587e-19   10687548
  4.309552e+00   3.828474e-16   3.070419e-03   1.748718e-19   10743968
  4.320180e+00   3.777342e-16   3.065849e-03   1.727652e-19   10782130
  4.330801e+00   3.734578e-16   3.066095e-03   1.706129e-19   10837792
  4.341427e+00   3.687696e-16   3.068321e-03   1.684469e-19   10897368
  4.352058e+00   3.636577e-16   3.069642e-03   1.660656e-19   10953940
  4.362687e+00   3.590178e-16   3.067969e-03   1.641391e-19   11003274
  4.373313e+00   3.544610e-16   3.066343e-03   1.619859e-19   11052800
  4.383943e+00   3.501258e-16   3.070099e-03   1.599870e-19   11118176
  4.394573e+00   3.456260e-16   3.067934e-03   1.579181e-19   11162268
  4.405196e+00   3.415036e-16   3.066117e-03   1.561838e-19   11211458
  4.415820e+00   3.373513e-16   3.067310e-03   1.541102e-19   11271888
  4.426448e+00   3.330148e-16   3.068640e-03   1.521240e-19   11329304
  4.437073e+00   3.286292e-16   3.066385e-03   1.502378e-19   11375026
  4.447701e+00   3.248021e-16   3.069261e-03   1.483798e-19   11442532
  4.458330e+00   3.207478e-16   3.066551e-03   1.467346e-19   11487264
  4.468957e+00   3.166406e-16   3.068098e-03   1.447399e-19   11545680
  4.479587e+00   3.124741e-16   3.069842e-03   1.428476e-19   11607058
  4.490221e+00   3.083964e-16   3.069925e-03   1.409627e-19   11664300
  4.500851e+00   3.046237e-16   3.066963e-03   1.392836e-19   11707488
  4.511474e+00   3.010118e-16   3.066617e-03   1.377851e-19   11759536
  4.522104e+00   2.967889e-16   3.071176e-03   1.358717e-19   11833690
  4.532737e+00   2.935450e-16   3.067542e-03   1.343753e-19   11877808
  4.543362e+00   2.896206e-16   3.065778e-03   1.326279e-19   11925836
  4.553987e+00   2.860845e-16   3.068899e-03   1.309843e-19   11992168
  4.564616e+00   2.823538e-16   3.067784e-03   1.293995e-19   12044554
  4.575242e+00   2.787011e-16   3.067168e-03   1.279521e-19   12098976
  4.585865e+00   2.757109e-16   3.066173e-03   1.263580e-19   12149996
  4.596487e+00   2.718834e-16   3.067038e-03   1.246697e-19   12209594
  4.607117e+00   2.689402e-16   3.069983e-03   1.232602e-19   12279272
  4.617752e+00   2.652253e-16   3.070004e-03   1.215887e-19   12336072
  4.628383e+00   2.619289e-16   3.067416e-03   1.203992e-19   12381744
  4.639009e+00   2.592564e-16   3.068068e-03   1.189858e-19   12441590
  4.649637e+00   2.555041e-16   3.067557e-03   1.174005e-19   12497256
  4.660262e+00   2.526536e-16   3.066825e-03   1.159725e-19   12550032
  4.670884e+00   2.495463e-16   3.066185e-03   1.146154e-19   12603936
  4.681508e+00   2.464794e-16   3.068111e-03   1.133685e-19   12671230
  4.692142e+00   2.430956e-16   3.070828e-03   1.118231e-19   12740920
  4.702775e+00   2.403376e-16   3.067767e-03   1.105724e-19   12784560
  4.713398e+00   2.371953e-16   3.065894e-03   1.093593e-19   12834176
  4.724025e+00   2.342077e-16   3.069663e-03   1.079890e-19   12909006
  4.734656e+00   2.315398e-16   3.068089e-03   1.067615e-19   12959680
  4.745283e+00   2.284727e-16   3.067551e-03   1.055167e-19   13014232
  4.755909e+00   2.259365e-16   3.068154e-03   1.042358e-19   13076514
  4.766534e+00   2.231954e-16   3.065684e-03   1.031265e-19   13127112
  4.777164e+00   2.204840e-16   3.070665e-03   1.018005e-19   13205852
  4.787797e+00   2.175592e-16   3.068206e-03   1.005803e-19   13252032
  4.798423e+00   2.147704e-16   3.066967e-03   9.942641e-20   13307450
  4.809051e+00   2.124507e-16   3.068506e-03   9.838201e-20   13374160
  4.819680e+00   2.095113e-16   3.067567e-03   9.713485e-20   13426348
  4.830308e+00   2.072329e-16   3.069633e-03   9.602514e-20   13492760
  4.840934e+00   2.043413e-16   3.066142e-03   9.484703e-20   13539546
  4.851560e+00   2.020995e-16   3.068338e-03   9.377256e-20   13610704
  4.862187e+00   1.996138e-16   3.066835e-03   9.278975e-20   13662024
  4.872813e+00   1.970975e-16   3.068248e-03   9.159831e-20   13727492
  4.883443e+00   1.947474e-16   3.069111e-03   9.060498e-20   13793394
  4.894073e+00   1.924795e-16   3.067154e-03   8.960426e-20   13844456
  4.904699e+00   1.898772e-16   3.067927e-03   8.844580e-20   13905184
  4.915325e+00   1.875580e-16   3.067971e-03   8.749739e-20   13965958
  4.925951e+00   1.854728e-16   3.067148e-03   8.659100e-20   14025192
  4.936580e+00   1.831906e-16   3.068951e-03   8.550627e-20   14093768
  4.947211e+00   1.811761e-16   3.068454e-03   8.461532e-20   14150440
  4.957840e+00   1.789789e-16   3.068630e-03   8.376703e-20   14213450
  4.968468e+00   1.767161e-16   3.066726e-03   8.269593e-20   14267036
  4.979095e+00   1.745727e-16   3.068568e-03   8.179850e-20   14335032
  4.989722e+00   1.723102e-16   3.067092e-03   8.085784e-20   14387664
  5.000347e+00   1.703304e-16   3.068270e-03   7.994914e-20   14455698
  5.010977e+00   1.680557e-16   3.068677e-03   7.901032e-20   14520452
  5.021607e+00   1.663208e-16   3.068497e-03   7.826030e-20   14580272
  5.032232e+00   1.641851e-16   3.065614e-03   7.737377e-20   14628050
  5.042860e+00   1.623745e-16   3.070982e-03   7.649093e-20   14716744
  5.053489e+00   1.603405e-16   3.065407e-03   7.565972e-20   14751712
  5.064115e+00   1.584581e-16   3.069456e-03   7.482454e-20   14831620
  5.074740e+00   1.564295e-16   3.065470e-03   7.394395e-20   14875522
  5.085366e+00   1.545663e-16   3.068961e-03   7.319745e-20   14956720
  5.095994e+00   1.529407e-16   3.066998e-03   7.242318e-20   15008272
  5.106620e+00   1.510163e-16   3.067783e-03   7.164219e-20   15073780
  5.117248e+00   1.490199e-16   3.069002e-03   7.082430e-20   15144866
  5.127883e+00   1.474983e-16   3.070052e-03   7.011547e-20   15213872
  5.138515e+00   1.456444e-16   3.067931e-03   6.931876e-20   15263976
  5.149140e+00   1.440366e-16   3.066723e-03   6.865938e-20   15320236
  5.159767e+00   1.423760e-16   3.069367e-03   6.791702e-20   15398322
  5.170396e+00   1.407497e-16   3.067121e-03   6.727871e-20   15450864
  5.181021e+00   1.390340e-16   3.067373e-03   6.651858e-20   15513888
  5.191645e+00   1.372185e-16   3.066596e-03   6.576398e-20   15574626
  5.202274e+00   1.357260e-16   3.069893e-03   6.512897e-20   15657956
  5.212904e+00   1.338996e-16   3.066736e-03   6.431726e-20   15704248
  5.223531e+00   1.326065e-16   3.068512e-03   6.374707e-20   15774824
  5.234161e+00   1.310022e-16   3.069354e-03   6.307455e-20   15844898
  5.244790e+00   1.294653e-16   3.066994e-03   6.242269e-20   15898956
  5.255415e+00   1.280222e-16   3.067091e-03   6.176144e-20   15961768
  5.266040e+00   1.265302e-16   3.068481e-03   6.113134e-20   16032208
  5.276669e+00   1.250754e-16   3.068464e-03   6.051682e-20   16099530
  5.287295e+00   1.236347e-16   3.065856e-03   5.993999e-20   16152712
  5.297924e+00   1.222650e-16   3.069693e-03   5.927260e-20   16235740
  5.308553e+00   1.208570e-16   3.067725e-03   5.872101e-20   16288856
  5.319183e+00   1.194069e-16   3.069408e-03   5.816660e-20   16365074
  5.329812e+00   1.182757e-16   3.067066e-03   5.761023e-20   16418248
  5.340434e+00   1.167622e-16   3.065573e-03   5.700655e-20   16473180
  5.351058e+00   1.155423e-16   3.069491e-03   5.643521e-20   16560234
  5.361687e+00   1.141112e-16   3.067046e-03   5.586798e-20   16616088
  5.372317e+00   1.128946e-16   3.069133e-03   5.531854e-20   16693264
  5.382948e+00   1.115404e-16   3.068526e-03   5.479053e-20   16753864
  5.393577e+00   1.103368e-16   3.068569e-03   5.428843e-20   16820702
  5.404204e+00   1.090902e-16   3.066887e-03   5.372700e-20   16879288
  5.414832e+00   1.078461e-16   3.068277e-03   5.324844e-20   16951712
  5.425456e+00   1.067315e-16   3.066689e-03   5.272972e-20   17007560
  5.436084e+00   1.054857e-16   3.069534e-03   5.214735e-20   17092086
  5.446713e+00   1.043833e-16   3.067265e-03   5.177727e-20   17148392
  5.457342e+00   1.032235e-16   3.068696e-03   5.125021e-20   17222288
  5.467971e+00   1.019911e-16   3.068089e-03   5.072395e-20   17285096
  5.478597e+00   1.009268e-16   3.066549e-03   5.031386e-20   17344826
  5.489223e+00   9.966081e-17   3.068300e-03   4.978123e-20   17421236
  5.499853e+00   9.875795e-17   3.069479e-03   4.938919e-20   17494160
  5.510478e+00   9.763400e-17   3.065109e-03   4.894982e-20   17538122
  5.521100e+00   9.661485e-17   3.067347e-03   4.849621e-20   17620136
  5.531731e+00   9.557370e-17   3.069687e-03   4.805010e-20   17700428
  5.542362e+00   9.462184e-17   3.068482e-03   4.765309e-20   17760320
  5.552991e+00   9.342813e-17   3.068060e-03   4.721146e-20   17827562
  5.563619e+00   9.254371e-17   3.067912e-03   4.679876e-20   17895488
  5.574247e+00   9.144803e-17   3.068230e-03   4.634438e-20   17963576
  5.584874e+00   9.047977e-17   3.067616e-03   4.596654e-20   18027500
  5.595502e+00   8.961649e-17   3.068831e-03   4.558269e-20   18105650
  5.606129e+00   8.868456e-17   3.066269e-03   4.521108e-20   18160880
  5.616752e+00   8.777662e-17   3.067084e-03   4.486942e-20   18233144
  5.627379e+00   8.683222e-17   3.067872e-03   4.442423e-20   18307310
  5.638008e+00   8.601000e-17   3.068420e-03   4.409090e-20   18381680
  5.648639e+00   8.497910e-17   3.068723e-03   4.369073e-20   18450536
  5.659270e+00   8.412285e-17   3.069549e-03   4.333741e-20   18522128
  5.669897e+00   8.333378e-17   3.067067e-03   4.298035e-20   18578414
  5.680523e+00   8.252312e-17   3.067781e-03   4.265894e-20   18654304
  5.691150e+00   8.157009e-17   3.067639e-03   4.227256e-20   18722304
  5.701780e+00   8.080680e-17   3.069442e-03   4.197400e-20   18802472
  5.712409e+00   8.000727e-17   3.067729e-03   4.166712e-20   18864266
  5.723037e+00   7.924599e-17   3.067347e-03   4.134863e-20   18933260
  5.733662e+00   7.837320e-17   3.066799e-03   4.097556e-20   18997448
  5.744288e+00   7.777005e-17   3.068953e-03   4.073774e-20   19079816
  5.754917e+00   7.692241e-17   3.067744e-03   4.043511e-20   19145330
  5.765545e+00   7.614621e-17   3.067941e-03   4.012995e-20   19218276
  5.776172e+00   7.540808e-17   3.067784e-03   3.979200e-20   19286200
  5.786797e+00   7.469769e-17   3.066457e-03   3.949085e-20   19349738
  5.797427e+00   7.416415e-17   3.070714e-03   3.926565e-20   19450040
  5.808057e+00   7.337999e-17   3.065907e-03   3.899641e-20   19489688
  5.818683e+00   7.262378e-17   3.068803e-03   3.867463e-20   19576868
  5.829310e+00   7.187989e-17   3.067331e-03   3.839621e-20   19640282
  5.839940e+00   7.128979e-17   3.069683e-03   3.815380e-20   19728800
  5.850566e+00   7.062024e-17   3.065237e-03   3.790650e-20   19770152
  5.861190e+00   6.993910e-17   3.068717e-03   3.765973e-20   19863516
  5.871821e+00   6.940740e-17   3.069639e-03   3.739152e-20   19943594
  5.882452e+00   6.878596e-17   3.067597e-03   3.717038e-20   20003440
  5.893081e+00   6.812572e-17   3.068832e-03   3.692725e-20   20081768
  5.903706e+00   6.749523e-17   3.066188e-03   3.671095e-20   20136200
  5.914335e+00   6.694225e-17   3.070449e-03   3.646926e-20   20238094
  5.924964e+00   6.642873e-17   3.066146e-03   3.627305e-20   20282544
  5.935584e+00   6.582287e-17   3.065727e-03   3.607232e-20   20351720
  5.946209e+00   6.523168e-17   3.068474e-03   3.579748e-20   20444714
  5.956838e+00   6.459932e-17   3.067781e-03   3.559828e-20   20515116
  5.967470e+00   6.409393e-17   3.070149e-03   3.542387e-20   20602384
  5.978102e+00   6.368254e-17   3.068165e-03   3.524514e-20   20659872
  5.988728e+00   6.309946e-17   3.067093e-03   3.503495e-20   20727682
  5.999356e+00   6.260647e-17   3.068732e-03   3.486768e-20   20814416
  6.009986e+00   6.216057e-17   3.068153e-03   3.468534e-20   20881100
  6.020612e+00   6.158442e-17   3.068117e-03   3.449678e-20   20953688
  6.031238e+00   6.117415e-17   3.066654e-03   3.435333e-20   21021050
  6.041866e+00   6.062577e-17   3.068891e-03   3.415541e-20   21111632
  6.052496e+00   6.013180e-17   3.068341e-03   3.398106e-20   21179972
  6.063121e+00   5.969163e-17   3.066368e-03   3.381922e-20   21240488
  6.073747e+00   5.923167e-17   3.068419e-03   3.366372e-20   21331418
  6.084375e+00   5.886655e-17   3.067338e-03   3.352589e-20   21397304
  6.095000e+00   5.843352e-17   3.067405e-03   3.343656e-20   21469764
  6.105627e+00   5.797261e-17   3.068819e-03   3.321232e-20   21556122
  6.116254e+00   5.761699e-17   3.066479e-03   3.310282e-20   21618312
  6.126884e+00   5.719672e-17   3.069809e-03   3.297433e-20   21716096
  6.137516e+00   5.671228e-17   3.068719e-03   3.282498e-20   21781352
  6.148144e+00   5.643103e-17   3.067428e-03   3.272829e-20   21848870
  6.158771e+00   5.597541e-17   3.067652e-03   3.260558e-20   21927536
  6.169400e+00   5.569415e-17   3.068795e-03   3.250462e-20   22008944
  6.180028e+00   5.533175e-17   3.067865e-03   3.242385e-20   22076136
  6.190652e+00   5.501758e-17   3.066547e-03   3.232958e-20   22145270
  6.201282e+00   5.465545e-17   3.070373e-03   3.220770e-20   22250960
  6.211913e+00   5.433697e-17   3.066914e-03   3.209804e-20   22300864
  6.222538e+00   5.397188e-17   3.067186e-03   3.199243e-20   22378586
  6.233165e+00   5.369785e-17   3.068261e-03   3.194841e-20   22464104
  6.243795e+00   5.332945e-17   3.068708e-03   3.183977e-20   22542892
  6.254421e+00   5.312114e-17   3.067123e-03   3.178474e-20   22606008
  6.265047e+00   5.286087e-17   3.067919e-03   3.168885e-20   22690002
  6.275673e+00   5.252226e-17   3.066936e-03   3.165203e-20   22762216
  6.286298e+00   5.202010e-17   3.068880e-03   3.141547e-20   22815779
  6.296927e+00   5.103003e-17   3.067733e-03   3.090338e-20   22772312
  6.307555e+00   5.004960e-17   3.067923e-03   3.036509e-20   22733708
  6.318183e+00   4.900585e-17   3.068441e-03   2.978611e-20   22697672
  6.328811e+00   4.809757e-17   3.067507e-03   2.929544e-20   22651460
  6.339438e+00   4.710774e-17   3.068199e-03   2.877766e-20   22616024
  6.350068e+00   4.629252e-17   3.069309e-03   2.830905e-20   22583496
  6.360694e+00   4.540318e-17   3.065960e-03   2.782229e-20   22519252
  6.371317e+00   4.446960e-17   3.067197e-03   2.734629e-20   22488992
  6.381944e+00   4.372443e-17   3.067780e-03   2.691427e-20   22453172
  6.392574e+00   4.288060e-17   3.069105e-03   2.648029e-20   22420584
  6.403204e+00   4.205118e-17   3.068296e-03   2.603662e-20   22371700
  6.413832e+00   4.124202e-17   3.068296e-03   2.561881e-20   22329896
  6.424460e+00   4.056403e-17   3.067512e-03   2.523875e-20   22282876
  6.435088e+00   3.981005e-17   3.068899e-03   2.482695e-20   22250692
  6.445715e+00   3.901308e-17   3.066872e-03   2.444466e-20   22194436
  6.456340e+00   3.833170e-17   3.066996e-03   2.404942e-20   22153540
  6.466968e+00   3.767674e-17   3.068722e-03   2.369519e-20   22122584
  6.477597e+00   3.692174e-17   3.067957e-03   2.333144e-20   22073004
  6.488227e+00   3.636946e-17   3.069406e-03   2.300270e-20   22039640
  6.498854e+00   3.559389e-17   3.066107e-03   2.264185e-20   21971624
  6.509482e+00   3.500212e-17   3.070097e-03   2.230430e-20   21955708
  6.520106e+00   3.438832e-17   3.063845e-03   2.197911e-20   21867720
  6.530733e+00   3.376979e-17   3.071600e-03   2.165687e-20   21878900
  6.541363e+00   3.324200e-17   3.065935e-03   2.136850e-20   21794260
  6.551990e+00   3.258118e-17   3.068881e-03   2.101296e-20   21770256
  6.562619e+00   3.198458e-17   3.068010e-03   2.072981e-20   21718124
  6.573247e+00   3.146357e-17   3.067905e-03   2.044512e-20   21671096
  6.583874e+00   3.086331e-17   3.067932e-03   2.015441e-20   21625412
  6.594503e+00   3.038605e-17   3.069070e-03   1.987502e-20   21587284
  6.605129e+00   2.983686e-17   3.066010e-03   1.960365e-20   21519648
  6.615755e+00   2.936094e-17   3.068792e-03   1.934558e-20   21493344
  6.626384e+00   2.877468e-17   3.067812e-03   1.906017e-20   21439360
  6.637013e+00   2.827180e-17   3.068679e-03   1.878890e-20   21398900
  6.647644e+00   2.781251e-17   3.068668e-03   1.856308e-20   21351488
  6.658271e+00   2.735529e-17   3.066526e-03   1.832346e-20   21288012
  6.668898e+00   2.688491e-17   3.068796e-03   1.808420e-20   21255052
  6.679525e+00   2.639094e-17   3.067400e-03   1.784375e-20   21196928
  6.690151e+00   2.600727e-17   3.067431e-03   1.761355e-20   21149036
  6.700778e+00   2.555034e-17   3.068015e-03   1.737469e-20   21105304
  6.711407e+00   2.508717e-17   3.068524e-03   1.715295e-20   21059992
  6.722038e+00   2.470183e-17   3.069263e-03   1.694767e-20   21014904
  6.732667e+00   2.429542e-17   3.067536e-03   1.673239e-20   20953620
  6.743293e+00   2.387775e-17   3.067478e-03   1.651074e-20   20902948
  6.753920e+00   2.349290e-17   3.068064e-03   1.631961e-20   20856528
  6.764548e+00   2.308581e-17   3.068448e-03   1.611090e-20   20808868
  6.775174e+00   2.268648e-17   3.066599e-03   1.591741e-20   20746700
  6.785798e+00   2.235255e-17   3.066925e-03   1.573205e-20   20699040
  6.796428e+00   2.197154e-17   3.069860e-03   1.552684e-20   20667584
  6.807054e+00   2.161091e-17   3.064988e-03   1.535924e-20   20583320
  6.817679e+00   2.127056e-17   3.069606e-03   1.515873e-20   20562728
  6.828310e+00   2.094055e-17   3.067915e-03   1.498966e-20   20499120
  6.838938e+00   2.053986e-17   3.068337e-03   1.481336e-20   20448668
  6.849566e+00   2.021057e-17   3.068077e-03   1.462363e-20   20394408
  6.860195e+00   1.991206e-17   3.068320e-03   1.446421e-20   20344236
  6.870823e+00   1.960968e-17   3.067630e-03   1.431112e-20   20287988
  6.881451e+00   1.926672e-17   3.068044e-03   1.413987e-20   20237280
  6.892077e+00   1.893822e-17   3.067320e-03   1.397078e-20   20178328
  6.902707e+00   1.867761e-17   3.069652e-03   1.382625e-20   20139844
  6.913336e+00   1.838481e-17   3.067174e-03   1.367083e-20   20069748
  6.923962e+00   1.808746e-17   3.067514e-03   1.352042e-20   20016800
  6.934587e+00   1.777352e-17   3.067642e-03   1.336682e-20   19962224
  6.945217e+00   1.749937e-17   3.069885e-03   1.322501e-20   19923568
  6.955848e+00   1.722823e-17   3.067490e-03   1.307833e-20   19854300
  6.966474e+00   1.697295e-17   3.067154e-03   1.294219e-20   19797056
  6.977101e+00   1.670271e-17   3.067706e-03   1.280166e-20   19744940
  6.987728e+00   1.642436e-17   3.068174e-03   1.266938e-20   19691768
  6.998356e+00   1.621642e-17   3.067321e-03   1.252867e-20   19629548
  7.008982e+00   1.592131e-17   3.067740e-03   1.238948e-20   19575480
  7.019610e+00   1.568703e-17   3.068413e-03   1.226371e-20   19523296
  7.030241e+00   1.545303e-17   3.069533e-03   1.213387e-20   19474344
  7.040867e+00   1.521313e-17   3.065611e-03   1.202314e-20   19392868
  7.051493e+00   1.495707e-17   3.069073e-03   1.188783e-20   19356176
  7.062123e+00   1.476402e-17   3.068592e-03   1.177088e-20   19294916
  7.072754e+00   1.450899e-17   3.069110e-03   1.164728e-20   19240856
  7.083382e+00   1.430616e-17   3.067066e-03   1.153893e-20   19170884
  7.094007e+00   1.408010e-17   3.066966e-03   1.141770e-20   19111352
  7.104633e+00   1.385473e-17   3.068278e-03   1.129813e-20   19060016
  7.115261e+00   1.366354e-17   3.067998e-03   1.119873e-20   18999752
  7.125886e+00   1.346566e-17   3.066210e-03   1.109195e-20   18930272
  7.136511e+00   1.322625e-17   3.068009e-03   1.097401e-20   18882340
  7.147141e+00   1.305512e-17   3.069133e-03   1.086936e-20   18829056
  7.157770e+00   1.283282e-17   3.067293e-03   1.076855e-20   18757640
  7.168398e+00   1.265003e-17   3.069197e-03   1.067289e-20   18709036
  7.179027e+00   1.248826e-17   3.067378e-03   1.057546e-20   18637668
  7.189656e+00   1.226332e-17   3.069146e-03   1.046139e-20   18587048
  7.200283e+00   1.208103e-17   3.066626e-03   1.036480e-20   18510972
  7.210909e+00   1.191559e-17   3.067730e-03   1.027236e-20   18456692
  7.221535e+00   1.177201e-17   3.067567e-03   1.017655e-20   18394084
  7.232164e+00   1.157244e-17   3.069110e-03   1.008854e-20   18341352
  7.242794e+00   1.142284e-17   3.068234e-03   9.992682e-21   18273884
  7.253423e+00   1.123379e-17   3.068036e-03   9.907014e-21   18211148
  7.264048e+00   1.109083e-17   3.066171e-03   9.812186e-21   18137692
  7.274674e+00   1.091716e-17   3.069088e-03   9.733076e-21   18091580
  7.285305e+00   1.075712e-17   3.068515e-03   9.640356e-21   18024560
  7.295932e+00   1.061411e-17   3.067362e-03   9.567972e-21   17955116
  7.306559e+00   1.044604e-17   3.067637e-03   9.477703e-21   17893232
  7.317187e+00   1.030127e-17   3.068343e-03   9.398131e-21   17832620
  7.327816e+00   1.016161e-17   3.068327e-03   9.317310e-21   17767864
  7.338445e+00   9.996005e-18   3.068809e-03   9.238268e-21   17706956
  7.349073e+00   9.855727e-18   3.066947e-03   9.160261e-21   17632632
  7.359699e+00   9.741364e-18   3.068061e-03   9.086591e-21   17573524
  7.370327e+00   9.597008e-18   3.067901e-03   9.009148e-21   17506380
  7.380954e+00   9.469624e-18   3.068207e-03   8.930792e-21   17442548
  7.391580e+00   9.318546e-18   3.066528e-03   8.869183e-21   17368556
  7.402208e+00   9.188312e-18   3.069314e-03   8.795429e-21   17318260
  7.412837e+00   9.055469e-18   3.067939e-03   8.716862e-21   17243792
  7.423463e+00   8.924518e-18   3.066549e-03   8.647952e-21   17169716
  7.434088e+00   8.809939e-18   3.067759e-03   8.587646e-21   17109768
  7.444715e+00   8.667968e-18   3.068012e-03   8.506198e-21   17044064
  7.455345e+00   8.556799e-18   3.068894e-03   8.444835e-21   16981560
  7.465972e+00   8.462435e-18   3.066680e-03   8.383616e-21   16902264
  7.476600e+00   8.322547e-18   3.069499e-03   8.324616e-21   16849940
  7.487230e+00   8.205405e-18   3.067461e-03   8.255838e-21   16770600
  7.497858e+00   8.105494e-18   3.068497e-03   8.189665e-21   16707512
  7.508485e+00   7.999711e-18   3.067634e-03   8.137704e-21   16634480
  7.519114e+00   7.882904e-18   3.068242e-03   8.068831e-21   16569424
  7.529741e+00   7.765627e-18   3.067751e-03   8.007411e-21   16497216
  7.540372e+00   7.659463e-18   3.069501e-03   7.953377e-21   16436416
  7.550999e+00   7.571611e-18   3.067032e-03   7.899951e-21   16353532
  7.561624e+00   7.446403e-18   3.067126e-03   7.841997e-21   16284908
  7.572251e+00   7.352629e-18   3.068426e-03   7.791386e-21   16221948
  7.582881e+00   7.267583e-18   3.068614e-03   7.728772e-21   16152552
  7.593510e+00   7.166063e-18   3.068122e-03   7.681622e-21   16078864
  7.604137e+00   7.077662e-18   3.067536e-03   7.627161e-21   16005296
  7.614766e+00   6.965068e-18   3.068300e-03   7.567129e-21   15938220
  7.625392e+00   6.863563e-18   3.066841e-03   7.517265e-21   15858440
  7.636016e+00   6.806446e-18   3.067373e-03   7.472824e-21   15789252
  7.646642e+00   6.686523e-18   3.067548e-03   7.421447e-21   15718944
  7.657269e+00   6.591309e-18   3.067947e-03   7.369856e-21   15648652
  7.667899e+00   6.513698e-18   3.069201e-03   7.327532e-21   15581944
  7.678531e+00   6.439796e-18   3.069010e-03   7.276584e-21   15508744
  7.689158e+00   6.351790e-18   3.066436e-03   7.231958e-21   15422472
  7.699784e+00   6.289317e-18   3.068878e-03   7.185841e-21   15361536
  7.710413e+00   6.175476e-18   3.067494e-03   7.139507e-21   15281048
  7.721038e+00   6.110682e-18   3.067557e-03   7.102684e-21   15207752
  7.731666e+00   6.025713e-18   3.067687e-03   7.056505e-21   15134800
  7.742292e+00   5.956811e-18   3.067594e-03   7.014300e-21   15059664
  7.752920e+00   5.880178e-18   3.068106e-03   6.967170e-21   14987020
  7.763550e+00   5.800349e-18   3.069757e-03   6.929264e-21   14919936
  7.774179e+00   5.711135e-18   3.066979e-03   6.888689e-21   14831776
  7.784807e+00   5.648353e-18   3.069197e-03   6.853808e-21   14767552
  7.795435e+00   5.593370e-18   3.066309e-03   6.818920e-21   14678336
  7.806062e+00   5.514572e-18   3.069079e-03   6.775541e-21   14615044
  7.816690e+00   5.443627e-18   3.067275e-03   6.737919e-21   14530200
  7.827317e+00   5.369795e-18   3.067927e-03   6.701170e-21   14457000
  7.837945e+00   5.302748e-18   3.068558e-03   6.658046e-21   14383440
  7.848573e+00   5.234686e-18   3.067003e-03   6.629641e-21   14299516
  7.859199e+00   5.159060e-18   3.067899e-03   6.592006e-21   14226024
  7.869825e+00   5.107988e-18   3.067223e-03   6.560076e-21   14145048
  7.880455e+00   5.047526e-18   3.070446e-03   6.523758e-21   14082144
  7.891083e+00   4.980766e-18   3.065393e-03   6.492247e-21   13981640
  7.901708e+00   4.940279e-18   3.068688e-03   6.467192e-21   13918460
  7.912338e+00   4.862623e-18   3.068702e-03   6.426095e-21   13839752
  7.922969e+00   4.789420e-18   3.069182e-03   6.394959e-21   13762736
  7.933598e+00   4.750011e-18   3.067868e-03   6.367404e-21   13677980
  7.944225e+00   4.672485e-18   3.067250e-03   6.339439e-21   13596196
  7.954850e+00   4.635389e-18   3.067470e-03   6.306125e-21   13517736
  7.965475e+00   4.564221e-18   3.066448e-03   6.282065e-21   13433184
  7.976100e+00   4.543402e-18   3.068623e-03   6.254002e-21   13362296
  7.986730e+00   4.464213e-18   3.068494e-03   6.225404e-21   13281376
  7.997360e+00   4.418816e-18   3.069113e-03   6.194965e-21   13203336
  8.007987e+00   4.357764e-18   3.066719e-03   6.169402e-21   13113016
  8.018613e+00   4.315096e-18   3.067735e-03   6.150635e-21   13036400
  8.029240e+00   4.268476e-18   3.067468e-03   6.122114e-21   12953648
  8.039869e+00   4.223684e-18   3.069185e-03   6.098004e-21   12879016
  8.050498e+00   4.148288e-18   3.067538e-03   6.072665e-21   12790124
  8.061127e+00   4.111749e-18   3.068996e-03   6.042910e-21   12714152
  8.071753e+00   4.066508e-18   3.066076e-03   6.021847e-21   12619608
  8.082379e+00   4.019021e-18   3.068682e-03   6.001939e-21   12547232
  8.093011e+00   3.986486e-18   3.070245e-03   5.981212e-21   12470568
  8.103638e+00   3.929436e-18   3.065215e-03   5.960613e-21   12368136
  8.114264e+00   3.875467e-18   3.069116e-03   5.936681e-21   12300504
  8.124894e+00   3.847101e-18   3.068128e-03   5.917643e-21   12212172
  8.135522e+00   3.795915e-18   3.067779e-03   5.898868e-21   12126228
  8.146149e+00   3.742706e-18   3.068089e-03   5.879327e-21   12043352
  8.156778e+00   3.713503e-18   3.068301e-03   5.861388e-21   11959896
  8.167401e+00   3.677881e-18   3.065268e-03   5.845990e-21   11863804
  8.178026e+00   3.620932e-18   3.068937e-03   5.822280e-21   11792812
  8.188656e+00   3.587690e-18   3.068597e-03   5.809289e-21   11705392
  8.199283e+00   3.556819e-18   3.066984e-03   5.793361e-21   11613836
  8.209914e+00   3.513224e-18   3.070536e-03   5.775859e-21   11541532
  8.220543e+00   3.443848e-18   3.066346e-03   5.755800e-21   11440232
  8.231170e+00   3.418783e-18   3.068846e-03   5.738962e-21   11363008
  8.241796e+00   3.393578e-18   3.066631e-03   5.735577e-21   11267848
  8.252424e+00   3.363358e-18   3.069306e-03   5.715846e-21   11190640
  8.263054e+00   3.317043e-18   3.068558e-03   5.696962e-21   11101084
  8.273680e+00   3.293658e-18   3.065604e-03   5.688431e-21   11003284
  8.284304e+00   3.252925e-18   3.068360e-03   5.674080e-21   10925424
  8.294932e+00   3.213549e-18   3.067667e-03   5.661647e-21   10834724
  8.305560e+00   3.171518e-18   3.068711e-03   5.650712e-21   10750156
  8.316186e+00   3.140909e-18   3.066587e-03   5.639614e-21   10655280
  8.326811e+00   3.103101e-18   3.067310e-03   5.628544e-21   10569120
  8.337437e+00   3.070616e-18   3.067168e-03   5.609449e-21   10479672
  8.348070e+00   3.052538e-18   3.071527e-03   5.604651e-21   10404504
  8.358704e+00   2.986332e-18   3.068456e-03   5.599420e-21   10304108
  8.369331e+00   2.958004e-18   3.066991e-03   5.582345e-21   10209940
  8.379958e+00   2.940528e-18   3.068937e-03   5.582909e-21   10126584
  8.390585e+00   2.907839e-18   3.066106e-03   5.557152e-21   10027064
  8.401210e+00   2.884989e-18   3.068731e-03   5.560338e-21   9945072
  8.411836e+00   2.844798e-18   3.065849e-03   5.552453e-21   9844764
  8.422464e+00   2.820663e-18   3.070904e-03   5.546143e-21   9769940
  8.433095e+00   2.783168e-18   3.066721e-03   5.537177e-21   9666072
  8.443721e+00   2.753205e-18   3.067629e-03   5.528276e-21   9577112
  8.454348e+00   2.714975e-18   3.067871e-03   5.524995e-21   9485848
  8.464977e+00   2.699234e-18   3.068818e-03   5.511718e-21   9396136
  8.475607e+00   2.668402e-18   3.068947e-03   5.513189e-21   9304408
  8.486231e+00   2.634698e-18   3.064605e-03   5.500156e-21   9199028
  8.496854e+00   2.601634e-18   3.068671e-03   5.498737e-21   9118288
  8.507481e+00   2.573145e-18   3.066868e-03   5.494817e-21   9019624
  8.518111e+00   2.556989e-18   3.070919e-03   5.484516e-21   8937420
  8.528743e+00   2.529651e-18   3.067653e-03   5.475985e-21   8835200
  8.539369e+00   2.487326e-18   3.066847e-03   5.476863e-21   8739332
  8.549995e+00   2.471600e-18   3.067747e-03   5.465520e-21   8648112
  8.560624e+00   2.432240e-18   3.067898e-03   5.464342e-21   8553372
  8.571253e+00   2.403139e-18   3.069319e-03   5.461926e-21   8461944
  8.581883e+00   2.385780e-18   3.068067e-03   5.453057e-21   8363348
  8.592509e+00   2.344005e-18   3.067870e-03   5.443582e-21   8267792
  8.603135e+00   2.324164e-18   3.066599e-03   5.439463e-21   8169380
  8.613762e+00   2.295883e-18   3.069517e-03   5.434895e-21   8081008
  8.624389e+00   2.269863e-18   3.065774e-03   5.425992e-21   7975632
  8.635016e+00   2.247128e-18   3.069603e-03   5.428785e-21   7889116
  8.645643e+00   2.217914e-18   3.066011e-03   5.414111e-21   7784008
  8.656270e+00   2.192964e-18   3.068709e-03   5.418746e-21   7693848
  8.666897e+00   2.144537e-18   3.067011e-03   5.404268e-21   7592468
  8.677525e+00   2.149520e-18   3.068931e-03   5.400667e-21   7499076
  8.688155e+00   2.098586e-18   3.069474e-03   5.380444e-21   7402880
  8.698786e+00   2.077292e-18   3.067607e-03   5.383646e-21   7300768
  8.709411e+00   2.063561e-18   3.067652e-03   5.378966e-21   7203316
  8.720032e+00   2.011025e-18   3.063689e-03   5.354407e-21   7095724
  8.730662e+00   1.999675e-18   3.073665e-03   5.358618e-21   7019608
  8.741295e+00   1.958263e-18   3.065344e-03   5.330523e-21   6901916
  8.751922e+00   1.932974e-18   3.069704e-03   5.330410e-21   6812952
  8.762548e+00   1.902077e-18   3.065523e-03   5.308976e-21   6704548
  8.773175e+00   1.846255e-18   3.068967e-03   5.293328e-21   6612168
  8.783803e+00   1.836272e-18   3.067598e-03   5.262909e-21   6508628
  8.794433e+00   1.805168e-18   3.069277e-03   5.259989e-21   6412072
  8.805059e+00   1.769086e-18   3.066868e-03   5.218151e-21   6306660
  8.815685e+00   1.753894e-18   3.067492e-03   5.196244e-21   6207592
  8.826308e+00   1.704968e-18   3.066222e-03   5.173525e-21   6103860
  8.836934e+00   1.668991e-18   3.068576e-03   5.127806e-21   6007184
  8.847563e+00   1.644543e-18   3.068782e-03   5.109822e-21   5905660
  8.858194e+00   1.604644e-18   3.069160e-03   5.064638e-21   5805132
  8.868823e+00   1.563430e-18   3.067313e-03   5.015438e-21   5700008
  8.879446e+00   1.530354e-18   3.065734e-03   4.959838e-21   5594856
  8.890075e+00   1.486070e-18   3.070306e-03   4.902795e-21   5502341
  8.900707e+00   1.447498e-18   3.068193e-03   4.847523e-21   5404852
  8.911333e+00   1.422202e-18   3.066920e-03   4.811157e-21   5313930
  8.921960e+00   1.386310e-18   3.068151e-03   4.780952e-21   5230396
  8.932587e+00   1.355528e-18   3.067037e-03   4.749818e-21   5145158
  8.943214e+00   1.346234e-18   3.067644e-03   4.713449e-21   5064506
  8.953844e+00   1.315474e-18   3.070354e-03   4.687392e-21   4989464
  8.964475e+00   1.282468e-18   3.067471e-03   4.667954e-21   4907486
  8.975102e+00   1.263895e-18   3.067454e-03   4.644721e-21   4831952
  8.985729e+00   1.243291e-18   3.067333e-03   4.618539e-21   4757392
  8.996357e+00   1.221099e-18   3.068563e-03   4.595211e-21   4685902
  9.006985e+00   1.216139e-18   3.067839e-03   4.568351e-21   4612826
  9.017611e+00   1.177293e-18   3.067647e-03   4.544889e-21   4542436
  9.028240e+00   1.160446e-18   3.068771e-03   4.520990e-21   4475408
  9.038866e+00   1.134093e-18   3.065432e-03   4.507035e-21   4402686
  9.049492e+00   1.123158e-18   3.069222e-03   4.493877e-21   4340854
  9.060123e+00   1.101472e-18   3.068666e-03   4.469306e-21   4273862
  9.070751e+00   1.088516e-18   3.068093e-03   4.455775e-21   4208538
  9.081377e+00   1.062469e-18   3.066329e-03   4.436690e-21   4142584
  9.092002e+00   1.046063e-18   3.067445e-03   4.420830e-21   4081232
  9.102629e+00   1.032821e-18   3.068061e-03   4.402626e-21   4019668
  9.113260e+00   1.014983e-18   3.070507e-03   4.401731e-21   3961416
  9.123892e+00   1.009309e-18   3.068468e-03   4.384300e-21   3898848
  9.134518e+00   9.891849e-19   3.065914e-03   4.368393e-21   3836718
  9.145140e+00   9.849534e-19   3.066518e-03   4.358962e-21   3779272
  9.155765e+00   9.677200e-19   3.066689e-03   4.354693e-21   3721434
  9.166394e+00   9.474436e-19   3.070316e-03   4.333331e-21   3668198
  9.177028e+00   9.306466e-19   3.069776e-03   4.331222e-21   3611346
  9.187656e+00   9.096723e-19   3.066455e-03   4.311359e-21   3552442
  9.198281e+00   9.037410e-19   3.067337e-03   4.309910e-21   3498908
  9.208908e+00   8.997848e-19   3.067980e-03   4.305499e-21   3445382
  9.219536e+00   8.786087e-19   3.068389e-03   4.288991e-21   3392244
  9.230165e+00   8.638846e-19   3.068360e-03   4.282552e-21   3339634
  9.240792e+00   8.544762e-19   3.067248e-03   4.271057e-21   3286752
  9.251416e+00   8.416368e-19   3.065818e-03   4.269176e-21   3234180
  9.262040e+00   8.389721e-19   3.067094e-03   4.265544e-21   3184556
  9.272670e+00   8.172987e-19   3.070362e-03   4.253223e-21   3137238
  9.283304e+00   8.006507e-19   3.070377e-03   4.252772e-21   3087670
  9.293936e+00   7.893051e-19   3.068566e-03   4.238990e-21   3037460
  9.304560e+00   7.839607e-19   3.064548e-03   4.244932e-21   2985736
  9.315180e+00   7.709435e-19   3.066413e-03   4.242387e-21   2939708
  9.325811e+00   7.621863e-19   3.071553e-03   4.240649e-21   2897012
  9.336443e+00   7.496955e-19   3.067620e-03   4.238022e-21   2846890
  9.347067e+00   7.365550e-19   3.065693e-03   4.227956e-21   2799588
  9.357689e+00   7.294250e-19   3.066395e-03   4.229392e-21   2754954
  9.368315e+00   7.146298e-19   3.068270e-03   4.239195e-21   2711500
  9.378948e+00   7.154345e-19   3.070601e-03   4.234666e-21   2669006
  9.389576e+00   7.008654e-19   3.065837e-03   4.230136e-21   2621264
  9.400202e+00   6.912141e-19   3.068913e-03   4.229705e-21   2580726
  9.410830e+00   6.739370e-19   3.067141e-03   4.230819e-21   2536470
  9.421456e+00   6.654500e-19   3.067445e-03   4.230375e-21   2494370
  9.432084e+00   6.713648e-19   3.068834e-03   4.231665e-21   2453556
  9.442716e+00   6.579639e-19   3.070117e-03   4.243839e-21   2413246
  9.453347e+00   6.524751e-19   3.067994e-03   4.236154e-21   2370914
  9.463973e+00   6.438339e-19   3.067217e-03   4.256191e-21   2330126
  9.474601e+00   6.351962e-19   3.068570e-03   4.244326e-21   2291406
  9.485227e+00   6.219585e-19   3.066158e-03   4.257312e-21   2250410
  9.495850e+00   6.114264e-19   3.066006e-03   4.254440e-21   2211486
  9.506474e+00   6.150732e-19   3.067734e-03   4.267702e-21   2174194
  9.517102e+00   5.986927e-19   3.068176e-03   4.267622e-21   2136416
  9.527733e+00   5.961277e-19   3.069929e-03   4.273829e-21   2100070
  9.538360e+00   5.857741e-19   3.065560e-03   4.286099e-21   2060026
  9.548986e+00   5.803168e-19   3.069362e-03   4.295860e-21   2025910
  9.559615e+00   5.641384e-19   3.067530e-03   4.299225e-21   1988576
  9.570241e+00   5.693635e-19   3.067060e-03   4.315369e-21   1952610
  9.580867e+00   5.543170e-19   3.067361e-03   4.316670e-21   1917470
  9.591493e+00   5.491404e-19   3.067399e-03   4.340212e-21   1882484
  9.602120e+00   5.485554e-19   3.068076e-03   4.347625e-21   1848262
  9.612753e+00   5.426197e-19   3.071327e-03   4.364291e-21   1816024
  9.623386e+00   5.313701e-19   3.068076e-03   4.372607e-21   1780418
  9.634012e+00   5.299371e-19   3.067038e-03   4.389679e-21   1746576
  9.644639e+00   5.199501e-19   3.068628e-03   4.409582e-21   1714622
  9.655268e+00   5.126928e-19   3.067669e-03   4.408616e-21   1681692
  9.665895e+00   5.093666e-19   3.067468e-03   4.430164e-21   1649574
  9.676515e+00   5.166568e-19   3.063511e-03   4.459419e-21   1615788
  9.687137e+00   4.816299e-19   3.068656e-03   4.456378e-21   1587064
  9.697769e+00   4.930231e-19   3.069826e-03   4.487516e-21   1556598
  9.708400e+00   5.019618e-19   3.068471e-03   4.493217e-21   1525380
  9.719030e+00   4.866392e-19   3.068670e-03   4.524398e-21   1495360
  9.729656e+00   4.886414e-19   3.066126e-03   4.531227e-21   1464370
  9.740281e+00   4.800491e-19   3.067601e-03   4.558838e-21   1435656
  9.750907e+00   4.649651e-19   3.067002e-03   4.567393e-21   1406304
  9.761532e+00   4.573207e-19   3.067147e-03   4.604096e-21   1377628
  9.772159e+00   4.563711e-19   3.068370e-03   4.617361e-21   1349744
  9.782788e+00   4.637209e-19   3.068343e-03   4.653411e-21   1321682
  9.793418e+00   4.525652e-19   3.069098e-03   4.681252e-21   1294376
  9.804048e+00   4.385706e-19   3.068140e-03   4.690524e-21   1266768
  9.814673e+00   4.528283e-19   3.066275e-03   4.727336e-21   1239172
  9.825295e+00   4.562824e-19   3.065238e-03   4.754204e-21   1212224
  9.835918e+00   4.437407e-19   3.067386e-03   4.780788e-21   1186796
  9.846547e+00   4.240768e-19   3.069034e-03   4.794338e-21   1161432
  9.857176e+00   4.334141e-19   3.067927e-03   4.838733e-21   1135408
  9.867804e+00   4.245646e-19   3.068239e-03   4.868643e-21   1110324
  9.878434e+00   4.278234e-19   3.068926e-03   4.905466e-21   1085680
  9.889062e+00   4.118238e-19   3.066842e-03   4.938094e-21   1060364
  9.899688e+00   4.198050e-19   3.068767e-03   4.968480e-21   1036736
  9.910321e+00   4.217030e-19   3.070562e-03   4.998763e-21   1013388
  9.920951e+00   4.073526e-19   3.066769e-03   5.047133e-21   988656
  9.931575e+00   4.104595e-19   3.066738e-03   5.081275e-21   965530
  9.942197e+00   4.065077e-19   3.064855e-03   5.126025e-21   942100
  9.952819e+00   3.991682e-19   3.066142e-03   5.161119e-21   919888
  9.963442e+00   3.987096e-19   3.066491e-03   5.203546e-21   897628
  9.974067e+00   4.022505e-19   3.067504e-03   5.236448e-21   875856
  9.984696e+00   3.903605e-19   3.069599e-03   5.274216e-21   854736
  9.995330e+00   3.837459e-19   3.070044e-03   5.350137e-21   833510
  1.000596e+01   3.868812e-19   3.068120e-03   5.388650e-21   811976
  1.001659e+01   3.710806e-19   3.066566e-03   5.446368e-21   790844
  1.002721e+01   3.828362e-19   3.066302e-03   5.491789e-21   770320
  1.003784e+01   3.731596e-19   3.069162e-03   5.526486e-21   750838
  1.004847e+01   3.722147e-19   3.068729e-03   5.587368e-21   730864
  1.005909e+01   3.616855e-19   3.067039e-03   5.665369e-21   710984
  1.006972e+01   3.727347e-19   3.067274e-03   5.715011e-21   691894
  1.008035e+01   3.470753e-19   3.066106e-03   5.741585e-21   672776
  1.009097e+01   3.599331e-19   3.067065e-03   5.847203e-21   654372
  1.010160e+01   3.714535e-19   3.065537e-03   5.881002e-21   635682
  1.011222e+01   3.681374e-19   3.064886e-03   5.975244e-21   617460
  1.012284e+01   3.682342e-19   3.066767e-03   6.033690e-21   600024
  1.013346e+01   3.429399e-19   3.068404e-03   6.104373e-21   582830
  1.014410e+01   3.441422e-19   3.070337e-03   6.204316e-21   566000
  1.015473e+01   3.398999e-19   3.066543e-03   6.258898e-21   548458
  1.016535e+01   3.509924e-19   3.067619e-03   6.342096e-21   532084
  1.017598e+01   3.455469e-19   3.065740e-03   6.423301e-21   515440
  1.018660e+01   3.551475e-19   3.064533e-03   6.519565e-21   499174
  1.019722e+01   3.465780e-19   3.064552e-03   6.574357e-21   483368
  1.020784e+01   3.553171e-19   3.067558e-03   6.698247e-21   468270
  1.021847e+01   3.431162e-19   3.071740e-03   6.821620e-21   453568
  1.022911e+01   3.354142e-19   3.068522e-03   6.894342e-21   438106
  1.023974e+01   3.347917e-19   3.068674e-03   7.000975e-21   423508
  1.025036e+01   3.281004e-19   3.065352e-03   7.107214e-21   408754
  1.026098e+01   3.237147e-19   3.064549e-03   7.216521e-21   394612
  1.027160e+01   3.362193e-19   3.064825e-03   7.335373e-21   380826
  1.028223e+01   3.458578e-19   3.063635e-03   7.482139e-21   367086
  1.029285e+01   3.223316e-19   3.065226e-03   7.610276e-21   353904
  1.030347e+01   3.447272e-19   3.067842e-03   7.689111e-21   341046
  1.031410e+01   3.247235e-19   3.067827e-03   7.832013e-21   328144
  1.032473e+01   3.218438e-19   3.068491e-03   7.973725e-21   315598
  1.033536e+01   3.298453e-19   3.070442e-03   8.172999e-21   303466
  1.034599e+01   3.051858e-19   3.070558e-03   8.324300e-21   291456
  1.035662e+01   3.156325e-19   3.069010e-03   8.464047e-21   279614
  1.036725e+01   3.020307e-19   3.062765e-03   8.644309e-21   267680
  1.037786e+01   3.107843e-19   3.061142e-03   8.823535e-21   256438
  1.038848e+01   3.358509e-19   3.062004e-03   8.988289e-21   245618
  1.039909e+01   3.379020e-19   3.058865e-03   9.193667e-21   234708
  1.040970e+01   3.168366e-19   3.057929e-03   9.329799e-21   224210
  1.042032e+01   3.167704e-19   3.058509e-03   9.618349e-21   214046
  1.043093e+01   3.305706e-19   3.059874e-03   9.797039e-21   204152
  1.044155e+01   3.011162e-19   3.062766e-03   1.007511e-20   194558
  1.045217e+01   3.111727e-19   3.062838e-03   1.029709e-20   185018
  1.046279e+01   3.095011e-19   3.066092e-03   1.057241e-20   175918
  1.047341e+01   3.050037e-19   3.068348e-03   1.087742e-20   166992
  1.048404e+01   2.983115e-19   3.070094e-03   1.118023e-20   158294
  1.049468e+01   3.097446e-19   3.071097e-03   1.144973e-20   149842
  1.050531e+01   2.890511e-19   3.068653e-03   1.178857e-20   141530
  1.051593e+01   3.317487e-19   3.060509e-03   1.216692e-20   133284
  1.052654e+01   2.980469e-19   3.057354e-03   1.254018e-20   125546
  1.053715e+01   2.962266e-19   3.051144e-03   1.290718e-20   117950
  1.054776e+01   3.076116e-19   3.048602e-03   1.331463e-20   110746
  1.055836e+01   2.738322e-19   3.039799e-03   1.381910e-20   103572
  1.056895e+01   3.400263e-19   3.036073e-03   1.423441e-20   96818
  1.057954e+01   3.053840e-19   3.031333e-03   1.472325e-20   90262
  1.059013e+01   2.761653e-19   3.027317e-03   1.547888e-20   83970
  1.060072e+01   3.166258e-19   3.019853e-03   1.585821e-20   77846
  1.061129e+01   3.018877e-19   3.012052e-03   1.674106e-20   71984
  1.062186e+01   2.856256e-19   3.005730e-03   1.739608e-20   66398
  1.063243e+01   3.218668e-19   3.000369e-03   1.801873e-20   61058
  1.064300e+01   2.358506e-19   2.995714e-03   1.891592e-20   55958
  1.065357e+01   3.659426e-19   2.990697e-03   1.996004e-20   51082
  1.066413e+01   3.520685e-19   2.981767e-03   2.102098e-20   46398
  1.067469e+01   3.427479e-19   2.970930e-03   2.175577e-20   41954
  1.068524e+01   3.151864e-19   2.955045e-03   2.292448e-20   37718
  1.069578e+01   2.585980e-19   2.938133e-03   2.484868e-20   33736
  1.070631e+01   3.185381e-19   2.922830e-03   2.622631e-20   30006
  1.071684e+01   3.418697e-19   2.912268e-03   2.760437e-20   26522
  1.072739e+01   3.208352e-19   2.905476e-03   2.998566e-20   23254
  1.073793e+01   2.386408e-19   2.895825e-03   3.200603e-20   20178
  1.074848e+01   3.589667e-19   2.890787e-03   3.443958e-20   17342
  1.075903e+01   4.152103e-19   2.886580e-03   3.687663e-20   14714
  1.076959e+01   3.660314e-19   2.887906e-03   4.083134e-20   12310
  1.078015e+01   2.837834e-19   2.880436e-03   4.546702e-20   10098
  1.079071e+01   3.940790e-19   2.879327e-03   5.044236e-20   8126
  1.080127e+01   2.674981e-19   2.877797e-03   5.675391e-20   6362
  1.081184e+01   2.740626e-19   2.888638e-03   6.488634e-20   4822
  1.082239e+01   1.750090e-19   2.872451e-03   7.708394e-20   3474
  1.083292e+01   1.872441e-19   2.869225e-03   9.326611e-20   2366
  1.084344e+01   4.829227e-19   2.860034e-03   1.243198e-19   1466
  1.085397e+01   8.640867e-20   2.925135e-03   1.690500e-19   790
  1.086426e+01   3.326523e-19   2.767211e-03   2.489528e-19   306
  1.087389e+01   -1.157460e-19   2.357714e-03   5.149797e-19   62
