# cross spectrum of phi(z1) and phi(z2)
# redshift z=1.494108
# k              Pk             sigma(k)       sigma(Pk)      count
  7.830312e-03   2.609180e-10   1.198114e-03   5.874333e-11   18
  1.686348e-02   3.092367e-10   2.897918e-03   2.954504e-11   152
  2.725284e-02   1.847181e-10   3.060867e-03   8.637491e-12   416
  3.742835e-02   1.012030e-10   2.912555e-03   3.789298e-12   770
  4.808679e-02   6.352423e-11   3.119650e-03   1.862989e-12   1364
  5.876109e-02   4.172222e-11   3.054550e-03   9.489497e-13   1976
  6.939824e-02   3.179548e-11   3.112555e-03   6.050837e-13   2792
  7.984642e-02   2.319002e-11   2.971805e-03   3.952605e-13   3578
  9.038229e-02   1.669989e-11   3.049521e-03   2.466656e-13   4724
  1.011318e-01   1.236192e-11   3.134595e-03   1.635020e-13   6032
  1.117485e-01   9.662374e-12   3.016599e-03   1.182380e-13   7072
  1.222702e-01   8.139031e-12   3.056387e-03   8.946349e-14   8634
  1.329722e-01   6.907214e-12   3.095256e-03   6.917486e-14   10336
  1.436677e-01   5.590191e-12   3.082009e-03   5.061139e-14   11940
  1.541872e-01   4.498268e-12   3.021465e-03   3.977959e-14   13490
  1.647185e-01   3.736364e-12   3.054444e-03   2.966049e-14   15656
  1.754149e-01   3.159957e-12   3.102608e-03   2.371872e-14   18008
  1.860920e-01   2.789636e-12   3.069464e-03   1.982841e-14   19964
  1.966957e-01   2.433169e-12   3.066093e-03   1.641807e-14   22354
  2.072851e-01   2.076858e-12   3.030819e-03   1.333432e-14   24648
  2.179134e-01   1.793795e-12   3.083109e-03   1.081570e-14   27592
  2.285517e-01   1.567659e-12   3.075318e-03   9.057647e-15   30152
  2.391687e-01   1.388058e-12   3.069056e-03   7.713332e-15   33046
  2.497808e-01   1.262390e-12   3.053846e-03   6.741463e-15   35992
  2.604233e-01   1.135588e-12   3.074764e-03   5.803817e-15   39304
  2.710722e-01   1.029022e-12   3.082145e-03   5.012660e-15   42608
  2.817050e-01   9.101291e-13   3.058267e-03   4.321117e-15   45758
  2.923349e-01   8.131758e-13   3.072286e-03   3.741892e-15   49536
  3.029238e-01   7.399642e-13   3.039208e-03   3.278392e-15   52488
  3.135134e-01   6.842355e-13   3.084628e-03   2.913874e-15   57034
  3.241511e-01   6.104040e-13   3.061146e-03   2.510650e-15   60648
  3.347969e-01   5.660326e-13   3.076329e-03   2.259149e-15   65044
  3.454223e-01   5.224871e-13   3.057760e-03   2.011487e-15   68720
  3.560505e-01   4.751287e-13   3.078281e-03   1.778342e-15   73538
  3.667175e-01   4.382258e-13   3.076939e-03   1.597194e-15   78080
  3.773260e-01   4.080282e-13   3.039859e-03   1.455028e-15   81572
  3.879192e-01   3.790632e-13   3.081238e-03   1.305931e-15   87248
  3.985882e-01   3.499216e-13   3.084591e-03   1.177019e-15   92266
  4.092322e-01   3.266154e-13   3.063169e-03   1.077971e-15   96696
  4.198039e-01   3.028334e-13   3.037602e-03   9.787970e-16   100904
  4.303789e-01   2.830102e-13   3.065517e-03   8.929260e-16   107036
  4.410480e-01   2.658216e-13   3.089487e-03   8.109765e-16   113362
  4.517307e-01   2.476161e-13   3.072092e-03   7.378377e-16   118176
  4.623378e-01   2.330479e-13   3.054661e-03   6.886845e-16   122944
  4.729644e-01   2.190044e-13   3.083007e-03   6.271919e-16   129902
  4.836049e-01   2.035673e-13   3.061727e-03   5.707914e-16   134944
  4.942158e-01   1.939862e-13   3.064979e-03   5.346687e-16   140952
  5.048213e-01   1.809026e-13   3.064662e-03   4.908015e-16   147072
  5.154342e-01   1.712315e-13   3.060800e-03   4.515128e-16   153382
  5.260893e-01   1.627117e-13   3.082622e-03   4.165508e-16   160952
  5.367508e-01   1.530483e-13   3.070294e-03   3.887090e-16   166640
  5.473579e-01   1.455397e-13   3.057153e-03   3.657860e-16   172448
  5.579787e-01   1.375091e-13   3.077577e-03   3.368070e-16   180594
  5.686178e-01   1.304172e-13   3.060710e-03   3.132270e-16   186556
  5.792219e-01   1.239323e-13   3.063394e-03   2.951802e-16   193528
  5.898242e-01   1.183257e-13   3.060684e-03   2.758437e-16   200626
  6.004609e-01   1.121209e-13   3.076604e-03   2.577819e-16   209256
  6.111150e-01   1.072387e-13   3.069663e-03   2.421349e-16   216020
  6.217510e-01   1.022543e-13   3.075746e-03   2.268539e-16   223768
  6.323610e-01   9.678637e-14   3.055783e-03   2.129430e-16   230234
  6.429887e-01   9.274482e-14   3.074922e-03   2.002171e-16   239800
  6.536248e-01   8.871628e-14   3.063054e-03   1.883877e-16   246568
  6.642393e-01   8.503239e-14   3.068328e-03   1.778425e-16   254828
  6.748534e-01   8.092504e-14   3.064424e-03   1.669268e-16   263074
  6.854951e-01   7.725683e-14   3.071509e-03   1.575153e-16   272312
  6.961385e-01   7.413654e-14   3.070197e-03   1.495146e-16   280376
  7.067732e-01   7.126282e-14   3.071500e-03   1.416804e-16   288884
  7.174012e-01   6.797771e-14   3.068501e-03   1.329216e-16   297602
  7.280177e-01   6.583048e-14   3.057614e-03   1.273845e-16   305520
  7.386402e-01   6.281736e-14   3.075198e-03   1.197167e-16   315976
  7.492461e-01   6.023178e-14   3.052723e-03   1.135854e-16   322778
  7.598720e-01   5.830339e-14   3.080021e-03   1.086119e-16   335372
  7.705286e-01   5.560415e-14   3.068318e-03   1.026204e-16   343464
  7.811635e-01   5.340309e-14   3.070705e-03   9.725074e-17   352912
  7.917934e-01   5.149527e-14   3.070498e-03   9.285538e-17   362666
  8.024224e-01   4.989106e-14   3.063690e-03   8.905275e-17   371884
  8.130465e-01   4.777843e-14   3.069929e-03   8.427711e-17   382280
  8.236583e-01   4.605559e-14   3.060755e-03   8.023725e-17   390888
  8.342648e-01   4.439491e-14   3.067168e-03   7.665577e-17   402234
  8.448912e-01   4.309095e-14   3.064832e-03   7.360692e-17   412576
  8.555263e-01   4.121207e-14   3.071788e-03   6.981502e-17   423732
  8.661590e-01   3.992396e-14   3.068142e-03   6.688786e-17   433624
  8.767950e-01   3.851301e-14   3.072203e-03   6.376645e-17   445154
  8.874347e-01   3.717236e-14   3.069139e-03   6.121951e-17   455584
  8.980596e-01   3.588400e-14   3.064716e-03   5.856592e-17   465588
  9.086714e-01   3.453443e-14   3.065163e-03   5.577501e-17   476762
  9.193048e-01   3.351222e-14   3.073106e-03   5.341551e-17   489552
  9.299472e-01   3.247960e-14   3.069632e-03   5.162959e-17   500328
  9.405628e-01   3.142741e-14   3.059261e-03   4.947721e-17   509852
  9.511854e-01   3.029375e-14   3.074339e-03   4.745057e-17   524234
  9.618189e-01   2.933115e-14   3.061952e-03   4.544463e-17   534104
  9.724448e-01   2.838567e-14   3.070528e-03   4.364091e-17   547048
  9.830800e-01   2.749195e-14   3.073862e-03   4.187245e-17   559328
  9.937180e-01   2.665922e-14   3.070866e-03   4.036085e-17   571326
  1.004339e+00   2.585980e-14   3.060367e-03   3.872213e-17   581920
  1.014951e+00   2.497146e-14   3.064588e-03   3.726246e-17   594832
  1.025571e+00   2.426538e-14   3.068054e-03   3.591155e-17   608048
  1.036206e+00   2.348834e-14   3.070252e-03   3.451694e-17   621526
  1.046839e+00   2.276544e-14   3.066112e-03   3.333487e-17   633240
  1.057456e+00   2.209926e-14   3.064953e-03   3.200450e-17   645472
  1.068086e+00   2.148857e-14   3.075342e-03   3.091116e-17   660906
  1.078726e+00   2.086536e-14   3.067576e-03   2.991072e-17   672856
  1.089356e+00   2.019344e-14   3.067094e-03   2.875259e-17   685980
  1.099980e+00   1.957632e-14   3.067978e-03   2.774701e-17   699256
  1.110619e+00   1.904091e-14   3.074976e-03   2.666785e-17   714730
  1.121246e+00   1.846100e-14   3.059348e-03   2.583396e-17   725152
  1.131863e+00   1.791357e-14   3.067634e-03   2.496731e-17   740420
  1.142485e+00   1.736700e-14   3.069089e-03   2.407590e-17   754312
  1.153114e+00   1.687989e-14   3.069897e-03   2.324633e-17   769114
  1.163749e+00   1.652433e-14   3.069209e-03   2.253104e-17   783488
  1.174365e+00   1.597173e-14   3.058900e-03   2.175019e-17   794968
  1.184981e+00   1.556830e-14   3.070107e-03   2.105562e-17   812366
  1.195609e+00   1.514047e-14   3.065134e-03   2.039160e-17   825976
  1.206250e+00   1.470048e-14   3.075220e-03   1.969865e-17   843352
  1.216898e+00   1.432164e-14   3.073224e-03   1.906796e-17   857280
  1.227524e+00   1.396779e-14   3.063189e-03   1.856671e-17   869542
  1.238147e+00   1.357217e-14   3.070752e-03   1.793393e-17   887128
  1.248772e+00   1.321283e-14   3.063166e-03   1.737733e-17   900032
  1.259388e+00   1.281136e-14   3.067377e-03   1.675494e-17   916560
  1.270005e+00   1.244153e-14   3.061783e-03   1.629171e-17   930922
  1.280635e+00   1.214191e-14   3.071795e-03   1.573511e-17   949844
  1.291287e+00   1.183305e-14   3.076939e-03   1.530870e-17   966736
  1.301925e+00   1.152609e-14   3.065819e-03   1.488985e-17   978776
  1.312537e+00   1.124212e-14   3.064137e-03   1.451364e-17   994522
  1.323161e+00   1.091936e-14   3.068907e-03   1.400329e-17   1012420
  1.333794e+00   1.063494e-14   3.071598e-03   1.357928e-17   1029408
  1.344410e+00   1.037329e-14   3.058405e-03   1.322609e-17   1041658
  1.355032e+00   1.009462e-14   3.072381e-03   1.281660e-17   1063520
  1.365659e+00   9.829454e-15   3.060689e-03   1.245117e-17   1075808
  1.376294e+00   9.596847e-15   3.080019e-03   1.210242e-17   1098956
  1.386928e+00   9.355504e-15   3.061670e-03   1.176714e-17   1109810
  1.397545e+00   9.137131e-15   3.065288e-03   1.145396e-17   1128608
  1.408178e+00   8.891865e-15   3.073589e-03   1.109350e-17   1148264
  1.418813e+00   8.650193e-15   3.067917e-03   1.080602e-17   1163252
  1.429436e+00   8.431484e-15   3.067070e-03   1.050875e-17   1181042
  1.440060e+00   8.239940e-15   3.064325e-03   1.021479e-17   1197848
  1.450692e+00   8.017288e-15   3.073737e-03   9.946347e-18   1218848
  1.461323e+00   7.805439e-15   3.064859e-03   9.678979e-18   1232916
  1.471945e+00   7.617078e-15   3.068844e-03   9.398006e-18   1253002
  1.482566e+00   7.418867e-15   3.062284e-03   9.150840e-18   1268576
  1.493191e+00   7.263078e-15   3.071552e-03   8.935896e-18   1290128
  1.503822e+00   7.063175e-15   3.068342e-03   8.707960e-18   1307402
  1.514455e+00   6.899251e-15   3.069122e-03   8.485851e-18   1327028
  1.525083e+00   6.731047e-15   3.064970e-03   8.247858e-18   1343648
  1.535711e+00   6.584492e-15   3.070217e-03   8.064141e-18   1364096
  1.546341e+00   6.419522e-15   3.068950e-03   7.828154e-18   1382730
  1.556974e+00   6.225124e-15   3.068757e-03   7.614831e-18   1402164
  1.567604e+00   6.097763e-15   3.068159e-03   7.444959e-18   1420464
  1.578221e+00   5.946559e-15   3.063798e-03   7.260796e-18   1437368
  1.588847e+00   5.825529e-15   3.072142e-03   7.084159e-18   1461530
  1.599480e+00   5.659338e-15   3.065069e-03   6.897458e-18   1478264
  1.610108e+00   5.532999e-15   3.068902e-03   6.729811e-18   1499356
  1.620732e+00   5.381932e-15   3.065238e-03   6.570196e-18   1517016
  1.631360e+00   5.276358e-15   3.070849e-03   6.414285e-18   1540090
  1.641988e+00   5.138520e-15   3.065366e-03   6.257647e-18   1557360
  1.652609e+00   5.014087e-15   3.066926e-03   6.103857e-18   1577780
  1.663242e+00   4.896765e-15   3.075107e-03   5.948666e-18   1602578
  1.673875e+00   4.784546e-15   3.063542e-03   5.821599e-18   1617672
  1.684498e+00   4.677408e-15   3.069033e-03   5.690025e-18   1641016
  1.695122e+00   4.567128e-15   3.065080e-03   5.562831e-18   1659416
  1.705746e+00   4.448451e-15   3.068431e-03   5.419272e-18   1682670
  1.716382e+00   4.349435e-15   3.070690e-03   5.286395e-18   1705256
  1.727024e+00   4.238735e-15   3.071890e-03   5.171120e-18   1726312
  1.737645e+00   4.142859e-15   3.062639e-03   5.067902e-18   1741880
  1.748261e+00   4.052147e-15   3.067156e-03   4.947042e-18   1766454
  1.758897e+00   3.954051e-15   3.073105e-03   4.825197e-18   1791784
  1.769528e+00   3.866839e-15   3.063894e-03   4.745850e-18   1807712
  1.780139e+00   3.773141e-15   3.062775e-03   4.632140e-18   1829002
  1.790759e+00   3.683217e-15   3.067263e-03   4.521553e-18   1854216
  1.801400e+00   3.605380e-15   3.074631e-03   4.424554e-18   1880156
  1.812037e+00   3.501056e-15   3.068349e-03   4.317710e-18   1897568
  1.822663e+00   3.431182e-15   3.068475e-03   4.236355e-18   1920458
  1.833288e+00   3.351571e-15   3.065997e-03   4.134640e-18   1942208
  1.843915e+00   3.285864e-15   3.067813e-03   4.060311e-18   1965612
  1.854544e+00   3.197793e-15   3.069639e-03   3.960099e-18   1989000
  1.865168e+00   3.119223e-15   3.064465e-03   3.872943e-18   2009114
  1.875791e+00   3.041736e-15   3.067400e-03   3.785474e-18   2034464
  1.886424e+00   2.983140e-15   3.070174e-03   3.714265e-18   2058476
  1.897052e+00   2.902760e-15   3.068039e-03   3.637727e-18   2079648
  1.907673e+00   2.845990e-15   3.065891e-03   3.564482e-18   2102578
  1.918306e+00   2.772221e-15   3.070742e-03   3.482983e-18   2129928
  1.928942e+00   2.709189e-15   3.069733e-03   3.417976e-18   2152096
  1.939563e+00   2.653520e-15   3.062858e-03   3.355505e-18   2171142
  1.950185e+00   2.597647e-15   3.069150e-03   3.281397e-18   2200248
  1.960824e+00   2.522445e-15   3.071017e-03   3.198408e-18   2225216
  1.971460e+00   2.474801e-15   3.070942e-03   3.142304e-18   2248448
  1.982084e+00   2.418992e-15   3.064272e-03   3.076791e-18   2267942
  1.992710e+00   2.366482e-15   3.071051e-03   3.022934e-18   2298072
  2.003337e+00   2.315204e-15   3.064068e-03   2.969118e-18   2317272
  2.013961e+00   2.255807e-15   3.069747e-03   2.899775e-18   2345808
  2.024580e+00   2.198260e-15   3.062469e-03   2.840941e-18   2365650
  2.035206e+00   2.147035e-15   3.069930e-03   2.789270e-18   2396940
  2.045842e+00   2.103883e-15   3.069936e-03   2.732142e-18   2421272
  2.056473e+00   2.060802e-15   3.068399e-03   2.690140e-18   2444576
  2.067102e+00   2.013650e-15   3.069748e-03   2.633209e-18   2471490
  2.077728e+00   1.965214e-15   3.064854e-03   2.579108e-18   2493180
  2.088349e+00   1.922646e-15   3.068019e-03   2.530032e-18   2520952
  2.098972e+00   1.869136e-15   3.065319e-03   2.477548e-18   2544946
  2.109598e+00   1.828192e-15   3.068311e-03   2.430193e-18   2573856
  2.120230e+00   1.789788e-15   3.069026e-03   2.388113e-18   2600016
  2.130862e+00   1.751081e-15   3.069102e-03   2.341223e-18   2625484
  2.141490e+00   1.710410e-15   3.068080e-03   2.300749e-18   2651122
  2.152130e+00   1.672758e-15   3.074348e-03   2.251926e-18   2683488
  2.162754e+00   1.636451e-15   3.059466e-03   2.219388e-18   2696352
  2.173371e+00   1.596313e-15   3.071171e-03   2.169741e-18   2733020
  2.184002e+00   1.555940e-15   3.067530e-03   2.132271e-18   2757378
  2.194631e+00   1.525879e-15   3.067942e-03   2.096869e-18   2784864
  2.205259e+00   1.494129e-15   3.067811e-03   2.055315e-18   2811168
  2.215874e+00   1.458379e-15   3.061061e-03   2.018903e-18   2832274
  2.226505e+00   1.428121e-15   3.075611e-03   1.983078e-18   2873636
  2.237142e+00   1.396419e-15   3.064877e-03   1.949615e-18   2890496
  2.247766e+00   1.361800e-15   3.069851e-03   1.913014e-18   2921800
  2.258399e+00   1.331250e-15   3.071101e-03   1.875172e-18   2951298
  2.269032e+00   1.298172e-15   3.066274e-03   1.847136e-18   2975476
  2.279663e+00   1.268318e-15   3.071375e-03   1.810567e-18   3007728
  2.290285e+00   1.245034e-15   3.061886e-03   1.782302e-18   3025776
  2.300910e+00   1.214872e-15   3.072955e-03   1.751299e-18   3065762
  2.311540e+00   1.185978e-15   3.063208e-03   1.719761e-18   3084856
  2.322162e+00   1.161316e-15   3.068985e-03   1.688347e-18   3118044
  2.332782e+00   1.131069e-15   3.064319e-03   1.657892e-18   3141352
  2.343410e+00   1.112796e-15   3.072036e-03   1.632926e-18   3179274
  2.354046e+00   1.080896e-15   3.067682e-03   1.600743e-18   3204120
  2.364668e+00   1.055883e-15   3.063610e-03   1.576414e-18   3227900
  2.375288e+00   1.036358e-15   3.068722e-03   1.549421e-18   3262394
  2.385925e+00   1.011968e-15   3.071814e-03   1.522295e-18   3295680
  2.396559e+00   9.873818e-16   3.067166e-03   1.495513e-18   3319560
  2.407184e+00   9.675664e-16   3.068070e-03   1.472000e-18   3348972
  2.417810e+00   9.466788e-16   3.068540e-03   1.446860e-18   3379722
  2.428441e+00   9.262518e-16   3.068348e-03   1.423437e-18   3410720
  2.439075e+00   9.032774e-16   3.069517e-03   1.400002e-18   3441504
  2.449697e+00   8.839633e-16   3.063301e-03   1.377384e-18   3463624
  2.460317e+00   8.654082e-16   3.068043e-03   1.353290e-18   3499790
  2.470951e+00   8.436907e-16   3.070702e-03   1.330981e-18   3533560
  2.481588e+00   8.237971e-16   3.069830e-03   1.306649e-18   3561920
  2.492209e+00   8.035477e-16   3.064208e-03   1.289006e-18   3585208
  2.502830e+00   7.904117e-16   3.069185e-03   1.265705e-18   3622518
  2.513468e+00   7.683457e-16   3.072344e-03   1.244573e-18   3657584
  2.524094e+00   7.514550e-16   3.062507e-03   1.228085e-18   3676440
  2.534707e+00   7.337889e-16   3.065232e-03   1.207590e-18   3711282
  2.545334e+00   7.186615e-16   3.068763e-03   1.188663e-18   3747696
  2.555965e+00   7.020187e-16   3.067225e-03   1.169911e-18   3776188
  2.566601e+00   6.876932e-16   3.074483e-03   1.148472e-18   3815304
  2.577232e+00   6.700048e-16   3.064660e-03   1.132161e-18   3835370
  2.587856e+00   6.560144e-16   3.068926e-03   1.112738e-18   3873424
  2.598487e+00   6.412577e-16   3.067978e-03   1.097081e-18   3903420
  2.609117e+00   6.265424e-16   3.070036e-03   1.079907e-18   3937624
  2.619745e+00   6.119412e-16   3.066011e-03   1.060907e-18   3965658
  2.630375e+00   5.992301e-16   3.069802e-03   1.044367e-18   4002984
  2.641001e+00   5.861839e-16   3.065136e-03   1.030243e-18   4027928
  2.651616e+00   5.700566e-16   3.064941e-03   1.012338e-18   4059844
  2.662241e+00   5.619948e-16   3.069945e-03   9.971510e-19   4100338
  2.672876e+00   5.471654e-16   3.069128e-03   9.799003e-19   4132264
  2.683506e+00   5.336162e-16   3.068474e-03   9.666769e-19   4163216
  2.694131e+00   5.240573e-16   3.066146e-03   9.536241e-19   4193350
  2.704761e+00   5.124424e-16   3.071068e-03   9.372711e-19   4234456
  2.715390e+00   4.981081e-16   3.064079e-03   9.241652e-19   4257264
  2.726012e+00   4.895879e-16   3.069774e-03   9.083547e-19   4297352
  2.736640e+00   4.776901e-16   3.067495e-03   8.966361e-19   4328642
  2.747272e+00   4.660754e-16   3.070663e-03   8.823101e-19   4367948
  2.757895e+00   4.546753e-16   3.061799e-03   8.691458e-19   4388384
  2.768519e+00   4.473250e-16   3.072247e-03   8.543627e-19   4436648
  2.779154e+00   4.363132e-16   3.067997e-03   8.436786e-19   4465658
  2.789787e+00   4.261895e-16   3.069677e-03   8.301171e-19   4502948
  2.800413e+00   4.164832e-16   3.064787e-03   8.173637e-19   4528880
  2.811033e+00   4.102764e-16   3.067181e-03   8.073461e-19   4566290
  2.821663e+00   3.968459e-16   3.070655e-03   7.935131e-19   4606856
  2.832293e+00   3.889541e-16   3.066552e-03   7.833654e-19   4635380
  2.842916e+00   3.805698e-16   3.067131e-03   7.708462e-19   4670384
  2.853543e+00   3.717396e-16   3.069161e-03   7.590548e-19   4709258
  2.864179e+00   3.652978e-16   3.070324e-03   7.479442e-19   4747352
  2.874805e+00   3.556245e-16   3.063655e-03   7.391490e-19   4771664
  2.885427e+00   3.480040e-16   3.068600e-03   7.271831e-19   4813532
  2.896058e+00   3.389761e-16   3.070437e-03   7.158312e-19   4852322
  2.906693e+00   3.323137e-16   3.069013e-03   7.053488e-19   4886480
  2.917320e+00   3.253022e-16   3.066289e-03   6.964789e-19   4917248
  2.927939e+00   3.162225e-16   3.065099e-03   6.850689e-19   4950828
  2.938569e+00   3.110991e-16   3.072788e-03   6.762488e-19   5000170
  2.949204e+00   3.045484e-16   3.066857e-03   6.667477e-19   5026952
  2.959825e+00   2.982626e-16   3.064676e-03   6.576552e-19   5058752
  2.970445e+00   2.903864e-16   3.067741e-03   6.478858e-19   5100722
  2.981076e+00   2.839077e-16   3.068979e-03   6.387631e-19   5140124
  2.991706e+00   2.763676e-16   3.067937e-03   6.292911e-19   5174072
  3.002335e+00   2.706156e-16   3.068928e-03   6.206834e-19   5211608
  3.012962e+00   2.653922e-16   3.067917e-03   6.113880e-19   5247794
  3.023589e+00   2.608980e-16   3.066908e-03   6.035732e-19   5284196
  3.034222e+00   2.541422e-16   3.071657e-03   5.938969e-19   5328800
  3.044847e+00   2.470103e-16   3.063109e-03   5.873417e-19   5350872
  3.055470e+00   2.422818e-16   3.069608e-03   5.778269e-19   5400634
  3.066097e+00   2.371320e-16   3.065291e-03   5.709700e-19   5430968
  3.076725e+00   2.318203e-16   3.070185e-03   5.614521e-19   5475908
  3.087355e+00   2.272054e-16   3.068352e-03   5.548874e-19   5510016
  3.097986e+00   2.237324e-16   3.069695e-03   5.469756e-19   5552114
  3.108620e+00   2.173223e-16   3.068841e-03   5.399571e-19   5588944
  3.119249e+00   2.136704e-16   3.067703e-03   5.326012e-19   5623828
  3.129873e+00   2.078188e-16   3.066629e-03   5.251023e-19   5660722
  3.140497e+00   2.040614e-16   3.066422e-03   5.183260e-19   5699896
  3.151124e+00   1.990771e-16   3.068968e-03   5.108039e-19   5741936
  3.161754e+00   1.940702e-16   3.069010e-03   5.036562e-19   5779568
  3.172381e+00   1.906429e-16   3.067639e-03   4.967934e-19   5817222
  3.183006e+00   1.856759e-16   3.066013e-03   4.904368e-19   5854600
  3.193635e+00   1.812499e-16   3.069791e-03   4.831288e-19   5900040
  3.204262e+00   1.783722e-16   3.066501e-03   4.770971e-19   5931976
  3.214890e+00   1.759827e-16   3.070101e-03   4.707437e-19   5979390
  3.225518e+00   1.711499e-16   3.065321e-03   4.645548e-19   6010200
  3.236144e+00   1.678710e-16   3.069327e-03   4.577148e-19   6056496
  3.246769e+00   1.649242e-16   3.066211e-03   4.524426e-19   6089504
  3.257396e+00   1.607368e-16   3.069391e-03   4.458606e-19   6137114
  3.268025e+00   1.578614e-16   3.067201e-03   4.403792e-19   6173332
  3.278652e+00   1.531935e-16   3.067882e-03   4.343825e-19   6214128
  3.289279e+00   1.509709e-16   3.067306e-03   4.285958e-19   6253874
  3.299910e+00   1.458247e-16   3.069629e-03   4.226353e-19   6300104
  3.310539e+00   1.440368e-16   3.066365e-03   4.174340e-19   6332612
  3.321166e+00   1.402785e-16   3.070240e-03   4.117461e-19   6379768
  3.331797e+00   1.377004e-16   3.068597e-03   4.065117e-19   6418218
  3.342427e+00   1.347580e-16   3.068360e-03   4.011892e-19   6459880
  3.353052e+00   1.314558e-16   3.066116e-03   3.962637e-19   6495652
  3.363680e+00   1.303387e-16   3.070231e-03   3.904746e-19   6545296
  3.374311e+00   1.268255e-16   3.067227e-03   3.860171e-19   6581570
  3.384935e+00   1.228593e-16   3.065246e-03   3.803513e-19   6618960
  3.395556e+00   1.212962e-16   3.067158e-03   3.757328e-19   6663352
  3.406178e+00   1.191607e-16   3.065376e-03   3.706931e-19   6701334
  3.416809e+00   1.158644e-16   3.072512e-03   3.656258e-19   6759920
  3.427444e+00   1.134458e-16   3.067179e-03   3.614194e-19   6789696
  3.438073e+00   1.110033e-16   3.069955e-03   3.568665e-19   6837208
  3.448703e+00   1.095623e-16   3.067492e-03   3.520516e-19   6874966
  3.459333e+00   1.058536e-16   3.068613e-03   3.469813e-19   6920864
  3.469960e+00   1.057589e-16   3.066758e-03   3.428071e-19   6957816
  3.480585e+00   1.019090e-16   3.068144e-03   3.386546e-19   7002232
  3.491208e+00   1.007224e-16   3.066540e-03   3.345169e-19   7043114
  3.501840e+00   9.847465e-17   3.070403e-03   3.300335e-19   7096020
  3.512471e+00   9.553714e-17   3.067394e-03   3.262302e-19   7130640
  3.523097e+00   9.349661e-17   3.068276e-03   3.217859e-19   7175472
  3.533723e+00   9.128519e-17   3.067248e-03   3.173998e-19   7217786
  3.544353e+00   9.041666e-17   3.068999e-03   3.134949e-19   7265564
  3.554979e+00   8.856213e-17   3.066319e-03   3.096752e-19   7301288
  3.565600e+00   8.765310e-17   3.066375e-03   3.056773e-19   7345330
  3.576227e+00   8.523851e-17   3.069052e-03   3.016908e-19   7397048
  3.586856e+00   8.391239e-17   3.067039e-03   2.981563e-19   7435920
  3.597485e+00   8.158336e-17   3.069220e-03   2.942975e-19   7484140
  3.608113e+00   8.048206e-17   3.067643e-03   2.908671e-19   7525578
  3.618741e+00   7.848720e-17   3.067518e-03   2.873860e-19   7571376
  3.629371e+00   7.754250e-17   3.068480e-03   2.835602e-19   7617064
  3.640002e+00   7.575063e-17   3.069456e-03   2.799353e-19   7662092
  3.650627e+00   7.427314e-17   3.066324e-03   2.767075e-19   7699658
  3.661254e+00   7.277839e-17   3.068945e-03   2.731134e-19   7752416
  3.671886e+00   7.100653e-17   3.069408e-03   2.697793e-19   7797776
  3.682511e+00   6.974939e-17   3.065176e-03   2.667031e-19   7831720
  3.693136e+00   6.903973e-17   3.069723e-03   2.631554e-19   7889926
  3.703768e+00   6.703331e-17   3.067981e-03   2.597684e-19   7931480
  3.714397e+00   6.607868e-17   3.068251e-03   2.565060e-19   7976688
  3.725016e+00   6.607692e-17   3.062621e-03   2.539043e-19   8007786
  3.735639e+00   6.325562e-17   3.070332e-03   2.505717e-19   8074564
  3.746275e+00   6.181326e-17   3.070085e-03   2.471489e-19   8118904
  3.756904e+00   6.122836e-17   3.066957e-03   2.442064e-19   8155824
  3.767533e+00   6.000929e-17   3.070641e-03   2.416391e-19   8212802
  3.778161e+00   5.922344e-17   3.065118e-03   2.384616e-19   8245268
  3.788791e+00   5.772030e-17   3.071754e-03   2.355848e-19   8308816
  3.799422e+00   5.755916e-17   3.066301e-03   2.328532e-19   8340304
  3.810044e+00   5.572608e-17   3.066222e-03   2.299446e-19   8387738
  3.820668e+00   5.493626e-17   3.067207e-03   2.271364e-19   8437624
  3.831296e+00   5.418105e-17   3.068826e-03   2.245072e-19   8487796
  3.841921e+00   5.318974e-17   3.066430e-03   2.219924e-19   8527936
  3.852549e+00   5.206791e-17   3.069409e-03   2.189664e-19   8585122
  3.863180e+00   5.095147e-17   3.067925e-03   2.164178e-19   8628200
  3.873811e+00   5.019401e-17   3.069670e-03   2.137968e-19   8679484
  3.884439e+00   4.929813e-17   3.067320e-03   2.116026e-19   8721466
  3.895064e+00   4.824070e-17   3.065795e-03   2.086073e-19   8765840
  3.905692e+00   4.745142e-17   3.070355e-03   2.061740e-19   8825136
  3.916320e+00   4.694223e-17   3.066753e-03   2.038739e-19   8861768
  3.926948e+00   4.605698e-17   3.069321e-03   2.015136e-19   8919278
  3.937577e+00   4.523915e-17   3.066595e-03   1.991142e-19   8961008
  3.948205e+00   4.463170e-17   3.068779e-03   1.967142e-19   9014456
  3.958835e+00   4.383940e-17   3.068818e-03   1.944735e-19   9062240
  3.969465e+00   4.238619e-17   3.068277e-03   1.920999e-19   9110510
  3.980091e+00   4.225581e-17   3.066455e-03   1.897489e-19   9154048
  3.990712e+00   4.146201e-17   3.065703e-03   1.877654e-19   9198928
  4.001336e+00   4.100100e-17   3.068826e-03   1.854409e-19   9257194
  4.011967e+00   4.042415e-17   3.069362e-03   1.834444e-19   9310168
  4.022596e+00   3.882046e-17   3.066324e-03   1.812033e-19   9350316
  4.033222e+00   3.870769e-17   3.069210e-03   1.789258e-19   9407120
  4.043852e+00   3.841540e-17   3.068250e-03   1.768116e-19   9454642
  4.054482e+00   3.700377e-17   3.068405e-03   1.746918e-19   9506272
  4.065111e+00   3.694739e-17   3.067355e-03   1.727433e-19   9551228
  4.075735e+00   3.604744e-17   3.067594e-03   1.709383e-19   9600264
  4.086360e+00   3.601937e-17   3.067530e-03   1.687436e-19   9651458
  4.096991e+00   3.548412e-17   3.070122e-03   1.667027e-19   9711488
  4.107620e+00   3.468925e-17   3.066189e-03   1.648843e-19   9749144
  4.118247e+00   3.432447e-17   3.069033e-03   1.629263e-19   9807908
  4.128876e+00   3.310361e-17   3.067607e-03   1.610339e-19   9854786
  4.139508e+00   3.295114e-17   3.070269e-03   1.591443e-19   9914304
  4.150134e+00   3.260119e-17   3.064668e-03   1.576477e-19   9945544
  4.160753e+00   3.231453e-17   3.066794e-03   1.557266e-19   10003414
  4.171379e+00   3.165819e-17   3.068671e-03   1.536760e-19   10062032
  4.182011e+00   3.114094e-17   3.069142e-03   1.520613e-19   10114792
  4.192645e+00   3.102282e-17   3.070449e-03   1.500851e-19   10169936
  4.203267e+00   3.010179e-17   3.062650e-03   1.487736e-19   10196602
  4.213895e+00   2.982982e-17   3.072265e-03   1.468622e-19   10281156
  4.224526e+00   2.941365e-17   3.065688e-03   1.451908e-19   10309376
  4.235150e+00   2.906832e-17   3.068567e-03   1.435731e-19   10369856
  4.245775e+00   2.890382e-17   3.066063e-03   1.421976e-19   10415370
  4.256404e+00   2.808831e-17   3.070045e-03   1.403599e-19   10481988
  4.267039e+00   2.779985e-17   3.069556e-03   1.387954e-19   10531200
  4.277665e+00   2.740745e-17   3.065408e-03   1.373664e-19   10569416
  4.288289e+00   2.711146e-17   3.068216e-03   1.357006e-19   10633066
  4.298919e+00   2.643001e-17   3.068866e-03   1.339869e-19   10687548
  4.309552e+00   2.616023e-17   3.070419e-03   1.326310e-19   10743968
  4.320180e+00   2.615261e-17   3.065849e-03   1.312046e-19   10782130
  4.330801e+00   2.560782e-17   3.066095e-03   1.298010e-19   10837792
  4.341427e+00   2.530657e-17   3.068321e-03   1.284009e-19   10897368
  4.352058e+00   2.478501e-17   3.069642e-03   1.268693e-19   10953940
  4.362687e+00   2.458712e-17   3.067969e-03   1.254747e-19   11003274
  4.373313e+00   2.429530e-17   3.066343e-03   1.240977e-19   11052800
  4.383943e+00   2.397966e-17   3.070099e-03   1.227439e-19   11118176
  4.394573e+00   2.373026e-17   3.067934e-03   1.213520e-19   11162268
  4.405196e+00   2.345250e-17   3.066117e-03   1.200627e-19   11211458
  4.415820e+00   2.303073e-17   3.067310e-03   1.186786e-19   11271888
  4.426448e+00   2.280421e-17   3.068640e-03   1.174226e-19   11329304
  4.437073e+00   2.244030e-17   3.066385e-03   1.162329e-19   11375026
  4.447701e+00   2.207955e-17   3.069261e-03   1.148292e-19   11442532
  4.458330e+00   2.208343e-17   3.066551e-03   1.136070e-19   11487264
  4.468957e+00   2.185217e-17   3.068098e-03   1.122159e-19   11545680
  4.479587e+00   2.133378e-17   3.069842e-03   1.110908e-19   11607058
  4.490221e+00   2.158825e-17   3.069925e-03   1.099062e-19   11664300
  4.500851e+00   2.104790e-17   3.066963e-03   1.087114e-19   11707488
  4.511474e+00   2.064072e-17   3.066617e-03   1.075247e-19   11759536
  4.522104e+00   2.038925e-17   3.071176e-03   1.063336e-19   11833690
  4.532737e+00   2.051163e-17   3.067542e-03   1.052955e-19   11877808
  4.543362e+00   2.026451e-17   3.065778e-03   1.040730e-19   11925836
  4.553987e+00   1.959646e-17   3.068899e-03   1.030277e-19   11992168
  4.564616e+00   1.909332e-17   3.067784e-03   1.018082e-19   12044554
  4.575242e+00   1.939037e-17   3.067168e-03   1.008073e-19   12098976
  4.585865e+00   1.921750e-17   3.066173e-03   9.979465e-20   12149996
  4.596487e+00   1.904214e-17   3.067038e-03   9.858949e-20   12209594
  4.607117e+00   1.872785e-17   3.069983e-03   9.761771e-20   12279272
  4.617752e+00   1.851059e-17   3.070004e-03   9.654104e-20   12336072
  4.628383e+00   1.825794e-17   3.067416e-03   9.557904e-20   12381744
  4.639009e+00   1.839919e-17   3.068068e-03   9.445055e-20   12441590
  4.649637e+00   1.801606e-17   3.067557e-03   9.357927e-20   12497256
  4.660262e+00   1.752575e-17   3.066825e-03   9.268530e-20   12550032
  4.670884e+00   1.776880e-17   3.066185e-03   9.160033e-20   12603936
  4.681508e+00   1.752536e-17   3.068111e-03   9.070572e-20   12671230
  4.692142e+00   1.724140e-17   3.070828e-03   8.962265e-20   12740920
  4.702775e+00   1.733809e-17   3.067767e-03   8.871127e-20   12784560
  4.713398e+00   1.700382e-17   3.065894e-03   8.778472e-20   12834176
  4.724025e+00   1.669031e-17   3.069663e-03   8.683521e-20   12909006
  4.734656e+00   1.668643e-17   3.068089e-03   8.597295e-20   12959680
  4.745283e+00   1.642281e-17   3.067551e-03   8.514360e-20   13014232
  4.755909e+00   1.611135e-17   3.068154e-03   8.413257e-20   13076514
  4.766534e+00   1.618056e-17   3.065684e-03   8.347213e-20   13127112
  4.777164e+00   1.582566e-17   3.070665e-03   8.242230e-20   13205852
  4.787797e+00   1.591900e-17   3.068206e-03   8.165414e-20   13252032
  4.798423e+00   1.573281e-17   3.066967e-03   8.080971e-20   13307450
  4.809051e+00   1.546228e-17   3.068506e-03   8.002796e-20   13374160
  4.819680e+00   1.545702e-17   3.067567e-03   7.915702e-20   13426348
  4.830308e+00   1.520393e-17   3.069633e-03   7.838277e-20   13492760
  4.840934e+00   1.523496e-17   3.066142e-03   7.758676e-20   13539546
  4.851560e+00   1.512773e-17   3.068338e-03   7.675514e-20   13610704
  4.862187e+00   1.500938e-17   3.066835e-03   7.607625e-20   13662024
  4.872813e+00   1.488494e-17   3.068248e-03   7.521206e-20   13727492
  4.883443e+00   1.468034e-17   3.069111e-03   7.447916e-20   13793394
  4.894073e+00   1.451617e-17   3.067154e-03   7.371937e-20   13844456
  4.904699e+00   1.432642e-17   3.067927e-03   7.304121e-20   13905184
  4.915325e+00   1.431195e-17   3.067971e-03   7.225824e-20   13965958
  4.925951e+00   1.443113e-17   3.067148e-03   7.163124e-20   14025192
  4.936580e+00   1.438103e-17   3.068951e-03   7.086586e-20   14093768
  4.947211e+00   1.396035e-17   3.068454e-03   7.020550e-20   14150440
  4.957840e+00   1.410885e-17   3.068630e-03   6.956411e-20   14213450
  4.968468e+00   1.385998e-17   3.066726e-03   6.880789e-20   14267036
  4.979095e+00   1.380674e-17   3.068568e-03   6.810106e-20   14335032
  4.989722e+00   1.351068e-17   3.067092e-03   6.747744e-20   14387664
  5.000347e+00   1.351660e-17   3.068270e-03   6.684739e-20   14455698
  5.010977e+00   1.342187e-17   3.068677e-03   6.611971e-20   14520452
  5.021607e+00   1.308043e-17   3.068497e-03   6.552712e-20   14580272
  5.032232e+00   1.327885e-17   3.065614e-03   6.488718e-20   14628050
  5.042860e+00   1.326294e-17   3.070982e-03   6.430169e-20   14716744
  5.053489e+00   1.320426e-17   3.065407e-03   6.370250e-20   14751712
  5.064115e+00   1.312278e-17   3.069456e-03   6.302410e-20   14831620
  5.074740e+00   1.266808e-17   3.065470e-03   6.247450e-20   14875522
  5.085366e+00   1.278958e-17   3.068961e-03   6.189057e-20   14956720
  5.095994e+00   1.271346e-17   3.066998e-03   6.128598e-20   15008272
  5.106620e+00   1.271649e-17   3.067783e-03   6.073844e-20   15073780
  5.117248e+00   1.268496e-17   3.069002e-03   6.016370e-20   15144866
  5.127883e+00   1.254401e-17   3.070052e-03   5.959086e-20   15213872
  5.138515e+00   1.235432e-17   3.067931e-03   5.898392e-20   15263976
  5.149140e+00   1.238532e-17   3.066723e-03   5.842319e-20   15320236
  5.159767e+00   1.224623e-17   3.069367e-03   5.789789e-20   15398322
  5.170396e+00   1.206163e-17   3.067121e-03   5.742901e-20   15450864
  5.181021e+00   1.222458e-17   3.067373e-03   5.686521e-20   15513888
  5.191645e+00   1.207168e-17   3.066596e-03   5.638645e-20   15574626
  5.202274e+00   1.200958e-17   3.069893e-03   5.588045e-20   15657956
  5.212904e+00   1.197505e-17   3.066736e-03   5.532222e-20   15704248
  5.223531e+00   1.184787e-17   3.068512e-03   5.484752e-20   15774824
  5.234161e+00   1.178197e-17   3.069354e-03   5.438945e-20   15844898
  5.244790e+00   1.170938e-17   3.066994e-03   5.391475e-20   15898956
  5.255415e+00   1.168226e-17   3.067091e-03   5.339542e-20   15961768
  5.266040e+00   1.165089e-17   3.068481e-03   5.290948e-20   16032208
  5.276669e+00   1.143235e-17   3.068464e-03   5.242480e-20   16099530
  5.287295e+00   1.157341e-17   3.065856e-03   5.200477e-20   16152712
  5.297924e+00   1.141464e-17   3.069693e-03   5.155264e-20   16235740
  5.308553e+00   1.141830e-17   3.067725e-03   5.106665e-20   16288856
  5.319183e+00   1.134728e-17   3.069408e-03   5.060055e-20   16365074
  5.329812e+00   1.136309e-17   3.067066e-03   5.019976e-20   16418248
  5.340434e+00   1.115094e-17   3.065573e-03   4.979057e-20   16473180
  5.351058e+00   1.112591e-17   3.069491e-03   4.935009e-20   16560234
  5.361687e+00   1.107379e-17   3.067046e-03   4.893492e-20   16616088
  5.372317e+00   1.110655e-17   3.069133e-03   4.850377e-20   16693264
  5.382948e+00   1.092808e-17   3.068526e-03   4.805807e-20   16753864
  5.393577e+00   1.096478e-17   3.068569e-03   4.770395e-20   16820702
  5.404204e+00   1.081763e-17   3.066887e-03   4.729547e-20   16879288
  5.414832e+00   1.077953e-17   3.068277e-03   4.689734e-20   16951712
  5.425456e+00   1.077408e-17   3.066689e-03   4.649716e-20   17007560
  5.436084e+00   1.076499e-17   3.069534e-03   4.615461e-20   17092086
  5.446713e+00   1.077151e-17   3.067265e-03   4.578023e-20   17148392
  5.457342e+00   1.068626e-17   3.068696e-03   4.544586e-20   17222288
  5.467971e+00   1.069665e-17   3.068089e-03   4.500423e-20   17285096
  5.478597e+00   1.065584e-17   3.066549e-03   4.469622e-20   17344826
  5.489223e+00   1.055963e-17   3.068300e-03   4.432538e-20   17421236
  5.499853e+00   1.047181e-17   3.069479e-03   4.393380e-20   17494160
  5.510478e+00   1.043149e-17   3.065109e-03   4.362865e-20   17538122
  5.521100e+00   1.039674e-17   3.067347e-03   4.331389e-20   17620136
  5.531731e+00   1.050249e-17   3.069687e-03   4.295108e-20   17700428
  5.542362e+00   1.031493e-17   3.068482e-03   4.259973e-20   17760320
  5.552991e+00   1.022774e-17   3.068060e-03   4.229548e-20   17827562
  5.563619e+00   1.021368e-17   3.067912e-03   4.197869e-20   17895488
  5.574247e+00   1.029299e-17   3.068230e-03   4.166552e-20   17963576
  5.584874e+00   1.021019e-17   3.067616e-03   4.135634e-20   18027500
  5.595502e+00   1.005357e-17   3.068831e-03   4.108971e-20   18105650
  5.606129e+00   1.011998e-17   3.066269e-03   4.074295e-20   18160880
  5.616752e+00   1.010796e-17   3.067084e-03   4.048112e-20   18233144
  5.627379e+00   1.007407e-17   3.067872e-03   4.012683e-20   18307310
  5.638008e+00   1.006215e-17   3.068420e-03   3.988075e-20   18381680
  5.648639e+00   9.997679e-18   3.068723e-03   3.962145e-20   18450536
  5.659270e+00   1.001420e-17   3.069549e-03   3.934615e-20   18522128
  5.669897e+00   9.961492e-18   3.067067e-03   3.905179e-20   18578414
  5.680523e+00   9.989654e-18   3.067781e-03   3.878498e-20   18654304
  5.691150e+00   9.845407e-18   3.067639e-03   3.849945e-20   18722304
  5.701780e+00   9.827218e-18   3.069442e-03   3.821471e-20   18802472
  5.712409e+00   9.821521e-18   3.067729e-03   3.799844e-20   18864266
  5.723037e+00   9.847527e-18   3.067347e-03   3.776444e-20   18933260
  5.733662e+00   9.760449e-18   3.066799e-03   3.748316e-20   18997448
  5.744288e+00   9.839490e-18   3.068953e-03   3.723616e-20   19079816
  5.754917e+00   9.708898e-18   3.067744e-03   3.704521e-20   19145330
  5.765545e+00   9.697957e-18   3.067941e-03   3.678591e-20   19218276
  5.776172e+00   9.735953e-18   3.067784e-03   3.649876e-20   19286200
  5.786797e+00   9.661891e-18   3.066457e-03   3.634311e-20   19349738
  5.797427e+00   9.642197e-18   3.070714e-03   3.609266e-20   19450040
  5.808057e+00   9.628219e-18   3.065907e-03   3.590929e-20   19489688
  5.818683e+00   9.575426e-18   3.068803e-03   3.567837e-20   19576868
  5.829310e+00   9.564455e-18   3.067331e-03   3.545343e-20   19640282
  5.839940e+00   9.553343e-18   3.069683e-03   3.523933e-20   19728800
  5.850566e+00   9.601270e-18   3.065237e-03   3.504391e-20   19770152
  5.861190e+00   9.494886e-18   3.068717e-03   3.483423e-20   19863516
  5.871821e+00   9.464798e-18   3.069639e-03   3.469701e-20   19943594
  5.882452e+00   9.449175e-18   3.067597e-03   3.448459e-20   20003440
  5.893081e+00   9.516430e-18   3.068832e-03   3.432951e-20   20081768
  5.903706e+00   9.506495e-18   3.066188e-03   3.412545e-20   20136200
  5.914335e+00   9.456517e-18   3.070449e-03   3.392949e-20   20238094
  5.924964e+00   9.426882e-18   3.066146e-03   3.376600e-20   20282544
  5.935584e+00   9.498663e-18   3.065727e-03   3.360282e-20   20351720
  5.946209e+00   9.388940e-18   3.068474e-03   3.340812e-20   20444714
  5.956838e+00   9.402609e-18   3.067781e-03   3.326071e-20   20515116
  5.967470e+00   9.429765e-18   3.070149e-03   3.308506e-20   20602384
  5.978102e+00   9.315332e-18   3.068165e-03   3.294059e-20   20659872
  5.988728e+00   9.385655e-18   3.067093e-03   3.274357e-20   20727682
  5.999356e+00   9.411246e-18   3.068732e-03   3.264858e-20   20814416
  6.009986e+00   9.320022e-18   3.068153e-03   3.248634e-20   20881100
  6.020612e+00   9.292606e-18   3.068117e-03   3.233277e-20   20953688
  6.031238e+00   9.322460e-18   3.066654e-03   3.226318e-20   21021050
  6.041866e+00   9.410964e-18   3.068891e-03   3.207009e-20   21111632
  6.052496e+00   9.375391e-18   3.068341e-03   3.194206e-20   21179972
  6.063121e+00   9.352902e-18   3.066368e-03   3.182512e-20   21240488
  6.073747e+00   9.341587e-18   3.068419e-03   3.172575e-20   21331418
  6.084375e+00   9.365135e-18   3.067338e-03   3.159250e-20   21397304
  6.095000e+00   9.325684e-18   3.067405e-03   3.146538e-20   21469764
  6.105627e+00   9.271450e-18   3.068819e-03   3.131333e-20   21556122
  6.116254e+00   9.312032e-18   3.066479e-03   3.123468e-20   21618312
  6.126884e+00   9.297541e-18   3.069809e-03   3.110885e-20   21716096
  6.137516e+00   9.259898e-18   3.068719e-03   3.098173e-20   21781352
  6.148144e+00   9.336329e-18   3.067428e-03   3.094508e-20   21848870
  6.158771e+00   9.285238e-18   3.067652e-03   3.080525e-20   21927536
  6.169400e+00   9.308145e-18   3.068795e-03   3.072390e-20   22008944
  6.180028e+00   9.246709e-18   3.067865e-03   3.067784e-20   22076136
  6.190652e+00   9.270292e-18   3.066547e-03   3.061292e-20   22145270
  6.201282e+00   9.284341e-18   3.070373e-03   3.049451e-20   22250960
  6.211913e+00   9.239972e-18   3.066914e-03   3.041757e-20   22300864
  6.222538e+00   9.186214e-18   3.067186e-03   3.034406e-20   22378586
  6.233165e+00   9.257340e-18   3.068261e-03   3.031221e-20   22464104
  6.243795e+00   9.256163e-18   3.068708e-03   3.022692e-20   22542892
  6.254421e+00   9.235486e-18   3.067123e-03   3.015668e-20   22606008
  6.265047e+00   9.177252e-18   3.067919e-03   3.006317e-20   22690002
  6.275673e+00   9.268456e-18   3.066936e-03   3.001408e-20   22762216
  6.286298e+00   9.075170e-18   3.068880e-03   2.978478e-20   22815779
  6.296927e+00   8.742773e-18   3.067733e-03   2.929708e-20   22772312
  6.307555e+00   8.331627e-18   3.067923e-03   2.877286e-20   22733708
  6.318183e+00   7.919485e-18   3.068441e-03   2.828166e-20   22697672
  6.328811e+00   7.656957e-18   3.067507e-03   2.779747e-20   22651460
  6.339438e+00   7.272850e-18   3.068199e-03   2.731641e-20   22616024
  6.350068e+00   6.972121e-18   3.069309e-03   2.685291e-20   22583496
  6.360694e+00   6.666492e-18   3.065960e-03   2.642574e-20   22519252
  6.371317e+00   6.374160e-18   3.067197e-03   2.599158e-20   22488992
  6.381944e+00   6.152393e-18   3.067780e-03   2.554367e-20   22453172
  6.392574e+00   5.844386e-18   3.069105e-03   2.515077e-20   22420584
  6.403204e+00   5.644291e-18   3.068296e-03   2.475388e-20   22371700
  6.413832e+00   5.413440e-18   3.068296e-03   2.437083e-20   22329896
  6.424460e+00   5.245833e-18   3.067512e-03   2.400652e-20   22282876
  6.435088e+00   4.998891e-18   3.068899e-03   2.364146e-20   22250692
  6.445715e+00   4.813599e-18   3.066872e-03   2.327318e-20   22194436
  6.456340e+00   4.634877e-18   3.066996e-03   2.293668e-20   22153540
  6.466968e+00   4.454999e-18   3.068722e-03   2.259833e-20   22122584
  6.477597e+00   4.320707e-18   3.067957e-03   2.228702e-20   22073004
  6.488227e+00   4.151238e-18   3.069406e-03   2.196469e-20   22039640
  6.498854e+00   3.928872e-18   3.066107e-03   2.167125e-20   21971624
  6.509482e+00   3.862513e-18   3.070097e-03   2.132449e-20   21955708
  6.520106e+00   3.689012e-18   3.063845e-03   2.105145e-20   21867720
  6.530733e+00   3.589082e-18   3.071600e-03   2.073364e-20   21878900
  6.541363e+00   3.431031e-18   3.065935e-03   2.049652e-20   21794260
  6.551990e+00   3.389480e-18   3.068881e-03   2.020231e-20   21770256
  6.562619e+00   3.217838e-18   3.068010e-03   1.992832e-20   21718124
  6.573247e+00   3.105735e-18   3.067905e-03   1.967526e-20   21671096
  6.583874e+00   3.040755e-18   3.067932e-03   1.941455e-20   21625412
  6.594503e+00   2.922321e-18   3.069070e-03   1.914676e-20   21587284
  6.605129e+00   2.856008e-18   3.066010e-03   1.890008e-20   21519648
  6.615755e+00   2.761449e-18   3.068792e-03   1.867730e-20   21493344
  6.626384e+00   2.651519e-18   3.067812e-03   1.841732e-20   21439360
  6.637013e+00   2.591009e-18   3.068679e-03   1.819353e-20   21398900
  6.647644e+00   2.543287e-18   3.068668e-03   1.795811e-20   21351488
  6.658271e+00   2.446591e-18   3.066526e-03   1.775255e-20   21288012
  6.668898e+00   2.334327e-18   3.068796e-03   1.751568e-20   21255052
  6.679525e+00   2.302279e-18   3.067400e-03   1.731781e-20   21196928
  6.690151e+00   2.237957e-18   3.067431e-03   1.711412e-20   21149036
  6.700778e+00   2.182383e-18   3.068015e-03   1.690894e-20   21105304
  6.711407e+00   2.086761e-18   3.068524e-03   1.671215e-20   21059992
  6.722038e+00   2.118737e-18   3.069263e-03   1.650889e-20   21014904
  6.732667e+00   1.999786e-18   3.067536e-03   1.631975e-20   20953620
  6.743293e+00   1.976922e-18   3.067478e-03   1.612672e-20   20902948
  6.753920e+00   1.931047e-18   3.068064e-03   1.594028e-20   20856528
  6.764548e+00   1.828309e-18   3.068448e-03   1.575595e-20   20808868
  6.775174e+00   1.862479e-18   3.066599e-03   1.556878e-20   20746700
  6.785798e+00   1.775852e-18   3.066925e-03   1.540538e-20   20699040
  6.796428e+00   1.717492e-18   3.069860e-03   1.522257e-20   20667584
  6.807054e+00   1.689885e-18   3.064988e-03   1.506889e-20   20583320
  6.817679e+00   1.648608e-18   3.069606e-03   1.489627e-20   20562728
  6.828310e+00   1.629268e-18   3.067915e-03   1.473593e-20   20499120
  6.838938e+00   1.584127e-18   3.068337e-03   1.458202e-20   20448668
  6.849566e+00   1.514020e-18   3.068077e-03   1.441667e-20   20394408
  6.860195e+00   1.534681e-18   3.068320e-03   1.425520e-20   20344236
  6.870823e+00   1.522911e-18   3.067630e-03   1.411913e-20   20287988
  6.881451e+00   1.447941e-18   3.068044e-03   1.395762e-20   20237280
  6.892077e+00   1.443316e-18   3.067320e-03   1.382045e-20   20178328
  6.902707e+00   1.350542e-18   3.069652e-03   1.367005e-20   20139844
  6.913336e+00   1.385218e-18   3.067174e-03   1.354455e-20   20069748
  6.923962e+00   1.354002e-18   3.067514e-03   1.338615e-20   20016800
  6.934587e+00   1.355701e-18   3.067642e-03   1.324985e-20   19962224
  6.945217e+00   1.284181e-18   3.069885e-03   1.312142e-20   19923568
  6.955848e+00   1.288338e-18   3.067490e-03   1.299178e-20   19854300
  6.966474e+00   1.249452e-18   3.067154e-03   1.285166e-20   19797056
  6.977101e+00   1.214869e-18   3.067706e-03   1.273140e-20   19744940
  6.987728e+00   1.229427e-18   3.068174e-03   1.261759e-20   19691768
  6.998356e+00   1.166932e-18   3.067321e-03   1.248566e-20   19629548
  7.008982e+00   1.170647e-18   3.067740e-03   1.235819e-20   19575480
  7.019610e+00   1.166653e-18   3.068413e-03   1.224233e-20   19523296
  7.030241e+00   1.132788e-18   3.069533e-03   1.212491e-20   19474344
  7.040867e+00   1.156327e-18   3.065611e-03   1.201354e-20   19392868
  7.051493e+00   1.121659e-18   3.069073e-03   1.188202e-20   19356176
  7.062123e+00   1.076615e-18   3.068592e-03   1.178753e-20   19294916
  7.072754e+00   1.060388e-18   3.069110e-03   1.167540e-20   19240856
  7.083382e+00   1.083559e-18   3.067066e-03   1.157814e-20   19170884
  7.094007e+00   1.043980e-18   3.066966e-03   1.146934e-20   19111352
  7.104633e+00   1.014249e-18   3.068278e-03   1.136472e-20   19060016
  7.115261e+00   1.006401e-18   3.067998e-03   1.125892e-20   18999752
  7.125886e+00   1.001936e-18   3.066210e-03   1.115046e-20   18930272
  7.136511e+00   9.896395e-19   3.068009e-03   1.105124e-20   18882340
  7.147141e+00   9.954115e-19   3.069133e-03   1.096393e-20   18829056
  7.157770e+00   9.394630e-19   3.067293e-03   1.086214e-20   18757640
  7.168398e+00   9.772851e-19   3.069197e-03   1.077086e-20   18709036
  7.179027e+00   9.753107e-19   3.067378e-03   1.067895e-20   18637668
  7.189656e+00   9.156418e-19   3.069146e-03   1.057747e-20   18587048
  7.200283e+00   9.426514e-19   3.066626e-03   1.049212e-20   18510972
  7.210909e+00   9.044792e-19   3.067730e-03   1.039872e-20   18456692
  7.221535e+00   8.685602e-19   3.067567e-03   1.031353e-20   18394084
  7.232164e+00   9.114060e-19   3.069110e-03   1.023124e-20   18341352
  7.242794e+00   9.086375e-19   3.068234e-03   1.014106e-20   18273884
  7.253423e+00   8.916634e-19   3.068036e-03   1.006467e-20   18211148
  7.264048e+00   8.844119e-19   3.066171e-03   9.984787e-21   18137692
  7.274674e+00   8.744397e-19   3.069088e-03   9.898364e-21   18091580
  7.285305e+00   8.343456e-19   3.068515e-03   9.820416e-21   18024560
  7.295932e+00   8.505361e-19   3.067362e-03   9.742164e-21   17955116
  7.306559e+00   8.162102e-19   3.067637e-03   9.668684e-21   17893232
  7.317187e+00   8.321270e-19   3.068343e-03   9.584317e-21   17832620
  7.327816e+00   8.305997e-19   3.068327e-03   9.511349e-21   17767864
  7.338445e+00   8.210077e-19   3.068809e-03   9.446804e-21   17706956
  7.349073e+00   7.975640e-19   3.066947e-03   9.365950e-21   17632632
  7.359699e+00   7.822134e-19   3.068061e-03   9.291217e-21   17573524
  7.370327e+00   7.867785e-19   3.067901e-03   9.227842e-21   17506380
  7.380954e+00   8.055998e-19   3.068207e-03   9.159887e-21   17442548
  7.391580e+00   7.729221e-19   3.066528e-03   9.092215e-21   17368556
  7.402208e+00   7.844953e-19   3.069314e-03   9.025597e-21   17318260
  7.412837e+00   7.758831e-19   3.067939e-03   8.965845e-21   17243792
  7.423463e+00   7.890473e-19   3.066549e-03   8.897542e-21   17169716
  7.434088e+00   7.651273e-19   3.067759e-03   8.827437e-21   17109768
  7.444715e+00   7.383116e-19   3.068012e-03   8.766073e-21   17044064
  7.455345e+00   7.558294e-19   3.068894e-03   8.699341e-21   16981560
  7.465972e+00   7.231970e-19   3.066680e-03   8.642543e-21   16902264
  7.476600e+00   7.444132e-19   3.069499e-03   8.579147e-21   16849940
  7.487230e+00   7.088684e-19   3.067461e-03   8.522146e-21   16770600
  7.497858e+00   7.193881e-19   3.068497e-03   8.461824e-21   16707512
  7.508485e+00   6.811604e-19   3.067634e-03   8.405985e-21   16634480
  7.519114e+00   6.968381e-19   3.068242e-03   8.351413e-21   16569424
  7.529741e+00   6.932924e-19   3.067751e-03   8.295689e-21   16497216
  7.540372e+00   7.044939e-19   3.069501e-03   8.240790e-21   16436416
  7.550999e+00   7.044223e-19   3.067032e-03   8.182159e-21   16353532
  7.561624e+00   6.861424e-19   3.067126e-03   8.129735e-21   16284908
  7.572251e+00   6.785340e-19   3.068426e-03   8.085862e-21   16221948
  7.582881e+00   6.646345e-19   3.068614e-03   8.029854e-21   16152552
  7.593510e+00   6.773879e-19   3.068122e-03   7.982952e-21   16078864
  7.604137e+00   6.741031e-19   3.067536e-03   7.935714e-21   16005296
  7.614766e+00   6.547914e-19   3.068300e-03   7.882324e-21   15938220
  7.625392e+00   6.573942e-19   3.066841e-03   7.833721e-21   15858440
  7.636016e+00   6.465918e-19   3.067373e-03   7.790503e-21   15789252
  7.646642e+00   6.722515e-19   3.067548e-03   7.739896e-21   15718944
  7.657269e+00   6.565825e-19   3.067947e-03   7.701928e-21   15648652
  7.667899e+00   6.578720e-19   3.069201e-03   7.647835e-21   15581944
  7.678531e+00   6.424651e-19   3.069010e-03   7.613027e-21   15508744
  7.689158e+00   6.424021e-19   3.066436e-03   7.567089e-21   15422472
  7.699784e+00   6.321511e-19   3.068878e-03   7.519404e-21   15361536
  7.710413e+00   6.433456e-19   3.067494e-03   7.480579e-21   15281048
  7.721038e+00   6.282964e-19   3.067557e-03   7.435624e-21   15207752
  7.731666e+00   6.191572e-19   3.067687e-03   7.391075e-21   15134800
  7.742292e+00   6.105082e-19   3.067594e-03   7.355457e-21   15059664
  7.752920e+00   6.018791e-19   3.068106e-03   7.314778e-21   14987020
  7.763550e+00   6.192599e-19   3.069757e-03   7.278053e-21   14919936
  7.774179e+00   6.018115e-19   3.066979e-03   7.244824e-21   14831776
  7.784807e+00   5.972640e-19   3.069197e-03   7.211463e-21   14767552
  7.795435e+00   5.852086e-19   3.066309e-03   7.168729e-21   14678336
  7.806062e+00   5.963599e-19   3.069079e-03   7.138826e-21   14615044
  7.816690e+00   5.959030e-19   3.067275e-03   7.100913e-21   14530200
  7.827317e+00   5.716370e-19   3.067927e-03   7.069446e-21   14457000
  7.837945e+00   5.698752e-19   3.068558e-03   7.038762e-21   14383440
  7.848573e+00   5.783878e-19   3.067003e-03   6.998882e-21   14299516
  7.859199e+00   5.805852e-19   3.067899e-03   6.966791e-21   14226024
  7.869825e+00   5.684900e-19   3.067223e-03   6.935422e-21   14145048
  7.880455e+00   5.618843e-19   3.070446e-03   6.903365e-21   14082144
  7.891083e+00   5.827812e-19   3.065393e-03   6.875201e-21   13981640
  7.901708e+00   5.678907e-19   3.068688e-03   6.840806e-21   13918460
  7.912338e+00   5.612950e-19   3.068702e-03   6.811197e-21   13839752
  7.922969e+00   5.673230e-19   3.069182e-03   6.781407e-21   13762736
  7.933598e+00   5.635738e-19   3.067868e-03   6.757154e-21   13677980
  7.944225e+00   5.661900e-19   3.067250e-03   6.733948e-21   13596196
  7.954850e+00   5.647208e-19   3.067470e-03   6.704485e-21   13517736
  7.965475e+00   5.554024e-19   3.066448e-03   6.680409e-21   13433184
  7.976100e+00   5.413657e-19   3.068623e-03   6.651396e-21   13362296
  7.986730e+00   5.654800e-19   3.068494e-03   6.621685e-21   13281376
  7.997360e+00   5.447340e-19   3.069113e-03   6.599125e-21   13203336
  8.007987e+00   5.554283e-19   3.066719e-03   6.585240e-21   13113016
  8.018613e+00   5.174076e-19   3.067735e-03   6.554607e-21   13036400
  8.029240e+00   5.469577e-19   3.067468e-03   6.532257e-21   12953648
  8.039869e+00   5.466447e-19   3.069185e-03   6.509473e-21   12879016
  8.050498e+00   5.272600e-19   3.067538e-03   6.489976e-21   12790124
  8.061127e+00   5.034211e-19   3.068996e-03   6.457739e-21   12714152
  8.071753e+00   5.404452e-19   3.066076e-03   6.448218e-21   12619608
  8.082379e+00   5.312646e-19   3.068682e-03   6.429321e-21   12547232
  8.093011e+00   5.327784e-19   3.070245e-03   6.402207e-21   12470568
  8.103638e+00   4.934145e-19   3.065215e-03   6.386742e-21   12368136
  8.114264e+00   5.283627e-19   3.069116e-03   6.362927e-21   12300504
  8.124894e+00   5.079127e-19   3.068128e-03   6.347401e-21   12212172
  8.135522e+00   5.158006e-19   3.067779e-03   6.328733e-21   12126228
  8.146149e+00   5.051785e-19   3.068089e-03   6.315387e-21   12043352
  8.156778e+00   5.074562e-19   3.068301e-03   6.289844e-21   11959896
  8.167401e+00   5.012290e-19   3.065268e-03   6.289796e-21   11863804
  8.178026e+00   4.996501e-19   3.068937e-03   6.263636e-21   11792812
  8.188656e+00   5.095434e-19   3.068597e-03   6.251887e-21   11705392
  8.199283e+00   4.881148e-19   3.066984e-03   6.237175e-21   11613836
  8.209914e+00   4.975525e-19   3.070536e-03   6.220006e-21   11541532
  8.220543e+00   4.857391e-19   3.066346e-03   6.203936e-21   11440232
  8.231170e+00   4.996223e-19   3.068846e-03   6.191751e-21   11363008
  8.241796e+00   4.924302e-19   3.066631e-03   6.176354e-21   11267848
  8.252424e+00   4.961505e-19   3.069306e-03   6.162482e-21   11190640
  8.263054e+00   4.803791e-19   3.068558e-03   6.156830e-21   11101084
  8.273680e+00   4.718585e-19   3.065604e-03   6.144287e-21   11003284
  8.284304e+00   4.706279e-19   3.068360e-03   6.133535e-21   10925424
  8.294932e+00   4.749667e-19   3.067667e-03   6.123338e-21   10834724
  8.305560e+00   4.724626e-19   3.068711e-03   6.110225e-21   10750156
  8.316186e+00   4.571555e-19   3.066587e-03   6.105607e-21   10655280
  8.326811e+00   4.560227e-19   3.067310e-03   6.096328e-21   10569120
  8.337437e+00   4.641943e-19   3.067168e-03   6.075833e-21   10479672
  8.348070e+00   4.348755e-19   3.071527e-03   6.071913e-21   10404504
  8.358704e+00   4.574969e-19   3.068456e-03   6.070278e-21   10304108
  8.369331e+00   4.661954e-19   3.066991e-03   6.060944e-21   10209940
  8.379958e+00   4.538956e-19   3.068937e-03   6.052193e-21   10126584
  8.390585e+00   4.274296e-19   3.066106e-03   6.042506e-21   10027064
  8.401210e+00   4.429062e-19   3.068731e-03   6.040281e-21   9945072
  8.411836e+00   4.410097e-19   3.065849e-03   6.034092e-21   9844764
  8.422464e+00   4.310439e-19   3.070904e-03   6.027489e-21   9769940
  8.433095e+00   4.260514e-19   3.066721e-03   6.016193e-21   9666072
  8.443721e+00   4.246751e-19   3.067629e-03   6.012837e-21   9577112
  8.454348e+00   4.221788e-19   3.067871e-03   6.004930e-21   9485848
  8.464977e+00   4.093734e-19   3.068818e-03   5.998389e-21   9396136
  8.475607e+00   4.417687e-19   3.068947e-03   6.004624e-21   9304408
  8.486231e+00   4.327305e-19   3.064605e-03   5.995619e-21   9199028
  8.496854e+00   4.254722e-19   3.068671e-03   5.993512e-21   9118288
  8.507481e+00   4.076870e-19   3.066868e-03   5.979832e-21   9019624
  8.518111e+00   4.079489e-19   3.070919e-03   5.980651e-21   8937420
  8.528743e+00   3.899000e-19   3.067653e-03   5.975553e-21   8835200
  8.539369e+00   3.986423e-19   3.066847e-03   5.977933e-21   8739332
  8.549995e+00   3.891652e-19   3.067747e-03   5.965513e-21   8648112
  8.560624e+00   3.900081e-19   3.067898e-03   5.972876e-21   8553372
  8.571253e+00   3.703612e-19   3.069319e-03   5.962261e-21   8461944
  8.581883e+00   3.718598e-19   3.068067e-03   5.950159e-21   8363348
  8.592509e+00   3.755581e-19   3.067870e-03   5.946124e-21   8267792
  8.603135e+00   3.628725e-19   3.066599e-03   5.953718e-21   8169380
  8.613762e+00   3.586470e-19   3.069517e-03   5.943339e-21   8081008
  8.624389e+00   3.569979e-19   3.065774e-03   5.930713e-21   7975632
  8.635016e+00   3.505091e-19   3.069603e-03   5.946895e-21   7889116
  8.645643e+00   3.283839e-19   3.066011e-03   5.929191e-21   7784008
  8.656270e+00   3.389034e-19   3.068709e-03   5.923425e-21   7693848
  8.666897e+00   3.294265e-19   3.067011e-03   5.916607e-21   7592468
  8.677525e+00   3.499079e-19   3.068931e-03   5.912807e-21   7499076
  8.688155e+00   3.296873e-19   3.069474e-03   5.901065e-21   7402880
  8.698786e+00   3.266405e-19   3.067607e-03   5.885604e-21   7300768
  8.709411e+00   3.218526e-19   3.067652e-03   5.897261e-21   7203316
  8.720032e+00   3.063421e-19   3.063689e-03   5.864569e-21   7095724
  8.730662e+00   3.007932e-19   3.073665e-03   5.861522e-21   7019608
  8.741295e+00   2.981088e-19   3.065344e-03   5.838584e-21   6901916
  8.751922e+00   3.026809e-19   3.069704e-03   5.845410e-21   6812952
  8.762548e+00   2.617408e-19   3.065523e-03   5.806768e-21   6704548
  8.773175e+00   2.791800e-19   3.068967e-03   5.798659e-21   6612168
  8.783803e+00   2.640236e-19   3.067598e-03   5.777856e-21   6508628
  8.794433e+00   2.676081e-19   3.069277e-03   5.759213e-21   6412072
  8.805059e+00   2.687270e-19   3.066868e-03   5.724842e-21   6306660
  8.815685e+00   2.626745e-19   3.067492e-03   5.695785e-21   6207592
  8.826308e+00   2.516052e-19   3.066222e-03   5.671869e-21   6103860
  8.836934e+00   2.336208e-19   3.068576e-03   5.619587e-21   6007184
  8.847563e+00   2.250226e-19   3.068782e-03   5.595620e-21   5905660
  8.858194e+00   2.166322e-19   3.069160e-03   5.527713e-21   5805132
  8.868823e+00   2.190683e-19   3.067313e-03   5.489345e-21   5700008
  8.879446e+00   1.977001e-19   3.065734e-03   5.431043e-21   5594856
  8.890075e+00   1.914582e-19   3.070306e-03   5.362366e-21   5502341
  8.900707e+00   1.730827e-19   3.068193e-03   5.312736e-21   5404852
  8.911333e+00   1.773603e-19   3.066920e-03   5.265712e-21   5313930
  8.921960e+00   1.542181e-19   3.068151e-03   5.228393e-21   5230396
  8.932587e+00   1.452477e-19   3.067037e-03   5.192514e-21   5145158
  8.943214e+00   1.490970e-19   3.067644e-03   5.158094e-21   5064506
  8.953844e+00   1.526252e-19   3.070354e-03   5.131073e-21   4989464
  8.964475e+00   1.446192e-19   3.067471e-03   5.096246e-21   4907486
  8.975102e+00   1.427458e-19   3.067454e-03   5.077048e-21   4831952
  8.985729e+00   1.317983e-19   3.067333e-03   5.053109e-21   4757392
  8.996357e+00   1.368345e-19   3.068563e-03   5.021782e-21   4685902
  9.006985e+00   1.365683e-19   3.067839e-03   4.998573e-21   4612826
  9.017611e+00   1.394794e-19   3.067647e-03   4.974005e-21   4542436
  9.028240e+00   1.240350e-19   3.068771e-03   4.952997e-21   4475408
  9.038866e+00   1.216238e-19   3.065432e-03   4.934322e-21   4402686
  9.049492e+00   1.396611e-19   3.069222e-03   4.914297e-21   4340854
  9.060123e+00   1.105210e-19   3.068666e-03   4.890968e-21   4273862
  9.070751e+00   1.157852e-19   3.068093e-03   4.885964e-21   4208538
  9.081377e+00   1.142787e-19   3.066329e-03   4.868653e-21   4142584
  9.092002e+00   1.254680e-19   3.067445e-03   4.843283e-21   4081232
  9.102629e+00   1.110473e-19   3.068061e-03   4.832474e-21   4019668
  9.113260e+00   1.069242e-19   3.070507e-03   4.824482e-21   3961416
  9.123892e+00   1.076141e-19   3.068468e-03   4.818389e-21   3898848
  9.134518e+00   1.077220e-19   3.065914e-03   4.807472e-21   3836718
  9.145140e+00   1.162482e-19   3.066518e-03   4.775642e-21   3779272
  9.155765e+00   1.147870e-19   3.066689e-03   4.774354e-21   3721434
  9.166394e+00   9.315887e-20   3.070316e-03   4.758934e-21   3668198
  9.177028e+00   9.424291e-20   3.069776e-03   4.749486e-21   3611346
  9.187656e+00   1.085946e-19   3.066455e-03   4.742788e-21   3552442
  9.198281e+00   1.167143e-19   3.067337e-03   4.732679e-21   3498908
  9.208908e+00   9.959697e-20   3.067980e-03   4.720866e-21   3445382
  9.219536e+00   1.013129e-19   3.068389e-03   4.717798e-21   3392244
  9.230165e+00   1.010673e-19   3.068360e-03   4.712309e-21   3339634
  9.240792e+00   1.072019e-19   3.067248e-03   4.705254e-21   3286752
  9.251416e+00   8.647522e-20   3.065818e-03   4.701189e-21   3234180
  9.262040e+00   1.025281e-19   3.067094e-03   4.696847e-21   3184556
  9.272670e+00   9.393949e-20   3.070362e-03   4.686829e-21   3137238
  9.283304e+00   8.863566e-20   3.070377e-03   4.686566e-21   3087670
  9.293936e+00   8.574735e-20   3.068566e-03   4.673716e-21   3037460
  9.304560e+00   1.000135e-19   3.064548e-03   4.670038e-21   2985736
  9.315180e+00   9.474597e-20   3.066413e-03   4.681861e-21   2939708
  9.325811e+00   9.478530e-20   3.071553e-03   4.674113e-21   2897012
  9.336443e+00   1.046165e-19   3.067620e-03   4.677562e-21   2846890
  9.347067e+00   9.606857e-20   3.065693e-03   4.680702e-21   2799588
  9.357689e+00   8.788673e-20   3.066395e-03   4.674806e-21   2754954
  9.368315e+00   9.535895e-20   3.068270e-03   4.672956e-21   2711500
  9.378948e+00   7.500974e-20   3.070601e-03   4.671687e-21   2669006
  9.389576e+00   9.936223e-20   3.065837e-03   4.685846e-21   2621264
  9.400202e+00   9.569454e-20   3.068913e-03   4.684194e-21   2580726
  9.410830e+00   8.821222e-20   3.067141e-03   4.681806e-21   2536470
  9.421456e+00   8.046299e-20   3.067445e-03   4.681376e-21   2494370
  9.432084e+00   9.151070e-20   3.068834e-03   4.696618e-21   2453556
  9.442716e+00   8.458433e-20   3.070117e-03   4.699859e-21   2413246
  9.453347e+00   8.789110e-20   3.067994e-03   4.704934e-21   2370914
  9.463973e+00   9.496357e-20   3.067217e-03   4.699908e-21   2330126
  9.474601e+00   8.873903e-20   3.068570e-03   4.707550e-21   2291406
  9.485227e+00   1.025480e-19   3.066158e-03   4.715399e-21   2250410
  9.495850e+00   9.357373e-20   3.066006e-03   4.723975e-21   2211486
  9.506474e+00   9.779442e-20   3.067734e-03   4.735908e-21   2174194
  9.517102e+00   9.650082e-20   3.068176e-03   4.744464e-21   2136416
  9.527733e+00   1.002284e-19   3.069929e-03   4.757042e-21   2100070
  9.538360e+00   8.752301e-20   3.065560e-03   4.767300e-21   2060026
  9.548986e+00   8.956524e-20   3.069362e-03   4.789228e-21   2025910
  9.559615e+00   9.151494e-20   3.067530e-03   4.787407e-21   1988576
  9.570241e+00   9.532955e-20   3.067060e-03   4.800261e-21   1952610
  9.580867e+00   8.010371e-20   3.067361e-03   4.814506e-21   1917470
  9.591493e+00   9.892033e-20   3.067399e-03   4.821202e-21   1882484
  9.602120e+00   7.773186e-20   3.068076e-03   4.836721e-21   1848262
  9.612753e+00   9.200395e-20   3.071327e-03   4.868504e-21   1816024
  9.623386e+00   1.022605e-19   3.068076e-03   4.877894e-21   1780418
  9.634012e+00   8.927930e-20   3.067038e-03   4.892097e-21   1746576
  9.644639e+00   8.859790e-20   3.068628e-03   4.910098e-21   1714622
  9.655268e+00   8.978500e-20   3.067669e-03   4.916417e-21   1681692
  9.665895e+00   9.355025e-20   3.067468e-03   4.947134e-21   1649574
  9.676515e+00   8.838071e-20   3.063511e-03   4.960018e-21   1615788
  9.687137e+00   7.946870e-20   3.068656e-03   4.991073e-21   1587064
  9.697769e+00   9.801180e-20   3.069826e-03   5.010341e-21   1556598
  9.708400e+00   8.530393e-20   3.068471e-03   5.027749e-21   1525380
  9.719030e+00   9.370928e-20   3.068670e-03   5.040086e-21   1495360
  9.729656e+00   8.713675e-20   3.066126e-03   5.076109e-21   1464370
  9.740281e+00   9.774246e-20   3.067601e-03   5.097986e-21   1435656
  9.750907e+00   9.537844e-20   3.067002e-03   5.129000e-21   1406304
  9.761532e+00   1.031483e-19   3.067147e-03   5.172161e-21   1377628
  9.772159e+00   8.368934e-20   3.068370e-03   5.181463e-21   1349744
  9.782788e+00   8.440460e-20   3.068343e-03   5.216666e-21   1321682
  9.793418e+00   8.463993e-20   3.069098e-03   5.239225e-21   1294376
  9.804048e+00   8.751644e-20   3.068140e-03   5.267535e-21   1266768
  9.814673e+00   8.327385e-20   3.066275e-03   5.307587e-21   1239172
  9.825295e+00   1.030107e-19   3.065238e-03   5.349569e-21   1212224
  9.835918e+00   9.353635e-20   3.067386e-03   5.368569e-21   1186796
  9.846547e+00   8.025203e-20   3.069034e-03   5.399856e-21   1161432
  9.857176e+00   8.992493e-20   3.067927e-03   5.453131e-21   1135408
  9.867804e+00   1.043720e-19   3.068239e-03   5.476876e-21   1110324
  9.878434e+00   9.972067e-20   3.068926e-03   5.519877e-21   1085680
  9.889062e+00   8.829364e-20   3.066842e-03   5.564023e-21   1060364
  9.899688e+00   9.856016e-20   3.068767e-03   5.580669e-21   1036736
  9.910321e+00   9.635243e-20   3.070562e-03   5.652217e-21   1013388
  9.920951e+00   9.854665e-20   3.066769e-03   5.695117e-21   988656
  9.931575e+00   8.811169e-20   3.066738e-03   5.738101e-21   965530
  9.942197e+00   9.738825e-20   3.064855e-03   5.779061e-21   942100
  9.952819e+00   9.277866e-20   3.066142e-03   5.819321e-21   919888
  9.963442e+00   8.124479e-20   3.066491e-03   5.894907e-21   897628
  9.974067e+00   1.072794e-19   3.067504e-03   5.927179e-21   875856
  9.984696e+00   7.299509e-20   3.069599e-03   5.980264e-21   854736
  9.995330e+00   9.343310e-20   3.070044e-03   6.045480e-21   833510
  1.000596e+01   8.248308e-20   3.068120e-03   6.089475e-21   811976
  1.001659e+01   9.610643e-20   3.066566e-03   6.143542e-21   790844
  1.002721e+01   7.897637e-20   3.066302e-03   6.204064e-21   770320
  1.003784e+01   8.569649e-20   3.069162e-03   6.283607e-21   750838
  1.004847e+01   8.751199e-20   3.068729e-03   6.320745e-21   730864
  1.005909e+01   7.724664e-20   3.067039e-03   6.395723e-21   710984
  1.006972e+01   8.782297e-20   3.067274e-03   6.475933e-21   691894
  1.008035e+01   8.640806e-20   3.066106e-03   6.561543e-21   672776
  1.009097e+01   7.969189e-20   3.067065e-03   6.643479e-21   654372
  1.010160e+01   7.986619e-20   3.065537e-03   6.713060e-21   635682
  1.011222e+01   9.862850e-20   3.064886e-03   6.777179e-21   617460
  1.012284e+01   8.981311e-20   3.066767e-03   6.872119e-21   600024
  1.013346e+01   6.873344e-20   3.068404e-03   6.959467e-21   582830
  1.014410e+01   7.123445e-20   3.070337e-03   6.993252e-21   566000
  1.015473e+01   8.570383e-20   3.066543e-03   7.140637e-21   548458
  1.016535e+01   9.149652e-20   3.067619e-03   7.231844e-21   532084
  1.017598e+01   9.167242e-20   3.065740e-03   7.349536e-21   515440
  1.018660e+01   8.278418e-20   3.064533e-03   7.398641e-21   499174
  1.019722e+01   1.074426e-19   3.064552e-03   7.495015e-21   483368
  1.020784e+01   9.042768e-20   3.067558e-03   7.644104e-21   468270
  1.021847e+01   1.039830e-19   3.071740e-03   7.752447e-21   453568
  1.022911e+01   9.123268e-20   3.068522e-03   7.883296e-21   438106
  1.023974e+01   8.888723e-20   3.068674e-03   8.002274e-21   423508
  1.025036e+01   1.073784e-19   3.065352e-03   8.133457e-21   408754
  1.026098e+01   1.032264e-19   3.064549e-03   8.275649e-21   394612
  1.027160e+01   9.147897e-20   3.064825e-03   8.393401e-21   380826
  1.028223e+01   9.572537e-20   3.063635e-03   8.517347e-21   367086
  1.029285e+01   9.969053e-20   3.065226e-03   8.678328e-21   353904
  1.030347e+01   1.126695e-19   3.067842e-03   8.869203e-21   341046
  1.031410e+01   6.842459e-20   3.067827e-03   8.960180e-21   328144
  1.032473e+01   1.397606e-19   3.068491e-03   9.205088e-21   315598
  1.033536e+01   9.964946e-20   3.070442e-03   9.325904e-21   303466
  1.034599e+01   9.213710e-20   3.070558e-03   9.464190e-21   291456
  1.035662e+01   9.561562e-20   3.069010e-03   9.712886e-21   279614
  1.036725e+01   1.100776e-19   3.062765e-03   9.899626e-21   267680
  1.037786e+01   1.051555e-19   3.061142e-03   1.011154e-20   256438
  1.038848e+01   9.896625e-20   3.062004e-03   1.035273e-20   245618
  1.039909e+01   1.138238e-19   3.058865e-03   1.053958e-20   234708
  1.040970e+01   1.066233e-19   3.057929e-03   1.080040e-20   224210
  1.042032e+01   8.514619e-20   3.058509e-03   1.103041e-20   214046
  1.043093e+01   7.668102e-20   3.059874e-03   1.132328e-20   204152
  1.044155e+01   1.010941e-19   3.062766e-03   1.151982e-20   194558
  1.045217e+01   6.659871e-20   3.062838e-03   1.181370e-20   185018
  1.046279e+01   1.361446e-19   3.066092e-03   1.211982e-20   175918
  1.047341e+01   1.056274e-19   3.068348e-03   1.244519e-20   166992
  1.048404e+01   1.087081e-19   3.070094e-03   1.283477e-20   158294
  1.049468e+01   1.159091e-19   3.071097e-03   1.319838e-20   149842
  1.050531e+01   8.132428e-20   3.068653e-03   1.349216e-20   141530
  1.051593e+01   6.884073e-20   3.060509e-03   1.397968e-20   133284
  1.052654e+01   1.084044e-19   3.057354e-03   1.450274e-20   125546
  1.053715e+01   9.917488e-20   3.051144e-03   1.498282e-20   117950
  1.054776e+01   1.022611e-19   3.048602e-03   1.533903e-20   110746
  1.055836e+01   8.739075e-20   3.039799e-03   1.585069e-20   103572
  1.056895e+01   1.190179e-19   3.036073e-03   1.646375e-20   96818
  1.057954e+01   9.689336e-20   3.031333e-03   1.706962e-20   90262
  1.059013e+01   9.222684e-20   3.027317e-03   1.771021e-20   83970
  1.060072e+01   1.315669e-19   3.019853e-03   1.843591e-20   77846
  1.061129e+01   8.986069e-20   3.012052e-03   1.916321e-20   71984
  1.062186e+01   9.526547e-20   3.005730e-03   2.003502e-20   66398
  1.063243e+01   7.247207e-20   3.000369e-03   2.075649e-20   61058
  1.064300e+01   1.296854e-19   2.995714e-03   2.166813e-20   55958
  1.065357e+01   1.224563e-19   2.990697e-03   2.304338e-20   51082
  1.066413e+01   1.091096e-19   2.981767e-03   2.382149e-20   46398
  1.067469e+01   4.262768e-20   2.970930e-03   2.520604e-20   41954
  1.068524e+01   1.112524e-19   2.955045e-03   2.665233e-20   37718
  1.069578e+01   1.471860e-19   2.938133e-03   2.810103e-20   33736
  1.070631e+01   1.396958e-19   2.922830e-03   2.996260e-20   30006
  1.071684e+01   1.723028e-19   2.912268e-03   3.226011e-20   26522
  1.072739e+01   1.057023e-19   2.905476e-03   3.484984e-20   23254
  1.073793e+01   1.223128e-19   2.895825e-03   3.633598e-20   20178
  1.074848e+01   5.781954e-20   2.890787e-03   3.904051e-20   17342
  1.075903e+01   1.024457e-19   2.886580e-03   4.370177e-20   14714
  1.076959e+01   9.624212e-20   2.887906e-03   4.848426e-20   12310
  1.078015e+01   1.114580e-19   2.880436e-03   5.340449e-20   10098
  1.079071e+01   6.869211e-20   2.879327e-03   6.013394e-20   8126
  1.080127e+01   -6.827737e-20   2.877797e-03   6.782250e-20   6362
  1.081184e+01   -1.233187e-19   2.888638e-03   7.453354e-20   4822
  1.082239e+01   7.791403e-20   2.872451e-03   8.639359e-20   3474
  1.083292e+01   2.807943e-20   2.869225e-03   1.124013e-19   2366
  1.084344e+01   1.799355e-20   2.860034e-03   1.466220e-19   1466
  1.085397e+01   2.046509e-19   2.925135e-03   1.967186e-19   790
  1.086426e+01   4.668537e-19   2.767211e-03   3.017171e-19   306
  1.087389e+01   1.067100e-18   2.357714e-03   5.697499e-19   62
