# cross spectrum of phi(z1) and phi(z2)
# redshift z=-0.000147
# k              Pk             sigma(k)       sigma(Pk)      count
  7.830312e-03   2.050986e-10   1.198114e-03   4.617655e-11   18
  1.686348e-02   2.423492e-10   2.897918e-03   2.314205e-11   152
  2.725284e-02   1.447448e-10   3.060867e-03   6.773405e-12   416
  3.742835e-02   7.906845e-11   2.912555e-03   2.970667e-12   770
  4.808679e-02   4.930032e-11   3.119650e-03   1.450479e-12   1364
  5.876109e-02   3.243654e-11   3.054550e-03   7.407744e-13   1976
  6.939824e-02   2.449693e-11   3.112555e-03   4.679218e-13   2792
  7.984642e-02   1.787741e-11   2.971805e-03   3.033487e-13   3578
  9.038229e-02   1.274252e-11   3.049521e-03   1.893810e-13   4724
  1.011318e-01   9.492471e-12   3.134595e-03   1.262126e-13   6032
  1.117485e-01   7.327044e-12   3.016599e-03   9.208583e-14   7072
  1.222702e-01   6.189468e-12   3.056387e-03   6.952298e-14   8634
  1.329722e-01   5.181538e-12   3.095256e-03   5.373700e-14   10336
  1.436677e-01   4.215396e-12   3.082009e-03   3.937722e-14   11940
  1.541872e-01   3.400535e-12   3.021465e-03   3.109492e-14   13490
  1.647185e-01   2.861697e-12   3.054444e-03   2.366716e-14   15656
  1.754149e-01   2.393916e-12   3.102608e-03   1.870328e-14   18008
  1.860920e-01   2.083236e-12   3.069464e-03   1.568780e-14   19964
  1.966957e-01   1.808248e-12   3.066093e-03   1.302341e-14   22354
  2.072851e-01   1.528490e-12   3.030819e-03   1.049850e-14   24648
  2.179134e-01   1.319667e-12   3.083109e-03   8.527963e-15   27592
  2.285517e-01   1.167872e-12   3.075318e-03   7.487522e-15   30152
  2.391687e-01   1.020416e-12   3.069056e-03   6.340747e-15   33046
  2.497808e-01   9.118853e-13   3.053846e-03   5.411394e-15   35992
  2.604233e-01   8.166656e-13   3.074764e-03   4.716033e-15   39304
  2.710722e-01   7.232428e-13   3.082145e-03   4.028389e-15   42608
  2.817050e-01   6.464289e-13   3.058267e-03   3.517175e-15   45758
  2.923349e-01   5.700362e-13   3.072286e-03   3.042698e-15   49536
  3.029238e-01   5.133364e-13   3.039208e-03   2.690108e-15   52488
  3.135134e-01   4.696547e-13   3.084628e-03   2.386522e-15   57034
  3.241511e-01   4.129723e-13   3.061146e-03   2.061508e-15   60648
  3.347969e-01   3.823870e-13   3.076329e-03   1.882360e-15   65044
  3.454223e-01   3.456124e-13   3.057760e-03   1.670387e-15   68720
  3.560505e-01   3.117456e-13   3.078281e-03   1.496132e-15   73538
  3.667175e-01   2.837444e-13   3.076939e-03   1.345145e-15   78080
  3.773260e-01   2.612290e-13   3.039859e-03   1.233201e-15   81572
  3.879192e-01   2.364569e-13   3.081238e-03   1.113010e-15   87248
  3.985882e-01   2.133230e-13   3.084591e-03   9.948024e-16   92266
  4.092322e-01   1.972982e-13   3.063169e-03   9.149205e-16   96696
  4.198039e-01   1.788932e-13   3.037602e-03   8.353384e-16   100904
  4.303789e-01   1.654370e-13   3.065517e-03   7.562392e-16   107036
  4.410480e-01   1.511795e-13   3.089487e-03   6.891670e-16   113362
  4.517307e-01   1.389495e-13   3.072092e-03   6.369473e-16   118176
  4.623378e-01   1.274357e-13   3.054661e-03   5.909566e-16   122944
  4.729644e-01   1.168452e-13   3.083007e-03   5.441887e-16   129902
  4.836049e-01   1.078678e-13   3.061727e-03   4.995377e-16   134944
  4.942158e-01   9.921285e-14   3.064979e-03   4.652238e-16   140952
  5.048213e-01   9.083518e-14   3.064662e-03   4.312383e-16   147072
  5.154342e-01   8.380862e-14   3.060800e-03   4.023660e-16   153382
  5.260893e-01   7.715202e-14   3.082622e-03   3.733871e-16   160952
  5.367508e-01   7.041695e-14   3.070294e-03   3.478888e-16   166640
  5.473579e-01   6.606000e-14   3.057153e-03   3.260852e-16   172448
  5.579787e-01   6.033046e-14   3.077577e-03   3.048730e-16   180594
  5.686178e-01   5.627917e-14   3.060710e-03   2.850617e-16   186556
  5.792219e-01   5.159362e-14   3.063394e-03   2.668971e-16   193528
  5.898242e-01   4.733219e-14   3.060684e-03   2.515239e-16   200626
  6.004609e-01   4.371660e-14   3.076604e-03   2.342753e-16   209256
  6.111150e-01   4.055019e-14   3.069663e-03   2.220685e-16   216020
  6.217510e-01   3.771742e-14   3.075746e-03   2.102425e-16   223768
  6.323610e-01   3.464248e-14   3.055783e-03   1.979527e-16   230234
  6.429887e-01   3.224784e-14   3.074922e-03   1.862981e-16   239800
  6.536248e-01   2.944510e-14   3.063054e-03   1.765036e-16   246568
  6.642393e-01   2.795671e-14   3.068328e-03   1.687156e-16   254828
  6.748534e-01   2.526639e-14   3.064424e-03   1.592129e-16   263074
  6.854951e-01   2.345569e-14   3.071509e-03   1.507950e-16   272312
  6.961385e-01   2.177948e-14   3.070197e-03   1.435475e-16   280376
  7.067732e-01   2.016225e-14   3.071500e-03   1.369276e-16   288884
  7.174012e-01   1.836456e-14   3.068501e-03   1.291154e-16   297602
  7.280177e-01   1.727711e-14   3.057614e-03   1.242272e-16   305520
  7.386402e-01   1.607640e-14   3.075198e-03   1.180777e-16   315976
  7.492461e-01   1.460022e-14   3.052723e-03   1.134228e-16   322778
  7.598720e-01   1.360482e-14   3.080021e-03   1.076775e-16   335372
  7.705286e-01   1.266810e-14   3.068318e-03   1.023910e-16   343464
  7.811635e-01   1.177875e-14   3.070705e-03   9.835194e-17   352912
  7.917934e-01   1.088603e-14   3.070498e-03   9.402088e-17   362666
  8.024224e-01   1.000656e-14   3.063690e-03   9.039043e-17   371884
  8.130465e-01   9.455796e-15   3.069929e-03   8.627359e-17   382280
  8.236583e-01   8.602344e-15   3.060755e-03   8.295211e-17   390888
  8.342648e-01   8.076206e-15   3.067168e-03   7.965845e-17   402234
  8.448912e-01   7.249903e-15   3.064832e-03   7.632903e-17   412576
  8.555263e-01   6.840896e-15   3.071788e-03   7.306022e-17   423732
  8.661590e-01   6.346503e-15   3.068142e-03   7.041121e-17   433624
  8.767950e-01   5.916187e-15   3.072203e-03   6.756171e-17   445154
  8.874347e-01   5.578498e-15   3.069139e-03   6.519736e-17   455584
  8.980596e-01   5.096079e-15   3.064716e-03   6.263399e-17   465588
  9.086714e-01   4.765237e-15   3.065163e-03   6.030358e-17   476762
  9.193048e-01   4.486472e-15   3.073106e-03   5.797804e-17   489552
  9.299472e-01   4.106753e-15   3.069632e-03   5.597194e-17   500328
  9.405628e-01   3.754816e-15   3.059261e-03   5.415081e-17   509852
  9.511854e-01   3.492330e-15   3.074339e-03   5.186449e-17   524234
  9.618189e-01   3.258035e-15   3.061952e-03   5.024123e-17   534104
  9.724448e-01   2.996008e-15   3.070528e-03   4.838457e-17   547048
  9.830800e-01   2.707557e-15   3.073862e-03   4.664238e-17   559328
  9.937180e-01   2.620270e-15   3.070866e-03   4.518401e-17   571326
  1.004339e+00   2.422153e-15   3.060367e-03   4.380911e-17   581920
  1.014951e+00   2.265302e-15   3.064588e-03   4.225635e-17   594832
  1.025571e+00   2.024776e-15   3.068054e-03   4.068187e-17   608048
  1.036206e+00   1.984533e-15   3.070252e-03   3.946353e-17   621526
  1.046839e+00   1.906539e-15   3.066112e-03   3.824816e-17   633240
  1.057456e+00   1.641106e-15   3.064953e-03   3.683936e-17   645472
  1.068086e+00   1.631824e-15   3.075342e-03   3.580721e-17   660906
  1.078726e+00   1.521263e-15   3.067576e-03   3.449762e-17   672856
  1.089356e+00   1.376299e-15   3.067094e-03   3.350546e-17   685980
  1.099980e+00   1.282627e-15   3.067978e-03   3.255475e-17   699256
  1.110619e+00   1.113117e-15   3.074976e-03   3.140811e-17   714730
  1.121246e+00   1.170880e-15   3.059348e-03   3.054765e-17   725152
  1.131863e+00   1.078382e-15   3.067634e-03   2.956891e-17   740420
  1.142485e+00   9.515895e-16   3.069089e-03   2.867304e-17   754312
  1.153114e+00   9.142029e-16   3.069897e-03   2.771841e-17   769114
  1.163749e+00   9.315225e-16   3.069209e-03   2.695931e-17   783488
  1.174365e+00   8.213513e-16   3.058900e-03   2.620954e-17   794968
  1.184981e+00   7.552042e-16   3.070107e-03   2.538272e-17   812366
  1.195609e+00   6.941556e-16   3.065134e-03   2.475532e-17   825976
  1.206250e+00   6.444585e-16   3.075220e-03   2.397297e-17   843352
  1.216898e+00   6.448615e-16   3.073224e-03   2.328855e-17   857280
  1.227524e+00   6.031307e-16   3.063189e-03   2.267382e-17   869542
  1.238147e+00   5.257872e-16   3.070752e-03   2.193933e-17   887128
  1.248772e+00   5.382891e-16   3.063166e-03   2.143029e-17   900032
  1.259388e+00   4.993926e-16   3.067377e-03   2.080270e-17   916560
  1.270005e+00   4.406617e-16   3.061783e-03   2.021588e-17   930922
  1.280635e+00   4.657448e-16   3.071795e-03   1.958166e-17   949844
  1.291287e+00   4.145121e-16   3.076939e-03   1.908955e-17   966736
  1.301925e+00   3.377086e-16   3.065819e-03   1.866772e-17   978776
  1.312537e+00   3.804704e-16   3.064137e-03   1.811741e-17   994522
  1.323161e+00   3.515917e-16   3.068907e-03   1.760353e-17   1012420
  1.333794e+00   3.153102e-16   3.071598e-03   1.714085e-17   1029408
  1.344410e+00   2.763267e-16   3.058405e-03   1.671842e-17   1041658
  1.355032e+00   3.236462e-16   3.072381e-03   1.627877e-17   1063520
  1.365659e+00   2.996769e-16   3.060689e-03   1.588666e-17   1075808
  1.376294e+00   2.559164e-16   3.080019e-03   1.539427e-17   1098956
  1.386928e+00   2.655144e-16   3.061670e-03   1.507130e-17   1109810
  1.397545e+00   2.323159e-16   3.065288e-03   1.469522e-17   1128608
  1.408178e+00   2.310577e-16   3.073589e-03   1.428131e-17   1148264
  1.418813e+00   2.206174e-16   3.067917e-03   1.392324e-17   1163252
  1.429436e+00   2.039553e-16   3.067070e-03   1.355501e-17   1181042
  1.440060e+00   2.304863e-16   3.064325e-03   1.320920e-17   1197848
  1.450692e+00   1.846967e-16   3.073737e-03   1.288957e-17   1218848
  1.461323e+00   2.003091e-16   3.064859e-03   1.257288e-17   1232916
  1.471945e+00   1.661614e-16   3.068844e-03   1.227069e-17   1253002
  1.482566e+00   1.978185e-16   3.062284e-03   1.195906e-17   1268576
  1.493191e+00   1.769262e-16   3.071552e-03   1.169887e-17   1290128
  1.503822e+00   1.584588e-16   3.068342e-03   1.141114e-17   1307402
  1.514455e+00   1.772037e-16   3.069122e-03   1.113205e-17   1327028
  1.525083e+00   1.511100e-16   3.064970e-03   1.088608e-17   1343648
  1.535711e+00   1.621787e-16   3.070217e-03   1.058655e-17   1364096
  1.546341e+00   1.500657e-16   3.068950e-03   1.036949e-17   1382730
  1.556974e+00   1.039515e-16   3.068757e-03   1.010772e-17   1402164
  1.567604e+00   1.698835e-16   3.068159e-03   9.873375e-18   1420464
  1.578221e+00   1.207816e-16   3.063798e-03   9.636773e-18   1437368
  1.588847e+00   9.814691e-17   3.072142e-03   9.408689e-18   1461530
  1.599480e+00   1.184887e-16   3.065069e-03   9.186253e-18   1478264
  1.610108e+00   1.047480e-16   3.068902e-03   8.989917e-18   1499356
  1.620732e+00   1.211882e-16   3.065238e-03   8.781361e-18   1517016
  1.631360e+00   1.139091e-16   3.070849e-03   8.597192e-18   1540090
  1.641988e+00   8.057168e-17   3.065366e-03   8.398499e-18   1557360
  1.652609e+00   9.994253e-17   3.066926e-03   8.225929e-18   1577780
  1.663242e+00   1.160117e-16   3.075107e-03   7.987121e-18   1602578
  1.673875e+00   1.237469e-16   3.063542e-03   7.846664e-18   1617672
  1.684498e+00   1.132403e-16   3.069033e-03   7.659863e-18   1641016
  1.695122e+00   9.119775e-17   3.065080e-03   7.494994e-18   1659416
  1.705746e+00   9.881771e-17   3.068431e-03   7.317510e-18   1682670
  1.716382e+00   8.866798e-17   3.070690e-03   7.143085e-18   1705256
  1.727024e+00   6.235014e-17   3.071890e-03   6.988681e-18   1726312
  1.737645e+00   1.007403e-16   3.062639e-03   6.854024e-18   1741880
  1.748261e+00   6.988158e-17   3.067156e-03   6.709534e-18   1766454
  1.758897e+00   9.977428e-17   3.073105e-03   6.548413e-18   1791784
  1.769528e+00   5.684862e-17   3.063894e-03   6.429567e-18   1807712
  1.780139e+00   8.595369e-17   3.062775e-03   6.302693e-18   1829002
  1.790759e+00   6.955033e-17   3.067263e-03   6.161957e-18   1854216
  1.801400e+00   5.416490e-17   3.074631e-03   6.034809e-18   1880156
  1.812037e+00   4.851382e-17   3.068349e-03   5.890688e-18   1897568
  1.822663e+00   6.675395e-17   3.068475e-03   5.767672e-18   1920458
  1.833288e+00   6.430923e-17   3.065997e-03   5.649035e-18   1942208
  1.843915e+00   6.322026e-17   3.067813e-03   5.530629e-18   1965612
  1.854544e+00   6.829508e-17   3.069639e-03   5.417328e-18   1989000
  1.865168e+00   5.345622e-17   3.064465e-03   5.305576e-18   2009114
  1.875791e+00   5.495847e-17   3.067400e-03   5.193362e-18   2034464
  1.886424e+00   6.215287e-17   3.070174e-03   5.088623e-18   2058476
  1.897052e+00   6.265583e-17   3.068039e-03   4.981532e-18   2079648
  1.907673e+00   4.307301e-17   3.065891e-03   4.885437e-18   2102578
  1.918306e+00   5.305150e-17   3.070742e-03   4.768629e-18   2129928
  1.928942e+00   4.507658e-17   3.069733e-03   4.676358e-18   2152096
  1.939563e+00   4.723880e-17   3.062858e-03   4.596078e-18   2171142
  1.950185e+00   5.282839e-17   3.069150e-03   4.496287e-18   2200248
  1.960824e+00   3.122194e-17   3.071017e-03   4.397708e-18   2225216
  1.971460e+00   4.999282e-17   3.070942e-03   4.320736e-18   2248448
  1.982084e+00   4.405401e-17   3.064272e-03   4.228806e-18   2267942
  1.992710e+00   3.235336e-17   3.071051e-03   4.146775e-18   2298072
  2.003337e+00   4.333841e-17   3.064068e-03   4.062646e-18   2317272
  2.013961e+00   4.866264e-17   3.069747e-03   3.986968e-18   2345808
  2.024580e+00   4.338371e-17   3.062469e-03   3.914133e-18   2365650
  2.035206e+00   3.516966e-17   3.069930e-03   3.829821e-18   2396940
  2.045842e+00   3.371105e-17   3.069936e-03   3.759501e-18   2421272
  2.056473e+00   3.852091e-17   3.068399e-03   3.689606e-18   2444576
  2.067102e+00   2.567959e-17   3.069748e-03   3.611872e-18   2471490
  2.077728e+00   3.463969e-17   3.064854e-03   3.541812e-18   2493180
  2.088349e+00   2.357409e-17   3.068019e-03   3.479600e-18   2520952
  2.098972e+00   3.319102e-17   3.065319e-03   3.401224e-18   2544946
  2.109598e+00   3.597801e-17   3.068311e-03   3.344343e-18   2573856
  2.120230e+00   3.674224e-17   3.069026e-03   3.280824e-18   2600016
  2.130862e+00   2.299116e-17   3.069102e-03   3.212863e-18   2625484
  2.141490e+00   2.881146e-17   3.068080e-03   3.158054e-18   2651122
  2.152130e+00   3.561054e-17   3.074348e-03   3.090758e-18   2683488
  2.162754e+00   2.811057e-17   3.059466e-03   3.042510e-18   2696352
  2.173371e+00   2.909662e-17   3.071171e-03   2.978251e-18   2733020
  2.184002e+00   2.887385e-17   3.067530e-03   2.922536e-18   2757378
  2.194631e+00   2.846307e-17   3.067942e-03   2.873470e-18   2784864
  2.205259e+00   2.717503e-17   3.067811e-03   2.814804e-18   2811168
  2.215874e+00   2.658053e-17   3.061061e-03   2.767879e-18   2832274
  2.226505e+00   3.500167e-17   3.075611e-03   2.711996e-18   2873636
  2.237142e+00   2.760406e-17   3.064877e-03   2.668619e-18   2890496
  2.247766e+00   2.168116e-17   3.069851e-03   2.614194e-18   2921800
  2.258399e+00   2.472535e-17   3.071101e-03   2.566804e-18   2951298
  2.269032e+00   2.083730e-17   3.066274e-03   2.519680e-18   2975476
  2.279663e+00   2.488011e-17   3.071375e-03   2.471186e-18   3007728
  2.290285e+00   1.838976e-17   3.061886e-03   2.429175e-18   3025776
  2.300910e+00   2.124757e-17   3.072955e-03   2.387381e-18   3065762
  2.311540e+00   2.052390e-17   3.063208e-03   2.342705e-18   3084856
  2.322162e+00   2.177986e-17   3.068985e-03   2.297501e-18   3118044
  2.332782e+00   1.955073e-17   3.064319e-03   2.255166e-18   3141352
  2.343410e+00   1.978537e-17   3.072036e-03   2.219866e-18   3179274
  2.354046e+00   1.693254e-17   3.067682e-03   2.176758e-18   3204120
  2.364668e+00   1.462551e-17   3.063610e-03   2.141642e-18   3227900
  2.375288e+00   1.515643e-17   3.068722e-03   2.098052e-18   3262394
  2.385925e+00   1.865176e-17   3.071814e-03   2.063541e-18   3295680
  2.396559e+00   2.191435e-17   3.067166e-03   2.028935e-18   3319560
  2.407184e+00   1.689418e-17   3.068070e-03   1.988901e-18   3348972
  2.417810e+00   1.480174e-17   3.068540e-03   1.955477e-18   3379722
  2.428441e+00   1.716688e-17   3.068348e-03   1.923819e-18   3410720
  2.439075e+00   1.061691e-17   3.069517e-03   1.888301e-18   3441504
  2.449697e+00   1.432249e-17   3.063301e-03   1.856095e-18   3463624
  2.460317e+00   1.546022e-17   3.068043e-03   1.821378e-18   3499790
  2.470951e+00   1.247897e-17   3.070702e-03   1.792074e-18   3533560
  2.481588e+00   1.451139e-17   3.069830e-03   1.758865e-18   3561920
  2.492209e+00   1.417828e-17   3.064208e-03   1.731146e-18   3585208
  2.502830e+00   1.409873e-17   3.069185e-03   1.699796e-18   3622518
  2.513468e+00   1.753331e-17   3.072344e-03   1.667413e-18   3657584
  2.524094e+00   2.000938e-17   3.062507e-03   1.642949e-18   3676440
  2.534707e+00   1.576868e-17   3.065232e-03   1.615571e-18   3711282
  2.545334e+00   8.620615e-18   3.068763e-03   1.585390e-18   3747696
  2.555965e+00   1.290052e-17   3.067225e-03   1.558270e-18   3776188
  2.566601e+00   1.383181e-17   3.074483e-03   1.533302e-18   3815304
  2.577232e+00   1.626624e-17   3.064660e-03   1.507709e-18   3835370
  2.587856e+00   1.165192e-17   3.068926e-03   1.479380e-18   3873424
  2.598487e+00   1.381208e-17   3.067978e-03   1.458779e-18   3903420
  2.609117e+00   9.270284e-18   3.070036e-03   1.430685e-18   3937624
  2.619745e+00   1.437008e-17   3.066011e-03   1.407181e-18   3965658
  2.630375e+00   1.145078e-17   3.069802e-03   1.383675e-18   4002984
  2.641001e+00   9.458842e-18   3.065136e-03   1.361514e-18   4027928
  2.651616e+00   7.674499e-18   3.064941e-03   1.339855e-18   4059844
  2.662241e+00   8.954919e-18   3.069945e-03   1.315840e-18   4100338
  2.672876e+00   1.334641e-17   3.069128e-03   1.293641e-18   4132264
  2.683506e+00   1.049702e-17   3.068474e-03   1.271980e-18   4163216
  2.694131e+00   1.312758e-17   3.066146e-03   1.252723e-18   4193350
  2.704761e+00   8.548124e-18   3.071068e-03   1.230517e-18   4234456
  2.715390e+00   1.014036e-17   3.064079e-03   1.211139e-18   4257264
  2.726012e+00   8.472347e-18   3.069774e-03   1.190539e-18   4297352
  2.736640e+00   1.194817e-17   3.067495e-03   1.171818e-18   4328642
  2.747272e+00   9.807391e-18   3.070663e-03   1.149748e-18   4367948
  2.757895e+00   1.108962e-17   3.061799e-03   1.133012e-18   4388384
  2.768519e+00   1.176570e-17   3.072247e-03   1.114227e-18   4436648
  2.779154e+00   6.524611e-18   3.067997e-03   1.096047e-18   4465658
  2.789787e+00   9.807585e-18   3.069677e-03   1.079320e-18   4502948
  2.800413e+00   1.090028e-17   3.064787e-03   1.061822e-18   4528880
  2.811033e+00   1.126960e-17   3.067181e-03   1.045156e-18   4566290
  2.821663e+00   7.297334e-18   3.070655e-03   1.026954e-18   4606856
  2.832293e+00   1.051889e-17   3.066552e-03   1.010573e-18   4635380
  2.842916e+00   9.287590e-18   3.067131e-03   9.954424e-19   4670384
  2.853543e+00   1.049785e-17   3.069161e-03   9.791719e-19   4709258
  2.864179e+00   9.716927e-18   3.070324e-03   9.620120e-19   4747352
  2.874805e+00   7.477650e-18   3.063655e-03   9.480724e-19   4771664
  2.885427e+00   6.042821e-18   3.068600e-03   9.325894e-19   4813532
  2.896058e+00   7.521682e-18   3.070437e-03   9.171222e-19   4852322
  2.906693e+00   7.611611e-18   3.069013e-03   9.022668e-19   4886480
  2.917320e+00   7.171591e-18   3.066289e-03   8.899245e-19   4917248
  2.927939e+00   8.505482e-18   3.065099e-03   8.743874e-19   4950828
  2.938569e+00   6.201932e-18   3.072788e-03   8.602638e-19   5000170
  2.949204e+00   7.880595e-18   3.066857e-03   8.475219e-19   5026952
  2.959825e+00   9.623420e-18   3.064676e-03   8.341335e-19   5058752
  2.970445e+00   7.184994e-18   3.067741e-03   8.199441e-19   5100722
  2.981076e+00   8.197435e-18   3.068979e-03   8.070416e-19   5140124
  2.991706e+00   7.292487e-18   3.067937e-03   7.956650e-19   5174072
  3.002335e+00   9.494543e-18   3.068928e-03   7.825699e-19   5211608
  3.012962e+00   7.814695e-18   3.067917e-03   7.703506e-19   5247794
  3.023589e+00   7.621546e-18   3.066908e-03   7.579877e-19   5284196
  3.034222e+00   7.621529e-18   3.071657e-03   7.469481e-19   5328800
  3.044847e+00   7.568774e-18   3.063109e-03   7.366468e-19   5350872
  3.055470e+00   8.586041e-18   3.069608e-03   7.234187e-19   5400634
  3.066097e+00   8.524497e-18   3.065291e-03   7.139292e-19   5430968
  3.076725e+00   5.264298e-18   3.070185e-03   7.016212e-19   5475908
  3.087355e+00   7.248740e-18   3.068352e-03   6.913283e-19   5510016
  3.097986e+00   8.116407e-18   3.069695e-03   6.806349e-19   5552114
  3.108620e+00   6.904674e-18   3.068841e-03   6.701859e-19   5588944
  3.119249e+00   7.937606e-18   3.067703e-03   6.600206e-19   5623828
  3.129873e+00   6.345724e-18   3.066629e-03   6.503070e-19   5660722
  3.140497e+00   8.199846e-18   3.066422e-03   6.405745e-19   5699896
  3.151124e+00   7.205524e-18   3.068968e-03   6.306707e-19   5741936
  3.161754e+00   5.897687e-18   3.069010e-03   6.208624e-19   5779568
  3.172381e+00   7.396270e-18   3.067639e-03   6.121946e-19   5817222
  3.183006e+00   5.711780e-18   3.066013e-03   6.026147e-19   5854600
  3.193635e+00   4.811843e-18   3.069791e-03   5.930215e-19   5900040
  3.204262e+00   5.882948e-18   3.066501e-03   5.848294e-19   5931976
  3.214890e+00   5.319547e-18   3.070101e-03   5.762944e-19   5979390
  3.225518e+00   6.113093e-18   3.065321e-03   5.672789e-19   6010200
  3.236144e+00   7.892603e-18   3.069327e-03   5.584805e-19   6056496
  3.246769e+00   4.445578e-18   3.066211e-03   5.505774e-19   6089504
  3.257396e+00   7.220745e-18   3.069391e-03   5.422075e-19   6137114
  3.268025e+00   5.863517e-18   3.067201e-03   5.344652e-19   6173332
  3.278652e+00   6.845721e-18   3.067882e-03   5.261872e-19   6214128
  3.289279e+00   5.448631e-18   3.067306e-03   5.179601e-19   6253874
  3.299910e+00   6.627980e-18   3.069629e-03   5.103300e-19   6300104
  3.310539e+00   4.446489e-18   3.066365e-03   5.029410e-19   6332612
  3.321166e+00   7.001456e-18   3.070240e-03   4.952487e-19   6379768
  3.331797e+00   5.119734e-18   3.068597e-03   4.878531e-19   6418218
  3.342427e+00   4.942184e-18   3.068360e-03   4.813555e-19   6459880
  3.353052e+00   4.804109e-18   3.066116e-03   4.739043e-19   6495652
  3.363680e+00   4.776653e-18   3.070231e-03   4.663412e-19   6545296
  3.374311e+00   5.925396e-18   3.067227e-03   4.604886e-19   6581570
  3.384935e+00   4.732443e-18   3.065246e-03   4.533885e-19   6618960
  3.395556e+00   4.447813e-18   3.067158e-03   4.466232e-19   6663352
  3.406178e+00   4.942196e-18   3.065376e-03   4.409103e-19   6701334
  3.416809e+00   4.859127e-18   3.072512e-03   4.336316e-19   6759920
  3.427444e+00   4.638020e-18   3.067179e-03   4.277203e-19   6789696
  3.438073e+00   5.700182e-18   3.069955e-03   4.217406e-19   6837208
  3.448703e+00   4.946425e-18   3.067492e-03   4.154181e-19   6874966
  3.459333e+00   5.387287e-18   3.068613e-03   4.094641e-19   6920864
  3.469960e+00   4.325114e-18   3.066758e-03   4.031015e-19   6957816
  3.480585e+00   4.057672e-18   3.068144e-03   3.978100e-19   7002232
  3.491208e+00   5.265748e-18   3.066540e-03   3.920665e-19   7043114
  3.501840e+00   3.788335e-18   3.070403e-03   3.860631e-19   7096020
  3.512471e+00   4.136681e-18   3.067394e-03   3.805609e-19   7130640
  3.523097e+00   3.929632e-18   3.068276e-03   3.749747e-19   7175472
  3.533723e+00   3.996993e-18   3.067248e-03   3.700105e-19   7217786
  3.544353e+00   4.120574e-18   3.068999e-03   3.645524e-19   7265564
  3.554979e+00   5.586812e-18   3.066319e-03   3.594240e-19   7301288
  3.565600e+00   3.330881e-18   3.066375e-03   3.544156e-19   7345330
  3.576227e+00   4.429849e-18   3.069052e-03   3.491305e-19   7397048
  3.586856e+00   4.362643e-18   3.067039e-03   3.442005e-19   7435920
  3.597485e+00   4.071554e-18   3.069220e-03   3.396129e-19   7484140
  3.608113e+00   3.803842e-18   3.067643e-03   3.347539e-19   7525578
  3.618741e+00   3.948043e-18   3.067518e-03   3.298968e-19   7571376
  3.629371e+00   3.728127e-18   3.068480e-03   3.250205e-19   7617064
  3.640002e+00   3.655546e-18   3.069456e-03   3.207042e-19   7662092
  3.650627e+00   3.194517e-18   3.066324e-03   3.166153e-19   7699658
  3.661254e+00   3.758983e-18   3.068945e-03   3.117702e-19   7752416
  3.671886e+00   3.645717e-18   3.069408e-03   3.072579e-19   7797776
  3.682511e+00   4.048366e-18   3.065176e-03   3.037880e-19   7831720
  3.693136e+00   4.106334e-18   3.069723e-03   2.988193e-19   7889926
  3.703768e+00   3.858495e-18   3.067981e-03   2.949071e-19   7931480
  3.714397e+00   3.610229e-18   3.068251e-03   2.906310e-19   7976688
  3.725016e+00   3.184455e-18   3.062621e-03   2.867220e-19   8007786
  3.735639e+00   3.441487e-18   3.070332e-03   2.825512e-19   8074564
  3.746275e+00   3.360992e-18   3.070085e-03   2.788670e-19   8118904
  3.756904e+00   3.459269e-18   3.066957e-03   2.749461e-19   8155824
  3.767533e+00   2.335498e-18   3.070641e-03   2.712545e-19   8212802
  3.778161e+00   3.188121e-18   3.065118e-03   2.672070e-19   8245268
  3.788791e+00   2.815834e-18   3.071754e-03   2.634821e-19   8308816
  3.799422e+00   3.500114e-18   3.066301e-03   2.602449e-19   8340304
  3.810044e+00   3.259921e-18   3.066222e-03   2.564161e-19   8387738
  3.820668e+00   2.941306e-18   3.067207e-03   2.532389e-19   8437624
  3.831296e+00   2.929801e-18   3.068826e-03   2.495625e-19   8487796
  3.841921e+00   3.078114e-18   3.066430e-03   2.462309e-19   8527936
  3.852549e+00   3.350979e-18   3.069409e-03   2.425239e-19   8585122
  3.863180e+00   3.212624e-18   3.067925e-03   2.391690e-19   8628200
  3.873811e+00   3.119291e-18   3.069670e-03   2.360300e-19   8679484
  3.884439e+00   3.051919e-18   3.067320e-03   2.332749e-19   8721466
  3.895064e+00   3.053346e-18   3.065795e-03   2.299911e-19   8765840
  3.905692e+00   3.128067e-18   3.070355e-03   2.267488e-19   8825136
  3.916320e+00   3.072075e-18   3.066753e-03   2.234822e-19   8861768
  3.926948e+00   2.536105e-18   3.069321e-03   2.206313e-19   8919278
  3.937577e+00   2.047871e-18   3.066595e-03   2.174132e-19   8961008
  3.948205e+00   2.084577e-18   3.068779e-03   2.147881e-19   9014456
  3.958835e+00   2.701266e-18   3.068818e-03   2.118259e-19   9062240
  3.969465e+00   2.466761e-18   3.068277e-03   2.089863e-19   9110510
  3.980091e+00   2.826222e-18   3.066455e-03   2.062800e-19   9154048
  3.990712e+00   2.302440e-18   3.065703e-03   2.034928e-19   9198928
  4.001336e+00   1.922613e-18   3.068826e-03   2.008464e-19   9257194
  4.011967e+00   2.158394e-18   3.069362e-03   1.978791e-19   9310168
  4.022596e+00   2.300822e-18   3.066324e-03   1.953388e-19   9350316
  4.033222e+00   2.059172e-18   3.069210e-03   1.928690e-19   9407120
  4.043852e+00   2.236981e-18   3.068250e-03   1.901435e-19   9454642
  4.054482e+00   2.283861e-18   3.068405e-03   1.877477e-19   9506272
  4.065111e+00   1.744170e-18   3.067355e-03   1.852491e-19   9551228
  4.075735e+00   2.216945e-18   3.067594e-03   1.828044e-19   9600264
  4.086360e+00   2.126259e-18   3.067530e-03   1.805392e-19   9651458
  4.096991e+00   2.101654e-18   3.070122e-03   1.778480e-19   9711488
  4.107620e+00   1.830197e-18   3.066189e-03   1.757970e-19   9749144
  4.118247e+00   1.777637e-18   3.069033e-03   1.732828e-19   9807908
  4.128876e+00   2.165974e-18   3.067607e-03   1.711044e-19   9854786
  4.139508e+00   1.603296e-18   3.070269e-03   1.688209e-19   9914304
  4.150134e+00   1.732691e-18   3.064668e-03   1.667294e-19   9945544
  4.160753e+00   1.824880e-18   3.066794e-03   1.646249e-19   10003414
  4.171379e+00   1.914200e-18   3.068671e-03   1.622668e-19   10062032
  4.182011e+00   2.206491e-18   3.069142e-03   1.601771e-19   10114792
  4.192645e+00   1.836649e-18   3.070449e-03   1.580705e-19   10169936
  4.203267e+00   2.371335e-18   3.062650e-03   1.563411e-19   10196602
  4.213895e+00   1.843105e-18   3.072265e-03   1.539721e-19   10281156
  4.224526e+00   2.083676e-18   3.065688e-03   1.521255e-19   10309376
  4.235150e+00   1.674885e-18   3.068567e-03   1.499977e-19   10369856
  4.245775e+00   1.913035e-18   3.066063e-03   1.483243e-19   10415370
  4.256404e+00   1.689834e-18   3.070045e-03   1.461843e-19   10481988
  4.267039e+00   1.657890e-18   3.069556e-03   1.444244e-19   10531200
  4.277665e+00   1.758063e-18   3.065408e-03   1.427070e-19   10569416
  4.288289e+00   1.710447e-18   3.068216e-03   1.406030e-19   10633066
  4.298919e+00   1.993307e-18   3.068866e-03   1.390066e-19   10687548
  4.309552e+00   1.331050e-18   3.070419e-03   1.371305e-19   10743968
  4.320180e+00   1.599420e-18   3.065849e-03   1.355585e-19   10782130
  4.330801e+00   1.780887e-18   3.066095e-03   1.337876e-19   10837792
  4.341427e+00   1.491347e-18   3.068321e-03   1.319345e-19   10897368
  4.352058e+00   1.421032e-18   3.069642e-03   1.302172e-19   10953940
  4.362687e+00   1.559025e-18   3.067969e-03   1.286270e-19   11003274
  4.373313e+00   1.693957e-18   3.066343e-03   1.270070e-19   11052800
  4.383943e+00   1.810033e-18   3.070099e-03   1.254048e-19   11118176
  4.394573e+00   1.666309e-18   3.067934e-03   1.239075e-19   11162268
  4.405196e+00   1.672903e-18   3.066117e-03   1.223300e-19   11211458
  4.415820e+00   8.001729e-19   3.067310e-03   1.207815e-19   11271888
  4.426448e+00   1.174358e-18   3.068640e-03   1.192967e-19   11329304
  4.437073e+00   1.600838e-18   3.066385e-03   1.177392e-19   11375026
  4.447701e+00   1.007205e-18   3.069261e-03   1.162742e-19   11442532
  4.458330e+00   1.401444e-18   3.066551e-03   1.149666e-19   11487264
  4.468957e+00   1.436310e-18   3.068098e-03   1.134418e-19   11545680
  4.479587e+00   1.663840e-18   3.069842e-03   1.119227e-19   11607058
  4.490221e+00   1.633712e-18   3.069925e-03   1.105876e-19   11664300
  4.500851e+00   1.465201e-18   3.066963e-03   1.091607e-19   11707488
  4.511474e+00   9.258266e-19   3.066617e-03   1.080010e-19   11759536
  4.522104e+00   1.137368e-18   3.071176e-03   1.064688e-19   11833690
  4.532737e+00   1.278459e-18   3.067542e-03   1.052527e-19   11877808
  4.543362e+00   1.365753e-18   3.065778e-03   1.039228e-19   11925836
  4.553987e+00   1.563981e-18   3.068899e-03   1.026120e-19   11992168
  4.564616e+00   1.418319e-18   3.067784e-03   1.013886e-19   12044554
  4.575242e+00   1.393659e-18   3.067168e-03   1.001136e-19   12098976
  4.585865e+00   1.389361e-18   3.066173e-03   9.893881e-20   12149996
  4.596487e+00   1.130810e-18   3.067038e-03   9.768898e-20   12209594
  4.607117e+00   1.243666e-18   3.069983e-03   9.654363e-20   12279272
  4.617752e+00   1.390201e-18   3.070004e-03   9.530350e-20   12336072
  4.628383e+00   1.156073e-18   3.067416e-03   9.423918e-20   12381744
  4.639009e+00   1.216224e-18   3.068068e-03   9.310546e-20   12441590
  4.649637e+00   1.410543e-18   3.067557e-03   9.193423e-20   12497256
  4.660262e+00   1.334638e-18   3.066825e-03   9.077200e-20   12550032
  4.670884e+00   1.241269e-18   3.066185e-03   8.976709e-20   12603936
  4.681508e+00   1.313404e-18   3.068111e-03   8.866554e-20   12671230
  4.692142e+00   1.138130e-18   3.070828e-03   8.755655e-20   12740920
  4.702775e+00   1.313684e-18   3.067767e-03   8.654413e-20   12784560
  4.713398e+00   1.052140e-18   3.065894e-03   8.547664e-20   12834176
  4.724025e+00   1.172061e-18   3.069663e-03   8.453249e-20   12909006
  4.734656e+00   1.324426e-18   3.068089e-03   8.337318e-20   12959680
  4.745283e+00   9.937495e-19   3.067551e-03   8.249198e-20   13014232
  4.755909e+00   1.043481e-18   3.068154e-03   8.145445e-20   13076514
  4.766534e+00   1.215295e-18   3.065684e-03   8.059438e-20   13127112
  4.777164e+00   1.189771e-18   3.070665e-03   7.957841e-20   13205852
  4.787797e+00   1.008803e-18   3.068206e-03   7.869968e-20   13252032
  4.798423e+00   1.135674e-18   3.066967e-03   7.775971e-20   13307450
  4.809051e+00   1.080189e-18   3.068506e-03   7.681493e-20   13374160
  4.819680e+00   1.115047e-18   3.067567e-03   7.592205e-20   13426348
  4.830308e+00   1.262470e-18   3.069633e-03   7.500324e-20   13492760
  4.840934e+00   1.116886e-18   3.066142e-03   7.414352e-20   13539546
  4.851560e+00   1.147999e-18   3.068338e-03   7.331697e-20   13610704
  4.862187e+00   1.273671e-18   3.066835e-03   7.247955e-20   13662024
  4.872813e+00   9.969195e-19   3.068248e-03   7.158187e-20   13727492
  4.883443e+00   1.092196e-18   3.069111e-03   7.076576e-20   13793394
  4.894073e+00   1.047488e-18   3.067154e-03   6.997750e-20   13844456
  4.904699e+00   9.902931e-19   3.067927e-03   6.908482e-20   13905184
  4.915325e+00   8.697535e-19   3.067971e-03   6.832838e-20   13965958
  4.925951e+00   1.114432e-18   3.067148e-03   6.759605e-20   14025192
  4.936580e+00   1.001378e-18   3.068951e-03   6.681940e-20   14093768
  4.947211e+00   1.114197e-18   3.068454e-03   6.607352e-20   14150440
  4.957840e+00   1.088850e-18   3.068630e-03   6.532121e-20   14213450
  4.968468e+00   1.074479e-18   3.066726e-03   6.455672e-20   14267036
  4.979095e+00   9.716076e-19   3.068568e-03   6.385515e-20   14335032
  4.989722e+00   1.049157e-18   3.067092e-03   6.303659e-20   14387664
  5.000347e+00   9.530574e-19   3.068270e-03   6.237383e-20   14455698
  5.010977e+00   1.065358e-18   3.068677e-03   6.165438e-20   14520452
  5.021607e+00   1.006862e-18   3.068497e-03   6.095702e-20   14580272
  5.032232e+00   1.143704e-18   3.065614e-03   6.032537e-20   14628050
  5.042860e+00   1.064039e-18   3.070982e-03   5.962300e-20   14716744
  5.053489e+00   9.135023e-19   3.065407e-03   5.897550e-20   14751712
  5.064115e+00   9.796414e-19   3.069456e-03   5.829534e-20   14831620
  5.074740e+00   9.697750e-19   3.065470e-03   5.770792e-20   14875522
  5.085366e+00   9.171780e-19   3.068961e-03   5.704550e-20   14956720
  5.095994e+00   9.097369e-19   3.066998e-03   5.642539e-20   15008272
  5.106620e+00   8.026335e-19   3.067783e-03   5.576668e-20   15073780
  5.117248e+00   8.831959e-19   3.069002e-03   5.512843e-20   15144866
  5.127883e+00   8.745644e-19   3.070052e-03   5.457533e-20   15213872
  5.138515e+00   9.163194e-19   3.067931e-03   5.396587e-20   15263976
  5.149140e+00   9.129751e-19   3.066723e-03   5.342458e-20   15320236
  5.159767e+00   9.149174e-19   3.069367e-03   5.281837e-20   15398322
  5.170396e+00   9.302589e-19   3.067121e-03   5.229604e-20   15450864
  5.181021e+00   9.152435e-19   3.067373e-03   5.172191e-20   15513888
  5.191645e+00   9.092796e-19   3.066596e-03   5.112251e-20   15574626
  5.202274e+00   9.984440e-19   3.069893e-03   5.061990e-20   15657956
  5.212904e+00   9.328106e-19   3.066736e-03   5.005435e-20   15704248
  5.223531e+00   9.252185e-19   3.068512e-03   4.959164e-20   15774824
  5.234161e+00   7.936846e-19   3.069354e-03   4.899440e-20   15844898
  5.244790e+00   9.358826e-19   3.066994e-03   4.849901e-20   15898956
  5.255415e+00   9.656137e-19   3.067091e-03   4.800298e-20   15961768
  5.266040e+00   8.930989e-19   3.068481e-03   4.746898e-20   16032208
  5.276669e+00   8.500362e-19   3.068464e-03   4.698156e-20   16099530
  5.287295e+00   7.428047e-19   3.065856e-03   4.652262e-20   16152712
  5.297924e+00   9.185194e-19   3.069693e-03   4.603248e-20   16235740
  5.308553e+00   8.925236e-19   3.067725e-03   4.553660e-20   16288856
  5.319183e+00   9.280948e-19   3.069408e-03   4.505436e-20   16365074
  5.329812e+00   8.756342e-19   3.067066e-03   4.466543e-20   16418248
  5.340434e+00   8.444162e-19   3.065573e-03   4.416073e-20   16473180
  5.351058e+00   7.600103e-19   3.069491e-03   4.373806e-20   16560234
  5.361687e+00   8.392671e-19   3.067046e-03   4.332315e-20   16616088
  5.372317e+00   7.493101e-19   3.069133e-03   4.282754e-20   16693264
  5.382948e+00   7.692473e-19   3.068526e-03   4.238610e-20   16753864
  5.393577e+00   8.070985e-19   3.068569e-03   4.201972e-20   16820702
  5.404204e+00   8.747674e-19   3.066887e-03   4.158356e-20   16879288
  5.414832e+00   8.296905e-19   3.068277e-03   4.116317e-20   16951712
  5.425456e+00   7.915048e-19   3.066689e-03   4.077820e-20   17007560
  5.436084e+00   8.302601e-19   3.069534e-03   4.035076e-20   17092086
  5.446713e+00   9.004736e-19   3.067265e-03   4.001411e-20   17148392
  5.457342e+00   8.901258e-19   3.068696e-03   3.959970e-20   17222288
  5.467971e+00   8.230910e-19   3.068089e-03   3.917003e-20   17285096
  5.478597e+00   7.773573e-19   3.066549e-03   3.885663e-20   17344826
  5.489223e+00   6.860304e-19   3.068300e-03   3.845579e-20   17421236
  5.499853e+00   7.957530e-19   3.069479e-03   3.812934e-20   17494160
  5.510478e+00   7.925940e-19   3.065109e-03   3.774073e-20   17538122
  5.521100e+00   8.430965e-19   3.067347e-03   3.742172e-20   17620136
  5.531731e+00   8.030811e-19   3.069687e-03   3.706913e-20   17700428
  5.542362e+00   7.706861e-19   3.068482e-03   3.670262e-20   17760320
  5.552991e+00   7.653740e-19   3.068060e-03   3.635904e-20   17827562
  5.563619e+00   7.593346e-19   3.067912e-03   3.608368e-20   17895488
  5.574247e+00   7.096692e-19   3.068230e-03   3.568580e-20   17963576
  5.584874e+00   8.111515e-19   3.067616e-03   3.537387e-20   18027500
  5.595502e+00   7.727638e-19   3.068831e-03   3.507247e-20   18105650
  5.606129e+00   7.371802e-19   3.066269e-03   3.477944e-20   18160880
  5.616752e+00   8.542172e-19   3.067084e-03   3.447588e-20   18233144
  5.627379e+00   7.519593e-19   3.067872e-03   3.413908e-20   18307310
  5.638008e+00   7.420884e-19   3.068420e-03   3.385334e-20   18381680
  5.648639e+00   7.410203e-19   3.068723e-03   3.356523e-20   18450536
  5.659270e+00   6.860298e-19   3.069549e-03   3.327057e-20   18522128
  5.669897e+00   7.463591e-19   3.067067e-03   3.301102e-20   18578414
  5.680523e+00   7.821617e-19   3.067781e-03   3.272773e-20   18654304
  5.691150e+00   7.736649e-19   3.067639e-03   3.242793e-20   18722304
  5.701780e+00   7.172983e-19   3.069442e-03   3.217011e-20   18802472
  5.712409e+00   7.582736e-19   3.067729e-03   3.191337e-20   18864266
  5.723037e+00   7.052372e-19   3.067347e-03   3.168585e-20   18933260
  5.733662e+00   7.229813e-19   3.066799e-03   3.139394e-20   18997448
  5.744288e+00   7.676478e-19   3.068953e-03   3.114420e-20   19079816
  5.754917e+00   7.312727e-19   3.067744e-03   3.091367e-20   19145330
  5.765545e+00   7.869986e-19   3.067941e-03   3.066693e-20   19218276
  5.776172e+00   7.645626e-19   3.067784e-03   3.041634e-20   19286200
  5.786797e+00   7.694890e-19   3.066457e-03   3.020339e-20   19349738
  5.797427e+00   7.363970e-19   3.070714e-03   2.996841e-20   19450040
  5.808057e+00   7.506932e-19   3.065907e-03   2.975970e-20   19489688
  5.818683e+00   6.803132e-19   3.068803e-03   2.950885e-20   19576868
  5.829310e+00   7.008230e-19   3.067331e-03   2.931015e-20   19640282
  5.839940e+00   7.281887e-19   3.069683e-03   2.905879e-20   19728800
  5.850566e+00   7.549476e-19   3.065237e-03   2.887134e-20   19770152
  5.861190e+00   6.860210e-19   3.068717e-03   2.867271e-20   19863516
  5.871821e+00   7.276103e-19   3.069639e-03   2.847650e-20   19943594
  5.882452e+00   6.692413e-19   3.067597e-03   2.828262e-20   20003440
  5.893081e+00   7.161594e-19   3.068832e-03   2.808716e-20   20081768
  5.903706e+00   7.403574e-19   3.066188e-03   2.785590e-20   20136200
  5.914335e+00   6.786789e-19   3.070449e-03   2.770847e-20   20238094
  5.924964e+00   7.057488e-19   3.066146e-03   2.752288e-20   20282544
  5.935584e+00   6.790383e-19   3.065727e-03   2.738238e-20   20351720
  5.946209e+00   7.398248e-19   3.068474e-03   2.714753e-20   20444714
  5.956838e+00   7.078515e-19   3.067781e-03   2.699163e-20   20515116
  5.967470e+00   7.284583e-19   3.070149e-03   2.683193e-20   20602384
  5.978102e+00   6.710095e-19   3.068165e-03   2.666303e-20   20659872
  5.988728e+00   6.686896e-19   3.067093e-03   2.651420e-20   20727682
  5.999356e+00   6.910557e-19   3.068732e-03   2.636683e-20   20814416
  6.009986e+00   7.455780e-19   3.068153e-03   2.622595e-20   20881100
  6.020612e+00   7.156231e-19   3.068117e-03   2.605607e-20   20953688
  6.031238e+00   7.209888e-19   3.066654e-03   2.595520e-20   21021050
  6.041866e+00   6.952594e-19   3.068891e-03   2.576218e-20   21111632
  6.052496e+00   6.687982e-19   3.068341e-03   2.563237e-20   21179972
  6.063121e+00   6.740557e-19   3.066368e-03   2.552838e-20   21240488
  6.073747e+00   5.869624e-19   3.068419e-03   2.535832e-20   21331418
  6.084375e+00   7.172040e-19   3.067338e-03   2.525350e-20   21397304
  6.095000e+00   6.693746e-19   3.067405e-03   2.512757e-20   21469764
  6.105627e+00   7.417092e-19   3.068819e-03   2.500272e-20   21556122
  6.116254e+00   7.502325e-19   3.066479e-03   2.489903e-20   21618312
  6.126884e+00   8.148679e-19   3.069809e-03   2.475917e-20   21716096
  6.137516e+00   6.929271e-19   3.068719e-03   2.467029e-20   21781352
  6.148144e+00   6.522997e-19   3.067428e-03   2.457449e-20   21848870
  6.158771e+00   6.878008e-19   3.067652e-03   2.448587e-20   21927536
  6.169400e+00   6.511005e-19   3.068795e-03   2.441583e-20   22008944
  6.180028e+00   6.724575e-19   3.067865e-03   2.428511e-20   22076136
  6.190652e+00   6.740059e-19   3.066547e-03   2.419538e-20   22145270
  6.201282e+00   6.490365e-19   3.070373e-03   2.410746e-20   22250960
  6.211913e+00   7.060031e-19   3.066914e-03   2.402251e-20   22300864
  6.222538e+00   6.906565e-19   3.067186e-03   2.392697e-20   22378586
  6.233165e+00   7.432354e-19   3.068261e-03   2.389316e-20   22464104
  6.243795e+00   7.624644e-19   3.068708e-03   2.380104e-20   22542892
  6.254421e+00   6.806647e-19   3.067123e-03   2.374324e-20   22606008
  6.265047e+00   6.951285e-19   3.067919e-03   2.366447e-20   22690002
  6.275673e+00   7.625046e-19   3.066936e-03   2.361840e-20   22762216
  6.286298e+00   6.452209e-19   3.068880e-03   2.341821e-20   22815779
  6.296927e+00   5.437404e-19   3.067733e-03   2.303471e-20   22772312
  6.307555e+00   5.202345e-19   3.067923e-03   2.263186e-20   22733708
  6.318183e+00   4.400827e-19   3.068441e-03   2.226825e-20   22697672
  6.328811e+00   3.288642e-19   3.067507e-03   2.189666e-20   22651460
  6.339438e+00   2.572930e-19   3.068199e-03   2.152883e-20   22616024
  6.350068e+00   3.139782e-19   3.069309e-03   2.117686e-20   22583496
  6.360694e+00   3.058643e-19   3.065960e-03   2.083537e-20   22519252
  6.371317e+00   2.712133e-19   3.067197e-03   2.049983e-20   22488992
  6.381944e+00   3.021881e-19   3.067780e-03   2.017147e-20   22453172
  6.392574e+00   2.630182e-19   3.069105e-03   1.984320e-20   22420584
  6.403204e+00   2.501522e-19   3.068296e-03   1.952557e-20   22371700
  6.413832e+00   2.286086e-19   3.068296e-03   1.920940e-20   22329896
  6.424460e+00   2.207644e-19   3.067512e-03   1.894835e-20   22282876
  6.435088e+00   2.210988e-19   3.068899e-03   1.864992e-20   22250692
  6.445715e+00   1.900319e-19   3.066872e-03   1.834667e-20   22194436
  6.456340e+00   2.162596e-19   3.066996e-03   1.808507e-20   22153540
  6.466968e+00   2.332072e-19   3.068722e-03   1.782516e-20   22122584
  6.477597e+00   1.297385e-19   3.067957e-03   1.754517e-20   22073004
  6.488227e+00   1.960297e-19   3.069406e-03   1.728988e-20   22039640
  6.498854e+00   1.833663e-19   3.066107e-03   1.702773e-20   21971624
  6.509482e+00   1.935547e-19   3.070097e-03   1.677826e-20   21955708
  6.520106e+00   2.012963e-19   3.063845e-03   1.655799e-20   21867720
  6.530733e+00   1.723204e-19   3.071600e-03   1.630363e-20   21878900
  6.541363e+00   1.641901e-19   3.065935e-03   1.608439e-20   21794260
  6.551990e+00   1.766415e-19   3.068881e-03   1.584196e-20   21770256
  6.562619e+00   1.687833e-19   3.068010e-03   1.562652e-20   21718124
  6.573247e+00   1.795320e-19   3.067905e-03   1.540634e-20   21671096
  6.583874e+00   1.773285e-19   3.067932e-03   1.518285e-20   21625412
  6.594503e+00   1.486271e-19   3.069070e-03   1.497860e-20   21587284
  6.605129e+00   1.401395e-19   3.066010e-03   1.479085e-20   21519648
  6.615755e+00   1.856718e-19   3.068792e-03   1.457912e-20   21493344
  6.626384e+00   1.148471e-19   3.067812e-03   1.437969e-20   21439360
  6.637013e+00   1.355650e-19   3.068679e-03   1.418511e-20   21398900
  6.647644e+00   1.454567e-19   3.068668e-03   1.400605e-20   21351488
  6.658271e+00   1.027606e-19   3.066526e-03   1.382932e-20   21288012
  6.668898e+00   1.574303e-19   3.068796e-03   1.363768e-20   21255052
  6.679525e+00   1.272968e-19   3.067400e-03   1.344706e-20   21196928
  6.690151e+00   1.314644e-19   3.067431e-03   1.329616e-20   21149036
  6.700778e+00   1.404463e-19   3.068015e-03   1.310361e-20   21105304
  6.711407e+00   1.358500e-19   3.068524e-03   1.294039e-20   21059992
  6.722038e+00   1.144821e-19   3.069263e-03   1.278368e-20   21014904
  6.732667e+00   1.257410e-19   3.067536e-03   1.262363e-20   20953620
  6.743293e+00   1.120582e-19   3.067478e-03   1.245892e-20   20902948
  6.753920e+00   1.370266e-19   3.068064e-03   1.232282e-20   20856528
  6.764548e+00   1.315871e-19   3.068448e-03   1.214950e-20   20808868
  6.775174e+00   9.074485e-20   3.066599e-03   1.200999e-20   20746700
  6.785798e+00   1.124084e-19   3.066925e-03   1.186000e-20   20699040
  6.796428e+00   1.018999e-19   3.069860e-03   1.171053e-20   20667584
  6.807054e+00   9.569055e-20   3.064988e-03   1.157789e-20   20583320
  6.817679e+00   1.121621e-19   3.069606e-03   1.144015e-20   20562728
  6.828310e+00   1.167852e-19   3.067915e-03   1.130425e-20   20499120
  6.838938e+00   1.280656e-19   3.068337e-03   1.117154e-20   20448668
  6.849566e+00   7.721873e-20   3.068077e-03   1.102594e-20   20394408
  6.860195e+00   1.137360e-19   3.068320e-03   1.090610e-20   20344236
  6.870823e+00   1.065361e-19   3.067630e-03   1.077752e-20   20287988
  6.881451e+00   1.168004e-19   3.068044e-03   1.064563e-20   20237280
  6.892077e+00   9.937840e-20   3.067320e-03   1.052226e-20   20178328
  6.902707e+00   9.239829e-20   3.069652e-03   1.040908e-20   20139844
  6.913336e+00   1.031168e-19   3.067174e-03   1.030079e-20   20069748
  6.923962e+00   9.269721e-20   3.067514e-03   1.017525e-20   20016800
  6.934587e+00   1.087808e-19   3.067642e-03   1.005786e-20   19962224
  6.945217e+00   8.829227e-20   3.069885e-03   9.946496e-21   19923568
  6.955848e+00   8.791102e-20   3.067490e-03   9.834692e-21   19854300
  6.966474e+00   1.237295e-19   3.067154e-03   9.740143e-21   19797056
  6.977101e+00   1.164178e-19   3.067706e-03   9.624637e-21   19744940
  6.987728e+00   8.621147e-20   3.068174e-03   9.520934e-21   19691768
  6.998356e+00   1.060150e-19   3.067321e-03   9.414932e-21   19629548
  7.008982e+00   8.988146e-20   3.067740e-03   9.316964e-21   19575480
  7.019610e+00   9.687312e-20   3.068413e-03   9.219972e-21   19523296
  7.030241e+00   9.709469e-20   3.069533e-03   9.110064e-21   19474344
  7.040867e+00   1.036911e-19   3.065611e-03   9.030539e-21   19392868
  7.051493e+00   7.730080e-20   3.069073e-03   8.918134e-21   19356176
  7.062123e+00   7.465163e-20   3.068592e-03   8.833156e-21   19294916
  7.072754e+00   7.933046e-20   3.069110e-03   8.741150e-21   19240856
  7.083382e+00   8.885013e-20   3.067066e-03   8.645513e-21   19170884
  7.094007e+00   1.086065e-19   3.066966e-03   8.561897e-21   19111352
  7.104633e+00   7.661014e-20   3.068278e-03   8.473097e-21   19060016
  7.115261e+00   7.291003e-20   3.067998e-03   8.386197e-21   18999752
  7.125886e+00   8.007811e-20   3.066210e-03   8.310478e-21   18930272
  7.136511e+00   8.121647e-20   3.068009e-03   8.213933e-21   18882340
  7.147141e+00   1.047173e-19   3.069133e-03   8.138073e-21   18829056
  7.157770e+00   8.273351e-20   3.067293e-03   8.057493e-21   18757640
  7.168398e+00   7.419207e-20   3.069197e-03   7.984769e-21   18709036
  7.179027e+00   8.847732e-20   3.067378e-03   7.904549e-21   18637668
  7.189656e+00   7.515203e-20   3.069146e-03   7.818789e-21   18587048
  7.200283e+00   8.548533e-20   3.066626e-03   7.743984e-21   18510972
  7.210909e+00   9.420981e-20   3.067730e-03   7.675039e-21   18456692
  7.221535e+00   7.357986e-20   3.067567e-03   7.596097e-21   18394084
  7.232164e+00   7.419415e-20   3.069110e-03   7.528010e-21   18341352
  7.242794e+00   6.541735e-20   3.068234e-03   7.458227e-21   18273884
  7.253423e+00   7.721191e-20   3.068036e-03   7.384350e-21   18211148
  7.264048e+00   7.047214e-20   3.066171e-03   7.319275e-21   18137692
  7.274674e+00   8.304802e-20   3.069088e-03   7.248986e-21   18091580
  7.285305e+00   7.001124e-20   3.068515e-03   7.184326e-21   18024560
  7.295932e+00   7.519077e-20   3.067362e-03   7.117950e-21   17955116
  7.306559e+00   7.018682e-20   3.067637e-03   7.050062e-21   17893232
  7.317187e+00   6.937448e-20   3.068343e-03   6.988108e-21   17832620
  7.327816e+00   5.456497e-20   3.068327e-03   6.921887e-21   17767864
  7.338445e+00   6.611069e-20   3.068809e-03   6.863988e-21   17706956
  7.349073e+00   7.067833e-20   3.066947e-03   6.806747e-21   17632632
  7.359699e+00   6.471609e-20   3.068061e-03   6.743754e-21   17573524
  7.370327e+00   6.446937e-20   3.067901e-03   6.680622e-21   17506380
  7.380954e+00   6.558821e-20   3.068207e-03   6.624929e-21   17442548
  7.391580e+00   7.436133e-20   3.066528e-03   6.568236e-21   17368556
  7.402208e+00   7.634978e-20   3.069314e-03   6.508284e-21   17318260
  7.412837e+00   7.550023e-20   3.067939e-03   6.460500e-21   17243792
  7.423463e+00   6.571997e-20   3.066549e-03   6.396866e-21   17169716
  7.434088e+00   5.837152e-20   3.067759e-03   6.348476e-21   17109768
  7.444715e+00   6.612653e-20   3.068012e-03   6.293246e-21   17044064
  7.455345e+00   6.853913e-20   3.068894e-03   6.246088e-21   16981560
  7.465972e+00   7.095672e-20   3.066680e-03   6.201005e-21   16902264
  7.476600e+00   5.155429e-20   3.069499e-03   6.144148e-21   16849940
  7.487230e+00   6.621538e-20   3.067461e-03   6.091406e-21   16770600
  7.497858e+00   7.032716e-20   3.068497e-03   6.040246e-21   16707512
  7.508485e+00   6.676601e-20   3.067634e-03   5.998238e-21   16634480
  7.519114e+00   7.119638e-20   3.068242e-03   5.944401e-21   16569424
  7.529741e+00   5.814234e-20   3.067751e-03   5.898679e-21   16497216
  7.540372e+00   5.926669e-20   3.069501e-03   5.856036e-21   16436416
  7.550999e+00   5.655020e-20   3.067032e-03   5.815421e-21   16353532
  7.561624e+00   5.473723e-20   3.067126e-03   5.767500e-21   16284908
  7.572251e+00   6.016336e-20   3.068426e-03   5.722928e-21   16221948
  7.582881e+00   6.868054e-20   3.068614e-03   5.678669e-21   16152552
  7.593510e+00   5.629051e-20   3.068122e-03   5.640533e-21   16078864
  7.604137e+00   5.280941e-20   3.067536e-03   5.592192e-21   16005296
  7.614766e+00   6.025435e-20   3.068300e-03   5.545924e-21   15938220
  7.625392e+00   5.617219e-20   3.066841e-03   5.515143e-21   15858440
  7.636016e+00   6.432772e-20   3.067373e-03   5.475106e-21   15789252
  7.646642e+00   6.257851e-20   3.067548e-03   5.435183e-21   15718944
  7.657269e+00   4.397149e-20   3.067947e-03   5.389817e-21   15648652
  7.667899e+00   5.378894e-20   3.069201e-03   5.355540e-21   15581944
  7.678531e+00   5.497866e-20   3.069010e-03   5.315366e-21   15508744
  7.689158e+00   4.973045e-20   3.066436e-03   5.285529e-21   15422472
  7.699784e+00   6.171236e-20   3.068878e-03   5.246274e-21   15361536
  7.710413e+00   5.149460e-20   3.067494e-03   5.212386e-21   15281048
  7.721038e+00   4.475941e-20   3.067557e-03   5.178151e-21   15207752
  7.731666e+00   4.603903e-20   3.067687e-03   5.142867e-21   15134800
  7.742292e+00   5.426986e-20   3.067594e-03   5.104843e-21   15059664
  7.752920e+00   5.182466e-20   3.068106e-03   5.074097e-21   14987020
  7.763550e+00   5.334207e-20   3.069757e-03   5.040352e-21   14919936
  7.774179e+00   4.474821e-20   3.066979e-03   5.007935e-21   14831776
  7.784807e+00   5.597421e-20   3.069197e-03   4.977688e-21   14767552
  7.795435e+00   4.825663e-20   3.066309e-03   4.948712e-21   14678336
  7.806062e+00   5.791306e-20   3.069079e-03   4.918368e-21   14615044
  7.816690e+00   4.568366e-20   3.067275e-03   4.884737e-21   14530200
  7.827317e+00   5.129175e-20   3.067927e-03   4.860564e-21   14457000
  7.837945e+00   5.147582e-20   3.068558e-03   4.830692e-21   14383440
  7.848573e+00   4.626190e-20   3.067003e-03   4.798900e-21   14299516
  7.859199e+00   2.642510e-20   3.067899e-03   4.774350e-21   14226024
  7.869825e+00   3.440553e-20   3.067223e-03   4.743648e-21   14145048
  7.880455e+00   4.775246e-20   3.070446e-03   4.711608e-21   14082144
  7.891083e+00   4.590919e-20   3.065393e-03   4.692929e-21   13981640
  7.901708e+00   4.385105e-20   3.068688e-03   4.665565e-21   13918460
  7.912338e+00   4.285241e-20   3.068702e-03   4.637106e-21   13839752
  7.922969e+00   3.447661e-20   3.069182e-03   4.607647e-21   13762736
  7.933598e+00   4.975221e-20   3.067868e-03   4.591349e-21   13677980
  7.944225e+00   4.148647e-20   3.067250e-03   4.564889e-21   13596196
  7.954850e+00   4.480605e-20   3.067470e-03   4.538641e-21   13517736
  7.965475e+00   4.817325e-20   3.066448e-03   4.517716e-21   13433184
  7.976100e+00   5.151145e-20   3.068623e-03   4.496856e-21   13362296
  7.986730e+00   4.183047e-20   3.068494e-03   4.468145e-21   13281376
  7.997360e+00   4.159694e-20   3.069113e-03   4.453217e-21   13203336
  8.007987e+00   4.138299e-20   3.066719e-03   4.423325e-21   13113016
  8.018613e+00   4.160340e-20   3.067735e-03   4.407870e-21   13036400
  8.029240e+00   3.304233e-20   3.067468e-03   4.384847e-21   12953648
  8.039869e+00   4.030456e-20   3.069185e-03   4.367307e-21   12879016
  8.050498e+00   3.920506e-20   3.067538e-03   4.350690e-21   12790124
  8.061127e+00   4.552552e-20   3.068996e-03   4.327117e-21   12714152
  8.071753e+00   5.120613e-20   3.066076e-03   4.313562e-21   12619608
  8.082379e+00   4.441290e-20   3.068682e-03   4.287018e-21   12547232
  8.093011e+00   5.315006e-20   3.070245e-03   4.268519e-21   12470568
  8.103638e+00   3.410608e-20   3.065215e-03   4.245611e-21   12368136
  8.114264e+00   3.874980e-20   3.069116e-03   4.233737e-21   12300504
  8.124894e+00   4.194078e-20   3.068128e-03   4.219136e-21   12212172
  8.135522e+00   4.037143e-20   3.067779e-03   4.205098e-21   12126228
  8.146149e+00   4.118518e-20   3.068089e-03   4.182352e-21   12043352
  8.156778e+00   4.610110e-20   3.068301e-03   4.168908e-21   11959896
  8.167401e+00   3.150647e-20   3.065268e-03   4.153897e-21   11863804
  8.178026e+00   3.987237e-20   3.068937e-03   4.136712e-21   11792812
  8.188656e+00   3.516710e-20   3.068597e-03   4.125214e-21   11705392
  8.199283e+00   3.973427e-20   3.066984e-03   4.108158e-21   11613836
  8.209914e+00   2.881649e-20   3.070536e-03   4.095146e-21   11541532
  8.220543e+00   4.731127e-20   3.066346e-03   4.080235e-21   11440232
  8.231170e+00   3.614449e-20   3.068846e-03   4.071024e-21   11363008
  8.241796e+00   3.697513e-20   3.066631e-03   4.051842e-21   11267848
  8.252424e+00   3.189032e-20   3.069306e-03   4.040402e-21   11190640
  8.263054e+00   3.565926e-20   3.068558e-03   4.031881e-21   11101084
  8.273680e+00   3.336371e-20   3.065604e-03   4.018629e-21   11003284
  8.284304e+00   4.599271e-20   3.068360e-03   4.004997e-21   10925424
  8.294932e+00   3.000723e-20   3.067667e-03   3.996204e-21   10834724
  8.305560e+00   2.651396e-20   3.068711e-03   3.982006e-21   10750156
  8.316186e+00   4.137638e-20   3.066587e-03   3.973583e-21   10655280
  8.326811e+00   3.150950e-20   3.067310e-03   3.962333e-21   10569120
  8.337437e+00   3.938470e-20   3.067168e-03   3.951404e-21   10479672
  8.348070e+00   2.555104e-20   3.071527e-03   3.946124e-21   10404504
  8.358704e+00   3.146630e-20   3.068456e-03   3.932811e-21   10304108
  8.369331e+00   3.078859e-20   3.066991e-03   3.924444e-21   10209940
  8.379958e+00   3.562655e-20   3.068937e-03   3.915965e-21   10126584
  8.390585e+00   2.880622e-20   3.066106e-03   3.907039e-21   10027064
  8.401210e+00   3.396321e-20   3.068731e-03   3.902719e-21   9945072
  8.411836e+00   3.648937e-20   3.065849e-03   3.890764e-21   9844764
  8.422464e+00   3.953832e-20   3.070904e-03   3.885259e-21   9769940
  8.433095e+00   3.230752e-20   3.066721e-03   3.879482e-21   9666072
  8.443721e+00   4.226610e-20   3.067629e-03   3.870902e-21   9577112
  8.454348e+00   2.574016e-20   3.067871e-03   3.858548e-21   9485848
  8.464977e+00   3.250050e-20   3.068818e-03   3.853288e-21   9396136
  8.475607e+00   3.535909e-20   3.068947e-03   3.851744e-21   9304408
  8.486231e+00   4.021661e-20   3.064605e-03   3.841589e-21   9199028
  8.496854e+00   3.787193e-20   3.068671e-03   3.840505e-21   9118288
  8.507481e+00   3.230515e-20   3.066868e-03   3.829516e-21   9019624
  8.518111e+00   2.958091e-20   3.070919e-03   3.824480e-21   8937420
  8.528743e+00   4.150846e-20   3.067653e-03   3.816893e-21   8835200
  8.539369e+00   2.968151e-20   3.066847e-03   3.812748e-21   8739332
  8.549995e+00   3.064105e-20   3.067747e-03   3.808899e-21   8648112
  8.560624e+00   3.167654e-20   3.067898e-03   3.803073e-21   8553372
  8.571253e+00   2.951562e-20   3.069319e-03   3.798023e-21   8461944
  8.581883e+00   2.594309e-20   3.068067e-03   3.793120e-21   8363348
  8.592509e+00   3.010099e-20   3.067870e-03   3.785976e-21   8267792
  8.603135e+00   3.324551e-20   3.066599e-03   3.778446e-21   8169380
  8.613762e+00   3.006054e-20   3.069517e-03   3.773155e-21   8081008
  8.624389e+00   2.258685e-20   3.065774e-03   3.765616e-21   7975632
  8.635016e+00   2.157121e-20   3.069603e-03   3.765991e-21   7889116
  8.645643e+00   2.782413e-20   3.066011e-03   3.759701e-21   7784008
  8.656270e+00   2.433968e-20   3.068709e-03   3.754853e-21   7693848
  8.666897e+00   2.429876e-20   3.067011e-03   3.748157e-21   7592468
  8.677525e+00   2.464149e-20   3.068931e-03   3.742421e-21   7499076
  8.688155e+00   2.681234e-20   3.069474e-03   3.737036e-21   7402880
  8.698786e+00   2.134361e-20   3.067607e-03   3.720330e-21   7300768
  8.709411e+00   2.683268e-20   3.067652e-03   3.729217e-21   7203316
  8.720032e+00   2.444350e-20   3.063689e-03   3.702092e-21   7095724
  8.730662e+00   2.356222e-20   3.073665e-03   3.704658e-21   7019608
  8.741295e+00   2.435809e-20   3.065344e-03   3.680432e-21   6901916
  8.751922e+00   3.199169e-20   3.069704e-03   3.682293e-21   6812952
  8.762548e+00   2.018685e-20   3.065523e-03   3.663056e-21   6704548
  8.773175e+00   2.097466e-20   3.068967e-03   3.651400e-21   6612168
  8.783803e+00   1.711147e-20   3.067598e-03   3.629917e-21   6508628
  8.794433e+00   1.847472e-20   3.069277e-03   3.625012e-21   6412072
  8.805059e+00   1.664151e-20   3.066868e-03   3.608496e-21   6306660
  8.815685e+00   2.030168e-20   3.067492e-03   3.581801e-21   6207592
  8.826308e+00   2.141748e-20   3.066222e-03   3.566028e-21   6103860
  8.836934e+00   2.117700e-20   3.068576e-03   3.540008e-21   6007184
  8.847563e+00   1.980428e-20   3.068782e-03   3.515743e-21   5905660
  8.858194e+00   1.703244e-20   3.069160e-03   3.469875e-21   5805132
  8.868823e+00   1.164395e-20   3.067313e-03   3.449452e-21   5700008
  8.879446e+00   2.118571e-20   3.065734e-03   3.411787e-21   5594856
  8.890075e+00   1.664013e-20   3.070306e-03   3.367043e-21   5502341
  8.900707e+00   1.111784e-20   3.068193e-03   3.344560e-21   5404852
  8.911333e+00   1.823108e-20   3.066920e-03   3.310702e-21   5313930
  8.921960e+00   8.544043e-21   3.068151e-03   3.283329e-21   5230396
  8.932587e+00   1.470284e-20   3.067037e-03   3.257302e-21   5145158
  8.943214e+00   1.110317e-20   3.067644e-03   3.238165e-21   5064506
  8.953844e+00   1.833964e-20   3.070354e-03   3.219025e-21   4989464
  8.964475e+00   1.017742e-20   3.067471e-03   3.187267e-21   4907486
  8.975102e+00   2.152001e-20   3.067454e-03   3.176378e-21   4831952
  8.985729e+00   1.943751e-20   3.067333e-03   3.155965e-21   4757392
  8.996357e+00   1.610390e-20   3.068563e-03   3.136274e-21   4685902
  9.006985e+00   1.769868e-20   3.067839e-03   3.121224e-21   4612826
  9.017611e+00   1.133224e-20   3.067647e-03   3.108765e-21   4542436
  9.028240e+00   1.718619e-20   3.068771e-03   3.085674e-21   4475408
  9.038866e+00   2.013127e-20   3.065432e-03   3.076257e-21   4402686
  9.049492e+00   1.379558e-20   3.069222e-03   3.062066e-21   4340854
  9.060123e+00   1.689074e-20   3.068666e-03   3.049909e-21   4273862
  9.070751e+00   1.696479e-20   3.068093e-03   3.035349e-21   4208538
  9.081377e+00   1.238247e-20   3.066329e-03   3.018059e-21   4142584
  9.092002e+00   1.174879e-20   3.067445e-03   3.002493e-21   4081232
  9.102629e+00   1.947248e-20   3.068061e-03   2.996849e-21   4019668
  9.113260e+00   1.168524e-20   3.070507e-03   2.978696e-21   3961416
  9.123892e+00   7.718873e-21   3.068468e-03   2.976762e-21   3898848
  9.134518e+00   1.230108e-20   3.065914e-03   2.960370e-21   3836718
  9.145140e+00   2.449823e-20   3.066518e-03   2.961919e-21   3779272
  9.155765e+00   1.723389e-20   3.066689e-03   2.944055e-21   3721434
  9.166394e+00   1.471333e-20   3.070316e-03   2.933328e-21   3668198
  9.177028e+00   1.448961e-20   3.069776e-03   2.925010e-21   3611346
  9.187656e+00   1.914565e-20   3.066455e-03   2.919058e-21   3552442
  9.198281e+00   1.051380e-20   3.067337e-03   2.905804e-21   3498908
  9.208908e+00   1.092936e-20   3.067980e-03   2.902432e-21   3445382
  9.219536e+00   1.020509e-20   3.068389e-03   2.897492e-21   3392244
  9.230165e+00   1.150522e-20   3.068360e-03   2.881220e-21   3339634
  9.240792e+00   1.381522e-20   3.067248e-03   2.874397e-21   3286752
  9.251416e+00   1.098071e-20   3.065818e-03   2.873680e-21   3234180
  9.262040e+00   1.176807e-20   3.067094e-03   2.864343e-21   3184556
  9.272670e+00   1.090298e-20   3.070362e-03   2.864328e-21   3137238
  9.283304e+00   6.443361e-21   3.070377e-03   2.854187e-21   3087670
  9.293936e+00   1.079052e-20   3.068566e-03   2.853823e-21   3037460
  9.304560e+00   8.803801e-21   3.064548e-03   2.847031e-21   2985736
  9.315180e+00   6.651755e-21   3.066413e-03   2.848368e-21   2939708
  9.325811e+00   8.734828e-21   3.071553e-03   2.841010e-21   2897012
  9.336443e+00   1.137730e-20   3.067620e-03   2.834562e-21   2846890
  9.347067e+00   1.049431e-20   3.065693e-03   2.833583e-21   2799588
  9.357689e+00   9.027649e-21   3.066395e-03   2.831655e-21   2754954
  9.368315e+00   1.683790e-21   3.068270e-03   2.830247e-21   2711500
  9.378948e+00   1.832876e-20   3.070601e-03   2.824056e-21   2669006
  9.389576e+00   8.676660e-21   3.065837e-03   2.824529e-21   2621264
  9.400202e+00   1.074897e-20   3.068913e-03   2.824945e-21   2580726
  9.410830e+00   9.510219e-21   3.067141e-03   2.820950e-21   2536470
  9.421456e+00   8.595330e-21   3.067445e-03   2.817581e-21   2494370
  9.432084e+00   9.483672e-21   3.068834e-03   2.815861e-21   2453556
  9.442716e+00   7.658448e-21   3.070117e-03   2.820586e-21   2413246
  9.453347e+00   1.874475e-20   3.067994e-03   2.817695e-21   2370914
  9.463973e+00   8.508209e-21   3.067217e-03   2.819632e-21   2330126
  9.474601e+00   7.373405e-21   3.068570e-03   2.822751e-21   2291406
  9.485227e+00   1.504617e-20   3.066158e-03   2.825668e-21   2250410
  9.495850e+00   1.829884e-20   3.066006e-03   2.820559e-21   2211486
  9.506474e+00   3.201160e-21   3.067734e-03   2.828399e-21   2174194
  9.517102e+00   1.474028e-20   3.068176e-03   2.832682e-21   2136416
  9.527733e+00   6.764641e-21   3.069929e-03   2.828971e-21   2100070
  9.538360e+00   7.785156e-21   3.065560e-03   2.836902e-21   2060026
  9.548986e+00   1.037576e-20   3.069362e-03   2.842700e-21   2025910
  9.559615e+00   3.145476e-21   3.067530e-03   2.848700e-21   1988576
  9.570241e+00   1.172680e-20   3.067060e-03   2.848121e-21   1952610
  9.580867e+00   8.653000e-21   3.067361e-03   2.846264e-21   1917470
  9.591493e+00   4.691001e-21   3.067399e-03   2.856253e-21   1882484
  9.602120e+00   7.834036e-21   3.068076e-03   2.859314e-21   1848262
  9.612753e+00   5.685307e-21   3.071327e-03   2.869036e-21   1816024
  9.623386e+00   1.041467e-20   3.068076e-03   2.868167e-21   1780418
  9.634012e+00   4.508147e-21   3.067038e-03   2.879035e-21   1746576
  9.644639e+00   1.020346e-20   3.068628e-03   2.882515e-21   1714622
  9.655268e+00   8.449194e-21   3.067669e-03   2.898227e-21   1681692
  9.665895e+00   1.046857e-20   3.067468e-03   2.903931e-21   1649574
  9.676515e+00   3.376966e-21   3.063511e-03   2.906465e-21   1615788
  9.687137e+00   6.388800e-21   3.068656e-03   2.920486e-21   1587064
  9.697769e+00   1.149889e-20   3.069826e-03   2.936467e-21   1556598
  9.708400e+00   6.908662e-21   3.068471e-03   2.939949e-21   1525380
  9.719030e+00   9.032812e-21   3.068670e-03   2.951727e-21   1495360
  9.729656e+00   7.475855e-21   3.066126e-03   2.959575e-21   1464370
  9.740281e+00   9.955640e-21   3.067601e-03   2.984498e-21   1435656
  9.750907e+00   1.002402e-20   3.067002e-03   2.984018e-21   1406304
  9.761532e+00   3.865511e-21   3.067147e-03   3.002444e-21   1377628
  9.772159e+00   3.649757e-21   3.068370e-03   3.009747e-21   1349744
  9.782788e+00   1.708138e-20   3.068343e-03   3.021909e-21   1321682
  9.793418e+00   1.179753e-20   3.069098e-03   3.027782e-21   1294376
  9.804048e+00   9.960606e-21   3.068140e-03   3.050535e-21   1266768
  9.814673e+00   1.132664e-20   3.066275e-03   3.069679e-21   1239172
  9.825295e+00   1.212360e-20   3.065238e-03   3.085559e-21   1212224
  9.835918e+00   1.031351e-20   3.067386e-03   3.102693e-21   1186796
  9.846547e+00   1.761697e-20   3.069034e-03   3.102676e-21   1161432
  9.857176e+00   8.707792e-21   3.067927e-03   3.136427e-21   1135408
  9.867804e+00   1.283434e-20   3.068239e-03   3.156524e-21   1110324
  9.878434e+00   7.693980e-21   3.068926e-03   3.170373e-21   1085680
  9.889062e+00   1.966601e-20   3.066842e-03   3.192869e-21   1060364
  9.899688e+00   2.284449e-21   3.068767e-03   3.212749e-21   1036736
  9.910321e+00   -1.315941e-21   3.070562e-03   3.229655e-21   1013388
  9.920951e+00   1.291995e-20   3.066769e-03   3.251915e-21   988656
  9.931575e+00   4.440700e-21   3.066738e-03   3.273336e-21   965530
  9.942197e+00   4.903404e-21   3.064855e-03   3.305512e-21   942100
  9.952819e+00   6.261885e-21   3.066142e-03   3.326068e-21   919888
  9.963442e+00   1.026413e-20   3.066491e-03   3.342587e-21   897628
  9.974067e+00   9.673939e-21   3.067504e-03   3.361986e-21   875856
  9.984696e+00   6.278756e-21   3.069599e-03   3.400554e-21   854736
  9.995330e+00   4.160825e-21   3.070044e-03   3.425802e-21   833510
  1.000596e+01   2.500513e-21   3.068120e-03   3.448023e-21   811976
  1.001659e+01   6.529783e-21   3.066566e-03   3.496652e-21   790844
  1.002721e+01   3.544741e-21   3.066302e-03   3.520271e-21   770320
  1.003784e+01   1.133994e-20   3.069162e-03   3.541086e-21   750838
  1.004847e+01   9.436421e-21   3.068729e-03   3.583663e-21   730864
  1.005909e+01   7.639707e-22   3.067039e-03   3.616309e-21   710984
  1.006972e+01   5.467641e-21   3.067274e-03   3.648471e-21   691894
  1.008035e+01   1.083540e-20   3.066106e-03   3.694679e-21   672776
  1.009097e+01   1.937078e-20   3.067065e-03   3.733004e-21   654372
  1.010160e+01   1.722882e-20   3.065537e-03   3.778934e-21   635682
  1.011222e+01   1.117225e-20   3.064886e-03   3.814300e-21   617460
  1.012284e+01   1.610461e-20   3.066767e-03   3.846643e-21   600024
  1.013346e+01   8.837404e-21   3.068404e-03   3.904294e-21   582830
  1.014410e+01   8.388460e-21   3.070337e-03   3.932311e-21   566000
  1.015473e+01   1.476113e-20   3.066543e-03   4.007041e-21   548458
  1.016535e+01   1.002562e-20   3.067619e-03   4.046809e-21   532084
  1.017598e+01   1.594743e-20   3.065740e-03   4.097087e-21   515440
  1.018660e+01   2.345119e-20   3.064533e-03   4.146093e-21   499174
  1.019722e+01   5.891750e-21   3.064552e-03   4.200842e-21   483368
  1.020784e+01   1.755763e-20   3.067558e-03   4.248415e-21   468270
  1.021847e+01   1.289590e-20   3.071740e-03   4.318348e-21   453568
  1.022911e+01   1.248328e-20   3.068522e-03   4.374031e-21   438106
  1.023974e+01   1.160845e-20   3.068674e-03   4.435357e-21   423508
  1.025036e+01   9.407327e-21   3.065352e-03   4.496365e-21   408754
  1.026098e+01   3.718918e-21   3.064549e-03   4.579585e-21   394612
  1.027160e+01   1.153532e-20   3.064825e-03   4.653429e-21   380826
  1.028223e+01   8.752162e-21   3.063635e-03   4.730068e-21   367086
  1.029285e+01   2.009596e-20   3.065226e-03   4.800122e-21   353904
  1.030347e+01   2.440428e-20   3.067842e-03   4.892373e-21   341046
  1.031410e+01   1.405513e-20   3.067827e-03   4.965528e-21   328144
  1.032473e+01   1.060308e-20   3.068491e-03   5.044018e-21   315598
  1.033536e+01   1.347795e-20   3.070442e-03   5.144903e-21   303466
  1.034599e+01   1.516080e-20   3.070558e-03   5.240343e-21   291456
  1.035662e+01   1.550466e-20   3.069010e-03   5.358635e-21   279614
  1.036725e+01   -6.325543e-22   3.062765e-03   5.451875e-21   267680
  1.037786e+01   2.054570e-20   3.061142e-03   5.554968e-21   256438
  1.038848e+01   2.888750e-20   3.062004e-03   5.667912e-21   245618
  1.039909e+01   1.237511e-20   3.058865e-03   5.786762e-21   234708
  1.040970e+01   1.635146e-20   3.057929e-03   5.933984e-21   224210
  1.042032e+01   1.473756e-20   3.058509e-03   6.079725e-21   214046
  1.043093e+01   1.696754e-20   3.059874e-03   6.226578e-21   204152
  1.044155e+01   1.761984e-20   3.062766e-03   6.362340e-21   194558
  1.045217e+01   7.639736e-21   3.062838e-03   6.517428e-21   185018
  1.046279e+01   2.177545e-21   3.066092e-03   6.698434e-21   175918
  1.047341e+01   1.208730e-21   3.068348e-03   6.835573e-21   166992
  1.048404e+01   7.954279e-21   3.070094e-03   7.020166e-21   158294
  1.049468e+01   -4.558115e-21   3.071097e-03   7.178108e-21   149842
  1.050531e+01   4.497409e-21   3.068653e-03   7.400009e-21   141530
  1.051593e+01   1.681066e-20   3.060509e-03   7.613039e-21   133284
  1.052654e+01   2.572494e-20   3.057354e-03   7.879083e-21   125546
  1.053715e+01   1.457862e-20   3.051144e-03   8.112570e-21   117950
  1.054776e+01   2.163935e-20   3.048602e-03   8.335831e-21   110746
  1.055836e+01   -1.194841e-20   3.039799e-03   8.715016e-21   103572
  1.056895e+01   -2.473112e-21   3.036073e-03   8.947036e-21   96818
  1.057954e+01   2.739245e-20   3.031333e-03   9.300209e-21   90262
  1.059013e+01   3.172210e-20   3.027317e-03   9.614498e-21   83970
  1.060072e+01   2.905458e-20   3.019853e-03   1.011872e-20   77846
  1.061129e+01   -2.188851e-21   3.012052e-03   1.036543e-20   71984
  1.062186e+01   1.253599e-21   3.005730e-03   1.093443e-20   66398
  1.063243e+01   7.771783e-21   3.000369e-03   1.123543e-20   61058
  1.064300e+01   1.332635e-20   2.995714e-03   1.187734e-20   55958
  1.065357e+01   1.660567e-20   2.990697e-03   1.231179e-20   51082
  1.066413e+01   3.465786e-20   2.981767e-03   1.306692e-20   46398
  1.067469e+01   4.153960e-20   2.970930e-03   1.367737e-20   41954
  1.068524e+01   6.004341e-21   2.955045e-03   1.464903e-20   37718
  1.069578e+01   -5.122587e-21   2.938133e-03   1.525483e-20   33736
  1.070631e+01   -1.929704e-20   2.922830e-03   1.614130e-20   30006
  1.071684e+01   -2.038368e-20   2.912268e-03   1.750407e-20   26522
  1.072739e+01   -5.869002e-20   2.905476e-03   1.911505e-20   23254
  1.073793e+01   -9.392071e-21   2.895825e-03   2.016928e-20   20178
  1.074848e+01   -1.015097e-20   2.890787e-03   2.161152e-20   17342
  1.075903e+01   8.462764e-20   2.886580e-03   2.377453e-20   14714
  1.076959e+01   3.282366e-21   2.887906e-03   2.544205e-20   12310
  1.078015e+01   -2.188977e-20   2.880436e-03   2.829196e-20   10098
  1.079071e+01   1.603363e-20   2.879327e-03   3.180010e-20   8126
  1.080127e+01   2.673309e-20   2.877797e-03   3.692895e-20   6362
  1.081184e+01   7.328922e-20   2.888638e-03   4.163442e-20   4822
  1.082239e+01   -2.354615e-20   2.872451e-03   4.831802e-20   3474
  1.083292e+01   -1.993580e-19   2.869225e-03   5.929417e-20   2366
  1.084344e+01   4.778510e-21   2.860034e-03   7.801375e-20   1466
  1.085397e+01   1.113103e-19   2.925135e-03   1.124250e-19   790
  1.086426e+01   2.335965e-20   2.767211e-03   1.830488e-19   306
  1.087389e+01   -3.140483e-19   2.357714e-03   2.839100e-19   62
