# cross spectrum of phi(z1) and phi(z2)
# redshift z=0.098916
# k              Pk             sigma(k)       sigma(Pk)      count
  7.830312e-03   2.030083e-10   1.198114e-03   4.570402e-11   18
  1.686348e-02   2.397495e-10   2.897918e-03   2.288945e-11   152
  2.725284e-02   1.432568e-10   3.060867e-03   6.703065e-12   416
  3.742835e-02   7.829975e-11   2.912555e-03   2.941324e-12   770
  4.808679e-02   4.884688e-11   3.119650e-03   1.435160e-12   1364
  5.876109e-02   3.225574e-11   3.054550e-03   7.347447e-13   1976
  6.939824e-02   2.438616e-11   3.112555e-03   4.640947e-13   2792
  7.984642e-02   1.787615e-11   2.971805e-03   3.006834e-13   3578
  9.038229e-02   1.279887e-11   3.049521e-03   1.885504e-13   4724
  1.011318e-01   9.618729e-12   3.134595e-03   1.259055e-13   6032
  1.117485e-01   7.458868e-12   3.016599e-03   9.245303e-14   7072
  1.222702e-01   6.348999e-12   3.056387e-03   7.011434e-14   8634
  1.329722e-01   5.350086e-12   3.095256e-03   5.441038e-14   10336
  1.436677e-01   4.397803e-12   3.082009e-03   4.003669e-14   11940
  1.541872e-01   3.593695e-12   3.021465e-03   3.180922e-14   13490
  1.647185e-01   3.066074e-12   3.054444e-03   2.444280e-14   15656
  1.754149e-01   2.595379e-12   3.102608e-03   1.943200e-14   18008
  1.860920e-01   2.280521e-12   3.069464e-03   1.641565e-14   19964
  1.966957e-01   2.003432e-12   3.066093e-03   1.364531e-14   22354
  2.072851e-01   1.719542e-12   3.030819e-03   1.106657e-14   24648
  2.179134e-01   1.509996e-12   3.083109e-03   9.097304e-15   27592
  2.285517e-01   1.362250e-12   3.075318e-03   8.078469e-15   30152
  2.391687e-01   1.206776e-12   3.069056e-03   6.886644e-15   33046
  2.497808e-01   1.091880e-12   3.053846e-03   5.890201e-15   35992
  2.604233e-01   9.956792e-13   3.074764e-03   5.170199e-15   39304
  2.710722e-01   8.951077e-13   3.082145e-03   4.450577e-15   42608
  2.817050e-01   8.166584e-13   3.058267e-03   3.927820e-15   45758
  2.923349e-01   7.374607e-13   3.072286e-03   3.425277e-15   49536
  3.029238e-01   6.747742e-13   3.039208e-03   3.059156e-15   52488
  3.135134e-01   6.295874e-13   3.084628e-03   2.726966e-15   57034
  3.241511e-01   5.672665e-13   3.061146e-03   2.381520e-15   60648
  3.347969e-01   5.346248e-13   3.076329e-03   2.192556e-15   65044
  3.454223e-01   4.946706e-13   3.057760e-03   1.961224e-15   68720
  3.560505e-01   4.569167e-13   3.078281e-03   1.764403e-15   73538
  3.667175e-01   4.244569e-13   3.076939e-03   1.595990e-15   78080
  3.773260e-01   3.987824e-13   3.039859e-03   1.474673e-15   81572
  3.879192e-01   3.710162e-13   3.081238e-03   1.346917e-15   87248
  3.985882e-01   3.449412e-13   3.084591e-03   1.210107e-15   92266
  4.092322e-01   3.248218e-13   3.063169e-03   1.115652e-15   96696
  4.198039e-01   3.036661e-13   3.037602e-03   1.032260e-15   100904
  4.303789e-01   2.866828e-13   3.065517e-03   9.390604e-16   107036
  4.410480e-01   2.682453e-13   3.089487e-03   8.590426e-16   113362
  4.517307e-01   2.546393e-13   3.072092e-03   8.025215e-16   118176
  4.623378e-01   2.395502e-13   3.054661e-03   7.445205e-16   122944
  4.729644e-01   2.258275e-13   3.083007e-03   6.895771e-16   129902
  4.836049e-01   2.147513e-13   3.061727e-03   6.380603e-16   134944
  4.942158e-01   2.019397e-13   3.064979e-03   5.939511e-16   140952
  5.048213e-01   1.923967e-13   3.064662e-03   5.556056e-16   147072
  5.154342e-01   1.821945e-13   3.060800e-03   5.198299e-16   153382
  5.260893e-01   1.733385e-13   3.082622e-03   4.825381e-16   160952
  5.367508e-01   1.634120e-13   3.070294e-03   4.531879e-16   166640
  5.473579e-01   1.555946e-13   3.057153e-03   4.241460e-16   172448
  5.579787e-01   1.477212e-13   3.077577e-03   3.988832e-16   180594
  5.686178e-01   1.416463e-13   3.060710e-03   3.749033e-16   186556
  5.792219e-01   1.341956e-13   3.063394e-03   3.510404e-16   193528
  5.898242e-01   1.283371e-13   3.060684e-03   3.315877e-16   200626
  6.004609e-01   1.215783e-13   3.076604e-03   3.097845e-16   209256
  6.111150e-01   1.162045e-13   3.069663e-03   2.939019e-16   216020
  6.217510e-01   1.115247e-13   3.075746e-03   2.779184e-16   223768
  6.323610e-01   1.066584e-13   3.055783e-03   2.626827e-16   230234
  6.429887e-01   1.020858e-13   3.074922e-03   2.481091e-16   239800
  6.536248e-01   9.699015e-14   3.063054e-03   2.336742e-16   246568
  6.642393e-01   9.381166e-14   3.068328e-03   2.239436e-16   254828
  6.748534e-01   8.883318e-14   3.064424e-03   2.108619e-16   263074
  6.854951e-01   8.528224e-14   3.071509e-03   1.999100e-16   272312
  6.961385e-01   8.204095e-14   3.070197e-03   1.912840e-16   280376
  7.067732e-01   7.832725e-14   3.071500e-03   1.812156e-16   288884
  7.174012e-01   7.511008e-14   3.068501e-03   1.717104e-16   297602
  7.280177e-01   7.193790e-14   3.057614e-03   1.645661e-16   305520
  7.386402e-01   6.916002e-14   3.075198e-03   1.568444e-16   315976
  7.492461e-01   6.622761e-14   3.052723e-03   1.498620e-16   322778
  7.598720e-01   6.383621e-14   3.080021e-03   1.425439e-16   335372
  7.705286e-01   6.082914e-14   3.068318e-03   1.355422e-16   343464
  7.811635e-01   5.858563e-14   3.070705e-03   1.298113e-16   352912
  7.917934e-01   5.644697e-14   3.070498e-03   1.240078e-16   362666
  8.024224e-01   5.390887e-14   3.063690e-03   1.189692e-16   371884
  8.130465e-01   5.208711e-14   3.069929e-03   1.138542e-16   382280
  8.236583e-01   4.999793e-14   3.060755e-03   1.096840e-16   390888
  8.342648e-01   4.820724e-14   3.067168e-03   1.051988e-16   402234
  8.448912e-01   4.618165e-14   3.064832e-03   9.961450e-17   412576
  8.555263e-01   4.435418e-14   3.071788e-03   9.543396e-17   423732
  8.661590e-01   4.276698e-14   3.068142e-03   9.185262e-17   433624
  8.767950e-01   4.129217e-14   3.072203e-03   8.844649e-17   445154
  8.874347e-01   3.958728e-14   3.069139e-03   8.480618e-17   455584
  8.980596e-01   3.805537e-14   3.064716e-03   8.120679e-17   465588
  9.086714e-01   3.654900e-14   3.065163e-03   7.809403e-17   476762
  9.193048e-01   3.525498e-14   3.073106e-03   7.523298e-17   489552
  9.299472e-01   3.377828e-14   3.069632e-03   7.211958e-17   500328
  9.405628e-01   3.256714e-14   3.059261e-03   6.969018e-17   509852
  9.511854e-01   3.139952e-14   3.074339e-03   6.680437e-17   524234
  9.618189e-01   3.034204e-14   3.061952e-03   6.456458e-17   534104
  9.724448e-01   2.913575e-14   3.070528e-03   6.205846e-17   547048
  9.830800e-01   2.792737e-14   3.073862e-03   5.985824e-17   559328
  9.937180e-01   2.685179e-14   3.070866e-03   5.747954e-17   571326
  1.004339e+00   2.578532e-14   3.060367e-03   5.543671e-17   581920
  1.014951e+00   2.498142e-14   3.064588e-03   5.378560e-17   594832
  1.025571e+00   2.396104e-14   3.068054e-03   5.151912e-17   608048
  1.036206e+00   2.325791e-14   3.070252e-03   5.004687e-17   621526
  1.046839e+00   2.237155e-14   3.066112e-03   4.837704e-17   633240
  1.057456e+00   2.150901e-14   3.064953e-03   4.682122e-17   645472
  1.068086e+00   2.081650e-14   3.075342e-03   4.516019e-17   660906
  1.078726e+00   2.001330e-14   3.067576e-03   4.341222e-17   672856
  1.089356e+00   1.916969e-14   3.067094e-03   4.206785e-17   685980
  1.099980e+00   1.859090e-14   3.067978e-03   4.081413e-17   699256
  1.110619e+00   1.767706e-14   3.074976e-03   3.918947e-17   714730
  1.121246e+00   1.723849e-14   3.059348e-03   3.824192e-17   725152
  1.131863e+00   1.659099e-14   3.067634e-03   3.690825e-17   740420
  1.142485e+00   1.591752e-14   3.069089e-03   3.558830e-17   754312
  1.153114e+00   1.543605e-14   3.069897e-03   3.456821e-17   769114
  1.163749e+00   1.478892e-14   3.069209e-03   3.350831e-17   783488
  1.174365e+00   1.420429e-14   3.058900e-03   3.251317e-17   794968
  1.184981e+00   1.372468e-14   3.070107e-03   3.145826e-17   812366
  1.195609e+00   1.322306e-14   3.065134e-03   3.047362e-17   825976
  1.206250e+00   1.278435e-14   3.075220e-03   2.957984e-17   843352
  1.216898e+00   1.229553e-14   3.073224e-03   2.872739e-17   857280
  1.227524e+00   1.182396e-14   3.063189e-03   2.791944e-17   869542
  1.238147e+00   1.139670e-14   3.070752e-03   2.696431e-17   887128
  1.248772e+00   1.100158e-14   3.063166e-03   2.626378e-17   900032
  1.259388e+00   1.061722e-14   3.067377e-03   2.543893e-17   916560
  1.270005e+00   1.019035e-14   3.061783e-03   2.473320e-17   930922
  1.280635e+00   9.875966e-15   3.071795e-03   2.391283e-17   949844
  1.291287e+00   9.478973e-15   3.076939e-03   2.329662e-17   966736
  1.301925e+00   9.131030e-15   3.065819e-03   2.270677e-17   978776
  1.312537e+00   8.781633e-15   3.064137e-03   2.205429e-17   994522
  1.323161e+00   8.442156e-15   3.068907e-03   2.140104e-17   1012420
  1.333794e+00   8.174354e-15   3.071598e-03   2.084673e-17   1029408
  1.344410e+00   7.834454e-15   3.058405e-03   2.028070e-17   1041658
  1.355032e+00   7.585286e-15   3.072381e-03   1.969574e-17   1063520
  1.365659e+00   7.294716e-15   3.060689e-03   1.913767e-17   1075808
  1.376294e+00   7.049954e-15   3.080019e-03   1.862345e-17   1098956
  1.386928e+00   6.831228e-15   3.061670e-03   1.821190e-17   1109810
  1.397545e+00   6.526159e-15   3.065288e-03   1.767693e-17   1128608
  1.408178e+00   6.335843e-15   3.073589e-03   1.723844e-17   1148264
  1.418813e+00   6.088143e-15   3.067917e-03   1.678088e-17   1163252
  1.429436e+00   5.867477e-15   3.067070e-03   1.630256e-17   1181042
  1.440060e+00   5.631149e-15   3.064325e-03   1.590463e-17   1197848
  1.450692e+00   5.448188e-15   3.073737e-03   1.546395e-17   1218848
  1.461323e+00   5.238702e-15   3.064859e-03   1.510066e-17   1232916
  1.471945e+00   5.009006e-15   3.068844e-03   1.473113e-17   1253002
  1.482566e+00   4.868167e-15   3.062284e-03   1.430141e-17   1268576
  1.493191e+00   4.679004e-15   3.071552e-03   1.396631e-17   1290128
  1.503822e+00   4.554922e-15   3.068342e-03   1.363520e-17   1307402
  1.514455e+00   4.358506e-15   3.069122e-03   1.326608e-17   1327028
  1.525083e+00   4.222896e-15   3.064970e-03   1.295903e-17   1343648
  1.535711e+00   4.054042e-15   3.070217e-03   1.260627e-17   1364096
  1.546341e+00   3.920895e-15   3.068950e-03   1.233105e-17   1382730
  1.556974e+00   3.766729e-15   3.068757e-03   1.203452e-17   1402164
  1.567604e+00   3.622153e-15   3.068159e-03   1.173687e-17   1420464
  1.578221e+00   3.469178e-15   3.063798e-03   1.144369e-17   1437368
  1.588847e+00   3.348202e-15   3.072142e-03   1.114478e-17   1461530
  1.599480e+00   3.219332e-15   3.065069e-03   1.088768e-17   1478264
  1.610108e+00   3.140753e-15   3.068902e-03   1.062004e-17   1499356
  1.620732e+00   3.012856e-15   3.065238e-03   1.039521e-17   1517016
  1.631360e+00   2.901019e-15   3.070849e-03   1.015318e-17   1540090
  1.641988e+00   2.824551e-15   3.065366e-03   9.890636e-18   1557360
  1.652609e+00   2.688328e-15   3.066926e-03   9.699354e-18   1577780
  1.663242e+00   2.607772e-15   3.075107e-03   9.437649e-18   1602578
  1.673875e+00   2.533535e-15   3.063542e-03   9.260400e-18   1617672
  1.684498e+00   2.431647e-15   3.069033e-03   9.021961e-18   1641016
  1.695122e+00   2.316349e-15   3.065080e-03   8.807536e-18   1659416
  1.705746e+00   2.246946e-15   3.068431e-03   8.603175e-18   1682670
  1.716382e+00   2.157678e-15   3.070690e-03   8.399266e-18   1705256
  1.727024e+00   2.067659e-15   3.071890e-03   8.205080e-18   1726312
  1.737645e+00   2.035456e-15   3.062639e-03   8.052333e-18   1741880
  1.748261e+00   1.942104e-15   3.067156e-03   7.864692e-18   1766454
  1.758897e+00   1.879175e-15   3.073105e-03   7.664280e-18   1791784
  1.769528e+00   1.787470e-15   3.063894e-03   7.519210e-18   1807712
  1.780139e+00   1.734627e-15   3.062775e-03   7.357563e-18   1829002
  1.790759e+00   1.668293e-15   3.067263e-03   7.195216e-18   1854216
  1.801400e+00   1.606799e-15   3.074631e-03   7.020064e-18   1880156
  1.812037e+00   1.556814e-15   3.068349e-03   6.883388e-18   1897568
  1.822663e+00   1.490547e-15   3.068475e-03   6.729645e-18   1920458
  1.833288e+00   1.437784e-15   3.065997e-03   6.592216e-18   1942208
  1.843915e+00   1.402457e-15   3.067813e-03   6.458858e-18   1965612
  1.854544e+00   1.333543e-15   3.069639e-03   6.298382e-18   1989000
  1.865168e+00   1.301147e-15   3.064465e-03   6.169219e-18   2009114
  1.875791e+00   1.237294e-15   3.067400e-03   6.032338e-18   2034464
  1.886424e+00   1.208269e-15   3.070174e-03   5.900714e-18   2058476
  1.897052e+00   1.162583e-15   3.068039e-03   5.779928e-18   2079648
  1.907673e+00   1.118553e-15   3.065891e-03   5.653666e-18   2102578
  1.918306e+00   1.082681e-15   3.070742e-03   5.538657e-18   2129928
  1.928942e+00   1.056419e-15   3.069733e-03   5.425411e-18   2152096
  1.939563e+00   1.010891e-15   3.062858e-03   5.321313e-18   2171142
  1.950185e+00   9.549941e-16   3.069150e-03   5.199011e-18   2200248
  1.960824e+00   9.456844e-16   3.071017e-03   5.092856e-18   2225216
  1.971460e+00   9.216593e-16   3.070942e-03   4.985292e-18   2248448
  1.982084e+00   8.765672e-16   3.064272e-03   4.895160e-18   2267942
  1.992710e+00   8.469959e-16   3.071051e-03   4.790237e-18   2298072
  2.003337e+00   8.221937e-16   3.064068e-03   4.695479e-18   2317272
  2.013961e+00   7.934464e-16   3.069747e-03   4.601345e-18   2345808
  2.024580e+00   7.627454e-16   3.062469e-03   4.510079e-18   2365650
  2.035206e+00   7.238181e-16   3.069930e-03   4.399309e-18   2396940
  2.045842e+00   7.112497e-16   3.069936e-03   4.320747e-18   2421272
  2.056473e+00   6.837822e-16   3.068399e-03   4.234696e-18   2444576
  2.067102e+00   6.555393e-16   3.069748e-03   4.140854e-18   2471490
  2.077728e+00   6.400445e-16   3.064854e-03   4.067715e-18   2493180
  2.088349e+00   6.062575e-16   3.068019e-03   3.986284e-18   2520952
  2.098972e+00   5.870356e-16   3.065319e-03   3.895507e-18   2544946
  2.109598e+00   5.669210e-16   3.068311e-03   3.822521e-18   2573856
  2.120230e+00   5.559999e-16   3.069026e-03   3.750266e-18   2600016
  2.130862e+00   5.363014e-16   3.069102e-03   3.671416e-18   2625484
  2.141490e+00   5.150520e-16   3.068080e-03   3.599015e-18   2651122
  2.152130e+00   5.033246e-16   3.074348e-03   3.529617e-18   2683488
  2.162754e+00   4.830684e-16   3.059466e-03   3.469826e-18   2696352
  2.173371e+00   4.728274e-16   3.071171e-03   3.392891e-18   2733020
  2.184002e+00   4.544219e-16   3.067530e-03   3.329253e-18   2757378
  2.194631e+00   4.409604e-16   3.067942e-03   3.265158e-18   2784864
  2.205259e+00   4.236391e-16   3.067811e-03   3.203178e-18   2811168
  2.215874e+00   4.083203e-16   3.061061e-03   3.144672e-18   2832274
  2.226505e+00   3.981177e-16   3.075611e-03   3.082273e-18   2873636
  2.237142e+00   3.874047e-16   3.064877e-03   3.021025e-18   2890496
  2.247766e+00   3.771015e-16   3.069851e-03   2.966812e-18   2921800
  2.258399e+00   3.610175e-16   3.071101e-03   2.904794e-18   2951298
  2.269032e+00   3.468318e-16   3.066274e-03   2.853509e-18   2975476
  2.279663e+00   3.392472e-16   3.071375e-03   2.797532e-18   3007728
  2.290285e+00   3.257905e-16   3.061886e-03   2.749101e-18   3025776
  2.300910e+00   3.187484e-16   3.072955e-03   2.691723e-18   3065762
  2.311540e+00   3.044868e-16   3.063208e-03   2.643208e-18   3084856
  2.322162e+00   2.969598e-16   3.068985e-03   2.593869e-18   3118044
  2.332782e+00   2.945930e-16   3.064319e-03   2.542857e-18   3141352
  2.343410e+00   2.829509e-16   3.072036e-03   2.497470e-18   3179274
  2.354046e+00   2.702548e-16   3.067682e-03   2.451579e-18   3204120
  2.364668e+00   2.653742e-16   3.063610e-03   2.409057e-18   3227900
  2.375288e+00   2.476706e-16   3.068722e-03   2.360675e-18   3262394
  2.385925e+00   2.434326e-16   3.071814e-03   2.317569e-18   3295680
  2.396559e+00   2.407472e-16   3.067166e-03   2.276139e-18   3319560
  2.407184e+00   2.285274e-16   3.068070e-03   2.235983e-18   3348972
  2.417810e+00   2.239196e-16   3.068540e-03   2.191933e-18   3379722
  2.428441e+00   2.162553e-16   3.068348e-03   2.152043e-18   3410720
  2.439075e+00   2.071223e-16   3.069517e-03   2.109576e-18   3441504
  2.449697e+00   2.023677e-16   3.063301e-03   2.072052e-18   3463624
  2.460317e+00   1.973526e-16   3.068043e-03   2.036890e-18   3499790
  2.470951e+00   1.894656e-16   3.070702e-03   1.996848e-18   3533560
  2.481588e+00   1.857056e-16   3.069830e-03   1.960403e-18   3561920
  2.492209e+00   1.835980e-16   3.064208e-03   1.927812e-18   3585208
  2.502830e+00   1.715420e-16   3.069185e-03   1.890882e-18   3622518
  2.513468e+00   1.692705e-16   3.072344e-03   1.854123e-18   3657584
  2.524094e+00   1.665639e-16   3.062507e-03   1.827723e-18   3676440
  2.534707e+00   1.597071e-16   3.065232e-03   1.792868e-18   3711282
  2.545334e+00   1.530347e-16   3.068763e-03   1.759623e-18   3747696
  2.555965e+00   1.504818e-16   3.067225e-03   1.730296e-18   3776188
  2.566601e+00   1.464972e-16   3.074483e-03   1.694790e-18   3815304
  2.577232e+00   1.439712e-16   3.064660e-03   1.668900e-18   3835370
  2.587856e+00   1.378126e-16   3.068926e-03   1.637536e-18   3873424
  2.598487e+00   1.324287e-16   3.067978e-03   1.610410e-18   3903420
  2.609117e+00   1.323249e-16   3.070036e-03   1.582045e-18   3937624
  2.619745e+00   1.286819e-16   3.066011e-03   1.554121e-18   3965658
  2.630375e+00   1.238055e-16   3.069802e-03   1.525640e-18   4002984
  2.641001e+00   1.206835e-16   3.065136e-03   1.501911e-18   4027928
  2.651616e+00   1.174938e-16   3.064941e-03   1.474385e-18   4059844
  2.662241e+00   1.146747e-16   3.069945e-03   1.446336e-18   4100338
  2.672876e+00   1.076148e-16   3.069128e-03   1.422972e-18   4132264
  2.683506e+00   1.105087e-16   3.068474e-03   1.398715e-18   4163216
  2.694131e+00   1.076211e-16   3.066146e-03   1.373922e-18   4193350
  2.704761e+00   1.039718e-16   3.071068e-03   1.351120e-18   4234456
  2.715390e+00   9.870835e-17   3.064079e-03   1.327051e-18   4257264
  2.726012e+00   9.851038e-17   3.069774e-03   1.303139e-18   4297352
  2.736640e+00   9.837790e-17   3.067495e-03   1.282688e-18   4328642
  2.747272e+00   9.634668e-17   3.070663e-03   1.259804e-18   4367948
  2.757895e+00   8.825914e-17   3.061799e-03   1.238609e-18   4388384
  2.768519e+00   8.770218e-17   3.072247e-03   1.215238e-18   4436648
  2.779154e+00   8.887852e-17   3.067997e-03   1.197114e-18   4465658
  2.789787e+00   8.682209e-17   3.069677e-03   1.176209e-18   4502948
  2.800413e+00   8.227055e-17   3.064787e-03   1.157382e-18   4528880
  2.811033e+00   8.216269e-17   3.067181e-03   1.138675e-18   4566290
  2.821663e+00   7.904829e-17   3.070655e-03   1.120355e-18   4606856
  2.832293e+00   7.645442e-17   3.066552e-03   1.101222e-18   4635380
  2.842916e+00   7.593766e-17   3.067131e-03   1.082251e-18   4670384
  2.853543e+00   7.203115e-17   3.069161e-03   1.062679e-18   4709258
  2.864179e+00   7.198293e-17   3.070324e-03   1.043607e-18   4747352
  2.874805e+00   7.035767e-17   3.063655e-03   1.028846e-18   4771664
  2.885427e+00   6.773901e-17   3.068600e-03   1.010095e-18   4813532
  2.896058e+00   6.607390e-17   3.070437e-03   9.923863e-19   4852322
  2.906693e+00   6.505073e-17   3.069013e-03   9.773717e-19   4886480
  2.917320e+00   6.584991e-17   3.066289e-03   9.620145e-19   4917248
  2.927939e+00   6.191619e-17   3.065099e-03   9.450507e-19   4950828
  2.938569e+00   6.042646e-17   3.072788e-03   9.281675e-19   5000170
  2.949204e+00   5.989429e-17   3.066857e-03   9.139308e-19   5026952
  2.959825e+00   5.854736e-17   3.064676e-03   9.003668e-19   5058752
  2.970445e+00   5.640160e-17   3.067741e-03   8.845988e-19   5100722
  2.981076e+00   5.869663e-17   3.068979e-03   8.702781e-19   5140124
  2.991706e+00   5.489777e-17   3.067937e-03   8.559049e-19   5174072
  3.002335e+00   5.504150e-17   3.068928e-03   8.424899e-19   5211608
  3.012962e+00   5.277548e-17   3.067917e-03   8.288290e-19   5247794
  3.023589e+00   5.048798e-17   3.066908e-03   8.148626e-19   5284196
  3.034222e+00   4.873261e-17   3.071657e-03   8.004919e-19   5328800
  3.044847e+00   5.097858e-17   3.063109e-03   7.895531e-19   5350872
  3.055470e+00   4.828296e-17   3.069608e-03   7.760867e-19   5400634
  3.066097e+00   4.968759e-17   3.065291e-03   7.632173e-19   5430968
  3.076725e+00   4.536097e-17   3.070185e-03   7.509202e-19   5475908
  3.087355e+00   4.663029e-17   3.068352e-03   7.386747e-19   5510016
  3.097986e+00   4.532799e-17   3.069695e-03   7.257925e-19   5552114
  3.108620e+00   4.381927e-17   3.068841e-03   7.146118e-19   5588944
  3.119249e+00   4.527217e-17   3.067703e-03   7.046899e-19   5623828
  3.129873e+00   4.382691e-17   3.066629e-03   6.927914e-19   5660722
  3.140497e+00   4.181316e-17   3.066422e-03   6.820917e-19   5699896
  3.151124e+00   4.124742e-17   3.068968e-03   6.710060e-19   5741936
  3.161754e+00   4.044250e-17   3.069010e-03   6.604875e-19   5779568
  3.172381e+00   3.896656e-17   3.067639e-03   6.511602e-19   5817222
  3.183006e+00   4.000234e-17   3.066013e-03   6.403487e-19   5854600
  3.193635e+00   3.665466e-17   3.069791e-03   6.293362e-19   5900040
  3.204262e+00   3.763992e-17   3.066501e-03   6.203333e-19   5931976
  3.214890e+00   3.782157e-17   3.070101e-03   6.094661e-19   5979390
  3.225518e+00   3.563796e-17   3.065321e-03   6.020278e-19   6010200
  3.236144e+00   3.757542e-17   3.069327e-03   5.904952e-19   6056496
  3.246769e+00   3.542953e-17   3.066211e-03   5.825828e-19   6089504
  3.257396e+00   3.583583e-17   3.069391e-03   5.734103e-19   6137114
  3.268025e+00   3.350437e-17   3.067201e-03   5.640513e-19   6173332
  3.278652e+00   3.257485e-17   3.067882e-03   5.548945e-19   6214128
  3.289279e+00   3.178798e-17   3.067306e-03   5.463686e-19   6253874
  3.299910e+00   3.257637e-17   3.069629e-03   5.377317e-19   6300104
  3.310539e+00   3.145110e-17   3.066365e-03   5.297614e-19   6332612
  3.321166e+00   3.127131e-17   3.070240e-03   5.212666e-19   6379768
  3.331797e+00   3.020510e-17   3.068597e-03   5.133590e-19   6418218
  3.342427e+00   2.927495e-17   3.068360e-03   5.051877e-19   6459880
  3.353052e+00   3.085894e-17   3.066116e-03   4.978140e-19   6495652
  3.363680e+00   2.899859e-17   3.070231e-03   4.895225e-19   6545296
  3.374311e+00   2.924990e-17   3.067227e-03   4.823368e-19   6581570
  3.384935e+00   2.755314e-17   3.065246e-03   4.756904e-19   6618960
  3.395556e+00   2.761311e-17   3.067158e-03   4.679576e-19   6663352
  3.406178e+00   2.693066e-17   3.065376e-03   4.608109e-19   6701334
  3.416809e+00   2.645178e-17   3.072512e-03   4.538503e-19   6759920
  3.427444e+00   2.599000e-17   3.067179e-03   4.471507e-19   6789696
  3.438073e+00   2.501079e-17   3.069955e-03   4.410043e-19   6837208
  3.448703e+00   2.540044e-17   3.067492e-03   4.338044e-19   6874966
  3.459333e+00   2.549805e-17   3.068613e-03   4.273523e-19   6920864
  3.469960e+00   2.624777e-17   3.066758e-03   4.209579e-19   6957816
  3.480585e+00   2.471642e-17   3.068144e-03   4.145600e-19   7002232
  3.491208e+00   2.535968e-17   3.066540e-03   4.082927e-19   7043114
  3.501840e+00   2.401290e-17   3.070403e-03   4.014223e-19   7096020
  3.512471e+00   2.364770e-17   3.067394e-03   3.963706e-19   7130640
  3.523097e+00   2.339728e-17   3.068276e-03   3.905400e-19   7175472
  3.533723e+00   2.343025e-17   3.067248e-03   3.841653e-19   7217786
  3.544353e+00   2.262234e-17   3.068999e-03   3.787058e-19   7265564
  3.554979e+00   2.343465e-17   3.066319e-03   3.733801e-19   7301288
  3.565600e+00   2.234528e-17   3.066375e-03   3.672087e-19   7345330
  3.576227e+00   2.234750e-17   3.069052e-03   3.621422e-19   7397048
  3.586856e+00   2.220411e-17   3.067039e-03   3.568415e-19   7435920
  3.597485e+00   2.069464e-17   3.069220e-03   3.506921e-19   7484140
  3.608113e+00   2.116177e-17   3.067643e-03   3.461418e-19   7525578
  3.618741e+00   2.080956e-17   3.067518e-03   3.412730e-19   7571376
  3.629371e+00   2.098032e-17   3.068480e-03   3.359143e-19   7617064
  3.640002e+00   2.064263e-17   3.069456e-03   3.308562e-19   7662092
  3.650627e+00   1.937422e-17   3.066324e-03   3.262642e-19   7699658
  3.661254e+00   1.802737e-17   3.068945e-03   3.214236e-19   7752416
  3.671886e+00   1.925815e-17   3.069408e-03   3.167281e-19   7797776
  3.682511e+00   1.868532e-17   3.065176e-03   3.125815e-19   7831720
  3.693136e+00   1.694953e-17   3.069723e-03   3.074960e-19   7889926
  3.703768e+00   1.825464e-17   3.067981e-03   3.033013e-19   7931480
  3.714397e+00   1.802144e-17   3.068251e-03   2.989467e-19   7976688
  3.725016e+00   1.706386e-17   3.062621e-03   2.948244e-19   8007786
  3.735639e+00   1.711075e-17   3.070332e-03   2.904153e-19   8074564
  3.746275e+00   1.693448e-17   3.070085e-03   2.858852e-19   8118904
  3.756904e+00   1.728656e-17   3.066957e-03   2.822746e-19   8155824
  3.767533e+00   1.673001e-17   3.070641e-03   2.778082e-19   8212802
  3.778161e+00   1.648758e-17   3.065118e-03   2.738290e-19   8245268
  3.788791e+00   1.619484e-17   3.071754e-03   2.699724e-19   8308816
  3.799422e+00   1.597724e-17   3.066301e-03   2.660353e-19   8340304
  3.810044e+00   1.615026e-17   3.066222e-03   2.624582e-19   8387738
  3.820668e+00   1.558042e-17   3.067207e-03   2.586635e-19   8437624
  3.831296e+00   1.571998e-17   3.068826e-03   2.547790e-19   8487796
  3.841921e+00   1.510644e-17   3.066430e-03   2.513816e-19   8527936
  3.852549e+00   1.437896e-17   3.069409e-03   2.477539e-19   8585122
  3.863180e+00   1.496396e-17   3.067925e-03   2.442588e-19   8628200
  3.873811e+00   1.494976e-17   3.069670e-03   2.406475e-19   8679484
  3.884439e+00   1.482814e-17   3.067320e-03   2.373058e-19   8721466
  3.895064e+00   1.452791e-17   3.065795e-03   2.342193e-19   8765840
  3.905692e+00   1.398613e-17   3.070355e-03   2.306897e-19   8825136
  3.916320e+00   1.337163e-17   3.066753e-03   2.276352e-19   8861768
  3.926948e+00   1.324560e-17   3.069321e-03   2.243137e-19   8919278
  3.937577e+00   1.389854e-17   3.066595e-03   2.213460e-19   8961008
  3.948205e+00   1.322765e-17   3.068779e-03   2.179310e-19   9014456
  3.958835e+00   1.365935e-17   3.068818e-03   2.150808e-19   9062240
  3.969465e+00   1.305537e-17   3.068277e-03   2.120037e-19   9110510
  3.980091e+00   1.341385e-17   3.066455e-03   2.090312e-19   9154048
  3.990712e+00   1.268837e-17   3.065703e-03   2.062054e-19   9198928
  4.001336e+00   1.291193e-17   3.068826e-03   2.032813e-19   9257194
  4.011967e+00   1.247118e-17   3.069362e-03   2.002615e-19   9310168
  4.022596e+00   1.242135e-17   3.066324e-03   1.977409e-19   9350316
  4.033222e+00   1.222418e-17   3.069210e-03   1.948732e-19   9407120
  4.043852e+00   1.210208e-17   3.068250e-03   1.921807e-19   9454642
  4.054482e+00   1.194523e-17   3.068405e-03   1.897142e-19   9506272
  4.065111e+00   1.221588e-17   3.067355e-03   1.870279e-19   9551228
  4.075735e+00   1.176722e-17   3.067594e-03   1.844580e-19   9600264
  4.086360e+00   1.109435e-17   3.067530e-03   1.819747e-19   9651458
  4.096991e+00   1.163313e-17   3.070122e-03   1.793736e-19   9711488
  4.107620e+00   1.138816e-17   3.066189e-03   1.769841e-19   9749144
  4.118247e+00   1.079580e-17   3.069033e-03   1.746515e-19   9807908
  4.128876e+00   1.163666e-17   3.067607e-03   1.720665e-19   9854786
  4.139508e+00   1.064865e-17   3.070269e-03   1.696728e-19   9914304
  4.150134e+00   1.055603e-17   3.064668e-03   1.676584e-19   9945544
  4.160753e+00   1.095776e-17   3.066794e-03   1.652575e-19   10003414
  4.171379e+00   1.036974e-17   3.068671e-03   1.632004e-19   10062032
  4.182011e+00   1.065417e-17   3.069142e-03   1.607895e-19   10114792
  4.192645e+00   1.014383e-17   3.070449e-03   1.586303e-19   10169936
  4.203267e+00   1.047028e-17   3.062650e-03   1.565257e-19   10196602
  4.213895e+00   1.037424e-17   3.072265e-03   1.543187e-19   10281156
  4.224526e+00   1.015194e-17   3.065688e-03   1.525213e-19   10309376
  4.235150e+00   9.995106e-18   3.068567e-03   1.503458e-19   10369856
  4.245775e+00   9.538585e-18   3.066063e-03   1.482729e-19   10415370
  4.256404e+00   9.417384e-18   3.070045e-03   1.464266e-19   10481988
  4.267039e+00   9.555388e-18   3.069556e-03   1.442735e-19   10531200
  4.277665e+00   9.541929e-18   3.065408e-03   1.425724e-19   10569416
  4.288289e+00   9.617258e-18   3.068216e-03   1.406293e-19   10633066
  4.298919e+00   9.047444e-18   3.068866e-03   1.385576e-19   10687548
  4.309552e+00   9.438237e-18   3.070419e-03   1.369172e-19   10743968
  4.320180e+00   8.829468e-18   3.065849e-03   1.351264e-19   10782130
  4.330801e+00   9.252299e-18   3.066095e-03   1.332021e-19   10837792
  4.341427e+00   9.034907e-18   3.068321e-03   1.315912e-19   10897368
  4.352058e+00   8.835783e-18   3.069642e-03   1.297026e-19   10953940
  4.362687e+00   9.004762e-18   3.067969e-03   1.281325e-19   11003274
  4.373313e+00   8.819448e-18   3.066343e-03   1.263877e-19   11052800
  4.383943e+00   8.466533e-18   3.070099e-03   1.248037e-19   11118176
  4.394573e+00   8.486379e-18   3.067934e-03   1.231333e-19   11162268
  4.405196e+00   8.333811e-18   3.066117e-03   1.215108e-19   11211458
  4.415820e+00   8.224046e-18   3.067310e-03   1.199847e-19   11271888
  4.426448e+00   8.090496e-18   3.068640e-03   1.182585e-19   11329304
  4.437073e+00   8.364549e-18   3.066385e-03   1.167807e-19   11375026
  4.447701e+00   8.172532e-18   3.069261e-03   1.152352e-19   11442532
  4.458330e+00   8.075065e-18   3.066551e-03   1.138254e-19   11487264
  4.468957e+00   7.878043e-18   3.068098e-03   1.124216e-19   11545680
  4.479587e+00   7.867205e-18   3.069842e-03   1.108619e-19   11607058
  4.490221e+00   8.204186e-18   3.069925e-03   1.094564e-19   11664300
  4.500851e+00   7.801369e-18   3.066963e-03   1.080994e-19   11707488
  4.511474e+00   7.672450e-18   3.066617e-03   1.067085e-19   11759536
  4.522104e+00   7.645470e-18   3.071176e-03   1.051937e-19   11833690
  4.532737e+00   7.601716e-18   3.067542e-03   1.040023e-19   11877808
  4.543362e+00   7.397545e-18   3.065778e-03   1.026486e-19   11925836
  4.553987e+00   7.281184e-18   3.068899e-03   1.013923e-19   11992168
  4.564616e+00   7.479972e-18   3.067784e-03   1.000250e-19   12044554
  4.575242e+00   7.296844e-18   3.067168e-03   9.884122e-20   12098976
  4.585865e+00   7.225441e-18   3.066173e-03   9.754483e-20   12149996
  4.596487e+00   6.923334e-18   3.067038e-03   9.633073e-20   12209594
  4.607117e+00   6.958272e-18   3.069983e-03   9.508642e-20   12279272
  4.617752e+00   6.808733e-18   3.070004e-03   9.385348e-20   12336072
  4.628383e+00   7.182643e-18   3.067416e-03   9.267603e-20   12381744
  4.639009e+00   6.850870e-18   3.068068e-03   9.161801e-20   12441590
  4.649637e+00   7.044342e-18   3.067557e-03   9.042222e-20   12497256
  4.660262e+00   6.741285e-18   3.066825e-03   8.928701e-20   12550032
  4.670884e+00   6.484945e-18   3.066185e-03   8.821553e-20   12603936
  4.681508e+00   6.704219e-18   3.068111e-03   8.704160e-20   12671230
  4.692142e+00   6.713378e-18   3.070828e-03   8.594064e-20   12740920
  4.702775e+00   6.354932e-18   3.067767e-03   8.487579e-20   12784560
  4.713398e+00   6.286013e-18   3.065894e-03   8.391988e-20   12834176
  4.724025e+00   6.369499e-18   3.069663e-03   8.278312e-20   12909006
  4.734656e+00   6.343400e-18   3.068089e-03   8.181863e-20   12959680
  4.745283e+00   6.292912e-18   3.067551e-03   8.085555e-20   13014232
  4.755909e+00   6.303497e-18   3.068154e-03   7.972350e-20   13076514
  4.766534e+00   6.243889e-18   3.065684e-03   7.891848e-20   13127112
  4.777164e+00   5.919715e-18   3.070665e-03   7.781721e-20   13205852
  4.787797e+00   5.985978e-18   3.068206e-03   7.688932e-20   13252032
  4.798423e+00   6.128449e-18   3.066967e-03   7.599041e-20   13307450
  4.809051e+00   5.799019e-18   3.068506e-03   7.507432e-20   13374160
  4.819680e+00   5.832864e-18   3.067567e-03   7.411839e-20   13426348
  4.830308e+00   5.836535e-18   3.069633e-03   7.319151e-20   13492760
  4.840934e+00   5.755238e-18   3.066142e-03   7.237635e-20   13539546
  4.851560e+00   5.832231e-18   3.068338e-03   7.149555e-20   13610704
  4.862187e+00   5.831745e-18   3.066835e-03   7.061026e-20   13662024
  4.872813e+00   5.636741e-18   3.068248e-03   6.976475e-20   13727492
  4.883443e+00   5.693833e-18   3.069111e-03   6.899551e-20   13793394
  4.894073e+00   5.673034e-18   3.067154e-03   6.809707e-20   13844456
  4.904699e+00   5.536329e-18   3.067927e-03   6.732297e-20   13905184
  4.915325e+00   5.478386e-18   3.067971e-03   6.653008e-20   13965958
  4.925951e+00   5.638542e-18   3.067148e-03   6.574536e-20   14025192
  4.936580e+00   5.375500e-18   3.068951e-03   6.495318e-20   14093768
  4.947211e+00   5.448865e-18   3.068454e-03   6.421019e-20   14150440
  4.957840e+00   5.387312e-18   3.068630e-03   6.345943e-20   14213450
  4.968468e+00   5.400450e-18   3.066726e-03   6.268770e-20   14267036
  4.979095e+00   5.186662e-18   3.068568e-03   6.186177e-20   14335032
  4.989722e+00   5.207715e-18   3.067092e-03   6.124135e-20   14387664
  5.000347e+00   5.116501e-18   3.068270e-03   6.053169e-20   14455698
  5.010977e+00   4.890038e-18   3.068677e-03   5.981719e-20   14520452
  5.021607e+00   5.085091e-18   3.068497e-03   5.912394e-20   14580272
  5.032232e+00   5.107353e-18   3.065614e-03   5.844695e-20   14628050
  5.042860e+00   5.105098e-18   3.070982e-03   5.781822e-20   14716744
  5.053489e+00   5.014639e-18   3.065407e-03   5.711979e-20   14751712
  5.064115e+00   4.826477e-18   3.069456e-03   5.642747e-20   14831620
  5.074740e+00   4.818000e-18   3.065470e-03   5.577740e-20   14875522
  5.085366e+00   4.944729e-18   3.068961e-03   5.510692e-20   14956720
  5.095994e+00   4.772624e-18   3.066998e-03   5.451754e-20   15008272
  5.106620e+00   4.896609e-18   3.067783e-03   5.389284e-20   15073780
  5.117248e+00   4.759684e-18   3.069002e-03   5.329406e-20   15144866
  5.127883e+00   4.857602e-18   3.070052e-03   5.269823e-20   15213872
  5.138515e+00   4.791969e-18   3.067931e-03   5.211127e-20   15263976
  5.149140e+00   4.653033e-18   3.066723e-03   5.151561e-20   15320236
  5.159767e+00   4.765612e-18   3.069367e-03   5.095951e-20   15398322
  5.170396e+00   4.695719e-18   3.067121e-03   5.042123e-20   15450864
  5.181021e+00   4.598538e-18   3.067373e-03   4.981098e-20   15513888
  5.191645e+00   4.482702e-18   3.066596e-03   4.928501e-20   15574626
  5.202274e+00   4.624461e-18   3.069893e-03   4.874104e-20   15657956
  5.212904e+00   4.577416e-18   3.066736e-03   4.817501e-20   15704248
  5.223531e+00   4.438504e-18   3.068512e-03   4.769438e-20   15774824
  5.234161e+00   4.423713e-18   3.069354e-03   4.718514e-20   15844898
  5.244790e+00   4.531968e-18   3.066994e-03   4.665540e-20   15898956
  5.255415e+00   4.492854e-18   3.067091e-03   4.612752e-20   15961768
  5.266040e+00   4.365788e-18   3.068481e-03   4.561174e-20   16032208
  5.276669e+00   4.322636e-18   3.068464e-03   4.514228e-20   16099530
  5.287295e+00   4.361756e-18   3.065856e-03   4.467787e-20   16152712
  5.297924e+00   4.305122e-18   3.069693e-03   4.415286e-20   16235740
  5.308553e+00   4.289837e-18   3.067725e-03   4.373172e-20   16288856
  5.319183e+00   4.230266e-18   3.069408e-03   4.319328e-20   16365074
  5.329812e+00   4.299546e-18   3.067066e-03   4.284774e-20   16418248
  5.340434e+00   4.177572e-18   3.065573e-03   4.234676e-20   16473180
  5.351058e+00   4.280986e-18   3.069491e-03   4.185136e-20   16560234
  5.361687e+00   4.078564e-18   3.067046e-03   4.149047e-20   16616088
  5.372317e+00   4.108555e-18   3.069133e-03   4.106515e-20   16693264
  5.382948e+00   4.154358e-18   3.068526e-03   4.063350e-20   16753864
  5.393577e+00   4.135542e-18   3.068569e-03   4.018137e-20   16820702
  5.404204e+00   4.101571e-18   3.066887e-03   3.978150e-20   16879288
  5.414832e+00   4.085365e-18   3.068277e-03   3.936951e-20   16951712
  5.425456e+00   4.140337e-18   3.066689e-03   3.900631e-20   17007560
  5.436084e+00   4.026291e-18   3.069534e-03   3.857048e-20   17092086
  5.446713e+00   4.012183e-18   3.067265e-03   3.821005e-20   17148392
  5.457342e+00   3.972764e-18   3.068696e-03   3.783010e-20   17222288
  5.467971e+00   4.008222e-18   3.068089e-03   3.741642e-20   17285096
  5.478597e+00   3.933431e-18   3.066549e-03   3.712703e-20   17344826
  5.489223e+00   3.928644e-18   3.068300e-03   3.668933e-20   17421236
  5.499853e+00   3.943709e-18   3.069479e-03   3.629711e-20   17494160
  5.510478e+00   3.922087e-18   3.065109e-03   3.597931e-20   17538122
  5.521100e+00   3.956272e-18   3.067347e-03   3.565700e-20   17620136
  5.531731e+00   3.904590e-18   3.069687e-03   3.527023e-20   17700428
  5.542362e+00   3.904230e-18   3.068482e-03   3.493038e-20   17760320
  5.552991e+00   3.955067e-18   3.068060e-03   3.465012e-20   17827562
  5.563619e+00   3.796779e-18   3.067912e-03   3.428617e-20   17895488
  5.574247e+00   3.822067e-18   3.068230e-03   3.399623e-20   17963576
  5.584874e+00   3.813190e-18   3.067616e-03   3.365808e-20   18027500
  5.595502e+00   3.822466e-18   3.068831e-03   3.335770e-20   18105650
  5.606129e+00   3.751957e-18   3.066269e-03   3.302651e-20   18160880
  5.616752e+00   3.815944e-18   3.067084e-03   3.274009e-20   18233144
  5.627379e+00   3.787519e-18   3.067872e-03   3.245336e-20   18307310
  5.638008e+00   3.793624e-18   3.068420e-03   3.214206e-20   18381680
  5.648639e+00   3.792655e-18   3.068723e-03   3.189456e-20   18450536
  5.659270e+00   3.631295e-18   3.069549e-03   3.158856e-20   18522128
  5.669897e+00   3.749936e-18   3.067067e-03   3.130222e-20   18578414
  5.680523e+00   3.675326e-18   3.067781e-03   3.104339e-20   18654304
  5.691150e+00   3.681910e-18   3.067639e-03   3.076945e-20   18722304
  5.701780e+00   3.702889e-18   3.069442e-03   3.048610e-20   18802472
  5.712409e+00   3.615775e-18   3.067729e-03   3.024443e-20   18864266
  5.723037e+00   3.714787e-18   3.067347e-03   3.002505e-20   18933260
  5.733662e+00   3.633109e-18   3.066799e-03   2.974398e-20   18997448
  5.744288e+00   3.648207e-18   3.068953e-03   2.947728e-20   19079816
  5.754917e+00   3.634869e-18   3.067744e-03   2.923526e-20   19145330
  5.765545e+00   3.695710e-18   3.067941e-03   2.901124e-20   19218276
  5.776172e+00   3.733500e-18   3.067784e-03   2.878403e-20   19286200
  5.786797e+00   3.587960e-18   3.066457e-03   2.854333e-20   19349738
  5.797427e+00   3.633978e-18   3.070714e-03   2.833398e-20   19450040
  5.808057e+00   3.626357e-18   3.065907e-03   2.810724e-20   19489688
  5.818683e+00   3.555909e-18   3.068803e-03   2.787558e-20   19576868
  5.829310e+00   3.596165e-18   3.067331e-03   2.766895e-20   19640282
  5.839940e+00   3.597693e-18   3.069683e-03   2.743273e-20   19728800
  5.850566e+00   3.508340e-18   3.065237e-03   2.724438e-20   19770152
  5.861190e+00   3.506415e-18   3.068717e-03   2.704350e-20   19863516
  5.871821e+00   3.503484e-18   3.069639e-03   2.685303e-20   19943594
  5.882452e+00   3.544727e-18   3.067597e-03   2.667014e-20   20003440
  5.893081e+00   3.548979e-18   3.068832e-03   2.644138e-20   20081768
  5.903706e+00   3.550616e-18   3.066188e-03   2.627101e-20   20136200
  5.914335e+00   3.570847e-18   3.070449e-03   2.609026e-20   20238094
  5.924964e+00   3.505489e-18   3.066146e-03   2.592045e-20   20282544
  5.935584e+00   3.514441e-18   3.065727e-03   2.574583e-20   20351720
  5.946209e+00   3.486787e-18   3.068474e-03   2.553655e-20   20444714
  5.956838e+00   3.527857e-18   3.067781e-03   2.543378e-20   20515116
  5.967470e+00   3.549572e-18   3.070149e-03   2.521274e-20   20602384
  5.978102e+00   3.536728e-18   3.068165e-03   2.509939e-20   20659872
  5.988728e+00   3.458013e-18   3.067093e-03   2.491224e-20   20727682
  5.999356e+00   3.533704e-18   3.068732e-03   2.477407e-20   20814416
  6.009986e+00   3.464198e-18   3.068153e-03   2.460547e-20   20881100
  6.020612e+00   3.440144e-18   3.068117e-03   2.447097e-20   20953688
  6.031238e+00   3.483830e-18   3.066654e-03   2.434688e-20   21021050
  6.041866e+00   3.460140e-18   3.068891e-03   2.420687e-20   21111632
  6.052496e+00   3.478724e-18   3.068341e-03   2.404888e-20   21179972
  6.063121e+00   3.489958e-18   3.066368e-03   2.393920e-20   21240488
  6.073747e+00   3.505676e-18   3.068419e-03   2.383106e-20   21331418
  6.084375e+00   3.466994e-18   3.067338e-03   2.369533e-20   21397304
  6.095000e+00   3.462485e-18   3.067405e-03   2.358821e-20   21469764
  6.105627e+00   3.523783e-18   3.068819e-03   2.346202e-20   21556122
  6.116254e+00   3.504565e-18   3.066479e-03   2.337795e-20   21618312
  6.126884e+00   3.426395e-18   3.069809e-03   2.324553e-20   21716096
  6.137516e+00   3.401555e-18   3.068719e-03   2.313180e-20   21781352
  6.148144e+00   3.486793e-18   3.067428e-03   2.303018e-20   21848870
  6.158771e+00   3.473101e-18   3.067652e-03   2.294371e-20   21927536
  6.169400e+00   3.531188e-18   3.068795e-03   2.285231e-20   22008944
  6.180028e+00   3.477073e-18   3.067865e-03   2.274202e-20   22076136
  6.190652e+00   3.423262e-18   3.066547e-03   2.267971e-20   22145270
  6.201282e+00   3.450036e-18   3.070373e-03   2.259121e-20   22250960
  6.211913e+00   3.446769e-18   3.066914e-03   2.249845e-20   22300864
  6.222538e+00   3.509033e-18   3.067186e-03   2.241817e-20   22378586
  6.233165e+00   3.555559e-18   3.068261e-03   2.234558e-20   22464104
  6.243795e+00   3.428476e-18   3.068708e-03   2.227995e-20   22542892
  6.254421e+00   3.432438e-18   3.067123e-03   2.222130e-20   22606008
  6.265047e+00   3.490906e-18   3.067919e-03   2.212516e-20   22690002
  6.275673e+00   3.541433e-18   3.066936e-03   2.207183e-20   22762216
  6.286298e+00   3.332596e-18   3.068880e-03   2.189615e-20   22815779
  6.296927e+00   3.054808e-18   3.067733e-03   2.150824e-20   22772312
  6.307555e+00   2.768375e-18   3.067923e-03   2.111898e-20   22733708
  6.318183e+00   2.586895e-18   3.068441e-03   2.075631e-20   22697672
  6.328811e+00   2.355686e-18   3.067507e-03   2.040555e-20   22651460
  6.339438e+00   2.221546e-18   3.068199e-03   2.005317e-20   22616024
  6.350068e+00   2.048458e-18   3.069309e-03   1.970556e-20   22583496
  6.360694e+00   1.883336e-18   3.065960e-03   1.937969e-20   22519252
  6.371317e+00   1.742904e-18   3.067197e-03   1.906948e-20   22488992
  6.381944e+00   1.625258e-18   3.067780e-03   1.876658e-20   22453172
  6.392574e+00   1.537649e-18   3.069105e-03   1.847488e-20   22420584
  6.403204e+00   1.392887e-18   3.068296e-03   1.816819e-20   22371700
  6.413832e+00   1.381188e-18   3.068296e-03   1.788544e-20   22329896
  6.424460e+00   1.283393e-18   3.067512e-03   1.761689e-20   22282876
  6.435088e+00   1.194945e-18   3.068899e-03   1.734344e-20   22250692
  6.445715e+00   1.150549e-18   3.066872e-03   1.707325e-20   22194436
  6.456340e+00   1.091544e-18   3.066996e-03   1.679255e-20   22153540
  6.466968e+00   1.038234e-18   3.068722e-03   1.655049e-20   22122584
  6.477597e+00   9.832787e-19   3.067957e-03   1.628995e-20   22073004
  6.488227e+00   9.710413e-19   3.069406e-03   1.605282e-20   22039640
  6.498854e+00   9.176904e-19   3.066107e-03   1.583199e-20   21971624
  6.509482e+00   8.751399e-19   3.070097e-03   1.557925e-20   21955708
  6.520106e+00   8.530751e-19   3.063845e-03   1.537513e-20   21867720
  6.530733e+00   8.151499e-19   3.071600e-03   1.514471e-20   21878900
  6.541363e+00   7.888578e-19   3.065935e-03   1.491740e-20   21794260
  6.551990e+00   7.540526e-19   3.068881e-03   1.471120e-20   21770256
  6.562619e+00   7.592836e-19   3.068010e-03   1.450574e-20   21718124
  6.573247e+00   6.865315e-19   3.067905e-03   1.429740e-20   21671096
  6.583874e+00   6.877887e-19   3.067932e-03   1.409609e-20   21625412
  6.594503e+00   6.882327e-19   3.069070e-03   1.389599e-20   21587284
  6.605129e+00   6.449988e-19   3.066010e-03   1.370116e-20   21519648
  6.615755e+00   6.180822e-19   3.068792e-03   1.351585e-20   21493344
  6.626384e+00   6.258489e-19   3.067812e-03   1.332343e-20   21439360
  6.637013e+00   5.747551e-19   3.068679e-03   1.314755e-20   21398900
  6.647644e+00   5.936637e-19   3.068668e-03   1.297811e-20   21351488
  6.658271e+00   5.396115e-19   3.066526e-03   1.280789e-20   21288012
  6.668898e+00   5.571718e-19   3.068796e-03   1.263406e-20   21255052
  6.679525e+00   5.813604e-19   3.067400e-03   1.247027e-20   21196928
  6.690151e+00   5.560029e-19   3.067431e-03   1.232104e-20   21149036
  6.700778e+00   5.304479e-19   3.068015e-03   1.214558e-20   21105304
  6.711407e+00   5.431201e-19   3.068524e-03   1.198810e-20   21059992
  6.722038e+00   5.215050e-19   3.069263e-03   1.182808e-20   21014904
  6.732667e+00   5.180007e-19   3.067536e-03   1.168305e-20   20953620
  6.743293e+00   4.826741e-19   3.067478e-03   1.154034e-20   20902948
  6.753920e+00   4.761092e-19   3.068064e-03   1.139079e-20   20856528
  6.764548e+00   4.735034e-19   3.068448e-03   1.125027e-20   20808868
  6.775174e+00   4.844434e-19   3.066599e-03   1.110695e-20   20746700
  6.785798e+00   4.644917e-19   3.066925e-03   1.096735e-20   20699040
  6.796428e+00   4.444726e-19   3.069860e-03   1.082863e-20   20667584
  6.807054e+00   4.467498e-19   3.064988e-03   1.070451e-20   20583320
  6.817679e+00   4.152278e-19   3.069606e-03   1.055661e-20   20562728
  6.828310e+00   4.357213e-19   3.067915e-03   1.044677e-20   20499120
  6.838938e+00   4.014462e-19   3.068337e-03   1.031616e-20   20448668
  6.849566e+00   4.277556e-19   3.068077e-03   1.019322e-20   20394408
  6.860195e+00   4.228662e-19   3.068320e-03   1.008076e-20   20344236
  6.870823e+00   4.046869e-19   3.067630e-03   9.958241e-21   20287988
  6.881451e+00   4.041895e-19   3.068044e-03   9.843050e-21   20237280
  6.892077e+00   3.725257e-19   3.067320e-03   9.720129e-21   20178328
  6.902707e+00   3.958806e-19   3.069652e-03   9.614161e-21   20139844
  6.913336e+00   4.036103e-19   3.067174e-03   9.493178e-21   20069748
  6.923962e+00   3.672352e-19   3.067514e-03   9.388242e-21   20016800
  6.934587e+00   3.543417e-19   3.067642e-03   9.284768e-21   19962224
  6.945217e+00   3.767725e-19   3.069885e-03   9.175901e-21   19923568
  6.955848e+00   3.665721e-19   3.067490e-03   9.072444e-21   19854300
  6.966474e+00   3.339264e-19   3.067154e-03   8.973877e-21   19797056
  6.977101e+00   3.726560e-19   3.067706e-03   8.868972e-21   19744940
  6.987728e+00   3.405073e-19   3.068174e-03   8.770807e-21   19691768
  6.998356e+00   3.454508e-19   3.067321e-03   8.678573e-21   19629548
  7.008982e+00   3.533879e-19   3.067740e-03   8.577775e-21   19575480
  7.019610e+00   3.347179e-19   3.068413e-03   8.488009e-21   19523296
  7.030241e+00   3.172230e-19   3.069533e-03   8.395842e-21   19474344
  7.040867e+00   3.172483e-19   3.065611e-03   8.311103e-21   19392868
  7.051493e+00   3.145802e-19   3.069073e-03   8.210933e-21   19356176
  7.062123e+00   3.276118e-19   3.068592e-03   8.118457e-21   19294916
  7.072754e+00   3.253080e-19   3.069110e-03   8.039594e-21   19240856
  7.083382e+00   2.938928e-19   3.067066e-03   7.954715e-21   19170884
  7.094007e+00   3.081305e-19   3.066966e-03   7.871262e-21   19111352
  7.104633e+00   3.037276e-19   3.068278e-03   7.787562e-21   19060016
  7.115261e+00   3.096866e-19   3.067998e-03   7.706658e-21   18999752
  7.125886e+00   2.897903e-19   3.066210e-03   7.639440e-21   18930272
  7.136511e+00   2.911159e-19   3.068009e-03   7.553631e-21   18882340
  7.147141e+00   3.021416e-19   3.069133e-03   7.475321e-21   18829056
  7.157770e+00   2.812003e-19   3.067293e-03   7.396487e-21   18757640
  7.168398e+00   2.794130e-19   3.069197e-03   7.324658e-21   18709036
  7.179027e+00   2.885129e-19   3.067378e-03   7.245838e-21   18637668
  7.189656e+00   2.826667e-19   3.069146e-03   7.182602e-21   18587048
  7.200283e+00   2.704378e-19   3.066626e-03   7.106466e-21   18510972
  7.210909e+00   2.765184e-19   3.067730e-03   7.029838e-21   18456692
  7.221535e+00   2.685719e-19   3.067567e-03   6.968915e-21   18394084
  7.232164e+00   2.534085e-19   3.069110e-03   6.893875e-21   18341352
  7.242794e+00   2.595491e-19   3.068234e-03   6.827402e-21   18273884
  7.253423e+00   2.750857e-19   3.068036e-03   6.770908e-21   18211148
  7.264048e+00   2.700354e-19   3.066171e-03   6.709227e-21   18137692
  7.274674e+00   2.667517e-19   3.069088e-03   6.636290e-21   18091580
  7.285305e+00   2.592483e-19   3.068515e-03   6.577047e-21   18024560
  7.295932e+00   2.554337e-19   3.067362e-03   6.515201e-21   17955116
  7.306559e+00   2.488101e-19   3.067637e-03   6.456576e-21   17893232
  7.317187e+00   2.620821e-19   3.068343e-03   6.389830e-21   17832620
  7.327816e+00   2.496103e-19   3.068327e-03   6.332644e-21   17767864
  7.338445e+00   2.526496e-19   3.068809e-03   6.273745e-21   17706956
  7.349073e+00   2.398976e-19   3.066947e-03   6.222444e-21   17632632
  7.359699e+00   2.443855e-19   3.068061e-03   6.166166e-21   17573524
  7.370327e+00   2.510165e-19   3.067901e-03   6.105586e-21   17506380
  7.380954e+00   2.461070e-19   3.068207e-03   6.052341e-21   17442548
  7.391580e+00   2.311360e-19   3.066528e-03   6.001227e-21   17368556
  7.402208e+00   2.388011e-19   3.069314e-03   5.947947e-21   17318260
  7.412837e+00   2.340277e-19   3.067939e-03   5.897771e-21   17243792
  7.423463e+00   2.407062e-19   3.066549e-03   5.848030e-21   17169716
  7.434088e+00   2.314914e-19   3.067759e-03   5.797787e-21   17109768
  7.444715e+00   2.210697e-19   3.068012e-03   5.740501e-21   17044064
  7.455345e+00   2.283545e-19   3.068894e-03   5.695223e-21   16981560
  7.465972e+00   2.375027e-19   3.066680e-03   5.648670e-21   16902264
  7.476600e+00   2.284155e-19   3.069499e-03   5.598559e-21   16849940
  7.487230e+00   2.083701e-19   3.067461e-03   5.555800e-21   16770600
  7.497858e+00   2.186786e-19   3.068497e-03   5.509163e-21   16707512
  7.508485e+00   2.138398e-19   3.067634e-03   5.465307e-21   16634480
  7.519114e+00   2.127345e-19   3.068242e-03   5.417351e-21   16569424
  7.529741e+00   2.233053e-19   3.067751e-03   5.370269e-21   16497216
  7.540372e+00   2.051345e-19   3.069501e-03   5.331986e-21   16436416
  7.550999e+00   2.109296e-19   3.067032e-03   5.292081e-21   16353532
  7.561624e+00   2.071043e-19   3.067126e-03   5.248201e-21   16284908
  7.572251e+00   1.981820e-19   3.068426e-03   5.203523e-21   16221948
  7.582881e+00   2.109163e-19   3.068614e-03   5.164400e-21   16152552
  7.593510e+00   2.146348e-19   3.068122e-03   5.125591e-21   16078864
  7.604137e+00   2.075695e-19   3.067536e-03   5.087493e-21   16005296
  7.614766e+00   1.956770e-19   3.068300e-03   5.046712e-21   15938220
  7.625392e+00   2.053774e-19   3.066841e-03   5.010993e-21   15858440
  7.636016e+00   2.023914e-19   3.067373e-03   4.978309e-21   15789252
  7.646642e+00   1.793724e-19   3.067548e-03   4.938053e-21   15718944
  7.657269e+00   1.945013e-19   3.067947e-03   4.897846e-21   15648652
  7.667899e+00   1.940247e-19   3.069201e-03   4.864274e-21   15581944
  7.678531e+00   1.871608e-19   3.069010e-03   4.829369e-21   15508744
  7.689158e+00   1.846558e-19   3.066436e-03   4.790709e-21   15422472
  7.699784e+00   1.935506e-19   3.068878e-03   4.757017e-21   15361536
  7.710413e+00   1.926423e-19   3.067494e-03   4.726365e-21   15281048
  7.721038e+00   1.871591e-19   3.067557e-03   4.692982e-21   15207752
  7.731666e+00   1.743846e-19   3.067687e-03   4.661606e-21   15134800
  7.742292e+00   1.797299e-19   3.067594e-03   4.629401e-21   15059664
  7.752920e+00   1.750274e-19   3.068106e-03   4.593149e-21   14987020
  7.763550e+00   1.762266e-19   3.069757e-03   4.568642e-21   14919936
  7.774179e+00   1.762902e-19   3.066979e-03   4.536351e-21   14831776
  7.784807e+00   1.704618e-19   3.069197e-03   4.506072e-21   14767552
  7.795435e+00   1.749591e-19   3.066309e-03   4.480495e-21   14678336
  7.806062e+00   1.802165e-19   3.069079e-03   4.446158e-21   14615044
  7.816690e+00   1.790334e-19   3.067275e-03   4.419729e-21   14530200
  7.827317e+00   1.778302e-19   3.067927e-03   4.393256e-21   14457000
  7.837945e+00   1.724029e-19   3.068558e-03   4.365860e-21   14383440
  7.848573e+00   1.746200e-19   3.067003e-03   4.337603e-21   14299516
  7.859199e+00   1.652342e-19   3.067899e-03   4.309769e-21   14226024
  7.869825e+00   1.557478e-19   3.067223e-03   4.283983e-21   14145048
  7.880455e+00   1.690693e-19   3.070446e-03   4.258715e-21   14082144
  7.891083e+00   1.695638e-19   3.065393e-03   4.233574e-21   13981640
  7.901708e+00   1.669567e-19   3.068688e-03   4.210731e-21   13918460
  7.912338e+00   1.645160e-19   3.068702e-03   4.185753e-21   13839752
  7.922969e+00   1.606631e-19   3.069182e-03   4.161097e-21   13762736
  7.933598e+00   1.533641e-19   3.067868e-03   4.137126e-21   13677980
  7.944225e+00   1.608557e-19   3.067250e-03   4.112645e-21   13596196
  7.954850e+00   1.538240e-19   3.067470e-03   4.093626e-21   13517736
  7.965475e+00   1.564345e-19   3.066448e-03   4.072455e-21   13433184
  7.976100e+00   1.603658e-19   3.068623e-03   4.048935e-21   13362296
  7.986730e+00   1.608670e-19   3.068494e-03   4.030149e-21   13281376
  7.997360e+00   1.536677e-19   3.069113e-03   4.007954e-21   13203336
  8.007987e+00   1.442337e-19   3.066719e-03   3.984481e-21   13113016
  8.018613e+00   1.510709e-19   3.067735e-03   3.966084e-21   13036400
  8.029240e+00   1.538435e-19   3.067468e-03   3.947797e-21   12953648
  8.039869e+00   1.403055e-19   3.069185e-03   3.931216e-21   12879016
  8.050498e+00   1.558614e-19   3.067538e-03   3.909065e-21   12790124
  8.061127e+00   1.510805e-19   3.068996e-03   3.885646e-21   12714152
  8.071753e+00   1.458633e-19   3.066076e-03   3.873187e-21   12619608
  8.082379e+00   1.542258e-19   3.068682e-03   3.850124e-21   12547232
  8.093011e+00   1.459836e-19   3.070245e-03   3.837688e-21   12470568
  8.103638e+00   1.461642e-19   3.065215e-03   3.822843e-21   12368136
  8.114264e+00   1.448838e-19   3.069116e-03   3.804345e-21   12300504
  8.124894e+00   1.428398e-19   3.068128e-03   3.788433e-21   12212172
  8.135522e+00   1.488835e-19   3.067779e-03   3.773469e-21   12126228
  8.146149e+00   1.294851e-19   3.068089e-03   3.755983e-21   12043352
  8.156778e+00   1.516293e-19   3.068301e-03   3.741222e-21   11959896
  8.167401e+00   1.441971e-19   3.065268e-03   3.727866e-21   11863804
  8.178026e+00   1.358170e-19   3.068937e-03   3.711409e-21   11792812
  8.188656e+00   1.282884e-19   3.068597e-03   3.701235e-21   11705392
  8.199283e+00   1.368554e-19   3.066984e-03   3.680917e-21   11613836
  8.209914e+00   1.418762e-19   3.070536e-03   3.670901e-21   11541532
  8.220543e+00   1.380791e-19   3.066346e-03   3.655766e-21   11440232
  8.231170e+00   1.407503e-19   3.068846e-03   3.645009e-21   11363008
  8.241796e+00   1.385663e-19   3.066631e-03   3.633327e-21   11267848
  8.252424e+00   1.355820e-19   3.069306e-03   3.619475e-21   11190640
  8.263054e+00   1.371228e-19   3.068558e-03   3.610656e-21   11101084
  8.273680e+00   1.313753e-19   3.065604e-03   3.600108e-21   11003284
  8.284304e+00   1.271051e-19   3.068360e-03   3.586380e-21   10925424
  8.294932e+00   1.269731e-19   3.067667e-03   3.570999e-21   10834724
  8.305560e+00   1.288975e-19   3.068711e-03   3.565758e-21   10750156
  8.316186e+00   1.343849e-19   3.066587e-03   3.550650e-21   10655280
  8.326811e+00   1.342689e-19   3.067310e-03   3.542837e-21   10569120
  8.337437e+00   1.351492e-19   3.067168e-03   3.533704e-21   10479672
  8.348070e+00   1.287948e-19   3.071527e-03   3.524989e-21   10404504
  8.358704e+00   1.160702e-19   3.068456e-03   3.514835e-21   10304108
  8.369331e+00   1.211235e-19   3.066991e-03   3.509614e-21   10209940
  8.379958e+00   1.294383e-19   3.068937e-03   3.501703e-21   10126584
  8.390585e+00   1.172524e-19   3.066106e-03   3.490989e-21   10027064
  8.401210e+00   1.151055e-19   3.068731e-03   3.482023e-21   9945072
  8.411836e+00   1.128484e-19   3.065849e-03   3.477518e-21   9844764
  8.422464e+00   1.207534e-19   3.070904e-03   3.466475e-21   9769940
  8.433095e+00   1.266463e-19   3.066721e-03   3.458736e-21   9666072
  8.443721e+00   1.100554e-19   3.067629e-03   3.454240e-21   9577112
  8.454348e+00   1.186416e-19   3.067871e-03   3.445844e-21   9485848
  8.464977e+00   1.155386e-19   3.068818e-03   3.436205e-21   9396136
  8.475607e+00   1.197710e-19   3.068947e-03   3.431830e-21   9304408
  8.486231e+00   1.243618e-19   3.064605e-03   3.427857e-21   9199028
  8.496854e+00   1.162553e-19   3.068671e-03   3.414604e-21   9118288
  8.507481e+00   1.118337e-19   3.066868e-03   3.411654e-21   9019624
  8.518111e+00   1.110577e-19   3.070919e-03   3.404913e-21   8937420
  8.528743e+00   1.104923e-19   3.067653e-03   3.401820e-21   8835200
  8.539369e+00   1.007188e-19   3.066847e-03   3.399521e-21   8739332
  8.549995e+00   1.009506e-19   3.067747e-03   3.387828e-21   8648112
  8.560624e+00   1.101068e-19   3.067898e-03   3.389348e-21   8553372
  8.571253e+00   9.633641e-20   3.069319e-03   3.377798e-21   8461944
  8.581883e+00   9.613911e-20   3.068067e-03   3.371924e-21   8363348
  8.592509e+00   9.524625e-20   3.067870e-03   3.368536e-21   8267792
  8.603135e+00   1.049656e-19   3.066599e-03   3.363766e-21   8169380
  8.613762e+00   1.020449e-19   3.069517e-03   3.360027e-21   8081008
  8.624389e+00   9.833843e-20   3.065774e-03   3.350264e-21   7975632
  8.635016e+00   9.424465e-20   3.069603e-03   3.350491e-21   7889116
  8.645643e+00   8.993973e-20   3.066011e-03   3.340076e-21   7784008
  8.656270e+00   8.798792e-20   3.068709e-03   3.334242e-21   7693848
  8.666897e+00   8.142498e-20   3.067011e-03   3.330085e-21   7592468
  8.677525e+00   9.269415e-20   3.068931e-03   3.324787e-21   7499076
  8.688155e+00   8.202657e-20   3.069474e-03   3.319678e-21   7402880
  8.698786e+00   7.933856e-20   3.067607e-03   3.312402e-21   7300768
  8.709411e+00   7.872230e-20   3.067652e-03   3.311250e-21   7203316
  8.720032e+00   8.170514e-20   3.063689e-03   3.297621e-21   7095724
  8.730662e+00   8.037042e-20   3.073665e-03   3.293055e-21   7019608
  8.741295e+00   7.808775e-20   3.065344e-03   3.274952e-21   6901916
  8.751922e+00   7.549811e-20   3.069704e-03   3.271603e-21   6812952
  8.762548e+00   6.633834e-20   3.065523e-03   3.251408e-21   6704548
  8.773175e+00   6.856859e-20   3.068967e-03   3.244636e-21   6612168
  8.783803e+00   6.871343e-20   3.067598e-03   3.223985e-21   6508628
  8.794433e+00   6.680644e-20   3.069277e-03   3.217685e-21   6412072
  8.805059e+00   6.552325e-20   3.066868e-03   3.200611e-21   6306660
  8.815685e+00   6.072906e-20   3.067492e-03   3.177797e-21   6207592
  8.826308e+00   5.803643e-20   3.066222e-03   3.166285e-21   6103860
  8.836934e+00   6.025309e-20   3.068576e-03   3.140860e-21   6007184
  8.847563e+00   5.693237e-20   3.068782e-03   3.111019e-21   5905660
  8.858194e+00   5.437363e-20   3.069160e-03   3.082424e-21   5805132
  8.868823e+00   4.801374e-20   3.067313e-03   3.062602e-21   5700008
  8.879446e+00   4.647590e-20   3.065734e-03   3.026935e-21   5594856
  8.890075e+00   3.472024e-20   3.070306e-03   2.990338e-21   5502341
  8.900707e+00   4.480262e-20   3.068193e-03   2.959606e-21   5404852
  8.911333e+00   4.214762e-20   3.066920e-03   2.936792e-21   5313930
  8.921960e+00   3.861143e-20   3.068151e-03   2.911975e-21   5230396
  8.932587e+00   4.020593e-20   3.067037e-03   2.891258e-21   5145158
  8.943214e+00   3.708967e-20   3.067644e-03   2.870496e-21   5064506
  8.953844e+00   3.964488e-20   3.070354e-03   2.849763e-21   4989464
  8.964475e+00   4.382659e-20   3.067471e-03   2.826395e-21   4907486
  8.975102e+00   3.595140e-20   3.067454e-03   2.815027e-21   4831952
  8.985729e+00   4.082192e-20   3.067333e-03   2.794516e-21   4757392
  8.996357e+00   3.316938e-20   3.068563e-03   2.780384e-21   4685902
  9.006985e+00   3.431977e-20   3.067839e-03   2.762664e-21   4612826
  9.017611e+00   3.338931e-20   3.067647e-03   2.748158e-21   4542436
  9.028240e+00   3.227077e-20   3.068771e-03   2.739874e-21   4475408
  9.038866e+00   2.620421e-20   3.065432e-03   2.723352e-21   4402686
  9.049492e+00   2.767861e-20   3.069222e-03   2.709167e-21   4340854
  9.060123e+00   2.884625e-20   3.068666e-03   2.695241e-21   4273862
  9.070751e+00   3.048522e-20   3.068093e-03   2.684067e-21   4208538
  9.081377e+00   2.807180e-20   3.066329e-03   2.675504e-21   4142584
  9.092002e+00   3.000295e-20   3.067445e-03   2.662833e-21   4081232
  9.102629e+00   3.581761e-20   3.068061e-03   2.650679e-21   4019668
  9.113260e+00   2.718259e-20   3.070507e-03   2.641692e-21   3961416
  9.123892e+00   3.345690e-20   3.068468e-03   2.634360e-21   3898848
  9.134518e+00   2.874829e-20   3.065914e-03   2.621270e-21   3836718
  9.145140e+00   3.203541e-20   3.066518e-03   2.607066e-21   3779272
  9.155765e+00   2.772728e-20   3.066689e-03   2.604356e-21   3721434
  9.166394e+00   3.022286e-20   3.070316e-03   2.590105e-21   3668198
  9.177028e+00   3.461984e-20   3.069776e-03   2.584119e-21   3611346
  9.187656e+00   2.572949e-20   3.066455e-03   2.577643e-21   3552442
  9.198281e+00   3.715388e-20   3.067337e-03   2.569583e-21   3498908
  9.208908e+00   3.372956e-20   3.067980e-03   2.561493e-21   3445382
  9.219536e+00   2.730621e-20   3.068389e-03   2.552832e-21   3392244
  9.230165e+00   3.474711e-20   3.068360e-03   2.548389e-21   3339634
  9.240792e+00   3.688746e-20   3.067248e-03   2.540718e-21   3286752
  9.251416e+00   3.556410e-20   3.065818e-03   2.534463e-21   3234180
  9.262040e+00   3.351344e-20   3.067094e-03   2.529823e-21   3184556
  9.272670e+00   2.784955e-20   3.070362e-03   2.522910e-21   3137238
  9.283304e+00   3.467846e-20   3.070377e-03   2.518982e-21   3087670
  9.293936e+00   3.567659e-20   3.068566e-03   2.514540e-21   3037460
  9.304560e+00   3.061077e-20   3.064548e-03   2.512396e-21   2985736
  9.315180e+00   2.922777e-20   3.066413e-03   2.502916e-21   2939708
  9.325811e+00   3.120765e-20   3.071553e-03   2.503010e-21   2897012
  9.336443e+00   2.727867e-20   3.067620e-03   2.498016e-21   2846890
  9.347067e+00   3.009993e-20   3.065693e-03   2.492407e-21   2799588
  9.357689e+00   3.350037e-20   3.066395e-03   2.492899e-21   2754954
  9.368315e+00   3.057367e-20   3.068270e-03   2.490766e-21   2711500
  9.378948e+00   2.440416e-20   3.070601e-03   2.488893e-21   2669006
  9.389576e+00   2.772759e-20   3.065837e-03   2.489525e-21   2621264
  9.400202e+00   2.495306e-20   3.068913e-03   2.484031e-21   2580726
  9.410830e+00   2.654561e-20   3.067141e-03   2.483424e-21   2536470
  9.421456e+00   2.969254e-20   3.067445e-03   2.482865e-21   2494370
  9.432084e+00   2.420813e-20   3.068834e-03   2.481799e-21   2453556
  9.442716e+00   2.051082e-20   3.070117e-03   2.478826e-21   2413246
  9.453347e+00   2.775152e-20   3.067994e-03   2.479014e-21   2370914
  9.463973e+00   2.378240e-20   3.067217e-03   2.481576e-21   2330126
  9.474601e+00   2.857184e-20   3.068570e-03   2.482016e-21   2291406
  9.485227e+00   3.009977e-20   3.066158e-03   2.483835e-21   2250410
  9.495850e+00   2.735947e-20   3.066006e-03   2.482649e-21   2211486
  9.506474e+00   3.251157e-20   3.067734e-03   2.482114e-21   2174194
  9.517102e+00   2.756089e-20   3.068176e-03   2.485289e-21   2136416
  9.527733e+00   2.662845e-20   3.069929e-03   2.482837e-21   2100070
  9.538360e+00   2.709273e-20   3.065560e-03   2.485372e-21   2060026
  9.548986e+00   2.579195e-20   3.069362e-03   2.497404e-21   2025910
  9.559615e+00   2.358253e-20   3.067530e-03   2.493077e-21   1988576
  9.570241e+00   2.923489e-20   3.067060e-03   2.500120e-21   1952610
  9.580867e+00   2.464805e-20   3.067361e-03   2.504655e-21   1917470
  9.591493e+00   3.134266e-20   3.067399e-03   2.502827e-21   1882484
  9.602120e+00   2.807063e-20   3.068076e-03   2.507938e-21   1848262
  9.612753e+00   2.961997e-20   3.071327e-03   2.508312e-21   1816024
  9.623386e+00   2.246895e-20   3.068076e-03   2.516401e-21   1780418
  9.634012e+00   2.905886e-20   3.067038e-03   2.522206e-21   1746576
  9.644639e+00   2.963786e-20   3.068628e-03   2.527407e-21   1714622
  9.655268e+00   3.320452e-20   3.067669e-03   2.532211e-21   1681692
  9.665895e+00   2.986179e-20   3.067468e-03   2.539587e-21   1649574
  9.676515e+00   2.488325e-20   3.063511e-03   2.550167e-21   1615788
  9.687137e+00   2.331236e-20   3.068656e-03   2.551055e-21   1587064
  9.697769e+00   2.293749e-20   3.069826e-03   2.556499e-21   1556598
  9.708400e+00   2.111100e-20   3.068471e-03   2.575094e-21   1525380
  9.719030e+00   2.175399e-20   3.068670e-03   2.575864e-21   1495360
  9.729656e+00   2.633095e-20   3.066126e-03   2.592348e-21   1464370
  9.740281e+00   2.403858e-20   3.067601e-03   2.589941e-21   1435656
  9.750907e+00   2.474909e-20   3.067002e-03   2.610004e-21   1406304
  9.761532e+00   2.721388e-20   3.067147e-03   2.618503e-21   1377628
  9.772159e+00   2.651711e-20   3.068370e-03   2.629285e-21   1349744
  9.782788e+00   3.299421e-20   3.068343e-03   2.633505e-21   1321682
  9.793418e+00   3.064740e-20   3.069098e-03   2.645749e-21   1294376
  9.804048e+00   2.332592e-20   3.068140e-03   2.659039e-21   1266768
  9.814673e+00   2.396533e-20   3.066275e-03   2.679203e-21   1239172
  9.825295e+00   2.126413e-20   3.065238e-03   2.691652e-21   1212224
  9.835918e+00   2.414710e-20   3.067386e-03   2.697717e-21   1186796
  9.846547e+00   1.657569e-20   3.069034e-03   2.712498e-21   1161432
  9.857176e+00   1.454299e-20   3.067927e-03   2.727700e-21   1135408
  9.867804e+00   1.429633e-20   3.068239e-03   2.745767e-21   1110324
  9.878434e+00   1.458769e-20   3.068926e-03   2.759934e-21   1085680
  9.889062e+00   2.445967e-20   3.066842e-03   2.775010e-21   1060364
  9.899688e+00   2.033582e-20   3.068767e-03   2.794012e-21   1036736
  9.910321e+00   2.448661e-20   3.070562e-03   2.803050e-21   1013388
  9.920951e+00   2.950033e-20   3.066769e-03   2.831901e-21   988656
  9.931575e+00   2.417401e-20   3.066738e-03   2.851357e-21   965530
  9.942197e+00   1.998726e-20   3.064855e-03   2.879427e-21   942100
  9.952819e+00   2.183822e-20   3.066142e-03   2.893787e-21   919888
  9.963442e+00   2.609793e-20   3.066491e-03   2.899452e-21   897628
  9.974067e+00   3.321024e-20   3.067504e-03   2.935542e-21   875856
  9.984696e+00   2.203117e-20   3.069599e-03   2.952829e-21   854736
  9.995330e+00   2.601961e-20   3.070044e-03   2.974720e-21   833510
  1.000596e+01   2.344867e-20   3.068120e-03   3.000978e-21   811976
  1.001659e+01   2.307690e-20   3.066566e-03   3.033132e-21   790844
  1.002721e+01   1.597825e-20   3.066302e-03   3.055801e-21   770320
  1.003784e+01   1.987655e-20   3.069162e-03   3.071797e-21   750838
  1.004847e+01   2.067343e-20   3.068729e-03   3.114181e-21   730864
  1.005909e+01   2.251076e-20   3.067039e-03   3.141275e-21   710984
  1.006972e+01   1.863223e-20   3.067274e-03   3.168362e-21   691894
  1.008035e+01   1.942290e-20   3.066106e-03   3.202311e-21   672776
  1.009097e+01   2.756134e-20   3.067065e-03   3.234888e-21   654372
  1.010160e+01   2.439435e-20   3.065537e-03   3.281921e-21   635682
  1.011222e+01   2.023715e-20   3.064886e-03   3.308768e-21   617460
  1.012284e+01   1.742251e-20   3.066767e-03   3.328960e-21   600024
  1.013346e+01   2.689231e-20   3.068404e-03   3.369446e-21   582830
  1.014410e+01   2.816124e-20   3.070337e-03   3.412788e-21   566000
  1.015473e+01   2.595296e-20   3.066543e-03   3.465728e-21   548458
  1.016535e+01   2.856988e-20   3.067619e-03   3.487811e-21   532084
  1.017598e+01   1.869239e-20   3.065740e-03   3.522846e-21   515440
  1.018660e+01   3.047418e-20   3.064533e-03   3.597989e-21   499174
  1.019722e+01   3.058772e-20   3.064552e-03   3.635380e-21   483368
  1.020784e+01   1.939199e-20   3.067558e-03   3.681698e-21   468270
  1.021847e+01   2.671530e-20   3.071740e-03   3.726389e-21   453568
  1.022911e+01   1.967030e-20   3.068522e-03   3.805610e-21   438106
  1.023974e+01   1.074024e-20   3.068674e-03   3.843434e-21   423508
  1.025036e+01   2.115087e-20   3.065352e-03   3.880241e-21   408754
  1.026098e+01   2.243135e-20   3.064549e-03   3.953942e-21   394612
  1.027160e+01   2.448550e-20   3.064825e-03   4.006853e-21   380826
  1.028223e+01   1.459034e-20   3.063635e-03   4.099065e-21   367086
  1.029285e+01   3.225259e-20   3.065226e-03   4.153820e-21   353904
  1.030347e+01   1.942608e-20   3.067842e-03   4.215391e-21   341046
  1.031410e+01   2.120367e-20   3.067827e-03   4.287049e-21   328144
  1.032473e+01   2.678320e-20   3.068491e-03   4.355553e-21   315598
  1.033536e+01   2.545648e-20   3.070442e-03   4.444748e-21   303466
  1.034599e+01   2.290892e-20   3.070558e-03   4.533320e-21   291456
  1.035662e+01   2.155993e-20   3.069010e-03   4.604860e-21   279614
  1.036725e+01   2.524422e-20   3.062765e-03   4.718388e-21   267680
  1.037786e+01   2.594789e-20   3.061142e-03   4.814372e-21   256438
  1.038848e+01   2.244808e-20   3.062004e-03   4.907363e-21   245618
  1.039909e+01   1.461609e-20   3.058865e-03   4.999406e-21   234708
  1.040970e+01   1.549202e-20   3.057929e-03   5.100220e-21   224210
  1.042032e+01   2.549065e-20   3.058509e-03   5.213791e-21   214046
  1.043093e+01   2.118431e-20   3.059874e-03   5.377569e-21   204152
  1.044155e+01   2.138268e-20   3.062766e-03   5.452775e-21   194558
  1.045217e+01   2.362761e-20   3.062838e-03   5.642435e-21   185018
  1.046279e+01   1.632991e-20   3.066092e-03   5.717309e-21   175918
  1.047341e+01   2.465881e-20   3.068348e-03   5.924214e-21   166992
  1.048404e+01   2.410834e-20   3.070094e-03   6.026051e-21   158294
  1.049468e+01   2.691430e-21   3.071097e-03   6.209686e-21   149842
  1.050531e+01   2.571974e-20   3.068653e-03   6.388731e-21   141530
  1.051593e+01   1.541803e-20   3.060509e-03   6.574760e-21   133284
  1.052654e+01   1.515850e-20   3.057354e-03   6.776035e-21   125546
  1.053715e+01   2.031641e-20   3.051144e-03   7.008063e-21   117950
  1.054776e+01   3.714711e-20   3.048602e-03   7.257113e-21   110746
  1.055836e+01   1.541374e-20   3.039799e-03   7.480908e-21   103572
  1.056895e+01   2.282656e-20   3.036073e-03   7.693392e-21   96818
  1.057954e+01   1.514617e-20   3.031333e-03   7.988656e-21   90262
  1.059013e+01   2.830809e-20   3.027317e-03   8.393817e-21   83970
  1.060072e+01   1.678004e-20   3.019853e-03   8.588114e-21   77846
  1.061129e+01   -1.891133e-21   3.012052e-03   8.965782e-21   71984
  1.062186e+01   2.723077e-20   3.005730e-03   9.332793e-21   66398
  1.063243e+01   2.241442e-20   3.000369e-03   9.836373e-21   61058
  1.064300e+01   1.182272e-21   2.995714e-03   1.019381e-20   55958
  1.065357e+01   2.474940e-20   2.990697e-03   1.065540e-20   51082
  1.066413e+01   3.279640e-20   2.981767e-03   1.115487e-20   46398
  1.067469e+01   2.179092e-20   2.970930e-03   1.178385e-20   41954
  1.068524e+01   8.260646e-21   2.955045e-03   1.234371e-20   37718
  1.069578e+01   4.082750e-20   2.938133e-03   1.304147e-20   33736
  1.070631e+01   3.282752e-20   2.922830e-03   1.400535e-20   30006
  1.071684e+01   1.555631e-20   2.912268e-03   1.494213e-20   26522
  1.072739e+01   4.122654e-20   2.905476e-03   1.594358e-20   23254
  1.073793e+01   1.302974e-20   2.895825e-03   1.734820e-20   20178
  1.074848e+01   3.540693e-20   2.890787e-03   1.858514e-20   17342
  1.075903e+01   4.627358e-20   2.886580e-03   2.051610e-20   14714
  1.076959e+01   -3.888603e-20   2.887906e-03   2.189969e-20   12310
  1.078015e+01   1.245395e-20   2.880436e-03   2.528441e-20   10098
  1.079071e+01   1.927820e-20   2.879327e-03   2.672407e-20   8126
  1.080127e+01   5.205325e-20   2.877797e-03   3.047709e-20   6362
  1.081184e+01   -4.587097e-20   2.888638e-03   3.481009e-20   4822
  1.082239e+01   -4.656768e-20   2.872451e-03   4.189196e-20   3474
  1.083292e+01   5.748758e-20   2.869225e-03   5.056914e-20   2366
  1.084344e+01   4.213847e-20   2.860034e-03   6.722011e-20   1466
  1.085397e+01   -5.016488e-20   2.925135e-03   8.506071e-20   790
  1.086426e+01   -6.765950e-20   2.767211e-03   1.414601e-19   306
  1.087389e+01   1.032853e-18   2.357714e-03   3.620023e-19   62
