# cross spectrum of phi(z1) and phi(z2)
# redshift z=0.298315
# k              Pk             sigma(k)       sigma(Pk)      count
  7.830312e-03   2.128238e-10   1.198114e-03   4.791277e-11   18
  1.686348e-02   2.514232e-10   2.897918e-03   2.400467e-11   152
  2.725284e-02   1.502558e-10   3.060867e-03   7.029794e-12   416
  3.742835e-02   8.216261e-11   2.912555e-03   3.085193e-12   770
  4.808679e-02   5.129706e-11   3.119650e-03   1.506528e-12   1364
  5.876109e-02   3.387885e-11   3.054550e-03   7.712926e-13   1976
  6.939824e-02   2.564271e-11   3.112555e-03   4.875693e-13   2792
  7.984642e-02   1.880454e-11   2.971805e-03   3.161418e-13   3578
  9.038229e-02   1.348314e-11   3.049521e-03   1.982760e-13   4724
  1.011318e-01   1.013251e-11   3.134595e-03   1.324161e-13   6032
  1.117485e-01   7.871598e-12   3.016599e-03   9.718730e-14   7072
  1.222702e-01   6.704286e-12   3.056387e-03   7.373404e-14   8634
  1.329722e-01   5.660527e-12   3.095256e-03   5.724948e-14   10336
  1.436677e-01   4.654086e-12   3.082009e-03   4.212255e-14   11940
  1.541872e-01   3.807616e-12   3.021465e-03   3.349812e-14   13490
  1.647185e-01   3.247747e-12   3.054444e-03   2.569621e-14   15656
  1.754149e-01   2.754830e-12   3.102608e-03   2.045399e-14   18008
  1.860920e-01   2.427516e-12   3.069464e-03   1.728354e-14   19964
  1.966957e-01   2.135195e-12   3.066093e-03   1.438065e-14   22354
  2.072851e-01   1.836731e-12   3.030819e-03   1.166156e-14   24648
  2.179134e-01   1.615936e-12   3.083109e-03   9.601114e-15   27592
  2.285517e-01   1.459186e-12   3.075318e-03   8.509161e-15   30152
  2.391687e-01   1.296152e-12   3.069056e-03   7.266295e-15   33046
  2.497808e-01   1.176051e-12   3.053846e-03   6.221087e-15   35992
  2.604233e-01   1.075124e-12   3.074764e-03   5.469605e-15   39304
  2.710722e-01   9.708138e-13   3.082145e-03   4.711779e-15   42608
  2.817050e-01   8.870214e-13   3.058267e-03   4.161068e-15   45758
  2.923349e-01   8.037199e-13   3.072286e-03   3.636601e-15   49536
  3.029238e-01   7.380926e-13   3.039208e-03   3.244385e-15   52488
  3.135134e-01   6.910277e-13   3.084628e-03   2.899991e-15   57034
  3.241511e-01   6.249929e-13   3.061146e-03   2.537705e-15   60648
  3.347969e-01   5.907089e-13   3.076329e-03   2.337514e-15   65044
  3.454223e-01   5.488794e-13   3.057760e-03   2.093300e-15   68720
  3.560505e-01   5.085269e-13   3.078281e-03   1.883616e-15   73538
  3.667175e-01   4.740874e-13   3.076939e-03   1.705242e-15   78080
  3.773260e-01   4.472276e-13   3.039859e-03   1.578406e-15   81572
  3.879192e-01   4.185987e-13   3.081238e-03   1.446143e-15   87248
  3.985882e-01   3.914184e-13   3.084591e-03   1.300296e-15   92266
  4.092322e-01   3.698103e-13   3.063169e-03   1.200721e-15   96696
  4.198039e-01   3.472885e-13   3.037602e-03   1.114291e-15   100904
  4.303789e-01   3.297042e-13   3.065517e-03   1.014818e-15   107036
  4.410480e-01   3.104429e-13   3.089487e-03   9.309675e-16   113362
  4.517307e-01   2.957818e-13   3.072092e-03   8.693620e-16   118176
  4.623378e-01   2.799556e-13   3.054661e-03   8.085389e-16   122944
  4.729644e-01   2.656679e-13   3.083007e-03   7.521493e-16   129902
  4.836049e-01   2.538785e-13   3.061727e-03   6.965742e-16   134944
  4.942158e-01   2.404336e-13   3.064979e-03   6.501142e-16   140952
  5.048213e-01   2.304606e-13   3.064662e-03   6.100060e-16   147072
  5.154342e-01   2.194725e-13   3.060800e-03   5.708221e-16   153382
  5.260893e-01   2.101602e-13   3.082622e-03   5.306446e-16   160952
  5.367508e-01   1.994699e-13   3.070294e-03   4.995168e-16   166640
  5.473579e-01   1.914603e-13   3.057153e-03   4.693301e-16   172448
  5.579787e-01   1.829510e-13   3.077577e-03   4.430696e-16   180594
  5.686178e-01   1.766116e-13   3.060710e-03   4.167816e-16   186556
  5.792219e-01   1.684767e-13   3.063394e-03   3.916587e-16   193528
  5.898242e-01   1.624203e-13   3.060684e-03   3.699908e-16   200626
  6.004609e-01   1.551856e-13   3.076604e-03   3.468704e-16   209256
  6.111150e-01   1.494379e-13   3.069663e-03   3.301643e-16   216020
  6.217510e-01   1.445555e-13   3.075746e-03   3.130014e-16   223768
  6.323610e-01   1.393769e-13   3.055783e-03   2.968369e-16   230234
  6.429887e-01   1.344787e-13   3.074922e-03   2.807526e-16   239800
  6.536248e-01   1.289937e-13   3.063054e-03   2.654903e-16   246568
  6.642393e-01   1.255780e-13   3.068328e-03   2.551980e-16   254828
  6.748534e-01   1.200564e-13   3.064424e-03   2.402352e-16   263074
  6.854951e-01   1.162834e-13   3.071509e-03   2.285309e-16   272312
  6.961385e-01   1.128684e-13   3.070197e-03   2.192904e-16   280376
  7.067732e-01   1.088494e-13   3.071500e-03   2.080934e-16   288884
  7.174012e-01   1.053172e-13   3.068501e-03   1.981185e-16   297602
  7.280177e-01   1.018253e-13   3.057614e-03   1.898324e-16   305520
  7.386402e-01   9.874634e-14   3.075198e-03   1.815870e-16   315976
  7.492461e-01   9.550305e-14   3.052723e-03   1.738975e-16   322778
  7.598720e-01   9.287934e-14   3.080021e-03   1.659288e-16   335372
  7.705286e-01   8.955014e-14   3.068318e-03   1.583818e-16   343464
  7.811635e-01   8.687245e-14   3.070705e-03   1.515957e-16   352912
  7.917934e-01   8.469788e-14   3.070498e-03   1.456095e-16   362666
  8.024224e-01   8.173862e-14   3.063690e-03   1.396210e-16   371884
  8.130465e-01   7.959275e-14   3.069929e-03   1.339429e-16   382280
  8.236583e-01   7.745540e-14   3.060755e-03   1.296511e-16   390888
  8.342648e-01   7.542626e-14   3.067168e-03   1.245444e-16   402234
  8.448912e-01   7.307243e-14   3.064832e-03   1.185261e-16   412576
  8.555263e-01   7.094409e-14   3.071788e-03   1.138598e-16   423732
  8.661590e-01   6.906697e-14   3.068142e-03   1.095627e-16   433624
  8.767950e-01   6.738492e-14   3.072203e-03   1.057967e-16   445154
  8.874347e-01   6.532194e-14   3.069139e-03   1.015811e-16   455584
  8.980596e-01   6.355425e-14   3.064716e-03   9.749579e-17   465588
  9.086714e-01   6.175664e-14   3.065163e-03   9.393134e-17   476762
  9.193048e-01   6.028781e-14   3.073106e-03   9.063975e-17   489552
  9.299472e-01   5.850943e-14   3.069632e-03   8.732349e-17   500328
  9.405628e-01   5.697130e-14   3.059261e-03   8.438538e-17   509852
  9.511854e-01   5.563791e-14   3.074339e-03   8.120637e-17   524234
  9.618189e-01   5.432240e-14   3.061952e-03   7.850882e-17   534104
  9.724448e-01   5.293104e-14   3.070528e-03   7.572858e-17   547048
  9.830800e-01   5.141211e-14   3.073862e-03   7.297460e-17   559328
  9.937180e-01   5.005807e-14   3.070866e-03   7.016599e-17   571326
  1.004339e+00   4.870691e-14   3.060367e-03   6.792949e-17   581920
  1.014951e+00   4.780697e-14   3.064588e-03   6.612141e-17   594832
  1.025571e+00   4.636863e-14   3.068054e-03   6.345861e-17   608048
  1.036206e+00   4.553758e-14   3.070252e-03   6.158015e-17   621526
  1.046839e+00   4.428505e-14   3.066112e-03   5.964252e-17   633240
  1.057456e+00   4.324401e-14   3.064953e-03   5.785093e-17   645472
  1.068086e+00   4.231162e-14   3.075342e-03   5.587864e-17   660906
  1.078726e+00   4.124736e-14   3.067576e-03   5.388870e-17   672856
  1.089356e+00   4.010147e-14   3.067094e-03   5.220382e-17   685980
  1.099980e+00   3.929840e-14   3.067978e-03   5.066283e-17   699256
  1.110619e+00   3.816377e-14   3.074976e-03   4.873657e-17   714730
  1.121246e+00   3.745012e-14   3.059348e-03   4.758987e-17   725152
  1.131863e+00   3.657209e-14   3.067634e-03   4.599800e-17   740420
  1.142485e+00   3.566721e-14   3.069089e-03   4.453750e-17   754312
  1.153114e+00   3.492673e-14   3.069897e-03   4.321574e-17   769114
  1.163749e+00   3.397060e-14   3.069209e-03   4.185388e-17   783488
  1.174365e+00   3.325034e-14   3.058900e-03   4.070125e-17   794968
  1.184981e+00   3.249161e-14   3.070107e-03   3.940103e-17   812366
  1.195609e+00   3.168238e-14   3.065134e-03   3.818904e-17   825976
  1.206250e+00   3.106910e-14   3.075220e-03   3.720666e-17   843352
  1.216898e+00   3.034344e-14   3.073224e-03   3.601547e-17   857280
  1.227524e+00   2.964580e-14   3.063189e-03   3.499236e-17   869542
  1.238147e+00   2.892555e-14   3.070752e-03   3.388524e-17   887128
  1.248772e+00   2.838274e-14   3.063166e-03   3.304838e-17   900032
  1.259388e+00   2.776784e-14   3.067377e-03   3.204965e-17   916560
  1.270005e+00   2.713749e-14   3.061783e-03   3.122779e-17   930922
  1.280635e+00   2.648361e-14   3.071795e-03   3.015033e-17   949844
  1.291287e+00   2.597168e-14   3.076939e-03   2.942668e-17   966736
  1.301925e+00   2.534603e-14   3.065819e-03   2.857543e-17   978776
  1.312537e+00   2.476104e-14   3.064137e-03   2.776933e-17   994522
  1.323161e+00   2.426956e-14   3.068907e-03   2.705415e-17   1012420
  1.333794e+00   2.374678e-14   3.071598e-03   2.629134e-17   1029408
  1.344410e+00   2.323417e-14   3.058405e-03   2.553820e-17   1041658
  1.355032e+00   2.273484e-14   3.072381e-03   2.482569e-17   1063520
  1.365659e+00   2.221500e-14   3.060689e-03   2.417638e-17   1075808
  1.376294e+00   2.178186e-14   3.080019e-03   2.351542e-17   1098956
  1.386928e+00   2.133624e-14   3.061670e-03   2.301104e-17   1109810
  1.397545e+00   2.081676e-14   3.065288e-03   2.230213e-17   1128608
  1.408178e+00   2.043336e-14   3.073589e-03   2.174420e-17   1148264
  1.418813e+00   1.999239e-14   3.067917e-03   2.121117e-17   1163252
  1.429436e+00   1.955596e-14   3.067070e-03   2.055124e-17   1181042
  1.440060e+00   1.907998e-14   3.064325e-03   2.002067e-17   1197848
  1.450692e+00   1.876776e-14   3.073737e-03   1.949717e-17   1218848
  1.461323e+00   1.832691e-14   3.064859e-03   1.904447e-17   1232916
  1.471945e+00   1.792624e-14   3.068844e-03   1.852730e-17   1253002
  1.482566e+00   1.759117e-14   3.062284e-03   1.808541e-17   1268576
  1.493191e+00   1.722621e-14   3.071552e-03   1.755786e-17   1290128
  1.503822e+00   1.689099e-14   3.068342e-03   1.715490e-17   1307402
  1.514455e+00   1.646125e-14   3.069122e-03   1.664253e-17   1327028
  1.525083e+00   1.619620e-14   3.064970e-03   1.631549e-17   1343648
  1.535711e+00   1.581954e-14   3.070217e-03   1.583289e-17   1364096
  1.546341e+00   1.549703e-14   3.068950e-03   1.547082e-17   1382730
  1.556974e+00   1.519382e-14   3.068757e-03   1.511066e-17   1402164
  1.567604e+00   1.485783e-14   3.068159e-03   1.469083e-17   1420464
  1.578221e+00   1.455414e-14   3.063798e-03   1.436414e-17   1437368
  1.588847e+00   1.423282e-14   3.072142e-03   1.396435e-17   1461530
  1.599480e+00   1.393827e-14   3.065069e-03   1.358527e-17   1478264
  1.610108e+00   1.365644e-14   3.068902e-03   1.326378e-17   1499356
  1.620732e+00   1.336462e-14   3.065238e-03   1.298226e-17   1517016
  1.631360e+00   1.314356e-14   3.070849e-03   1.266846e-17   1540090
  1.641988e+00   1.285676e-14   3.065366e-03   1.238515e-17   1557360
  1.652609e+00   1.257776e-14   3.066926e-03   1.207223e-17   1577780
  1.663242e+00   1.233595e-14   3.075107e-03   1.176542e-17   1602578
  1.673875e+00   1.209055e-14   3.063542e-03   1.152088e-17   1617672
  1.684498e+00   1.182524e-14   3.069033e-03   1.122932e-17   1641016
  1.695122e+00   1.158659e-14   3.065080e-03   1.095380e-17   1659416
  1.705746e+00   1.135858e-14   3.068431e-03   1.068782e-17   1682670
  1.716382e+00   1.111761e-14   3.070690e-03   1.042779e-17   1705256
  1.727024e+00   1.086515e-14   3.071890e-03   1.016622e-17   1726312
  1.737645e+00   1.068680e-14   3.062639e-03   9.982399e-18   1741880
  1.748261e+00   1.045585e-14   3.067156e-03   9.719773e-18   1766454
  1.758897e+00   1.025198e-14   3.073105e-03   9.493467e-18   1791784
  1.769528e+00   1.003099e-14   3.063894e-03   9.275115e-18   1807712
  1.780139e+00   9.845273e-15   3.062775e-03   9.059749e-18   1829002
  1.790759e+00   9.631683e-15   3.067263e-03   8.839899e-18   1854216
  1.801400e+00   9.442748e-15   3.074631e-03   8.636990e-18   1880156
  1.812037e+00   9.275398e-15   3.068349e-03   8.479785e-18   1897568
  1.822663e+00   9.075201e-15   3.068475e-03   8.239490e-18   1920458
  1.833288e+00   8.897323e-15   3.065997e-03   8.072788e-18   1942208
  1.843915e+00   8.731857e-15   3.067813e-03   7.893942e-18   1965612
  1.854544e+00   8.534463e-15   3.069639e-03   7.705851e-18   1989000
  1.865168e+00   8.364351e-15   3.064465e-03   7.535635e-18   2009114
  1.875791e+00   8.190095e-15   3.067400e-03   7.360560e-18   2034464
  1.886424e+00   8.047343e-15   3.070174e-03   7.212957e-18   2058476
  1.897052e+00   7.872206e-15   3.068039e-03   7.032577e-18   2079648
  1.907673e+00   7.701586e-15   3.065891e-03   6.872339e-18   2102578
  1.918306e+00   7.562637e-15   3.070742e-03   6.727721e-18   2129928
  1.928942e+00   7.429033e-15   3.069733e-03   6.581180e-18   2152096
  1.939563e+00   7.274240e-15   3.062858e-03   6.456573e-18   2171142
  1.950185e+00   7.129948e-15   3.069150e-03   6.292451e-18   2200248
  1.960824e+00   6.987845e-15   3.071017e-03   6.153833e-18   2225216
  1.971460e+00   6.862854e-15   3.070942e-03   6.042273e-18   2248448
  1.982084e+00   6.707317e-15   3.064272e-03   5.897687e-18   2267942
  1.992710e+00   6.594751e-15   3.071051e-03   5.776002e-18   2298072
  2.003337e+00   6.440129e-15   3.064068e-03   5.644200e-18   2317272
  2.013961e+00   6.327777e-15   3.069747e-03   5.530559e-18   2345808
  2.024580e+00   6.206834e-15   3.062469e-03   5.415319e-18   2365650
  2.035206e+00   6.066851e-15   3.069930e-03   5.291412e-18   2396940
  2.045842e+00   5.955139e-15   3.069936e-03   5.179754e-18   2421272
  2.056473e+00   5.830269e-15   3.068399e-03   5.063628e-18   2444576
  2.067102e+00   5.720981e-15   3.069748e-03   4.958682e-18   2471490
  2.077728e+00   5.623070e-15   3.064854e-03   4.863606e-18   2493180
  2.088349e+00   5.501788e-15   3.068019e-03   4.755375e-18   2520952
  2.098972e+00   5.397817e-15   3.065319e-03   4.657519e-18   2544946
  2.109598e+00   5.285612e-15   3.068311e-03   4.548146e-18   2573856
  2.120230e+00   5.174146e-15   3.069026e-03   4.453330e-18   2600016
  2.130862e+00   5.079752e-15   3.069102e-03   4.370434e-18   2625484
  2.141490e+00   4.978411e-15   3.068080e-03   4.274239e-18   2651122
  2.152130e+00   4.884896e-15   3.074348e-03   4.185409e-18   2683488
  2.162754e+00   4.780864e-15   3.059466e-03   4.104817e-18   2696352
  2.173371e+00   4.693203e-15   3.071171e-03   4.006330e-18   2733020
  2.184002e+00   4.612965e-15   3.067530e-03   3.936738e-18   2757378
  2.194631e+00   4.523521e-15   3.067942e-03   3.852851e-18   2784864
  2.205259e+00   4.421473e-15   3.067811e-03   3.774626e-18   2811168
  2.215874e+00   4.336608e-15   3.061061e-03   3.696283e-18   2832274
  2.226505e+00   4.252046e-15   3.075611e-03   3.612828e-18   2873636
  2.237142e+00   4.163005e-15   3.064877e-03   3.542333e-18   2890496
  2.247766e+00   4.097467e-15   3.069851e-03   3.482175e-18   2921800
  2.258399e+00   4.014344e-15   3.071101e-03   3.409800e-18   2951298
  2.269032e+00   3.936177e-15   3.066274e-03   3.334879e-18   2975476
  2.279663e+00   3.851237e-15   3.071375e-03   3.267463e-18   3007728
  2.290285e+00   3.772894e-15   3.061886e-03   3.203028e-18   3025776
  2.300910e+00   3.712860e-15   3.072955e-03   3.137116e-18   3065762
  2.311540e+00   3.626781e-15   3.063208e-03   3.071931e-18   3084856
  2.322162e+00   3.563745e-15   3.068985e-03   3.019314e-18   3118044
  2.332782e+00   3.487476e-15   3.064319e-03   2.955600e-18   3141352
  2.343410e+00   3.419002e-15   3.072036e-03   2.894238e-18   3179274
  2.354046e+00   3.355119e-15   3.067682e-03   2.836237e-18   3204120
  2.364668e+00   3.290131e-15   3.063610e-03   2.783103e-18   3227900
  2.375288e+00   3.225137e-15   3.068722e-03   2.728384e-18   3262394
  2.385925e+00   3.166073e-15   3.071814e-03   2.679076e-18   3295680
  2.396559e+00   3.105440e-15   3.067166e-03   2.622731e-18   3319560
  2.407184e+00   3.040016e-15   3.068070e-03   2.574655e-18   3348972
  2.417810e+00   2.986669e-15   3.068540e-03   2.524566e-18   3379722
  2.428441e+00   2.926595e-15   3.068348e-03   2.476294e-18   3410720
  2.439075e+00   2.866664e-15   3.069517e-03   2.421814e-18   3441504
  2.449697e+00   2.810991e-15   3.063301e-03   2.379898e-18   3463624
  2.460317e+00   2.763872e-15   3.068043e-03   2.337024e-18   3499790
  2.470951e+00   2.707956e-15   3.070702e-03   2.293180e-18   3533560
  2.481588e+00   2.651471e-15   3.069830e-03   2.245599e-18   3561920
  2.492209e+00   2.603450e-15   3.064208e-03   2.204756e-18   3585208
  2.502830e+00   2.548584e-15   3.069185e-03   2.157916e-18   3622518
  2.513468e+00   2.504393e-15   3.072344e-03   2.116315e-18   3657584
  2.524094e+00   2.449737e-15   3.062507e-03   2.079746e-18   3676440
  2.534707e+00   2.411924e-15   3.065232e-03   2.043802e-18   3711282
  2.545334e+00   2.357596e-15   3.068763e-03   1.998431e-18   3747696
  2.555965e+00   2.311485e-15   3.067225e-03   1.963643e-18   3776188
  2.566601e+00   2.270035e-15   3.074483e-03   1.924165e-18   3815304
  2.577232e+00   2.224168e-15   3.064660e-03   1.892555e-18   3835370
  2.587856e+00   2.183216e-15   3.068926e-03   1.854845e-18   3873424
  2.598487e+00   2.138193e-15   3.067978e-03   1.819004e-18   3903420
  2.609117e+00   2.102036e-15   3.070036e-03   1.784551e-18   3937624
  2.619745e+00   2.056735e-15   3.066011e-03   1.752118e-18   3965658
  2.630375e+00   2.026105e-15   3.069802e-03   1.723887e-18   4002984
  2.641001e+00   1.980916e-15   3.065136e-03   1.690663e-18   4027928
  2.651616e+00   1.941288e-15   3.064941e-03   1.661247e-18   4059844
  2.662241e+00   1.906602e-15   3.069945e-03   1.627649e-18   4100338
  2.672876e+00   1.869362e-15   3.069128e-03   1.600268e-18   4132264
  2.683506e+00   1.835628e-15   3.068474e-03   1.570546e-18   4163216
  2.694131e+00   1.795582e-15   3.066146e-03   1.541426e-18   4193350
  2.704761e+00   1.762316e-15   3.071068e-03   1.510825e-18   4234456
  2.715390e+00   1.727493e-15   3.064079e-03   1.485570e-18   4257264
  2.726012e+00   1.693305e-15   3.069774e-03   1.457226e-18   4297352
  2.736640e+00   1.665976e-15   3.067495e-03   1.432310e-18   4328642
  2.747272e+00   1.631634e-15   3.070663e-03   1.402497e-18   4367948
  2.757895e+00   1.599824e-15   3.061799e-03   1.380255e-18   4388384
  2.768519e+00   1.568000e-15   3.072247e-03   1.354961e-18   4436648
  2.779154e+00   1.540560e-15   3.067997e-03   1.331977e-18   4465658
  2.789787e+00   1.510238e-15   3.069677e-03   1.306341e-18   4502948
  2.800413e+00   1.476096e-15   3.064787e-03   1.285023e-18   4528880
  2.811033e+00   1.456335e-15   3.067181e-03   1.263983e-18   4566290
  2.821663e+00   1.425436e-15   3.070655e-03   1.238705e-18   4606856
  2.832293e+00   1.396408e-15   3.066552e-03   1.218493e-18   4635380
  2.842916e+00   1.373247e-15   3.067131e-03   1.197714e-18   4670384
  2.853543e+00   1.343661e-15   3.069161e-03   1.175241e-18   4709258
  2.864179e+00   1.316883e-15   3.070324e-03   1.153128e-18   4747352
  2.874805e+00   1.294275e-15   3.063655e-03   1.136755e-18   4771664
  2.885427e+00   1.269141e-15   3.068600e-03   1.116130e-18   4813532
  2.896058e+00   1.242857e-15   3.070437e-03   1.094163e-18   4852322
  2.906693e+00   1.220160e-15   3.069013e-03   1.076063e-18   4886480
  2.917320e+00   1.199353e-15   3.066289e-03   1.057314e-18   4917248
  2.927939e+00   1.170611e-15   3.065099e-03   1.038064e-18   4950828
  2.938569e+00   1.152530e-15   3.072788e-03   1.021400e-18   5000170
  2.949204e+00   1.129362e-15   3.066857e-03   1.003732e-18   5026952
  2.959825e+00   1.108441e-15   3.064676e-03   9.871326e-19   5058752
  2.970445e+00   1.085929e-15   3.067741e-03   9.690994e-19   5100722
  2.981076e+00   1.066959e-15   3.068979e-03   9.523811e-19   5140124
  2.991706e+00   1.044135e-15   3.067937e-03   9.351674e-19   5174072
  3.002335e+00   1.026434e-15   3.068928e-03   9.209125e-19   5211608
  3.012962e+00   1.006299e-15   3.067917e-03   9.048304e-19   5247794
  3.023589e+00   9.879941e-16   3.066908e-03   8.901851e-19   5284196
  3.034222e+00   9.670213e-16   3.071657e-03   8.737125e-19   5328800
  3.044847e+00   9.509601e-16   3.063109e-03   8.612056e-19   5350872
  3.055470e+00   9.317247e-16   3.069608e-03   8.454922e-19   5400634
  3.066097e+00   9.138851e-16   3.065291e-03   8.300560e-19   5430968
  3.076725e+00   8.944042e-16   3.070185e-03   8.164655e-19   5475908
  3.087355e+00   8.789650e-16   3.068352e-03   8.031829e-19   5510016
  3.097986e+00   8.636257e-16   3.069695e-03   7.896155e-19   5552114
  3.108620e+00   8.464871e-16   3.068841e-03   7.766780e-19   5588944
  3.119249e+00   8.301498e-16   3.067703e-03   7.640546e-19   5623828
  3.129873e+00   8.141565e-16   3.066629e-03   7.508454e-19   5660722
  3.140497e+00   7.993745e-16   3.066422e-03   7.386901e-19   5699896
  3.151124e+00   7.826683e-16   3.068968e-03   7.260916e-19   5741936
  3.161754e+00   7.697966e-16   3.069010e-03   7.140296e-19   5779568
  3.172381e+00   7.540428e-16   3.067639e-03   7.021132e-19   5817222
  3.183006e+00   7.407084e-16   3.066013e-03   6.911925e-19   5854600
  3.193635e+00   7.271376e-16   3.069791e-03   6.790132e-19   5900040
  3.204262e+00   7.113513e-16   3.066501e-03   6.688123e-19   5931976
  3.214890e+00   7.008899e-16   3.070101e-03   6.575309e-19   5979390
  3.225518e+00   6.860301e-16   3.065321e-03   6.471216e-19   6010200
  3.236144e+00   6.735138e-16   3.069327e-03   6.358357e-19   6056496
  3.246769e+00   6.606010e-16   3.066211e-03   6.262303e-19   6089504
  3.257396e+00   6.479556e-16   3.069391e-03   6.158800e-19   6137114
  3.268025e+00   6.357909e-16   3.067201e-03   6.060623e-19   6173332
  3.278652e+00   6.235120e-16   3.067882e-03   5.959879e-19   6214128
  3.289279e+00   6.102713e-16   3.067306e-03   5.865953e-19   6253874
  3.299910e+00   6.021390e-16   3.069629e-03   5.768625e-19   6300104
  3.310539e+00   5.891371e-16   3.066365e-03   5.679529e-19   6332612
  3.321166e+00   5.786646e-16   3.070240e-03   5.587824e-19   6379768
  3.331797e+00   5.673826e-16   3.068597e-03   5.490901e-19   6418218
  3.342427e+00   5.563201e-16   3.068360e-03   5.403216e-19   6459880
  3.353052e+00   5.450186e-16   3.066116e-03   5.323325e-19   6495652
  3.363680e+00   5.345677e-16   3.070231e-03   5.229304e-19   6545296
  3.374311e+00   5.260902e-16   3.067227e-03   5.153756e-19   6581570
  3.384935e+00   5.167831e-16   3.065246e-03   5.078096e-19   6618960
  3.395556e+00   5.058137e-16   3.067158e-03   4.997218e-19   6663352
  3.406178e+00   4.972433e-16   3.065376e-03   4.919274e-19   6701334
  3.416809e+00   4.881925e-16   3.072512e-03   4.834860e-19   6759920
  3.427444e+00   4.783777e-16   3.067179e-03   4.768639e-19   6789696
  3.438073e+00   4.697424e-16   3.069955e-03   4.690936e-19   6837208
  3.448703e+00   4.600138e-16   3.067492e-03   4.613365e-19   6874966
  3.459333e+00   4.522708e-16   3.068613e-03   4.548045e-19   6920864
  3.469960e+00   4.428988e-16   3.066758e-03   4.473981e-19   6957816
  3.480585e+00   4.346774e-16   3.068144e-03   4.405886e-19   7002232
  3.491208e+00   4.271792e-16   3.066540e-03   4.332713e-19   7043114
  3.501840e+00   4.186483e-16   3.070403e-03   4.264886e-19   7096020
  3.512471e+00   4.103126e-16   3.067394e-03   4.199200e-19   7130640
  3.523097e+00   4.034469e-16   3.068276e-03   4.139419e-19   7175472
  3.533723e+00   3.965734e-16   3.067248e-03   4.079041e-19   7217786
  3.544353e+00   3.885213e-16   3.068999e-03   4.013960e-19   7265564
  3.554979e+00   3.828646e-16   3.066319e-03   3.954987e-19   7301288
  3.565600e+00   3.745025e-16   3.066375e-03   3.893140e-19   7345330
  3.576227e+00   3.683939e-16   3.069052e-03   3.832581e-19   7397048
  3.586856e+00   3.601896e-16   3.067039e-03   3.776046e-19   7435920
  3.597485e+00   3.539106e-16   3.069220e-03   3.715086e-19   7484140
  3.608113e+00   3.474572e-16   3.067643e-03   3.663179e-19   7525578
  3.618741e+00   3.423484e-16   3.067518e-03   3.608822e-19   7571376
  3.629371e+00   3.355475e-16   3.068480e-03   3.549250e-19   7617064
  3.640002e+00   3.289153e-16   3.069456e-03   3.495028e-19   7662092
  3.650627e+00   3.230264e-16   3.066324e-03   3.447891e-19   7699658
  3.661254e+00   3.162865e-16   3.068945e-03   3.389630e-19   7752416
  3.671886e+00   3.114910e-16   3.069408e-03   3.343839e-19   7797776
  3.682511e+00   3.051998e-16   3.065176e-03   3.294315e-19   7831720
  3.693136e+00   2.988454e-16   3.069723e-03   3.242823e-19   7889926
  3.703768e+00   2.930309e-16   3.067981e-03   3.192673e-19   7931480
  3.714397e+00   2.902298e-16   3.068251e-03   3.151031e-19   7976688
  3.725016e+00   2.841394e-16   3.062621e-03   3.102865e-19   8007786
  3.735639e+00   2.788967e-16   3.070332e-03   3.054202e-19   8074564
  3.746275e+00   2.737880e-16   3.070085e-03   3.008848e-19   8118904
  3.756904e+00   2.679633e-16   3.066957e-03   2.965544e-19   8155824
  3.767533e+00   2.638650e-16   3.070641e-03   2.923822e-19   8212802
  3.778161e+00   2.588209e-16   3.065118e-03   2.881519e-19   8245268
  3.788791e+00   2.540466e-16   3.071754e-03   2.837118e-19   8308816
  3.799422e+00   2.497000e-16   3.066301e-03   2.795535e-19   8340304
  3.810044e+00   2.453890e-16   3.066222e-03   2.756452e-19   8387738
  3.820668e+00   2.403402e-16   3.067207e-03   2.715461e-19   8437624
  3.831296e+00   2.356978e-16   3.068826e-03   2.671677e-19   8487796
  3.841921e+00   2.320479e-16   3.066430e-03   2.638329e-19   8527936
  3.852549e+00   2.282305e-16   3.069409e-03   2.599687e-19   8585122
  3.863180e+00   2.239757e-16   3.067925e-03   2.558497e-19   8628200
  3.873811e+00   2.198746e-16   3.069670e-03   2.524151e-19   8679484
  3.884439e+00   2.159576e-16   3.067320e-03   2.487527e-19   8721466
  3.895064e+00   2.117263e-16   3.065795e-03   2.453361e-19   8765840
  3.905692e+00   2.079325e-16   3.070355e-03   2.415097e-19   8825136
  3.916320e+00   2.044537e-16   3.066753e-03   2.382771e-19   8861768
  3.926948e+00   2.004194e-16   3.069321e-03   2.347653e-19   8919278
  3.937577e+00   1.975827e-16   3.066595e-03   2.315657e-19   8961008
  3.948205e+00   1.934430e-16   3.068779e-03   2.280233e-19   9014456
  3.958835e+00   1.904802e-16   3.068818e-03   2.247344e-19   9062240
  3.969465e+00   1.865386e-16   3.068277e-03   2.217771e-19   9110510
  3.980091e+00   1.836157e-16   3.066455e-03   2.186031e-19   9154048
  3.990712e+00   1.799704e-16   3.065703e-03   2.152648e-19   9198928
  4.001336e+00   1.770783e-16   3.068826e-03   2.125289e-19   9257194
  4.011967e+00   1.740254e-16   3.069362e-03   2.092366e-19   9310168
  4.022596e+00   1.710708e-16   3.066324e-03   2.065537e-19   9350316
  4.033222e+00   1.679245e-16   3.069210e-03   2.036452e-19   9407120
  4.043852e+00   1.647400e-16   3.068250e-03   2.006735e-19   9454642
  4.054482e+00   1.614796e-16   3.068405e-03   1.980209e-19   9506272
  4.065111e+00   1.589530e-16   3.067355e-03   1.951679e-19   9551228
  4.075735e+00   1.566528e-16   3.067594e-03   1.925692e-19   9600264
  4.086360e+00   1.537053e-16   3.067530e-03   1.896987e-19   9651458
  4.096991e+00   1.516970e-16   3.070122e-03   1.871734e-19   9711488
  4.107620e+00   1.482870e-16   3.066189e-03   1.844871e-19   9749144
  4.118247e+00   1.457694e-16   3.069033e-03   1.817666e-19   9807908
  4.128876e+00   1.428979e-16   3.067607e-03   1.794193e-19   9854786
  4.139508e+00   1.408867e-16   3.070269e-03   1.768873e-19   9914304
  4.150134e+00   1.380304e-16   3.064668e-03   1.746323e-19   9945544
  4.160753e+00   1.358229e-16   3.066794e-03   1.721847e-19   10003414
  4.171379e+00   1.333942e-16   3.068671e-03   1.697097e-19   10062032
  4.182011e+00   1.308665e-16   3.069142e-03   1.674962e-19   10114792
  4.192645e+00   1.285133e-16   3.070449e-03   1.650783e-19   10169936
  4.203267e+00   1.264779e-16   3.062650e-03   1.631161e-19   10196602
  4.213895e+00   1.247266e-16   3.072265e-03   1.605362e-19   10281156
  4.224526e+00   1.222935e-16   3.065688e-03   1.587130e-19   10309376
  4.235150e+00   1.203192e-16   3.068567e-03   1.563484e-19   10369856
  4.245775e+00   1.178970e-16   3.066063e-03   1.542694e-19   10415370
  4.256404e+00   1.161370e-16   3.070045e-03   1.520622e-19   10481988
  4.267039e+00   1.144874e-16   3.069556e-03   1.500594e-19   10531200
  4.277665e+00   1.124124e-16   3.065408e-03   1.481030e-19   10569416
  4.288289e+00   1.106121e-16   3.068216e-03   1.462419e-19   10633066
  4.298919e+00   1.084834e-16   3.068866e-03   1.440960e-19   10687548
  4.309552e+00   1.061575e-16   3.070419e-03   1.420240e-19   10743968
  4.320180e+00   1.046710e-16   3.065849e-03   1.402902e-19   10782130
  4.330801e+00   1.031720e-16   3.066095e-03   1.383219e-19   10837792
  4.341427e+00   1.012468e-16   3.068321e-03   1.365673e-19   10897368
  4.352058e+00   9.968332e-17   3.069642e-03   1.347488e-19   10953940
  4.362687e+00   9.819263e-17   3.067969e-03   1.329477e-19   11003274
  4.373313e+00   9.673267e-17   3.066343e-03   1.313884e-19   11052800
  4.383943e+00   9.459219e-17   3.070099e-03   1.294097e-19   11118176
  4.394573e+00   9.320280e-17   3.067934e-03   1.277275e-19   11162268
  4.405196e+00   9.152855e-17   3.066117e-03   1.261538e-19   11211458
  4.415820e+00   9.019786e-17   3.067310e-03   1.245237e-19   11271888
  4.426448e+00   8.892330e-17   3.068640e-03   1.228247e-19   11329304
  4.437073e+00   8.735012e-17   3.066385e-03   1.212034e-19   11375026
  4.447701e+00   8.589068e-17   3.069261e-03   1.196076e-19   11442532
  4.458330e+00   8.445720e-17   3.066551e-03   1.181860e-19   11487264
  4.468957e+00   8.306884e-17   3.068098e-03   1.165485e-19   11545680
  4.479587e+00   8.157551e-17   3.069842e-03   1.149806e-19   11607058
  4.490221e+00   8.045395e-17   3.069925e-03   1.135031e-19   11664300
  4.500851e+00   7.919995e-17   3.066963e-03   1.120228e-19   11707488
  4.511474e+00   7.780871e-17   3.066617e-03   1.106212e-19   11759536
  4.522104e+00   7.658935e-17   3.071176e-03   1.091667e-19   11833690
  4.532737e+00   7.489153e-17   3.067542e-03   1.077247e-19   11877808
  4.543362e+00   7.394217e-17   3.065778e-03   1.063713e-19   11925836
  4.553987e+00   7.308523e-17   3.068899e-03   1.048683e-19   11992168
  4.564616e+00   7.188083e-17   3.067784e-03   1.036559e-19   12044554
  4.575242e+00   7.047551e-17   3.067168e-03   1.023468e-19   12098976
  4.585865e+00   6.963935e-17   3.066173e-03   1.011088e-19   12149996
  4.596487e+00   6.842985e-17   3.067038e-03   9.982126e-20   12209594
  4.607117e+00   6.732787e-17   3.069983e-03   9.852306e-20   12279272
  4.617752e+00   6.627578e-17   3.070004e-03   9.731219e-20   12336072
  4.628383e+00   6.552672e-17   3.067416e-03   9.606654e-20   12381744
  4.639009e+00   6.456247e-17   3.068068e-03   9.483019e-20   12441590
  4.649637e+00   6.337532e-17   3.067557e-03   9.365345e-20   12497256
  4.660262e+00   6.252928e-17   3.066825e-03   9.258174e-20   12550032
  4.670884e+00   6.162787e-17   3.066185e-03   9.138473e-20   12603936
  4.681508e+00   6.060628e-17   3.068111e-03   9.019608e-20   12671230
  4.692142e+00   5.967782e-17   3.070828e-03   8.900703e-20   12740920
  4.702775e+00   5.884355e-17   3.067767e-03   8.796074e-20   12784560
  4.713398e+00   5.788290e-17   3.065894e-03   8.684143e-20   12834176
  4.724025e+00   5.692915e-17   3.069663e-03   8.581007e-20   12909006
  4.734656e+00   5.611818e-17   3.068089e-03   8.470451e-20   12959680
  4.745283e+00   5.519336e-17   3.067551e-03   8.369136e-20   13014232
  4.755909e+00   5.436226e-17   3.068154e-03   8.264731e-20   13076514
  4.766534e+00   5.371501e-17   3.065684e-03   8.166862e-20   13127112
  4.777164e+00   5.282778e-17   3.070665e-03   8.064135e-20   13205852
  4.787797e+00   5.205611e-17   3.068206e-03   7.968355e-20   13252032
  4.798423e+00   5.128922e-17   3.066967e-03   7.868807e-20   13307450
  4.809051e+00   5.054821e-17   3.068506e-03   7.767632e-20   13374160
  4.819680e+00   4.966201e-17   3.067567e-03   7.679252e-20   13426348
  4.830308e+00   4.900658e-17   3.069633e-03   7.587305e-20   13492760
  4.840934e+00   4.850536e-17   3.066142e-03   7.496168e-20   13539546
  4.851560e+00   4.757545e-17   3.068338e-03   7.404610e-20   13610704
  4.862187e+00   4.707801e-17   3.066835e-03   7.316603e-20   13662024
  4.872813e+00   4.636496e-17   3.068248e-03   7.224429e-20   13727492
  4.883443e+00   4.571260e-17   3.069111e-03   7.139622e-20   13793394
  4.894073e+00   4.502813e-17   3.067154e-03   7.054628e-20   13844456
  4.904699e+00   4.441634e-17   3.067927e-03   6.966152e-20   13905184
  4.915325e+00   4.387490e-17   3.067971e-03   6.890939e-20   13965958
  4.925951e+00   4.308776e-17   3.067148e-03   6.808185e-20   14025192
  4.936580e+00   4.256926e-17   3.068951e-03   6.719712e-20   14093768
  4.947211e+00   4.214473e-17   3.068454e-03   6.648302e-20   14150440
  4.957840e+00   4.149410e-17   3.068630e-03   6.565650e-20   14213450
  4.968468e+00   4.089345e-17   3.066726e-03   6.490742e-20   14267036
  4.979095e+00   4.031813e-17   3.068568e-03   6.416276e-20   14335032
  4.989722e+00   3.971425e-17   3.067092e-03   6.332637e-20   14387664
  5.000347e+00   3.920562e-17   3.068270e-03   6.264140e-20   14455698
  5.010977e+00   3.886628e-17   3.068677e-03   6.196882e-20   14520452
  5.021607e+00   3.836941e-17   3.068497e-03   6.123233e-20   14580272
  5.032232e+00   3.771642e-17   3.065614e-03   6.053323e-20   14628050
  5.042860e+00   3.721732e-17   3.070982e-03   5.980344e-20   14716744
  5.053489e+00   3.670575e-17   3.065407e-03   5.915628e-20   14751712
  5.064115e+00   3.631351e-17   3.069456e-03   5.844417e-20   14831620
  5.074740e+00   3.589892e-17   3.065470e-03   5.778677e-20   14875522
  5.085366e+00   3.547226e-17   3.068961e-03   5.712599e-20   14956720
  5.095994e+00   3.496957e-17   3.066998e-03   5.651028e-20   15008272
  5.106620e+00   3.445825e-17   3.067783e-03   5.585971e-20   15073780
  5.117248e+00   3.418560e-17   3.069002e-03   5.522494e-20   15144866
  5.127883e+00   3.363992e-17   3.070052e-03   5.457354e-20   15213872
  5.138515e+00   3.305205e-17   3.067931e-03   5.396370e-20   15263976
  5.149140e+00   3.275389e-17   3.066723e-03   5.340322e-20   15320236
  5.159767e+00   3.241550e-17   3.069367e-03   5.274867e-20   15398322
  5.170396e+00   3.216706e-17   3.067121e-03   5.218943e-20   15450864
  5.181021e+00   3.159860e-17   3.067373e-03   5.164849e-20   15513888
  5.191645e+00   3.125625e-17   3.066596e-03   5.108413e-20   15574626
  5.202274e+00   3.084205e-17   3.069893e-03   5.045370e-20   15657956
  5.212904e+00   3.046313e-17   3.066736e-03   4.993166e-20   15704248
  5.223531e+00   3.009423e-17   3.068512e-03   4.945708e-20   15774824
  5.234161e+00   2.978455e-17   3.069354e-03   4.888061e-20   15844898
  5.244790e+00   2.940392e-17   3.066994e-03   4.838909e-20   15898956
  5.255415e+00   2.916138e-17   3.067091e-03   4.785019e-20   15961768
  5.266040e+00   2.875944e-17   3.068481e-03   4.727559e-20   16032208
  5.276669e+00   2.838818e-17   3.068464e-03   4.676930e-20   16099530
  5.287295e+00   2.819060e-17   3.065856e-03   4.632285e-20   16152712
  5.297924e+00   2.775912e-17   3.069693e-03   4.584577e-20   16235740
  5.308553e+00   2.754859e-17   3.067725e-03   4.533094e-20   16288856
  5.319183e+00   2.729427e-17   3.069408e-03   4.485672e-20   16365074
  5.329812e+00   2.686961e-17   3.067066e-03   4.438143e-20   16418248
  5.340434e+00   2.660856e-17   3.065573e-03   4.391584e-20   16473180
  5.351058e+00   2.639499e-17   3.069491e-03   4.345483e-20   16560234
  5.361687e+00   2.599614e-17   3.067046e-03   4.301202e-20   16616088
  5.372317e+00   2.579480e-17   3.069133e-03   4.261139e-20   16693264
  5.382948e+00   2.548916e-17   3.068526e-03   4.215367e-20   16753864
  5.393577e+00   2.522388e-17   3.068569e-03   4.172784e-20   16820702
  5.404204e+00   2.504011e-17   3.066887e-03   4.130325e-20   16879288
  5.414832e+00   2.475857e-17   3.068277e-03   4.089454e-20   16951712
  5.425456e+00   2.445575e-17   3.066689e-03   4.051049e-20   17007560
  5.436084e+00   2.422632e-17   3.069534e-03   4.006914e-20   17092086
  5.446713e+00   2.402751e-17   3.067265e-03   3.966832e-20   17148392
  5.457342e+00   2.376701e-17   3.068696e-03   3.927088e-20   17222288
  5.467971e+00   2.355873e-17   3.068089e-03   3.887502e-20   17285096
  5.478597e+00   2.337664e-17   3.066549e-03   3.853679e-20   17344826
  5.489223e+00   2.309497e-17   3.068300e-03   3.812145e-20   17421236
  5.499853e+00   2.293869e-17   3.069479e-03   3.775902e-20   17494160
  5.510478e+00   2.266172e-17   3.065109e-03   3.740300e-20   17538122
  5.521100e+00   2.240204e-17   3.067347e-03   3.708760e-20   17620136
  5.531731e+00   2.226438e-17   3.069687e-03   3.668210e-20   17700428
  5.542362e+00   2.196777e-17   3.068482e-03   3.634589e-20   17760320
  5.552991e+00   2.182326e-17   3.068060e-03   3.602618e-20   17827562
  5.563619e+00   2.162093e-17   3.067912e-03   3.565130e-20   17895488
  5.574247e+00   2.143340e-17   3.068230e-03   3.536712e-20   17963576
  5.584874e+00   2.129631e-17   3.067616e-03   3.501174e-20   18027500
  5.595502e+00   2.108363e-17   3.068831e-03   3.470801e-20   18105650
  5.606129e+00   2.089871e-17   3.066269e-03   3.436122e-20   18160880
  5.616752e+00   2.082675e-17   3.067084e-03   3.408301e-20   18233144
  5.627379e+00   2.054949e-17   3.067872e-03   3.377863e-20   18307310
  5.638008e+00   2.045578e-17   3.068420e-03   3.346999e-20   18381680
  5.648639e+00   2.030400e-17   3.068723e-03   3.318411e-20   18450536
  5.659270e+00   2.011273e-17   3.069549e-03   3.290580e-20   18522128
  5.669897e+00   1.987918e-17   3.067067e-03   3.261120e-20   18578414
  5.680523e+00   1.967974e-17   3.067781e-03   3.230355e-20   18654304
  5.691150e+00   1.956394e-17   3.067639e-03   3.205280e-20   18722304
  5.701780e+00   1.945642e-17   3.069442e-03   3.176036e-20   18802472
  5.712409e+00   1.934684e-17   3.067729e-03   3.151863e-20   18864266
  5.723037e+00   1.923678e-17   3.067347e-03   3.128024e-20   18933260
  5.733662e+00   1.907235e-17   3.066799e-03   3.100648e-20   18997448
  5.744288e+00   1.897499e-17   3.068953e-03   3.075086e-20   19079816
  5.754917e+00   1.881601e-17   3.067744e-03   3.052407e-20   19145330
  5.765545e+00   1.864410e-17   3.067941e-03   3.024829e-20   19218276
  5.776172e+00   1.853387e-17   3.067784e-03   2.999157e-20   19286200
  5.786797e+00   1.845374e-17   3.066457e-03   2.979354e-20   19349738
  5.797427e+00   1.831711e-17   3.070714e-03   2.954619e-20   19450040
  5.808057e+00   1.818686e-17   3.065907e-03   2.934596e-20   19489688
  5.818683e+00   1.807661e-17   3.068803e-03   2.909436e-20   19576868
  5.829310e+00   1.799590e-17   3.067331e-03   2.890724e-20   19640282
  5.839940e+00   1.785471e-17   3.069683e-03   2.867099e-20   19728800
  5.850566e+00   1.772795e-17   3.065237e-03   2.847072e-20   19770152
  5.861190e+00   1.765986e-17   3.068717e-03   2.826895e-20   19863516
  5.871821e+00   1.754384e-17   3.069639e-03   2.806510e-20   19943594
  5.882452e+00   1.743767e-17   3.067597e-03   2.787514e-20   20003440
  5.893081e+00   1.729927e-17   3.068832e-03   2.767029e-20   20081768
  5.903706e+00   1.714897e-17   3.066188e-03   2.747841e-20   20136200
  5.914335e+00   1.715643e-17   3.070449e-03   2.727718e-20   20238094
  5.924964e+00   1.703345e-17   3.066146e-03   2.709775e-20   20282544
  5.935584e+00   1.692690e-17   3.065727e-03   2.695295e-20   20351720
  5.946209e+00   1.683152e-17   3.068474e-03   2.675451e-20   20444714
  5.956838e+00   1.680205e-17   3.067781e-03   2.661660e-20   20515116
  5.967470e+00   1.665289e-17   3.070149e-03   2.640721e-20   20602384
  5.978102e+00   1.659604e-17   3.068165e-03   2.625898e-20   20659872
  5.988728e+00   1.652580e-17   3.067093e-03   2.612837e-20   20727682
  5.999356e+00   1.647262e-17   3.068732e-03   2.596739e-20   20814416
  6.009986e+00   1.638114e-17   3.068153e-03   2.579799e-20   20881100
  6.020612e+00   1.629411e-17   3.068117e-03   2.566418e-20   20953688
  6.031238e+00   1.626560e-17   3.066654e-03   2.550449e-20   21021050
  6.041866e+00   1.616851e-17   3.068891e-03   2.536888e-20   21111632
  6.052496e+00   1.612881e-17   3.068341e-03   2.522448e-20   21179972
  6.063121e+00   1.604870e-17   3.066368e-03   2.513157e-20   21240488
  6.073747e+00   1.604944e-17   3.068419e-03   2.500528e-20   21331418
  6.084375e+00   1.593560e-17   3.067338e-03   2.490580e-20   21397304
  6.095000e+00   1.592938e-17   3.067405e-03   2.478722e-20   21469764
  6.105627e+00   1.580863e-17   3.068819e-03   2.464125e-20   21556122
  6.116254e+00   1.575349e-17   3.066479e-03   2.453186e-20   21618312
  6.126884e+00   1.568132e-17   3.069809e-03   2.441014e-20   21716096
  6.137516e+00   1.563736e-17   3.068719e-03   2.428453e-20   21781352
  6.148144e+00   1.564397e-17   3.067428e-03   2.420870e-20   21848870
  6.158771e+00   1.556881e-17   3.067652e-03   2.410212e-20   21927536
  6.169400e+00   1.551791e-17   3.068795e-03   2.401863e-20   22008944
  6.180028e+00   1.547215e-17   3.067865e-03   2.392966e-20   22076136
  6.190652e+00   1.542355e-17   3.066547e-03   2.382432e-20   22145270
  6.201282e+00   1.531313e-17   3.070373e-03   2.373556e-20   22250960
  6.211913e+00   1.531480e-17   3.066914e-03   2.366827e-20   22300864
  6.222538e+00   1.528211e-17   3.067186e-03   2.358360e-20   22378586
  6.233165e+00   1.522788e-17   3.068261e-03   2.353027e-20   22464104
  6.243795e+00   1.526397e-17   3.068708e-03   2.344215e-20   22542892
  6.254421e+00   1.523089e-17   3.067123e-03   2.338097e-20   22606008
  6.265047e+00   1.516732e-17   3.067919e-03   2.329112e-20   22690002
  6.275673e+00   1.519043e-17   3.066936e-03   2.329242e-20   22762216
  6.286298e+00   1.493991e-17   3.068880e-03   2.305045e-20   22815779
  6.296927e+00   1.451333e-17   3.067733e-03   2.268814e-20   22772312
  6.307555e+00   1.398256e-17   3.067923e-03   2.224184e-20   22733708
  6.318183e+00   1.354994e-17   3.068441e-03   2.184732e-20   22697672
  6.328811e+00   1.310669e-17   3.067507e-03   2.148182e-20   22651460
  6.339438e+00   1.265102e-17   3.068199e-03   2.107558e-20   22616024
  6.350068e+00   1.226954e-17   3.069309e-03   2.070802e-20   22583496
  6.360694e+00   1.188611e-17   3.065960e-03   2.034232e-20   22519252
  6.371317e+00   1.153999e-17   3.067197e-03   2.000775e-20   22488992
  6.381944e+00   1.113794e-17   3.067780e-03   1.965660e-20   22453172
  6.392574e+00   1.078751e-17   3.069105e-03   1.932596e-20   22420584
  6.403204e+00   1.050232e-17   3.068296e-03   1.903810e-20   22371700
  6.413832e+00   1.015526e-17   3.068296e-03   1.871252e-20   22329896
  6.424460e+00   9.838181e-18   3.067512e-03   1.840432e-20   22282876
  6.435088e+00   9.520426e-18   3.068899e-03   1.810414e-20   22250692
  6.445715e+00   9.250157e-18   3.066872e-03   1.781995e-20   22194436
  6.456340e+00   8.956837e-18   3.066996e-03   1.754656e-20   22153540
  6.466968e+00   8.715811e-18   3.068722e-03   1.726464e-20   22122584
  6.477597e+00   8.437857e-18   3.067957e-03   1.699895e-20   22073004
  6.488227e+00   8.186923e-18   3.069406e-03   1.670492e-20   22039640
  6.498854e+00   7.955261e-18   3.066107e-03   1.649317e-20   21971624
  6.509482e+00   7.731228e-18   3.070097e-03   1.621320e-20   21955708
  6.520106e+00   7.495818e-18   3.063845e-03   1.599488e-20   21867720
  6.530733e+00   7.315511e-18   3.071600e-03   1.574126e-20   21878900
  6.541363e+00   7.035093e-18   3.065935e-03   1.551768e-20   21794260
  6.551990e+00   6.867645e-18   3.068881e-03   1.528895e-20   21770256
  6.562619e+00   6.665115e-18   3.068010e-03   1.507202e-20   21718124
  6.573247e+00   6.515489e-18   3.067905e-03   1.485539e-20   21671096
  6.583874e+00   6.310641e-18   3.067932e-03   1.464851e-20   21625412
  6.594503e+00   6.154691e-18   3.069070e-03   1.441900e-20   21587284
  6.605129e+00   5.993785e-18   3.066010e-03   1.422003e-20   21519648
  6.615755e+00   5.830139e-18   3.068792e-03   1.402025e-20   21493344
  6.626384e+00   5.649255e-18   3.067812e-03   1.383224e-20   21439360
  6.637013e+00   5.508577e-18   3.068679e-03   1.363638e-20   21398900
  6.647644e+00   5.348778e-18   3.068668e-03   1.346002e-20   21351488
  6.658271e+00   5.218854e-18   3.066526e-03   1.328144e-20   21288012
  6.668898e+00   5.098971e-18   3.068796e-03   1.309749e-20   21255052
  6.679525e+00   4.988306e-18   3.067400e-03   1.293989e-20   21196928
  6.690151e+00   4.867207e-18   3.067431e-03   1.274466e-20   21149036
  6.700778e+00   4.697634e-18   3.068015e-03   1.258042e-20   21105304
  6.711407e+00   4.600468e-18   3.068524e-03   1.241994e-20   21059992
  6.722038e+00   4.470053e-18   3.069263e-03   1.225413e-20   21014904
  6.732667e+00   4.394257e-18   3.067536e-03   1.211237e-20   20953620
  6.743293e+00   4.216856e-18   3.067478e-03   1.193922e-20   20902948
  6.753920e+00   4.153119e-18   3.068064e-03   1.179328e-20   20856528
  6.764548e+00   4.043812e-18   3.068448e-03   1.164555e-20   20808868
  6.775174e+00   3.945884e-18   3.066599e-03   1.150318e-20   20746700
  6.785798e+00   3.842071e-18   3.066925e-03   1.135825e-20   20699040
  6.796428e+00   3.744456e-18   3.069860e-03   1.121397e-20   20667584
  6.807054e+00   3.665450e-18   3.064988e-03   1.109075e-20   20583320
  6.817679e+00   3.580676e-18   3.069606e-03   1.094166e-20   20562728
  6.828310e+00   3.503507e-18   3.067915e-03   1.080782e-20   20499120
  6.838938e+00   3.397432e-18   3.068337e-03   1.067024e-20   20448668
  6.849566e+00   3.332233e-18   3.068077e-03   1.054774e-20   20394408
  6.860195e+00   3.235564e-18   3.068320e-03   1.042449e-20   20344236
  6.870823e+00   3.174386e-18   3.067630e-03   1.029156e-20   20287988
  6.881451e+00   3.116566e-18   3.068044e-03   1.017381e-20   20237280
  6.892077e+00   3.029685e-18   3.067320e-03   1.006129e-20   20178328
  6.902707e+00   2.945935e-18   3.069652e-03   9.937141e-21   20139844
  6.913336e+00   2.892761e-18   3.067174e-03   9.824581e-21   20069748
  6.923962e+00   2.853357e-18   3.067514e-03   9.717861e-21   20016800
  6.934587e+00   2.772583e-18   3.067642e-03   9.603364e-21   19962224
  6.945217e+00   2.707807e-18   3.069885e-03   9.491858e-21   19923568
  6.955848e+00   2.661264e-18   3.067490e-03   9.383059e-21   19854300
  6.966474e+00   2.577061e-18   3.067154e-03   9.283910e-21   19797056
  6.977101e+00   2.538440e-18   3.067706e-03   9.176353e-21   19744940
  6.987728e+00   2.488311e-18   3.068174e-03   9.078175e-21   19691768
  6.998356e+00   2.435265e-18   3.067321e-03   8.977190e-21   19629548
  7.008982e+00   2.374058e-18   3.067740e-03   8.872661e-21   19575480
  7.019610e+00   2.320168e-18   3.068413e-03   8.776381e-21   19523296
  7.030241e+00   2.274880e-18   3.069533e-03   8.675194e-21   19474344
  7.040867e+00   2.228711e-18   3.065611e-03   8.592452e-21   19392868
  7.051493e+00   2.186825e-18   3.069073e-03   8.495540e-21   19356176
  7.062123e+00   2.140992e-18   3.068592e-03   8.405527e-21   19294916
  7.072754e+00   2.122953e-18   3.069110e-03   8.320111e-21   19240856
  7.083382e+00   2.099704e-18   3.067066e-03   8.230900e-21   19170884
  7.094007e+00   2.031601e-18   3.066966e-03   8.143488e-21   19111352
  7.104633e+00   2.003102e-18   3.068278e-03   8.058482e-21   19060016
  7.115261e+00   1.920556e-18   3.067998e-03   7.971239e-21   18999752
  7.125886e+00   1.892072e-18   3.066210e-03   7.896134e-21   18930272
  7.136511e+00   1.877289e-18   3.068009e-03   7.815111e-21   18882340
  7.147141e+00   1.831172e-18   3.069133e-03   7.728698e-21   18829056
  7.157770e+00   1.814897e-18   3.067293e-03   7.652031e-21   18757640
  7.168398e+00   1.769569e-18   3.069197e-03   7.568609e-21   18709036
  7.179027e+00   1.735257e-18   3.067378e-03   7.500233e-21   18637668
  7.189656e+00   1.716850e-18   3.069146e-03   7.421693e-21   18587048
  7.200283e+00   1.689647e-18   3.066626e-03   7.355737e-21   18510972
  7.210909e+00   1.663052e-18   3.067730e-03   7.283282e-21   18456692
  7.221535e+00   1.621895e-18   3.067567e-03   7.211912e-21   18394084
  7.232164e+00   1.598455e-18   3.069110e-03   7.144155e-21   18341352
  7.242794e+00   1.559004e-18   3.068234e-03   7.071602e-21   18273884
  7.253423e+00   1.525477e-18   3.068036e-03   7.007422e-21   18211148
  7.264048e+00   1.512235e-18   3.066171e-03   6.939892e-21   18137692
  7.274674e+00   1.484748e-18   3.069088e-03   6.870537e-21   18091580
  7.285305e+00   1.449379e-18   3.068515e-03   6.807699e-21   18024560
  7.295932e+00   1.431450e-18   3.067362e-03   6.743694e-21   17955116
  7.306559e+00   1.408867e-18   3.067637e-03   6.687140e-21   17893232
  7.317187e+00   1.372162e-18   3.068343e-03   6.622394e-21   17832620
  7.327816e+00   1.352663e-18   3.068327e-03   6.557042e-21   17767864
  7.338445e+00   1.330818e-18   3.068809e-03   6.500405e-21   17706956
  7.349073e+00   1.312391e-18   3.066947e-03   6.441474e-21   17632632
  7.359699e+00   1.293870e-18   3.068061e-03   6.385998e-21   17573524
  7.370327e+00   1.277114e-18   3.067901e-03   6.328565e-21   17506380
  7.380954e+00   1.251852e-18   3.068207e-03   6.269690e-21   17442548
  7.391580e+00   1.215133e-18   3.066528e-03   6.220402e-21   17368556
  7.402208e+00   1.204419e-18   3.069314e-03   6.158704e-21   17318260
  7.412837e+00   1.188835e-18   3.067939e-03   6.107256e-21   17243792
  7.423463e+00   1.181560e-18   3.066549e-03   6.057283e-21   17169716
  7.434088e+00   1.145410e-18   3.067759e-03   6.006837e-21   17109768
  7.444715e+00   1.133741e-18   3.068012e-03   5.954588e-21   17044064
  7.455345e+00   1.127614e-18   3.068894e-03   5.900949e-21   16981560
  7.465972e+00   1.111290e-18   3.066680e-03   5.855126e-21   16902264
  7.476600e+00   1.096945e-18   3.069499e-03   5.804006e-21   16849940
  7.487230e+00   1.068952e-18   3.067461e-03   5.756402e-21   16770600
  7.497858e+00   1.050143e-18   3.068497e-03   5.711731e-21   16707512
  7.508485e+00   1.050055e-18   3.067634e-03   5.660088e-21   16634480
  7.519114e+00   1.031716e-18   3.068242e-03   5.614356e-21   16569424
  7.529741e+00   1.022005e-18   3.067751e-03   5.572813e-21   16497216
  7.540372e+00   9.972673e-19   3.069501e-03   5.528352e-21   16436416
  7.550999e+00   9.827156e-19   3.067032e-03   5.484699e-21   16353532
  7.561624e+00   9.682086e-19   3.067126e-03   5.443409e-21   16284908
  7.572251e+00   9.513087e-19   3.068426e-03   5.396319e-21   16221948
  7.582881e+00   9.433810e-19   3.068614e-03   5.355368e-21   16152552
  7.593510e+00   9.113613e-19   3.068122e-03   5.317186e-21   16078864
  7.604137e+00   9.205956e-19   3.067536e-03   5.278207e-21   16005296
  7.614766e+00   9.118009e-19   3.068300e-03   5.237481e-21   15938220
  7.625392e+00   8.906324e-19   3.066841e-03   5.197701e-21   15858440
  7.636016e+00   8.927495e-19   3.067373e-03   5.159441e-21   15789252
  7.646642e+00   8.870254e-19   3.067548e-03   5.126333e-21   15718944
  7.657269e+00   8.723586e-19   3.067947e-03   5.082302e-21   15648652
  7.667899e+00   8.547169e-19   3.069201e-03   5.048785e-21   15581944
  7.678531e+00   8.480505e-19   3.069010e-03   5.011201e-21   15508744
  7.689158e+00   8.440416e-19   3.066436e-03   4.972500e-21   15422472
  7.699784e+00   8.310069e-19   3.068878e-03   4.940902e-21   15361536
  7.710413e+00   8.213862e-19   3.067494e-03   4.908175e-21   15281048
  7.721038e+00   8.050402e-19   3.067557e-03   4.868303e-21   15207752
  7.731666e+00   7.986948e-19   3.067687e-03   4.835959e-21   15134800
  7.742292e+00   7.826401e-19   3.067594e-03   4.801641e-21   15059664
  7.752920e+00   7.774957e-19   3.068106e-03   4.773474e-21   14987020
  7.763550e+00   7.743292e-19   3.069757e-03   4.738535e-21   14919936
  7.774179e+00   7.679161e-19   3.066979e-03   4.713173e-21   14831776
  7.784807e+00   7.523506e-19   3.069197e-03   4.677597e-21   14767552
  7.795435e+00   7.471870e-19   3.066309e-03   4.648770e-21   14678336
  7.806062e+00   7.368041e-19   3.069079e-03   4.618409e-21   14615044
  7.816690e+00   7.259270e-19   3.067275e-03   4.589154e-21   14530200
  7.827317e+00   7.110241e-19   3.067927e-03   4.560417e-21   14457000
  7.837945e+00   7.172680e-19   3.068558e-03   4.535108e-21   14383440
  7.848573e+00   7.135101e-19   3.067003e-03   4.504655e-21   14299516
  7.859199e+00   7.022141e-19   3.067899e-03   4.481783e-21   14226024
  7.869825e+00   6.916626e-19   3.067223e-03   4.451715e-21   14145048
  7.880455e+00   6.760631e-19   3.070446e-03   4.424731e-21   14082144
  7.891083e+00   6.710789e-19   3.065393e-03   4.399677e-21   13981640
  7.901708e+00   6.686707e-19   3.068688e-03   4.374526e-21   13918460
  7.912338e+00   6.686531e-19   3.068702e-03   4.344566e-21   13839752
  7.922969e+00   6.795272e-19   3.069182e-03   4.323598e-21   13762736
  7.933598e+00   6.446305e-19   3.067868e-03   4.298877e-21   13677980
  7.944225e+00   6.477414e-19   3.067250e-03   4.276392e-21   13596196
  7.954850e+00   6.448433e-19   3.067470e-03   4.257285e-21   13517736
  7.965475e+00   6.307535e-19   3.066448e-03   4.231431e-21   13433184
  7.976100e+00   6.356419e-19   3.068623e-03   4.210855e-21   13362296
  7.986730e+00   6.278317e-19   3.068494e-03   4.188543e-21   13281376
  7.997360e+00   6.099822e-19   3.069113e-03   4.162274e-21   13203336
  8.007987e+00   6.203878e-19   3.066719e-03   4.147240e-21   13113016
  8.018613e+00   6.023793e-19   3.067735e-03   4.126113e-21   13036400
  8.029240e+00   6.017010e-19   3.067468e-03   4.103408e-21   12953648
  8.039869e+00   5.881784e-19   3.069185e-03   4.083211e-21   12879016
  8.050498e+00   5.849789e-19   3.067538e-03   4.064662e-21   12790124
  8.061127e+00   5.817568e-19   3.068996e-03   4.049590e-21   12714152
  8.071753e+00   5.925843e-19   3.066076e-03   4.031115e-21   12619608
  8.082379e+00   5.776279e-19   3.068682e-03   4.007028e-21   12547232
  8.093011e+00   5.828619e-19   3.070245e-03   3.994160e-21   12470568
  8.103638e+00   5.673011e-19   3.065215e-03   3.976889e-21   12368136
  8.114264e+00   5.675437e-19   3.069116e-03   3.956883e-21   12300504
  8.124894e+00   5.512134e-19   3.068128e-03   3.941296e-21   12212172
  8.135522e+00   5.493138e-19   3.067779e-03   3.926336e-21   12126228
  8.146149e+00   5.420510e-19   3.068089e-03   3.908534e-21   12043352
  8.156778e+00   5.461035e-19   3.068301e-03   3.892940e-21   11959896
  8.167401e+00   5.335374e-19   3.065268e-03   3.881247e-21   11863804
  8.178026e+00   5.305036e-19   3.068937e-03   3.862799e-21   11792812
  8.188656e+00   5.349489e-19   3.068597e-03   3.849640e-21   11705392
  8.199283e+00   5.244285e-19   3.066984e-03   3.834144e-21   11613836
  8.209914e+00   5.169587e-19   3.070536e-03   3.819669e-21   11541532
  8.220543e+00   5.090496e-19   3.066346e-03   3.806321e-21   11440232
  8.231170e+00   5.168393e-19   3.068846e-03   3.797145e-21   11363008
  8.241796e+00   5.037149e-19   3.066631e-03   3.783167e-21   11267848
  8.252424e+00   5.066646e-19   3.069306e-03   3.768326e-21   11190640
  8.263054e+00   4.966305e-19   3.068558e-03   3.761831e-21   11101084
  8.273680e+00   4.963185e-19   3.065604e-03   3.750849e-21   11003284
  8.284304e+00   4.966786e-19   3.068360e-03   3.738572e-21   10925424
  8.294932e+00   4.778558e-19   3.067667e-03   3.724713e-21   10834724
  8.305560e+00   4.818914e-19   3.068711e-03   3.713494e-21   10750156
  8.316186e+00   4.804450e-19   3.066587e-03   3.703829e-21   10655280
  8.326811e+00   4.797488e-19   3.067310e-03   3.696558e-21   10569120
  8.337437e+00   4.602256e-19   3.067168e-03   3.678584e-21   10479672
  8.348070e+00   4.588152e-19   3.071527e-03   3.672575e-21   10404504
  8.358704e+00   4.514675e-19   3.068456e-03   3.659071e-21   10304108
  8.369331e+00   4.497216e-19   3.066991e-03   3.652159e-21   10209940
  8.379958e+00   4.488904e-19   3.068937e-03   3.643032e-21   10126584
  8.390585e+00   4.562452e-19   3.066106e-03   3.634906e-21   10027064
  8.401210e+00   4.274340e-19   3.068731e-03   3.632872e-21   9945072
  8.411836e+00   4.410761e-19   3.065849e-03   3.620144e-21   9844764
  8.422464e+00   4.350845e-19   3.070904e-03   3.611978e-21   9769940
  8.433095e+00   4.372525e-19   3.066721e-03   3.605729e-21   9666072
  8.443721e+00   4.217914e-19   3.067629e-03   3.597764e-21   9577112
  8.454348e+00   4.260171e-19   3.067871e-03   3.592576e-21   9485848
  8.464977e+00   4.134399e-19   3.068818e-03   3.585528e-21   9396136
  8.475607e+00   4.207011e-19   3.068947e-03   3.578449e-21   9304408
  8.486231e+00   4.090692e-19   3.064605e-03   3.574662e-21   9199028
  8.496854e+00   4.112234e-19   3.068671e-03   3.564188e-21   9118288
  8.507481e+00   4.086687e-19   3.066868e-03   3.561731e-21   9019624
  8.518111e+00   4.024564e-19   3.070919e-03   3.552401e-21   8937420
  8.528743e+00   3.945575e-19   3.067653e-03   3.549602e-21   8835200
  8.539369e+00   3.920327e-19   3.066847e-03   3.540641e-21   8739332
  8.549995e+00   4.034569e-19   3.067747e-03   3.537622e-21   8648112
  8.560624e+00   3.873102e-19   3.067898e-03   3.535762e-21   8553372
  8.571253e+00   3.769304e-19   3.069319e-03   3.527068e-21   8461944
  8.581883e+00   3.720593e-19   3.068067e-03   3.518870e-21   8363348
  8.592509e+00   3.700468e-19   3.067870e-03   3.515636e-21   8267792
  8.603135e+00   3.668716e-19   3.066599e-03   3.512664e-21   8169380
  8.613762e+00   3.561005e-19   3.069517e-03   3.502852e-21   8081008
  8.624389e+00   3.582071e-19   3.065774e-03   3.500777e-21   7975632
  8.635016e+00   3.507849e-19   3.069603e-03   3.497832e-21   7889116
  8.645643e+00   3.475045e-19   3.066011e-03   3.489220e-21   7784008
  8.656270e+00   3.412016e-19   3.068709e-03   3.481632e-21   7693848
  8.666897e+00   3.435751e-19   3.067011e-03   3.480779e-21   7592468
  8.677525e+00   3.326900e-19   3.068931e-03   3.470104e-21   7499076
  8.688155e+00   3.256844e-19   3.069474e-03   3.460097e-21   7402880
  8.698786e+00   3.247161e-19   3.067607e-03   3.453067e-21   7300768
  8.709411e+00   3.090381e-19   3.067652e-03   3.457430e-21   7203316
  8.720032e+00   3.111894e-19   3.063689e-03   3.441052e-21   7095724
  8.730662e+00   2.988775e-19   3.073665e-03   3.433659e-21   7019608
  8.741295e+00   3.000507e-19   3.065344e-03   3.418312e-21   6901916
  8.751922e+00   2.913851e-19   3.069704e-03   3.416763e-21   6812952
  8.762548e+00   2.824755e-19   3.065523e-03   3.393858e-21   6704548
  8.773175e+00   2.756521e-19   3.068967e-03   3.393477e-21   6612168
  8.783803e+00   2.709828e-19   3.067598e-03   3.373240e-21   6508628
  8.794433e+00   2.620297e-19   3.069277e-03   3.359429e-21   6412072
  8.805059e+00   2.572469e-19   3.066868e-03   3.337202e-21   6306660
  8.815685e+00   2.472651e-19   3.067492e-03   3.319226e-21   6207592
  8.826308e+00   2.422493e-19   3.066222e-03   3.312045e-21   6103860
  8.836934e+00   2.355132e-19   3.068576e-03   3.278877e-21   6007184
  8.847563e+00   2.273031e-19   3.068782e-03   3.259419e-21   5905660
  8.858194e+00   2.132877e-19   3.069160e-03   3.223292e-21   5805132
  8.868823e+00   2.121593e-19   3.067313e-03   3.197282e-21   5700008
  8.879446e+00   1.961562e-19   3.065734e-03   3.163871e-21   5594856
  8.890075e+00   1.911603e-19   3.070306e-03   3.121144e-21   5502341
  8.900707e+00   1.815879e-19   3.068193e-03   3.090960e-21   5404852
  8.911333e+00   1.723082e-19   3.066920e-03   3.069466e-21   5313930
  8.921960e+00   1.664890e-19   3.068151e-03   3.044257e-21   5230396
  8.932587e+00   1.626873e-19   3.067037e-03   3.021820e-21   5145158
  8.943214e+00   1.580620e-19   3.067644e-03   2.995985e-21   5064506
  8.953844e+00   1.509931e-19   3.070354e-03   2.980643e-21   4989464
  8.964475e+00   1.520829e-19   3.067471e-03   2.962214e-21   4907486
  8.975102e+00   1.542860e-19   3.067454e-03   2.941783e-21   4831952
  8.985729e+00   1.419782e-19   3.067333e-03   2.925267e-21   4757392
  8.996357e+00   1.445858e-19   3.068563e-03   2.913691e-21   4685902
  9.006985e+00   1.392445e-19   3.067839e-03   2.892659e-21   4612826
  9.017611e+00   1.325752e-19   3.067647e-03   2.879396e-21   4542436
  9.028240e+00   1.307414e-19   3.068771e-03   2.865945e-21   4475408
  9.038866e+00   1.258636e-19   3.065432e-03   2.847094e-21   4402686
  9.049492e+00   1.209231e-19   3.069222e-03   2.834098e-21   4340854
  9.060123e+00   1.191065e-19   3.068666e-03   2.820620e-21   4273862
  9.070751e+00   1.231201e-19   3.068093e-03   2.811861e-21   4208538
  9.081377e+00   1.100672e-19   3.066329e-03   2.804952e-21   4142584
  9.092002e+00   1.119183e-19   3.067445e-03   2.786906e-21   4081232
  9.102629e+00   1.134702e-19   3.068061e-03   2.779269e-21   4019668
  9.113260e+00   1.069779e-19   3.070507e-03   2.768795e-21   3961416
  9.123892e+00   1.080236e-19   3.068468e-03   2.761474e-21   3898848
  9.134518e+00   1.045323e-19   3.065914e-03   2.741562e-21   3836718
  9.145140e+00   1.029289e-19   3.066518e-03   2.739257e-21   3779272
  9.155765e+00   1.041077e-19   3.066689e-03   2.727817e-21   3721434
  9.166394e+00   1.019929e-19   3.070316e-03   2.715778e-21   3668198
  9.177028e+00   9.937128e-20   3.069776e-03   2.709875e-21   3611346
  9.187656e+00   1.009654e-19   3.066455e-03   2.703353e-21   3552442
  9.198281e+00   9.410260e-20   3.067337e-03   2.692993e-21   3498908
  9.208908e+00   8.917218e-20   3.067980e-03   2.690373e-21   3445382
  9.219536e+00   9.121237e-20   3.068389e-03   2.683621e-21   3392244
  9.230165e+00   9.332602e-20   3.068360e-03   2.674244e-21   3339634
  9.240792e+00   9.265485e-20   3.067248e-03   2.664220e-21   3286752
  9.251416e+00   9.768812e-20   3.065818e-03   2.665782e-21   3234180
  9.262040e+00   8.528613e-20   3.067094e-03   2.650677e-21   3184556
  9.272670e+00   8.035543e-20   3.070362e-03   2.651419e-21   3137238
  9.283304e+00   8.280268e-20   3.070377e-03   2.646475e-21   3087670
  9.293936e+00   8.542664e-20   3.068566e-03   2.636383e-21   3037460
  9.304560e+00   7.663405e-20   3.064548e-03   2.632250e-21   2985736
  9.315180e+00   8.191945e-20   3.066413e-03   2.633219e-21   2939708
  9.325811e+00   8.554896e-20   3.071553e-03   2.628561e-21   2897012
  9.336443e+00   8.071469e-20   3.067620e-03   2.622049e-21   2846890
  9.347067e+00   7.770377e-20   3.065693e-03   2.619255e-21   2799588
  9.357689e+00   7.930338e-20   3.066395e-03   2.618627e-21   2754954
  9.368315e+00   8.361225e-20   3.068270e-03   2.614785e-21   2711500
  9.378948e+00   8.044770e-20   3.070601e-03   2.619225e-21   2669006
  9.389576e+00   7.228367e-20   3.065837e-03   2.614798e-21   2621264
  9.400202e+00   7.252800e-20   3.068913e-03   2.606458e-21   2580726
  9.410830e+00   7.510827e-20   3.067141e-03   2.611738e-21   2536470
  9.421456e+00   7.425667e-20   3.067445e-03   2.610565e-21   2494370
  9.432084e+00   7.265420e-20   3.068834e-03   2.601652e-21   2453556
  9.442716e+00   7.778915e-20   3.070117e-03   2.599602e-21   2413246
  9.453347e+00   6.977337e-20   3.067994e-03   2.605380e-21   2370914
  9.463973e+00   7.041887e-20   3.067217e-03   2.605415e-21   2330126
  9.474601e+00   7.359185e-20   3.068570e-03   2.612423e-21   2291406
  9.485227e+00   6.648447e-20   3.066158e-03   2.603577e-21   2250410
  9.495850e+00   6.937914e-20   3.066006e-03   2.616334e-21   2211486
  9.506474e+00   6.703336e-20   3.067734e-03   2.612157e-21   2174194
  9.517102e+00   6.826744e-20   3.068176e-03   2.613636e-21   2136416
  9.527733e+00   6.881926e-20   3.069929e-03   2.614235e-21   2100070
  9.538360e+00   6.773574e-20   3.065560e-03   2.622823e-21   2060026
  9.548986e+00   7.054664e-20   3.069362e-03   2.619639e-21   2025910
  9.559615e+00   5.951353e-20   3.067530e-03   2.622523e-21   1988576
  9.570241e+00   5.725575e-20   3.067060e-03   2.630274e-21   1952610
  9.580867e+00   5.954904e-20   3.067361e-03   2.634527e-21   1917470
  9.591493e+00   6.327230e-20   3.067399e-03   2.637334e-21   1882484
  9.602120e+00   5.422761e-20   3.068076e-03   2.638558e-21   1848262
  9.612753e+00   5.643057e-20   3.071327e-03   2.644859e-21   1816024
  9.623386e+00   6.225232e-20   3.068076e-03   2.650833e-21   1780418
  9.634012e+00   5.776883e-20   3.067038e-03   2.658141e-21   1746576
  9.644639e+00   5.214891e-20   3.068628e-03   2.658062e-21   1714622
  9.655268e+00   5.936722e-20   3.067669e-03   2.665643e-21   1681692
  9.665895e+00   6.297583e-20   3.067468e-03   2.670207e-21   1649574
  9.676515e+00   5.186439e-20   3.063511e-03   2.686981e-21   1615788
  9.687137e+00   6.137656e-20   3.068656e-03   2.692277e-21   1587064
  9.697769e+00   4.820559e-20   3.069826e-03   2.701101e-21   1556598
  9.708400e+00   6.039464e-20   3.068471e-03   2.705912e-21   1525380
  9.719030e+00   5.711234e-20   3.068670e-03   2.720019e-21   1495360
  9.729656e+00   5.681459e-20   3.066126e-03   2.731544e-21   1464370
  9.740281e+00   5.577035e-20   3.067601e-03   2.735307e-21   1435656
  9.750907e+00   5.052360e-20   3.067002e-03   2.739219e-21   1406304
  9.761532e+00   6.274537e-20   3.067147e-03   2.760913e-21   1377628
  9.772159e+00   5.550135e-20   3.068370e-03   2.769868e-21   1349744
  9.782788e+00   5.217773e-20   3.068343e-03   2.780183e-21   1321682
  9.793418e+00   5.332855e-20   3.069098e-03   2.792486e-21   1294376
  9.804048e+00   4.926812e-20   3.068140e-03   2.805612e-21   1266768
  9.814673e+00   5.421647e-20   3.066275e-03   2.822785e-21   1239172
  9.825295e+00   4.998063e-20   3.065238e-03   2.840189e-21   1212224
  9.835918e+00   4.807995e-20   3.067386e-03   2.846428e-21   1186796
  9.846547e+00   5.349630e-20   3.069034e-03   2.872472e-21   1161432
  9.857176e+00   5.813319e-20   3.067927e-03   2.875971e-21   1135408
  9.867804e+00   4.842980e-20   3.068239e-03   2.899420e-21   1110324
  9.878434e+00   4.662500e-20   3.068926e-03   2.914046e-21   1085680
  9.889062e+00   4.784305e-20   3.066842e-03   2.930919e-21   1060364
  9.899688e+00   4.816127e-20   3.068767e-03   2.941812e-21   1036736
  9.910321e+00   4.512021e-20   3.070562e-03   2.964251e-21   1013388
  9.920951e+00   5.692062e-20   3.066769e-03   2.988658e-21   988656
  9.931575e+00   4.328731e-20   3.066738e-03   3.005234e-21   965530
  9.942197e+00   4.323634e-20   3.064855e-03   3.034220e-21   942100
  9.952819e+00   5.277229e-20   3.066142e-03   3.041726e-21   919888
  9.963442e+00   5.140000e-20   3.066491e-03   3.067294e-21   897628
  9.974067e+00   4.856067e-20   3.067504e-03   3.095720e-21   875856
  9.984696e+00   4.619470e-20   3.069599e-03   3.111313e-21   854736
  9.995330e+00   4.457612e-20   3.070044e-03   3.135579e-21   833510
  1.000596e+01   5.148731e-20   3.068120e-03   3.176288e-21   811976
  1.001659e+01   4.611744e-20   3.066566e-03   3.202559e-21   790844
  1.002721e+01   5.170414e-20   3.066302e-03   3.237108e-21   770320
  1.003784e+01   3.854493e-20   3.069162e-03   3.257255e-21   750838
  1.004847e+01   4.973263e-20   3.068729e-03   3.282784e-21   730864
  1.005909e+01   4.742428e-20   3.067039e-03   3.310741e-21   710984
  1.006972e+01   4.729803e-20   3.067274e-03   3.337287e-21   691894
  1.008035e+01   5.562487e-20   3.066106e-03   3.392211e-21   672776
  1.009097e+01   5.700914e-20   3.067065e-03   3.409121e-21   654372
  1.010160e+01   4.900819e-20   3.065537e-03   3.455477e-21   635682
  1.011222e+01   4.520909e-20   3.064886e-03   3.485508e-21   617460
  1.012284e+01   4.302314e-20   3.066767e-03   3.527004e-21   600024
  1.013346e+01   4.257948e-20   3.068404e-03   3.572669e-21   582830
  1.014410e+01   3.954869e-20   3.070337e-03   3.622148e-21   566000
  1.015473e+01   5.367874e-20   3.066543e-03   3.659734e-21   548458
  1.016535e+01   4.976704e-20   3.067619e-03   3.706422e-21   532084
  1.017598e+01   4.806730e-20   3.065740e-03   3.749232e-21   515440
  1.018660e+01   5.070660e-20   3.064533e-03   3.802728e-21   499174
  1.019722e+01   5.171509e-20   3.064552e-03   3.836230e-21   483368
  1.020784e+01   5.278737e-20   3.067558e-03   3.890689e-21   468270
  1.021847e+01   4.160044e-20   3.071740e-03   3.942443e-21   453568
  1.022911e+01   4.225423e-20   3.068522e-03   4.009887e-21   438106
  1.023974e+01   5.198122e-20   3.068674e-03   4.057060e-21   423508
  1.025036e+01   5.166037e-20   3.065352e-03   4.118007e-21   408754
  1.026098e+01   4.825257e-20   3.064549e-03   4.180656e-21   394612
  1.027160e+01   4.875847e-20   3.064825e-03   4.266784e-21   380826
  1.028223e+01   4.298923e-20   3.063635e-03   4.307320e-21   367086
  1.029285e+01   4.686826e-20   3.065226e-03   4.397879e-21   353904
  1.030347e+01   4.162730e-20   3.067842e-03   4.460675e-21   341046
  1.031410e+01   5.539238e-20   3.067827e-03   4.521420e-21   328144
  1.032473e+01   3.684931e-20   3.068491e-03   4.611858e-21   315598
  1.033536e+01   4.856615e-20   3.070442e-03   4.675696e-21   303466
  1.034599e+01   6.154517e-20   3.070558e-03   4.789127e-21   291456
  1.035662e+01   4.839004e-20   3.069010e-03   4.880845e-21   279614
  1.036725e+01   4.435339e-20   3.062765e-03   4.967478e-21   267680
  1.037786e+01   4.123410e-20   3.061142e-03   5.087479e-21   256438
  1.038848e+01   4.474301e-20   3.062004e-03   5.168239e-21   245618
  1.039909e+01   5.675664e-20   3.058865e-03   5.276964e-21   234708
  1.040970e+01   5.412157e-20   3.057929e-03   5.423217e-21   224210
  1.042032e+01   6.814711e-20   3.058509e-03   5.522774e-21   214046
  1.043093e+01   5.100727e-20   3.059874e-03   5.644972e-21   204152
  1.044155e+01   4.426876e-20   3.062766e-03   5.808234e-21   194558
  1.045217e+01   6.283987e-20   3.062838e-03   5.900515e-21   185018
  1.046279e+01   6.317917e-20   3.066092e-03   6.070687e-21   175918
  1.047341e+01   4.021415e-20   3.068348e-03   6.270580e-21   166992
  1.048404e+01   4.978308e-20   3.070094e-03   6.398276e-21   158294
  1.049468e+01   5.451419e-20   3.071097e-03   6.561974e-21   149842
  1.050531e+01   6.400360e-20   3.068653e-03   6.727775e-21   141530
  1.051593e+01   4.360704e-20   3.060509e-03   6.935643e-21   133284
  1.052654e+01   4.108560e-20   3.057354e-03   7.209780e-21   125546
  1.053715e+01   4.677340e-20   3.051144e-03   7.410500e-21   117950
  1.054776e+01   4.423946e-20   3.048602e-03   7.645430e-21   110746
  1.055836e+01   5.163378e-20   3.039799e-03   7.861859e-21   103572
  1.056895e+01   5.856054e-20   3.036073e-03   8.200050e-21   96818
  1.057954e+01   6.450317e-20   3.031333e-03   8.397630e-21   90262
  1.059013e+01   4.618577e-20   3.027317e-03   8.872917e-21   83970
  1.060072e+01   5.639387e-20   3.019853e-03   9.142922e-21   77846
  1.061129e+01   5.717135e-20   3.012052e-03   9.468059e-21   71984
  1.062186e+01   3.960583e-20   3.005730e-03   9.989023e-21   66398
  1.063243e+01   5.442228e-20   3.000369e-03   1.029328e-20   61058
  1.064300e+01   6.932296e-20   2.995714e-03   1.085387e-20   55958
  1.065357e+01   5.794682e-20   2.990697e-03   1.116979e-20   51082
  1.066413e+01   3.940707e-20   2.981767e-03   1.189623e-20   46398
  1.067469e+01   6.239569e-20   2.970930e-03   1.243083e-20   41954
  1.068524e+01   1.661084e-20   2.955045e-03   1.310156e-20   37718
  1.069578e+01   3.695241e-20   2.938133e-03   1.374347e-20   33736
  1.070631e+01   5.033385e-20   2.922830e-03   1.484294e-20   30006
  1.071684e+01   1.035543e-19   2.912268e-03   1.591972e-20   26522
  1.072739e+01   2.787488e-20   2.905476e-03   1.663755e-20   23254
  1.073793e+01   4.537956e-20   2.895825e-03   1.825307e-20   20178
  1.074848e+01   8.760513e-20   2.890787e-03   1.970911e-20   17342
  1.075903e+01   5.232861e-20   2.886580e-03   2.138447e-20   14714
  1.076959e+01   8.868355e-20   2.887906e-03   2.334141e-20   12310
  1.078015e+01   1.410252e-20   2.880436e-03   2.577798e-20   10098
  1.079071e+01   4.098510e-20   2.879327e-03   2.781667e-20   8126
  1.080127e+01   3.708053e-20   2.877797e-03   3.262841e-20   6362
  1.081184e+01   2.911327e-20   2.888638e-03   3.792239e-20   4822
  1.082239e+01   1.041465e-19   2.872451e-03   4.566246e-20   3474
  1.083292e+01   -1.887431e-20   2.869225e-03   5.445886e-20   2366
  1.084344e+01   1.764833e-19   2.860034e-03   6.742466e-20   1466
  1.085397e+01   -1.147035e-19   2.925135e-03   8.396248e-20   790
  1.086426e+01   -3.520433e-19   2.767211e-03   1.462854e-19   306
  1.087389e+01   -2.742418e-19   2.357714e-03   3.345285e-19   62
