# cross spectrum of phi(z1) and phi(z2)
# redshift z=0.098916
# k              Pk             sigma(k)       sigma(Pk)      count
  7.830312e-03   2.191511e-10   1.198114e-03   4.934231e-11   18
  1.686348e-02   2.591833e-10   2.897918e-03   2.475626e-11   152
  2.725284e-02   1.547191e-10   3.060867e-03   7.240181e-12   416
  3.742835e-02   8.449379e-11   2.912555e-03   3.173523e-12   770
  4.808679e-02   5.269855e-11   3.119650e-03   1.551937e-12   1364
  5.876109e-02   3.453013e-11   3.054550e-03   7.902669e-13   1976
  6.939824e-02   2.607750e-11   3.112555e-03   4.997981e-13   2792
  7.984642e-02   1.893867e-11   2.971805e-03   3.245026e-13   3578
  9.038229e-02   1.345434e-11   3.049521e-03   2.016709e-13   4724
  1.011318e-01   9.919928e-12   3.134595e-03   1.340277e-13   6032
  1.117485e-01   7.632308e-12   3.016599e-03   9.700023e-14   7072
  1.222702e-01   6.391935e-12   3.056387e-03   7.294501e-14   8634
  1.329722e-01   5.323341e-12   3.095256e-03   5.611779e-14   10336
  1.436677e-01   4.279549e-12   3.082009e-03   4.097411e-14   11940
  1.541872e-01   3.403109e-12   3.021465e-03   3.213010e-14   13490
  1.647185e-01   2.816026e-12   3.054444e-03   2.417792e-14   15656
  1.754149e-01   2.329521e-12   3.102608e-03   1.901954e-14   18008
  1.860920e-01   2.009107e-12   3.069464e-03   1.583491e-14   19964
  1.966957e-01   1.722991e-12   3.066093e-03   1.313103e-14   22354
  2.072851e-01   1.435227e-12   3.030819e-03   1.054296e-14   24648
  2.179134e-01   1.215340e-12   3.083109e-03   8.477546e-15   27592
  2.285517e-01   1.050710e-12   3.075318e-03   7.306531e-15   30152
  2.391687e-01   9.067808e-13   3.069056e-03   6.148120e-15   33046
  2.497808e-01   8.015127e-13   3.053846e-03   5.269018e-15   35992
  2.604233e-01   7.038574e-13   3.074764e-03   4.556421e-15   39304
  2.710722e-01   6.161343e-13   3.082145e-03   3.870106e-15   42608
  2.817050e-01   5.363755e-13   3.058267e-03   3.344257e-15   45758
  2.923349e-01   4.612617e-13   3.072286e-03   2.883559e-15   49536
  3.029238e-01   4.093500e-13   3.039208e-03   2.520900e-15   52488
  3.135134e-01   3.664918e-13   3.084628e-03   2.234514e-15   57034
  3.241511e-01   3.144634e-13   3.061146e-03   1.922674e-15   60648
  3.347969e-01   2.850825e-13   3.076329e-03   1.735641e-15   65044
  3.454223e-01   2.527628e-13   3.057760e-03   1.541334e-15   68720
  3.560505e-01   2.217404e-13   3.078281e-03   1.369125e-15   73538
  3.667175e-01   1.983400e-13   3.076939e-03   1.232182e-15   78080
  3.773260e-01   1.786391e-13   3.039859e-03   1.121393e-15   81572
  3.879192e-01   1.572646e-13   3.081238e-03   1.003485e-15   87248
  3.985882e-01   1.379928e-13   3.084591e-03   8.991757e-16   92266
  4.092322e-01   1.252772e-13   3.063169e-03   8.244613e-16   96696
  4.198039e-01   1.099711e-13   3.037602e-03   7.484202e-16   100904
  4.303789e-01   9.974020e-14   3.065517e-03   6.798236e-16   107036
  4.410480e-01   8.973741e-14   3.089487e-03   6.160859e-16   113362
  4.517307e-01   7.950948e-14   3.072092e-03   5.663888e-16   118176
  4.623378e-01   7.088789e-14   3.054661e-03   5.269130e-16   122944
  4.729644e-01   6.368776e-14   3.083007e-03   4.835937e-16   129902
  4.836049e-01   5.648790e-14   3.061727e-03   4.441734e-16   134944
  4.942158e-01   5.172369e-14   3.064979e-03   4.134146e-16   140952
  5.048213e-01   4.489606e-14   3.064662e-03   3.831206e-16   147072
  5.154342e-01   4.036273e-14   3.060800e-03   3.549272e-16   153382
  5.260893e-01   3.572404e-14   3.082622e-03   3.290923e-16   160952
  5.367508e-01   3.223046e-14   3.070294e-03   3.073865e-16   166640
  5.473579e-01   3.012502e-14   3.057153e-03   2.874941e-16   172448
  5.579787e-01   2.633084e-14   3.077577e-03   2.686458e-16   180594
  5.686178e-01   2.384900e-14   3.060710e-03   2.514482e-16   186556
  5.792219e-01   2.160664e-14   3.063394e-03   2.354472e-16   193528
  5.898242e-01   1.866032e-14   3.060684e-03   2.212236e-16   200626
  6.004609e-01   1.720513e-14   3.076604e-03   2.056809e-16   209256
  6.111150e-01   1.538641e-14   3.069663e-03   1.949915e-16   216020
  6.217510e-01   1.383481e-14   3.075746e-03   1.842857e-16   223768
  6.323610e-01   1.220542e-14   3.055783e-03   1.740780e-16   230234
  6.429887e-01   1.106842e-14   3.074922e-03   1.633458e-16   239800
  6.536248e-01   1.003625e-14   3.063054e-03   1.546762e-16   246568
  6.642393e-01   9.268119e-15   3.068328e-03   1.478585e-16   254828
  6.748534e-01   8.213502e-15   3.064424e-03   1.387212e-16   263074
  6.854951e-01   7.063045e-15   3.071509e-03   1.315454e-16   272312
  6.961385e-01   6.594751e-15   3.070197e-03   1.251953e-16   280376
  7.067732e-01   5.925542e-15   3.071500e-03   1.189633e-16   288884
  7.174012e-01   5.006796e-15   3.068501e-03   1.126750e-16   297602
  7.280177e-01   4.880178e-15   3.057614e-03   1.078350e-16   305520
  7.386402e-01   4.481397e-15   3.075198e-03   1.020614e-16   315976
  7.492461e-01   3.677075e-15   3.052723e-03   9.814730e-17   322778
  7.598720e-01   3.403001e-15   3.080021e-03   9.319707e-17   335372
  7.705286e-01   3.162775e-15   3.068318e-03   8.816735e-17   343464
  7.811635e-01   2.913734e-15   3.070705e-03   8.431954e-17   352912
  7.917934e-01   2.567521e-15   3.070498e-03   8.087554e-17   362666
  8.024224e-01   2.455490e-15   3.063690e-03   7.712917e-17   371884
  8.130465e-01   2.019015e-15   3.069929e-03   7.382018e-17   382280
  8.236583e-01   1.927056e-15   3.060755e-03   7.076046e-17   390888
  8.342648e-01   1.784120e-15   3.067168e-03   6.790748e-17   402234
  8.448912e-01   1.325816e-15   3.064832e-03   6.497406e-17   412576
  8.555263e-01   1.442987e-15   3.071788e-03   6.216656e-17   423732
  8.661590e-01   1.133503e-15   3.068142e-03   5.979494e-17   433624
  8.767950e-01   1.104738e-15   3.072203e-03   5.702283e-17   445154
  8.874347e-01   1.006574e-15   3.069139e-03   5.469063e-17   455584
  8.980596e-01   9.117769e-16   3.064716e-03   5.276460e-17   465588
  9.086714e-01   9.242646e-16   3.065163e-03   5.058597e-17   476762
  9.193048e-01   7.493885e-16   3.073106e-03   4.879285e-17   489552
  9.299472e-01   7.903464e-16   3.069632e-03   4.692338e-17   500328
  9.405628e-01   6.676844e-16   3.059261e-03   4.506887e-17   509852
  9.511854e-01   6.294424e-16   3.074339e-03   4.322872e-17   524234
  9.618189e-01   5.332712e-16   3.061952e-03   4.180735e-17   534104
  9.724448e-01   4.720211e-16   3.070528e-03   3.996211e-17   547048
  9.830800e-01   4.187317e-16   3.073862e-03   3.880198e-17   559328
  9.937180e-01   4.763782e-16   3.070866e-03   3.732799e-17   571326
  1.004339e+00   3.923848e-16   3.060367e-03   3.620669e-17   581920
  1.014951e+00   3.202193e-16   3.064588e-03   3.471716e-17   594832
  1.025571e+00   3.608929e-16   3.068054e-03   3.357129e-17   608048
  1.036206e+00   3.080267e-16   3.070252e-03   3.238085e-17   621526
  1.046839e+00   2.798461e-16   3.066112e-03   3.123993e-17   633240
  1.057456e+00   2.998450e-16   3.064953e-03   3.018643e-17   645472
  1.068086e+00   2.923940e-16   3.075342e-03   2.923653e-17   660906
  1.078726e+00   3.170244e-16   3.067576e-03   2.821032e-17   672856
  1.089356e+00   2.362363e-16   3.067094e-03   2.720727e-17   685980
  1.099980e+00   2.458561e-16   3.067978e-03   2.637934e-17   699256
  1.110619e+00   2.375680e-16   3.074976e-03   2.543032e-17   714730
  1.121246e+00   2.813833e-16   3.059348e-03   2.470456e-17   725152
  1.131863e+00   2.452172e-16   3.067634e-03   2.383918e-17   740420
  1.142485e+00   1.821869e-16   3.069089e-03   2.312590e-17   754312
  1.153114e+00   1.552332e-16   3.069897e-03   2.238299e-17   769114
  1.163749e+00   1.674394e-16   3.069209e-03   2.168124e-17   783488
  1.174365e+00   1.790110e-16   3.058900e-03   2.100671e-17   794968
  1.184981e+00   1.686017e-16   3.070107e-03   2.034678e-17   812366
  1.195609e+00   1.404318e-16   3.065134e-03   1.977271e-17   825976
  1.206250e+00   1.437806e-16   3.075220e-03   1.916393e-17   843352
  1.216898e+00   1.152665e-16   3.073224e-03   1.862578e-17   857280
  1.227524e+00   1.756218e-16   3.063189e-03   1.808928e-17   869542
  1.238147e+00   1.022492e-16   3.070752e-03   1.749028e-17   887128
  1.248772e+00   1.388659e-16   3.063166e-03   1.700829e-17   900032
  1.259388e+00   1.168762e-16   3.067377e-03   1.648469e-17   916560
  1.270005e+00   1.157410e-16   3.061783e-03   1.602593e-17   930922
  1.280635e+00   9.176229e-17   3.071795e-03   1.549191e-17   949844
  1.291287e+00   1.486688e-16   3.076939e-03   1.507888e-17   966736
  1.301925e+00   7.417894e-17   3.065819e-03   1.467377e-17   978776
  1.312537e+00   9.740057e-17   3.064137e-03   1.427006e-17   994522
  1.323161e+00   6.930280e-17   3.068907e-03   1.387798e-17   1012420
  1.333794e+00   5.799958e-17   3.071598e-03   1.346436e-17   1029408
  1.344410e+00   8.022675e-17   3.058405e-03   1.310267e-17   1041658
  1.355032e+00   1.038387e-16   3.072381e-03   1.271583e-17   1063520
  1.365659e+00   6.381488e-17   3.060689e-03   1.239901e-17   1075808
  1.376294e+00   7.513588e-17   3.080019e-03   1.205970e-17   1098956
  1.386928e+00   7.383917e-17   3.061670e-03   1.173170e-17   1109810
  1.397545e+00   5.739677e-17   3.065288e-03   1.141086e-17   1128608
  1.408178e+00   2.713213e-17   3.073589e-03   1.116815e-17   1148264
  1.418813e+00   6.806043e-17   3.067917e-03   1.084123e-17   1163252
  1.429436e+00   5.452644e-17   3.067070e-03   1.053639e-17   1181042
  1.440060e+00   5.238933e-17   3.064325e-03   1.027896e-17   1197848
  1.450692e+00   4.189614e-17   3.073737e-03   1.001471e-17   1218848
  1.461323e+00   5.818983e-17   3.064859e-03   9.762416e-18   1232916
  1.471945e+00   4.478421e-17   3.068844e-03   9.489045e-18   1253002
  1.482566e+00   3.929104e-17   3.062284e-03   9.244149e-18   1268576
  1.493191e+00   1.954128e-17   3.071552e-03   9.027171e-18   1290128
  1.503822e+00   3.781869e-17   3.068342e-03   8.805732e-18   1307402
  1.514455e+00   4.715273e-17   3.069122e-03   8.564716e-18   1327028
  1.525083e+00   4.642076e-17   3.064970e-03   8.382855e-18   1343648
  1.535711e+00   3.097953e-17   3.070217e-03   8.163990e-18   1364096
  1.546341e+00   4.015316e-17   3.068950e-03   7.964531e-18   1382730
  1.556974e+00   4.624814e-17   3.068757e-03   7.772912e-18   1402164
  1.567604e+00   4.256999e-17   3.068159e-03   7.582150e-18   1420464
  1.578221e+00   2.788698e-17   3.063798e-03   7.375208e-18   1437368
  1.588847e+00   3.203178e-18   3.072142e-03   7.205329e-18   1461530
  1.599480e+00   3.678981e-17   3.065069e-03   7.031307e-18   1478264
  1.610108e+00   2.981971e-17   3.068902e-03   6.876236e-18   1499356
  1.620732e+00   6.107704e-17   3.065238e-03   6.699173e-18   1517016
  1.631360e+00   2.198698e-17   3.070849e-03   6.550065e-18   1540090
  1.641988e+00   9.218772e-18   3.065366e-03   6.403941e-18   1557360
  1.652609e+00   1.993414e-17   3.066926e-03   6.246457e-18   1577780
  1.663242e+00   2.431582e-17   3.075107e-03   6.080562e-18   1602578
  1.673875e+00   4.369610e-17   3.063542e-03   5.984044e-18   1617672
  1.684498e+00   2.383484e-17   3.069033e-03   5.843443e-18   1641016
  1.695122e+00   2.668941e-17   3.065080e-03   5.703329e-18   1659416
  1.705746e+00   2.881754e-17   3.068431e-03   5.560241e-18   1682670
  1.716382e+00   2.537897e-17   3.070690e-03   5.439455e-18   1705256
  1.727024e+00   3.163032e-17   3.071890e-03   5.316267e-18   1726312
  1.737645e+00   3.146161e-17   3.062639e-03   5.194133e-18   1741880
  1.748261e+00   2.064060e-17   3.067156e-03   5.087734e-18   1766454
  1.758897e+00   2.924494e-17   3.073105e-03   4.972514e-18   1791784
  1.769528e+00   1.846432e-17   3.063894e-03   4.869638e-18   1807712
  1.780139e+00   1.617351e-17   3.062775e-03   4.766482e-18   1829002
  1.790759e+00   1.629502e-17   3.067263e-03   4.653804e-18   1854216
  1.801400e+00   2.916980e-17   3.074631e-03   4.547517e-18   1880156
  1.812037e+00   1.807615e-17   3.068349e-03   4.442872e-18   1897568
  1.822663e+00   1.809628e-17   3.068475e-03   4.364814e-18   1920458
  1.833288e+00   2.804850e-17   3.065997e-03   4.269406e-18   1942208
  1.843915e+00   2.425984e-17   3.067813e-03   4.175918e-18   1965612
  1.854544e+00   1.862497e-17   3.069639e-03   4.082251e-18   1989000
  1.865168e+00   1.654344e-17   3.064465e-03   3.998937e-18   2009114
  1.875791e+00   2.292224e-17   3.067400e-03   3.908142e-18   2034464
  1.886424e+00   1.786000e-17   3.070174e-03   3.830322e-18   2058476
  1.897052e+00   1.140368e-17   3.068039e-03   3.748554e-18   2079648
  1.907673e+00   2.652767e-17   3.065891e-03   3.669741e-18   2102578
  1.918306e+00   2.355219e-17   3.070742e-03   3.594213e-18   2129928
  1.928942e+00   2.834148e-17   3.069733e-03   3.524490e-18   2152096
  1.939563e+00   2.084723e-17   3.062858e-03   3.454175e-18   2171142
  1.950185e+00   1.629021e-17   3.069150e-03   3.381270e-18   2200248
  1.960824e+00   1.421047e-17   3.071017e-03   3.311367e-18   2225216
  1.971460e+00   1.814128e-17   3.070942e-03   3.240775e-18   2248448
  1.982084e+00   1.178263e-17   3.064272e-03   3.182251e-18   2267942
  1.992710e+00   1.395949e-17   3.071051e-03   3.111651e-18   2298072
  2.003337e+00   1.834187e-17   3.064068e-03   3.056683e-18   2317272
  2.013961e+00   1.671712e-17   3.069747e-03   2.990136e-18   2345808
  2.024580e+00   1.665952e-17   3.062469e-03   2.934650e-18   2365650
  2.035206e+00   1.949279e-17   3.069930e-03   2.875415e-18   2396940
  2.045842e+00   4.220277e-18   3.069936e-03   2.818067e-18   2421272
  2.056473e+00   2.108921e-17   3.068399e-03   2.767161e-18   2444576
  2.067102e+00   7.047644e-18   3.069748e-03   2.708764e-18   2471490
  2.077728e+00   1.407007e-17   3.064854e-03   2.658200e-18   2493180
  2.088349e+00   5.803182e-18   3.068019e-03   2.604294e-18   2520952
  2.098972e+00   1.979302e-17   3.065319e-03   2.554793e-18   2544946
  2.109598e+00   1.278788e-17   3.068311e-03   2.500443e-18   2573856
  2.120230e+00   1.789929e-17   3.069026e-03   2.459868e-18   2600016
  2.130862e+00   1.167776e-17   3.069102e-03   2.409826e-18   2625484
  2.141490e+00   1.050306e-17   3.068080e-03   2.365951e-18   2651122
  2.152130e+00   1.969142e-18   3.074348e-03   2.314248e-18   2683488
  2.162754e+00   4.126508e-18   3.059466e-03   2.278349e-18   2696352
  2.173371e+00   8.686895e-18   3.071171e-03   2.228739e-18   2733020
  2.184002e+00   1.160759e-17   3.067530e-03   2.188939e-18   2757378
  2.194631e+00   1.512219e-17   3.067942e-03   2.146924e-18   2784864
  2.205259e+00   1.398474e-17   3.067811e-03   2.104986e-18   2811168
  2.215874e+00   1.013038e-17   3.061061e-03   2.068100e-18   2832274
  2.226505e+00   8.580676e-18   3.075611e-03   2.027483e-18   2873636
  2.237142e+00   9.833331e-18   3.064877e-03   1.994825e-18   2890496
  2.247766e+00   7.046576e-18   3.069851e-03   1.956653e-18   2921800
  2.258399e+00   6.503187e-18   3.071101e-03   1.922974e-18   2951298
  2.269032e+00   8.016263e-18   3.066274e-03   1.888608e-18   2975476
  2.279663e+00   1.122672e-17   3.071375e-03   1.852317e-18   3007728
  2.290285e+00   1.166722e-17   3.061886e-03   1.818898e-18   3025776
  2.300910e+00   1.041297e-17   3.072955e-03   1.784736e-18   3065762
  2.311540e+00   1.090811e-17   3.063208e-03   1.755039e-18   3084856
  2.322162e+00   7.232500e-18   3.068985e-03   1.720192e-18   3118044
  2.332782e+00   8.598624e-18   3.064319e-03   1.687734e-18   3141352
  2.343410e+00   4.886971e-18   3.072036e-03   1.659456e-18   3179274
  2.354046e+00   9.984173e-18   3.067682e-03   1.628348e-18   3204120
  2.364668e+00   1.186061e-17   3.063610e-03   1.603666e-18   3227900
  2.375288e+00   6.983171e-18   3.068722e-03   1.572847e-18   3262394
  2.385925e+00   1.139067e-17   3.071814e-03   1.542012e-18   3295680
  2.396559e+00   6.599483e-18   3.067166e-03   1.521342e-18   3319560
  2.407184e+00   9.030453e-18   3.068070e-03   1.493210e-18   3348972
  2.417810e+00   5.466280e-18   3.068540e-03   1.464763e-18   3379722
  2.428441e+00   9.182858e-18   3.068348e-03   1.437708e-18   3410720
  2.439075e+00   9.461912e-18   3.069517e-03   1.413519e-18   3441504
  2.449697e+00   8.295132e-18   3.063301e-03   1.391612e-18   3463624
  2.460317e+00   6.974218e-18   3.068043e-03   1.366880e-18   3499790
  2.470951e+00   6.374143e-18   3.070702e-03   1.341092e-18   3533560
  2.481588e+00   1.062832e-17   3.069830e-03   1.317662e-18   3561920
  2.492209e+00   7.142129e-18   3.064208e-03   1.298888e-18   3585208
  2.502830e+00   6.747556e-18   3.069185e-03   1.273664e-18   3622518
  2.513468e+00   9.802728e-18   3.072344e-03   1.250965e-18   3657584
  2.524094e+00   7.757600e-18   3.062507e-03   1.232712e-18   3676440
  2.534707e+00   5.299446e-18   3.065232e-03   1.212022e-18   3711282
  2.545334e+00   8.040087e-18   3.068763e-03   1.189278e-18   3747696
  2.555965e+00   8.587098e-18   3.067225e-03   1.171381e-18   3776188
  2.566601e+00   7.856418e-18   3.074483e-03   1.150605e-18   3815304
  2.577232e+00   7.678264e-18   3.064660e-03   1.133782e-18   3835370
  2.587856e+00   3.870255e-18   3.068926e-03   1.112090e-18   3873424
  2.598487e+00   6.397026e-18   3.067978e-03   1.094999e-18   3903420
  2.609117e+00   6.578862e-18   3.070036e-03   1.076881e-18   3937624
  2.619745e+00   7.862227e-18   3.066011e-03   1.057866e-18   3965658
  2.630375e+00   6.305307e-18   3.069802e-03   1.038874e-18   4002984
  2.641001e+00   6.883892e-18   3.065136e-03   1.025440e-18   4027928
  2.651616e+00   7.501734e-18   3.064941e-03   1.006319e-18   4059844
  2.662241e+00   5.508750e-18   3.069945e-03   9.907894e-19   4100338
  2.672876e+00   5.568721e-18   3.069128e-03   9.742747e-19   4132264
  2.683506e+00   3.021515e-18   3.068474e-03   9.589900e-19   4163216
  2.694131e+00   5.716269e-18   3.066146e-03   9.433522e-19   4193350
  2.704761e+00   4.913770e-18   3.071068e-03   9.287924e-19   4234456
  2.715390e+00   5.536267e-18   3.064079e-03   9.143674e-19   4257264
  2.726012e+00   7.159964e-18   3.069774e-03   8.981445e-19   4297352
  2.736640e+00   6.005698e-18   3.067495e-03   8.850126e-19   4328642
  2.747272e+00   6.896206e-18   3.070663e-03   8.697910e-19   4367948
  2.757895e+00   6.064706e-18   3.061799e-03   8.571504e-19   4388384
  2.768519e+00   4.518572e-18   3.072247e-03   8.418924e-19   4436648
  2.779154e+00   4.624961e-18   3.067997e-03   8.290935e-19   4465658
  2.789787e+00   3.289340e-18   3.069677e-03   8.152041e-19   4502948
  2.800413e+00   4.239490e-18   3.064787e-03   8.031453e-19   4528880
  2.811033e+00   4.191012e-18   3.067181e-03   7.911121e-19   4566290
  2.821663e+00   3.817220e-18   3.070655e-03   7.777956e-19   4606856
  2.832293e+00   4.236877e-18   3.066552e-03   7.662909e-19   4635380
  2.842916e+00   3.504106e-18   3.067131e-03   7.543758e-19   4670384
  2.853543e+00   3.506178e-18   3.069161e-03   7.423717e-19   4709258
  2.864179e+00   2.491158e-18   3.070324e-03   7.304961e-19   4747352
  2.874805e+00   3.847305e-18   3.063655e-03   7.201780e-19   4771664
  2.885427e+00   3.520627e-18   3.068600e-03   7.086741e-19   4813532
  2.896058e+00   3.966126e-18   3.070437e-03   6.973140e-19   4852322
  2.906693e+00   3.816964e-18   3.069013e-03   6.862517e-19   4886480
  2.917320e+00   4.374205e-18   3.066289e-03   6.770286e-19   4917248
  2.927939e+00   3.994177e-18   3.065099e-03   6.657958e-19   4950828
  2.938569e+00   3.951026e-18   3.072788e-03   6.556525e-19   5000170
  2.949204e+00   2.821610e-18   3.066857e-03   6.454755e-19   5026952
  2.959825e+00   3.822370e-18   3.064676e-03   6.364852e-19   5058752
  2.970445e+00   2.759678e-18   3.067741e-03   6.260244e-19   5100722
  2.981076e+00   2.238316e-18   3.068979e-03   6.174005e-19   5140124
  2.991706e+00   2.900494e-18   3.067937e-03   6.068785e-19   5174072
  3.002335e+00   1.976338e-18   3.068928e-03   5.984171e-19   5211608
  3.012962e+00   2.131695e-18   3.067917e-03   5.888923e-19   5247794
  3.023589e+00   3.317319e-18   3.066908e-03   5.798086e-19   5284196
  3.034222e+00   3.650394e-18   3.071657e-03   5.710966e-19   5328800
  3.044847e+00   3.320172e-18   3.063109e-03   5.637164e-19   5350872
  3.055470e+00   2.210756e-18   3.069608e-03   5.547508e-19   5400634
  3.066097e+00   1.866030e-18   3.065291e-03   5.467477e-19   5430968
  3.076725e+00   3.278464e-18   3.070185e-03   5.382716e-19   5475908
  3.087355e+00   3.038155e-18   3.068352e-03   5.310414e-19   5510016
  3.097986e+00   4.492737e-18   3.069695e-03   5.224434e-19   5552114
  3.108620e+00   3.072259e-18   3.068841e-03   5.145167e-19   5588944
  3.119249e+00   2.886422e-18   3.067703e-03   5.079216e-19   5623828
  3.129873e+00   2.714874e-18   3.066629e-03   5.003230e-19   5660722
  3.140497e+00   2.139053e-18   3.066422e-03   4.927007e-19   5699896
  3.151124e+00   1.999693e-18   3.068968e-03   4.855762e-19   5741936
  3.161754e+00   1.529507e-18   3.069010e-03   4.783372e-19   5779568
  3.172381e+00   2.337931e-18   3.067639e-03   4.714783e-19   5817222
  3.183006e+00   1.721662e-18   3.066013e-03   4.647801e-19   5854600
  3.193635e+00   2.935672e-18   3.069791e-03   4.578551e-19   5900040
  3.204262e+00   1.718153e-18   3.066501e-03   4.513524e-19   5931976
  3.214890e+00   2.625636e-18   3.070101e-03   4.447518e-19   5979390
  3.225518e+00   1.307214e-18   3.065321e-03   4.386040e-19   6010200
  3.236144e+00   1.463212e-18   3.069327e-03   4.323473e-19   6056496
  3.246769e+00   1.878082e-18   3.066211e-03   4.266099e-19   6089504
  3.257396e+00   1.812988e-18   3.069391e-03   4.200344e-19   6137114
  3.268025e+00   2.913194e-18   3.067201e-03   4.141062e-19   6173332
  3.278652e+00   2.721362e-18   3.067882e-03   4.079438e-19   6214128
  3.289279e+00   1.460156e-18   3.067306e-03   4.022150e-19   6253874
  3.299910e+00   1.962649e-18   3.069629e-03   3.962999e-19   6300104
  3.310539e+00   1.611405e-18   3.066365e-03   3.909309e-19   6332612
  3.321166e+00   2.202855e-18   3.070240e-03   3.854785e-19   6379768
  3.331797e+00   4.888361e-19   3.068597e-03   3.800517e-19   6418218
  3.342427e+00   1.243786e-18   3.068360e-03   3.746105e-19   6459880
  3.353052e+00   1.329452e-18   3.066116e-03   3.692523e-19   6495652
  3.363680e+00   2.450399e-18   3.070231e-03   3.643023e-19   6545296
  3.374311e+00   1.272146e-18   3.067227e-03   3.593024e-19   6581570
  3.384935e+00   1.335054e-18   3.065246e-03   3.542300e-19   6618960
  3.395556e+00   1.770579e-18   3.067158e-03   3.490131e-19   6663352
  3.406178e+00   2.387457e-18   3.065376e-03   3.446265e-19   6701334
  3.416809e+00   1.447209e-18   3.072512e-03   3.394816e-19   6759920
  3.427444e+00   1.277895e-18   3.067179e-03   3.345848e-19   6789696
  3.438073e+00   1.798599e-18   3.069955e-03   3.306044e-19   6837208
  3.448703e+00   1.689340e-18   3.067492e-03   3.256555e-19   6874966
  3.459333e+00   1.864533e-18   3.068613e-03   3.212468e-19   6920864
  3.469960e+00   1.631002e-18   3.066758e-03   3.168003e-19   6957816
  3.480585e+00   5.996961e-19   3.068144e-03   3.124207e-19   7002232
  3.491208e+00   1.409502e-18   3.066540e-03   3.080934e-19   7043114
  3.501840e+00   8.057616e-19   3.070403e-03   3.039625e-19   7096020
  3.512471e+00   1.365963e-18   3.067394e-03   2.998687e-19   7130640
  3.523097e+00   1.474193e-18   3.068276e-03   2.958386e-19   7175472
  3.533723e+00   1.050008e-18   3.067248e-03   2.919175e-19   7217786
  3.544353e+00   8.141983e-19   3.068999e-03   2.878645e-19   7265564
  3.554979e+00   1.817485e-18   3.066319e-03   2.839720e-19   7301288
  3.565600e+00   1.228469e-18   3.066375e-03   2.802652e-19   7345330
  3.576227e+00   1.559322e-18   3.069052e-03   2.762465e-19   7397048
  3.586856e+00   1.133812e-18   3.067039e-03   2.728144e-19   7435920
  3.597485e+00   1.029711e-18   3.069220e-03   2.690422e-19   7484140
  3.608113e+00   9.577967e-19   3.067643e-03   2.656973e-19   7525578
  3.618741e+00   9.242873e-19   3.067518e-03   2.618479e-19   7571376
  3.629371e+00   1.564157e-18   3.068480e-03   2.585041e-19   7617064
  3.640002e+00   9.843570e-19   3.069456e-03   2.549922e-19   7662092
  3.650627e+00   8.783128e-19   3.066324e-03   2.515108e-19   7699658
  3.661254e+00   4.324481e-19   3.068945e-03   2.483008e-19   7752416
  3.671886e+00   1.057728e-18   3.069408e-03   2.448855e-19   7797776
  3.682511e+00   1.272755e-18   3.065176e-03   2.417683e-19   7831720
  3.693136e+00   8.690375e-19   3.069723e-03   2.384824e-19   7889926
  3.703768e+00   8.113496e-19   3.067981e-03   2.355345e-19   7931480
  3.714397e+00   8.056086e-19   3.068251e-03   2.321602e-19   7976688
  3.725016e+00   1.071916e-18   3.062621e-03   2.293731e-19   8007786
  3.735639e+00   4.642310e-19   3.070332e-03   2.263623e-19   8074564
  3.746275e+00   1.528797e-18   3.070085e-03   2.231628e-19   8118904
  3.756904e+00   2.185903e-19   3.066957e-03   2.205276e-19   8155824
  3.767533e+00   8.066649e-19   3.070641e-03   2.173389e-19   8212802
  3.778161e+00   7.316982e-19   3.065118e-03   2.148318e-19   8245268
  3.788791e+00   1.198739e-18   3.071754e-03   2.118937e-19   8308816
  3.799422e+00   1.112164e-18   3.066301e-03   2.094047e-19   8340304
  3.810044e+00   7.802841e-19   3.066222e-03   2.067271e-19   8387738
  3.820668e+00   2.118961e-19   3.067207e-03   2.039881e-19   8437624
  3.831296e+00   1.413755e-18   3.068826e-03   2.011825e-19   8487796
  3.841921e+00   7.571705e-19   3.066430e-03   1.987656e-19   8527936
  3.852549e+00   7.794121e-19   3.069409e-03   1.960375e-19   8585122
  3.863180e+00   7.959185e-19   3.067925e-03   1.934653e-19   8628200
  3.873811e+00   7.055192e-19   3.069670e-03   1.908731e-19   8679484
  3.884439e+00   1.040870e-20   3.067320e-03   1.887076e-19   8721466
  3.895064e+00   8.363396e-19   3.065795e-03   1.863208e-19   8765840
  3.905692e+00   6.424164e-19   3.070355e-03   1.839047e-19   8825136
  3.916320e+00   8.559611e-19   3.066753e-03   1.814958e-19   8861768
  3.926948e+00   8.531620e-19   3.069321e-03   1.792162e-19   8919278
  3.937577e+00   6.631254e-19   3.066595e-03   1.769533e-19   8961008
  3.948205e+00   4.087166e-19   3.068779e-03   1.747526e-19   9014456
  3.958835e+00   5.247450e-19   3.068818e-03   1.726458e-19   9062240
  3.969465e+00   3.760739e-19   3.068277e-03   1.704203e-19   9110510
  3.980091e+00   3.190336e-19   3.066455e-03   1.682787e-19   9154048
  3.990712e+00   4.568436e-19   3.065703e-03   1.661715e-19   9198928
  4.001336e+00   3.331005e-19   3.068826e-03   1.639769e-19   9257194
  4.011967e+00   9.045657e-19   3.069362e-03   1.621016e-19   9310168
  4.022596e+00   9.068461e-19   3.066324e-03   1.601111e-19   9350316
  4.033222e+00   5.721915e-19   3.069210e-03   1.578618e-19   9407120
  4.043852e+00   7.940624e-19   3.068250e-03   1.559246e-19   9454642
  4.054482e+00   6.523633e-19   3.068405e-03   1.540164e-19   9506272
  4.065111e+00   9.944561e-19   3.067355e-03   1.521238e-19   9551228
  4.075735e+00   6.332262e-19   3.067594e-03   1.503892e-19   9600264
  4.086360e+00   8.668137e-19   3.067530e-03   1.485312e-19   9651458
  4.096991e+00   6.200999e-19   3.070122e-03   1.464624e-19   9711488
  4.107620e+00   6.628815e-19   3.066189e-03   1.449090e-19   9749144
  4.118247e+00   5.546910e-19   3.069033e-03   1.430445e-19   9807908
  4.128876e+00   1.113291e-18   3.067607e-03   1.412402e-19   9854786
  4.139508e+00   7.163474e-19   3.070269e-03   1.394250e-19   9914304
  4.150134e+00   7.441344e-19   3.064668e-03   1.378815e-19   9945544
  4.160753e+00   9.111908e-19   3.066794e-03   1.360894e-19   10003414
  4.171379e+00   7.217195e-19   3.068671e-03   1.345534e-19   10062032
  4.182011e+00   1.013594e-18   3.069142e-03   1.328283e-19   10114792
  4.192645e+00   4.476037e-19   3.070449e-03   1.312879e-19   10169936
  4.203267e+00   7.677255e-19   3.062650e-03   1.298055e-19   10196602
  4.213895e+00   6.494196e-19   3.072265e-03   1.279339e-19   10281156
  4.224526e+00   5.701775e-19   3.065688e-03   1.265817e-19   10309376
  4.235150e+00   4.644522e-19   3.068567e-03   1.249772e-19   10369856
  4.245775e+00   5.666527e-19   3.066063e-03   1.233893e-19   10415370
  4.256404e+00   6.950577e-19   3.070045e-03   1.221183e-19   10481988
  4.267039e+00   5.609947e-19   3.069556e-03   1.205472e-19   10531200
  4.277665e+00   7.241371e-19   3.065408e-03   1.191660e-19   10569416
  4.288289e+00   6.468737e-19   3.068216e-03   1.177003e-19   10633066
  4.298919e+00   4.765825e-19   3.068866e-03   1.162332e-19   10687548
  4.309552e+00   5.718624e-19   3.070419e-03   1.149620e-19   10743968
  4.320180e+00   6.044898e-19   3.065849e-03   1.136230e-19   10782130
  4.330801e+00   7.758583e-19   3.066095e-03   1.121962e-19   10837792
  4.341427e+00   7.099274e-19   3.068321e-03   1.108688e-19   10897368
  4.352058e+00   8.980296e-19   3.069642e-03   1.094631e-19   10953940
  4.362687e+00   5.666304e-19   3.067969e-03   1.083451e-19   11003274
  4.373313e+00   6.728562e-19   3.066343e-03   1.070861e-19   11052800
  4.383943e+00   4.785429e-19   3.070099e-03   1.058060e-19   11118176
  4.394573e+00   4.428552e-19   3.067934e-03   1.045017e-19   11162268
  4.405196e+00   6.571673e-19   3.066117e-03   1.033696e-19   11211458
  4.415820e+00   3.720087e-19   3.067310e-03   1.021807e-19   11271888
  4.426448e+00   4.504068e-19   3.068640e-03   1.009243e-19   11329304
  4.437073e+00   2.586827e-19   3.066385e-03   9.968262e-20   11375026
  4.447701e+00   6.771105e-19   3.069261e-03   9.864112e-20   11442532
  4.458330e+00   2.398956e-19   3.066551e-03   9.755366e-20   11487264
  4.468957e+00   4.493806e-19   3.068098e-03   9.633101e-20   11545680
  4.479587e+00   5.807788e-19   3.069842e-03   9.520304e-20   11607058
  4.490221e+00   4.751772e-19   3.069925e-03   9.409758e-20   11664300
  4.500851e+00   4.722162e-19   3.066963e-03   9.302945e-20   11707488
  4.511474e+00   4.275320e-19   3.066617e-03   9.198683e-20   11759536
  4.522104e+00   2.646510e-19   3.071176e-03   9.084460e-20   11833690
  4.532737e+00   6.420876e-19   3.067542e-03   8.989602e-20   11877808
  4.543362e+00   4.699416e-19   3.065778e-03   8.893699e-20   11925836
  4.553987e+00   6.043896e-19   3.068899e-03   8.777445e-20   11992168
  4.564616e+00   4.269066e-19   3.067784e-03   8.690091e-20   12044554
  4.575242e+00   3.799110e-19   3.067168e-03   8.581129e-20   12098976
  4.585865e+00   5.265798e-19   3.066173e-03   8.493305e-20   12149996
  4.596487e+00   4.572684e-19   3.067038e-03   8.392211e-20   12209594
  4.607117e+00   6.330285e-19   3.069983e-03   8.292364e-20   12279272
  4.617752e+00   3.367202e-19   3.070004e-03   8.197852e-20   12336072
  4.628383e+00   4.645811e-19   3.067416e-03   8.118096e-20   12381744
  4.639009e+00   4.689268e-19   3.068068e-03   8.021975e-20   12441590
  4.649637e+00   5.626702e-19   3.067557e-03   7.937036e-20   12497256
  4.660262e+00   5.538009e-19   3.066825e-03   7.846998e-20   12550032
  4.670884e+00   6.094284e-19   3.066185e-03   7.757944e-20   12603936
  4.681508e+00   3.957182e-19   3.068111e-03   7.672544e-20   12671230
  4.692142e+00   4.211029e-19   3.070828e-03   7.582350e-20   12740920
  4.702775e+00   4.634822e-19   3.067767e-03   7.501841e-20   12784560
  4.713398e+00   4.844967e-19   3.065894e-03   7.424134e-20   12834176
  4.724025e+00   2.572355e-19   3.069663e-03   7.335473e-20   12909006
  4.734656e+00   5.223949e-19   3.068089e-03   7.262334e-20   12959680
  4.745283e+00   3.728620e-19   3.067551e-03   7.178305e-20   13014232
  4.755909e+00   6.335630e-19   3.068154e-03   7.094917e-20   13076514
  4.766534e+00   4.472743e-19   3.065684e-03   7.023017e-20   13127112
  4.777164e+00   2.854146e-19   3.070665e-03   6.937689e-20   13205852
  4.787797e+00   4.373906e-19   3.068206e-03   6.867621e-20   13252032
  4.798423e+00   5.263415e-19   3.066967e-03   6.797339e-20   13307450
  4.809051e+00   5.133404e-19   3.068506e-03   6.720094e-20   13374160
  4.819680e+00   5.612398e-19   3.067567e-03   6.653027e-20   13426348
  4.830308e+00   4.970650e-19   3.069633e-03   6.577353e-20   13492760
  4.840934e+00   4.992175e-19   3.066142e-03   6.507622e-20   13539546
  4.851560e+00   4.896811e-19   3.068338e-03   6.440126e-20   13610704
  4.862187e+00   4.700805e-19   3.066835e-03   6.378328e-20   13662024
  4.872813e+00   4.213289e-19   3.068248e-03   6.303788e-20   13727492
  4.883443e+00   6.302764e-19   3.069111e-03   6.239037e-20   13793394
  4.894073e+00   5.496848e-19   3.067154e-03   6.170546e-20   13844456
  4.904699e+00   4.523738e-19   3.067927e-03   6.099216e-20   13905184
  4.915325e+00   2.435922e-19   3.067971e-03   6.040961e-20   13965958
  4.925951e+00   5.579112e-19   3.067148e-03   5.980087e-20   14025192
  4.936580e+00   4.413145e-19   3.068951e-03   5.910733e-20   14093768
  4.947211e+00   2.470233e-19   3.068454e-03   5.850755e-20   14150440
  4.957840e+00   3.980406e-19   3.068630e-03   5.796980e-20   14213450
  4.968468e+00   3.459087e-19   3.066726e-03   5.731621e-20   14267036
  4.979095e+00   5.078558e-19   3.068568e-03   5.670899e-20   14335032
  4.989722e+00   5.762144e-19   3.067092e-03   5.612335e-20   14387664
  5.000347e+00   4.278884e-19   3.068270e-03   5.555780e-20   14455698
  5.010977e+00   5.722573e-19   3.068677e-03   5.496793e-20   14520452
  5.021607e+00   4.402839e-19   3.068497e-03   5.438986e-20   14580272
  5.032232e+00   4.015726e-19   3.065614e-03   5.390034e-20   14628050
  5.042860e+00   4.476675e-19   3.070982e-03   5.334052e-20   14716744
  5.053489e+00   3.597671e-19   3.065407e-03   5.281915e-20   14751712
  5.064115e+00   3.509656e-19   3.069456e-03   5.220270e-20   14831620
  5.074740e+00   4.632328e-19   3.065470e-03   5.173957e-20   14875522
  5.085366e+00   3.268887e-19   3.068961e-03   5.121769e-20   14956720
  5.095994e+00   3.608716e-19   3.066998e-03   5.068405e-20   15008272
  5.106620e+00   3.824057e-19   3.067783e-03   5.019343e-20   15073780
  5.117248e+00   4.009169e-19   3.069002e-03   4.966245e-20   15144866
  5.127883e+00   3.173026e-19   3.070052e-03   4.919076e-20   15213872
  5.138515e+00   3.824100e-19   3.067931e-03   4.868975e-20   15263976
  5.149140e+00   3.996643e-19   3.066723e-03   4.823404e-20   15320236
  5.159767e+00   4.165082e-19   3.069367e-03   4.779164e-20   15398322
  5.170396e+00   2.734455e-19   3.067121e-03   4.730409e-20   15450864
  5.181021e+00   2.814376e-19   3.067373e-03   4.682325e-20   15513888
  5.191645e+00   2.985767e-19   3.066596e-03   4.637028e-20   15574626
  5.202274e+00   3.886930e-19   3.069893e-03   4.586046e-20   15657956
  5.212904e+00   4.220124e-19   3.066736e-03   4.548674e-20   15704248
  5.223531e+00   4.118859e-19   3.068512e-03   4.505162e-20   15774824
  5.234161e+00   3.248710e-19   3.069354e-03   4.459053e-20   15844898
  5.244790e+00   4.185768e-19   3.066994e-03   4.422123e-20   15898956
  5.255415e+00   3.603442e-19   3.067091e-03   4.376465e-20   15961768
  5.266040e+00   3.633569e-19   3.068481e-03   4.332209e-20   16032208
  5.276669e+00   3.886122e-19   3.068464e-03   4.294101e-20   16099530
  5.287295e+00   3.558528e-19   3.065856e-03   4.255499e-20   16152712
  5.297924e+00   2.978319e-19   3.069693e-03   4.211783e-20   16235740
  5.308553e+00   3.427789e-19   3.067725e-03   4.176839e-20   16288856
  5.319183e+00   3.063476e-19   3.069408e-03   4.135895e-20   16365074
  5.329812e+00   3.230277e-19   3.067066e-03   4.099103e-20   16418248
  5.340434e+00   2.756539e-19   3.065573e-03   4.063679e-20   16473180
  5.351058e+00   3.053471e-19   3.069491e-03   4.021960e-20   16560234
  5.361687e+00   4.115139e-19   3.067046e-03   3.990187e-20   16616088
  5.372317e+00   2.282479e-19   3.069133e-03   3.952376e-20   16693264
  5.382948e+00   2.901343e-19   3.068526e-03   3.913656e-20   16753864
  5.393577e+00   1.649883e-19   3.068569e-03   3.879524e-20   16820702
  5.404204e+00   2.767402e-19   3.066887e-03   3.844247e-20   16879288
  5.414832e+00   3.312450e-19   3.068277e-03   3.810966e-20   16951712
  5.425456e+00   3.088380e-19   3.066689e-03   3.780136e-20   17007560
  5.436084e+00   3.489054e-19   3.069534e-03   3.742873e-20   17092086
  5.446713e+00   3.340102e-19   3.067265e-03   3.712879e-20   17148392
  5.457342e+00   2.184242e-19   3.068696e-03   3.677094e-20   17222288
  5.467971e+00   3.484612e-19   3.068089e-03   3.651089e-20   17285096
  5.478597e+00   2.787722e-19   3.066549e-03   3.621409e-20   17344826
  5.489223e+00   3.699021e-19   3.068300e-03   3.588723e-20   17421236
  5.499853e+00   3.773618e-19   3.069479e-03   3.552242e-20   17494160
  5.510478e+00   2.526988e-19   3.065109e-03   3.528489e-20   17538122
  5.521100e+00   2.579897e-19   3.067347e-03   3.497308e-20   17620136
  5.531731e+00   2.259441e-19   3.069687e-03   3.466974e-20   17700428
  5.542362e+00   2.776620e-19   3.068482e-03   3.437888e-20   17760320
  5.552991e+00   2.000909e-19   3.068060e-03   3.412671e-20   17827562
  5.563619e+00   3.027860e-19   3.067912e-03   3.385429e-20   17895488
  5.574247e+00   3.146676e-19   3.068230e-03   3.356411e-20   17963576
  5.584874e+00   2.357575e-19   3.067616e-03   3.325446e-20   18027500
  5.595502e+00   2.616568e-19   3.068831e-03   3.302207e-20   18105650
  5.606129e+00   2.634321e-19   3.066269e-03   3.280447e-20   18160880
  5.616752e+00   2.839371e-19   3.067084e-03   3.248252e-20   18233144
  5.627379e+00   2.729597e-19   3.067872e-03   3.223082e-20   18307310
  5.638008e+00   2.820548e-19   3.068420e-03   3.201599e-20   18381680
  5.648639e+00   2.765569e-19   3.068723e-03   3.176099e-20   18450536
  5.659270e+00   2.797364e-19   3.069549e-03   3.152933e-20   18522128
  5.669897e+00   3.007955e-19   3.067067e-03   3.129836e-20   18578414
  5.680523e+00   2.472222e-19   3.067781e-03   3.104772e-20   18654304
  5.691150e+00   3.555427e-19   3.067639e-03   3.083563e-20   18722304
  5.701780e+00   2.667630e-19   3.069442e-03   3.059865e-20   18802472
  5.712409e+00   3.130229e-19   3.067729e-03   3.035265e-20   18864266
  5.723037e+00   3.348249e-19   3.067347e-03   3.017068e-20   18933260
  5.733662e+00   3.576379e-19   3.066799e-03   2.989549e-20   18997448
  5.744288e+00   3.247780e-19   3.068953e-03   2.973470e-20   19079816
  5.754917e+00   3.212938e-19   3.067744e-03   2.952740e-20   19145330
  5.765545e+00   3.154658e-19   3.067941e-03   2.930859e-20   19218276
  5.776172e+00   3.543139e-19   3.067784e-03   2.913999e-20   19286200
  5.786797e+00   3.312886e-19   3.066457e-03   2.890410e-20   19349738
  5.797427e+00   2.503611e-19   3.070714e-03   2.871533e-20   19450040
  5.808057e+00   2.723648e-19   3.065907e-03   2.852988e-20   19489688
  5.818683e+00   2.588426e-19   3.068803e-03   2.834315e-20   19576868
  5.829310e+00   3.436128e-19   3.067331e-03   2.817507e-20   19640282
  5.839940e+00   2.102274e-19   3.069683e-03   2.800177e-20   19728800
  5.850566e+00   2.874353e-19   3.065237e-03   2.783897e-20   19770152
  5.861190e+00   2.841970e-19   3.068717e-03   2.762175e-20   19863516
  5.871821e+00   1.805735e-19   3.069639e-03   2.744922e-20   19943594
  5.882452e+00   2.713785e-19   3.067597e-03   2.731473e-20   20003440
  5.893081e+00   2.640847e-19   3.068832e-03   2.713993e-20   20081768
  5.903706e+00   2.775555e-19   3.066188e-03   2.698748e-20   20136200
  5.914335e+00   2.802771e-19   3.070449e-03   2.681756e-20   20238094
  5.924964e+00   2.388617e-19   3.066146e-03   2.670084e-20   20282544
  5.935584e+00   3.345671e-19   3.065727e-03   2.656109e-20   20351720
  5.946209e+00   2.209695e-19   3.068474e-03   2.639898e-20   20444714
  5.956838e+00   2.460884e-19   3.067781e-03   2.625870e-20   20515116
  5.967470e+00   2.594797e-19   3.070149e-03   2.610043e-20   20602384
  5.978102e+00   3.021530e-19   3.068165e-03   2.596110e-20   20659872
  5.988728e+00   2.653416e-19   3.067093e-03   2.583954e-20   20727682
  5.999356e+00   2.543022e-19   3.068732e-03   2.568984e-20   20814416
  6.009986e+00   2.395376e-19   3.068153e-03   2.557612e-20   20881100
  6.020612e+00   2.563375e-19   3.068117e-03   2.543676e-20   20953688
  6.031238e+00   2.167347e-19   3.066654e-03   2.533761e-20   21021050
  6.041866e+00   2.751856e-19   3.068891e-03   2.522140e-20   21111632
  6.052496e+00   1.998178e-19   3.068341e-03   2.509369e-20   21179972
  6.063121e+00   3.094484e-19   3.066368e-03   2.498745e-20   21240488
  6.073747e+00   2.493439e-19   3.068419e-03   2.491471e-20   21331418
  6.084375e+00   2.895013e-19   3.067338e-03   2.481509e-20   21397304
  6.095000e+00   2.468783e-19   3.067405e-03   2.467937e-20   21469764
  6.105627e+00   2.470832e-19   3.068819e-03   2.458034e-20   21556122
  6.116254e+00   2.936009e-19   3.066479e-03   2.449268e-20   21618312
  6.126884e+00   3.193426e-19   3.069809e-03   2.436685e-20   21716096
  6.137516e+00   2.717162e-19   3.068719e-03   2.432207e-20   21781352
  6.148144e+00   2.237058e-19   3.067428e-03   2.421289e-20   21848870
  6.158771e+00   3.075574e-19   3.067652e-03   2.414095e-20   21927536
  6.169400e+00   2.722151e-19   3.068795e-03   2.407150e-20   22008944
  6.180028e+00   2.978817e-19   3.067865e-03   2.397789e-20   22076136
  6.190652e+00   3.099779e-19   3.066547e-03   2.391905e-20   22145270
  6.201282e+00   2.444497e-19   3.070373e-03   2.381229e-20   22250960
  6.211913e+00   2.809045e-19   3.066914e-03   2.377850e-20   22300864
  6.222538e+00   2.865337e-19   3.067186e-03   2.370584e-20   22378586
  6.233165e+00   3.289154e-19   3.068261e-03   2.363531e-20   22464104
  6.243795e+00   3.117246e-19   3.068708e-03   2.355972e-20   22542892
  6.254421e+00   2.796319e-19   3.067123e-03   2.351967e-20   22606008
  6.265047e+00   2.683790e-19   3.067919e-03   2.346620e-20   22690002
  6.275673e+00   2.763482e-19   3.066936e-03   2.345294e-20   22762216
  6.286298e+00   2.402532e-19   3.068880e-03   2.324184e-20   22815779
  6.296927e+00   2.281809e-19   3.067733e-03   2.286631e-20   22772312
  6.307555e+00   1.914871e-19   3.067923e-03   2.244709e-20   22733708
  6.318183e+00   1.827467e-19   3.068441e-03   2.203662e-20   22697672
  6.328811e+00   1.178046e-19   3.067507e-03   2.166917e-20   22651460
  6.339438e+00   1.241858e-19   3.068199e-03   2.130710e-20   22616024
  6.350068e+00   1.706600e-19   3.069309e-03   2.093381e-20   22583496
  6.360694e+00   1.489955e-19   3.065960e-03   2.057770e-20   22519252
  6.371317e+00   8.598277e-20   3.067197e-03   2.023582e-20   22488992
  6.381944e+00   1.283794e-19   3.067780e-03   1.990674e-20   22453172
  6.392574e+00   9.978857e-20   3.069105e-03   1.958170e-20   22420584
  6.403204e+00   1.127968e-19   3.068296e-03   1.928959e-20   22371700
  6.413832e+00   1.347183e-19   3.068296e-03   1.898594e-20   22329896
  6.424460e+00   8.678895e-20   3.067512e-03   1.869096e-20   22282876
  6.435088e+00   1.326453e-19   3.068899e-03   1.838906e-20   22250692
  6.445715e+00   1.393001e-19   3.066872e-03   1.810633e-20   22194436
  6.456340e+00   1.085776e-19   3.066996e-03   1.785289e-20   22153540
  6.466968e+00   1.275063e-19   3.068722e-03   1.756616e-20   22122584
  6.477597e+00   1.368832e-19   3.067957e-03   1.732693e-20   22073004
  6.488227e+00   5.096730e-20   3.069406e-03   1.704825e-20   22039640
  6.498854e+00   7.301179e-20   3.066107e-03   1.680203e-20   21971624
  6.509482e+00   6.501526e-20   3.070097e-03   1.655650e-20   21955708
  6.520106e+00   8.553059e-20   3.063845e-03   1.633669e-20   21867720
  6.530733e+00   6.160933e-20   3.071600e-03   1.608278e-20   21878900
  6.541363e+00   5.646443e-20   3.065935e-03   1.586473e-20   21794260
  6.551990e+00   7.751060e-20   3.068881e-03   1.565259e-20   21770256
  6.562619e+00   5.820613e-20   3.068010e-03   1.542764e-20   21718124
  6.573247e+00   5.957493e-20   3.067905e-03   1.522276e-20   21671096
  6.583874e+00   6.055648e-20   3.067932e-03   1.499312e-20   21625412
  6.594503e+00   4.651039e-20   3.069070e-03   1.481054e-20   21587284
  6.605129e+00   5.161041e-20   3.066010e-03   1.461173e-20   21519648
  6.615755e+00   7.918688e-20   3.068792e-03   1.441329e-20   21493344
  6.626384e+00   9.201638e-20   3.067812e-03   1.422192e-20   21439360
  6.637013e+00   8.477207e-20   3.068679e-03   1.403512e-20   21398900
  6.647644e+00   4.679300e-20   3.068668e-03   1.384362e-20   21351488
  6.658271e+00   9.602730e-20   3.066526e-03   1.367415e-20   21288012
  6.668898e+00   3.496903e-20   3.068796e-03   1.349596e-20   21255052
  6.679525e+00   4.653137e-20   3.067400e-03   1.332730e-20   21196928
  6.690151e+00   4.407968e-20   3.067431e-03   1.317753e-20   21149036
  6.700778e+00   6.752046e-20   3.068015e-03   1.300080e-20   21105304
  6.711407e+00   6.822346e-20   3.068524e-03   1.283616e-20   21059992
  6.722038e+00   7.755004e-20   3.069263e-03   1.267376e-20   21014904
  6.732667e+00   6.411946e-20   3.067536e-03   1.253109e-20   20953620
  6.743293e+00   7.769846e-20   3.067478e-03   1.237446e-20   20902948
  6.753920e+00   6.563022e-20   3.068064e-03   1.222332e-20   20856528
  6.764548e+00   3.019795e-20   3.068448e-03   1.205929e-20   20808868
  6.775174e+00   5.809613e-20   3.066599e-03   1.192814e-20   20746700
  6.785798e+00   8.552794e-20   3.066925e-03   1.179807e-20   20699040
  6.796428e+00   4.945495e-20   3.069860e-03   1.166424e-20   20667584
  6.807054e+00   3.195772e-20   3.064988e-03   1.151957e-20   20583320
  6.817679e+00   6.229518e-20   3.069606e-03   1.138170e-20   20562728
  6.828310e+00   9.491505e-20   3.067915e-03   1.125163e-20   20499120
  6.838938e+00   3.591880e-20   3.068337e-03   1.112984e-20   20448668
  6.849566e+00   8.029723e-20   3.068077e-03   1.100217e-20   20394408
  6.860195e+00   6.169919e-20   3.068320e-03   1.088094e-20   20344236
  6.870823e+00   4.085745e-20   3.067630e-03   1.075973e-20   20287988
  6.881451e+00   6.717464e-20   3.068044e-03   1.063178e-20   20237280
  6.892077e+00   5.231041e-20   3.067320e-03   1.051281e-20   20178328
  6.902707e+00   7.125518e-20   3.069652e-03   1.039452e-20   20139844
  6.913336e+00   4.896485e-20   3.067174e-03   1.029129e-20   20069748
  6.923962e+00   6.112808e-20   3.067514e-03   1.016628e-20   20016800
  6.934587e+00   6.868312e-20   3.067642e-03   1.006589e-20   19962224
  6.945217e+00   3.402249e-20   3.069885e-03   9.953696e-21   19923568
  6.955848e+00   8.676804e-20   3.067490e-03   9.860165e-21   19854300
  6.966474e+00   3.146622e-20   3.067154e-03   9.743095e-21   19797056
  6.977101e+00   5.769806e-20   3.067706e-03   9.642432e-21   19744940
  6.987728e+00   3.086257e-20   3.068174e-03   9.553740e-21   19691768
  6.998356e+00   5.589594e-20   3.067321e-03   9.458899e-21   19629548
  7.008982e+00   5.529151e-20   3.067740e-03   9.350792e-21   19575480
  7.019610e+00   5.337132e-20   3.068413e-03   9.253939e-21   19523296
  7.030241e+00   4.991292e-20   3.069533e-03   9.167046e-21   19474344
  7.040867e+00   2.762019e-20   3.065611e-03   9.071948e-21   19392868
  7.051493e+00   4.969725e-20   3.069073e-03   8.975971e-21   19356176
  7.062123e+00   4.289646e-20   3.068592e-03   8.888886e-21   19294916
  7.072754e+00   5.023625e-20   3.069110e-03   8.804249e-21   19240856
  7.083382e+00   2.503893e-20   3.067066e-03   8.720745e-21   19170884
  7.094007e+00   3.490472e-20   3.066966e-03   8.631771e-21   19111352
  7.104633e+00   4.891686e-20   3.068278e-03   8.548292e-21   19060016
  7.115261e+00   3.467945e-20   3.067998e-03   8.470471e-21   18999752
  7.125886e+00   3.592470e-20   3.066210e-03   8.389378e-21   18930272
  7.136511e+00   3.469021e-20   3.068009e-03   8.306547e-21   18882340
  7.147141e+00   4.901325e-20   3.069133e-03   8.225412e-21   18829056
  7.157770e+00   5.229873e-20   3.067293e-03   8.153868e-21   18757640
  7.168398e+00   5.639387e-20   3.069197e-03   8.076556e-21   18709036
  7.179027e+00   4.282730e-20   3.067378e-03   8.000303e-21   18637668
  7.189656e+00   3.151907e-20   3.069146e-03   7.922007e-21   18587048
  7.200283e+00   2.154920e-20   3.066626e-03   7.847289e-21   18510972
  7.210909e+00   2.859280e-20   3.067730e-03   7.782164e-21   18456692
  7.221535e+00   4.825238e-20   3.067567e-03   7.709651e-21   18394084
  7.232164e+00   3.095639e-20   3.069110e-03   7.646189e-21   18341352
  7.242794e+00   4.504396e-20   3.068234e-03   7.572090e-21   18273884
  7.253423e+00   1.674713e-20   3.068036e-03   7.503660e-21   18211148
  7.264048e+00   4.694586e-20   3.066171e-03   7.438259e-21   18137692
  7.274674e+00   3.185125e-20   3.069088e-03   7.374347e-21   18091580
  7.285305e+00   3.473416e-20   3.068515e-03   7.307969e-21   18024560
  7.295932e+00   4.018746e-20   3.067362e-03   7.249548e-21   17955116
  7.306559e+00   2.961144e-20   3.067637e-03   7.187779e-21   17893232
  7.317187e+00   4.965960e-20   3.068343e-03   7.125858e-21   17832620
  7.327816e+00   3.357936e-20   3.068327e-03   7.069932e-21   17767864
  7.338445e+00   5.944811e-20   3.068809e-03   7.005369e-21   17706956
  7.349073e+00   4.078823e-20   3.066947e-03   6.955691e-21   17632632
  7.359699e+00   4.234569e-20   3.068061e-03   6.895247e-21   17573524
  7.370327e+00   2.886164e-20   3.067901e-03   6.837225e-21   17506380
  7.380954e+00   3.881488e-20   3.068207e-03   6.781377e-21   17442548
  7.391580e+00   3.402171e-20   3.066528e-03   6.729093e-21   17368556
  7.402208e+00   5.713156e-20   3.069314e-03   6.669874e-21   17318260
  7.412837e+00   4.060436e-20   3.067939e-03   6.625815e-21   17243792
  7.423463e+00   2.982022e-20   3.066549e-03   6.575125e-21   17169716
  7.434088e+00   3.336476e-20   3.067759e-03   6.513406e-21   17109768
  7.444715e+00   4.402715e-20   3.068012e-03   6.461406e-21   17044064
  7.455345e+00   2.917604e-20   3.068894e-03   6.416801e-21   16981560
  7.465972e+00   5.105587e-20   3.066680e-03   6.367806e-21   16902264
  7.476600e+00   3.704101e-20   3.069499e-03   6.317482e-21   16849940
  7.487230e+00   3.940079e-20   3.067461e-03   6.270931e-21   16770600
  7.497858e+00   2.911800e-20   3.068497e-03   6.222998e-21   16707512
  7.508485e+00   3.313410e-20   3.067634e-03   6.180815e-21   16634480
  7.519114e+00   4.177281e-20   3.068242e-03   6.139486e-21   16569424
  7.529741e+00   4.142943e-20   3.067751e-03   6.092097e-21   16497216
  7.540372e+00   4.736177e-20   3.069501e-03   6.047490e-21   16436416
  7.550999e+00   4.049860e-20   3.067032e-03   6.004811e-21   16353532
  7.561624e+00   3.984167e-20   3.067126e-03   5.958571e-21   16284908
  7.572251e+00   3.905317e-20   3.068426e-03   5.922114e-21   16221948
  7.582881e+00   2.495521e-20   3.068614e-03   5.877732e-21   16152552
  7.593510e+00   3.205008e-20   3.068122e-03   5.836030e-21   16078864
  7.604137e+00   3.399875e-20   3.067536e-03   5.800819e-21   16005296
  7.614766e+00   2.330858e-20   3.068300e-03   5.754800e-21   15938220
  7.625392e+00   2.615833e-20   3.066841e-03   5.724277e-21   15858440
  7.636016e+00   2.441686e-20   3.067373e-03   5.689457e-21   15789252
  7.646642e+00   1.805839e-20   3.067548e-03   5.644269e-21   15718944
  7.657269e+00   2.417345e-20   3.067947e-03   5.605303e-21   15648652
  7.667899e+00   3.211953e-20   3.069201e-03   5.570440e-21   15581944
  7.678531e+00   3.450564e-20   3.069010e-03   5.534156e-21   15508744
  7.689158e+00   2.309034e-20   3.066436e-03   5.497920e-21   15422472
  7.699784e+00   2.037927e-20   3.068878e-03   5.469013e-21   15361536
  7.710413e+00   3.395495e-20   3.067494e-03   5.433402e-21   15281048
  7.721038e+00   3.303380e-20   3.067557e-03   5.400620e-21   15207752
  7.731666e+00   2.485471e-20   3.067687e-03   5.371950e-21   15134800
  7.742292e+00   2.286364e-20   3.067594e-03   5.338057e-21   15059664
  7.752920e+00   2.533247e-20   3.068106e-03   5.301884e-21   14987020
  7.763550e+00   2.735528e-20   3.069757e-03   5.270770e-21   14919936
  7.774179e+00   2.999321e-20   3.066979e-03   5.243899e-21   14831776
  7.784807e+00   1.913017e-20   3.069197e-03   5.212713e-21   14767552
  7.795435e+00   3.090067e-20   3.066309e-03   5.190577e-21   14678336
  7.806062e+00   2.098692e-20   3.069079e-03   5.154119e-21   14615044
  7.816690e+00   1.728311e-20   3.067275e-03   5.125921e-21   14530200
  7.827317e+00   3.173694e-20   3.067927e-03   5.095484e-21   14457000
  7.837945e+00   3.492433e-20   3.068558e-03   5.065801e-21   14383440
  7.848573e+00   1.839600e-20   3.067003e-03   5.043098e-21   14299516
  7.859199e+00   2.969756e-20   3.067899e-03   5.014904e-21   14226024
  7.869825e+00   1.890662e-20   3.067223e-03   4.990543e-21   14145048
  7.880455e+00   1.890741e-20   3.070446e-03   4.962277e-21   14082144
  7.891083e+00   2.625391e-20   3.065393e-03   4.943841e-21   13981640
  7.901708e+00   2.277798e-20   3.068688e-03   4.920649e-21   13918460
  7.912338e+00   2.996604e-20   3.068702e-03   4.890042e-21   13839752
  7.922969e+00   2.808659e-20   3.069182e-03   4.869160e-21   13762736
  7.933598e+00   1.573038e-20   3.067868e-03   4.842125e-21   13677980
  7.944225e+00   1.713423e-20   3.067250e-03   4.825390e-21   13596196
  7.954850e+00   2.457264e-20   3.067470e-03   4.799444e-21   13517736
  7.965475e+00   3.097192e-20   3.066448e-03   4.780114e-21   13433184
  7.976100e+00   1.720660e-20   3.068623e-03   4.758157e-21   13362296
  7.986730e+00   1.354463e-20   3.068494e-03   4.733445e-21   13281376
  7.997360e+00   1.117301e-20   3.069113e-03   4.717888e-21   13203336
  8.007987e+00   1.877544e-20   3.066719e-03   4.700704e-21   13113016
  8.018613e+00   1.604811e-20   3.067735e-03   4.677716e-21   13036400
  8.029240e+00   4.540519e-21   3.067468e-03   4.659058e-21   12953648
  8.039869e+00   1.374329e-20   3.069185e-03   4.640521e-21   12879016
  8.050498e+00   1.131343e-20   3.067538e-03   4.621484e-21   12790124
  8.061127e+00   1.663647e-20   3.068996e-03   4.603914e-21   12714152
  8.071753e+00   3.143966e-20   3.066076e-03   4.588011e-21   12619608
  8.082379e+00   1.564095e-20   3.068682e-03   4.566993e-21   12547232
  8.093011e+00   1.844858e-20   3.070245e-03   4.551874e-21   12470568
  8.103638e+00   1.812473e-20   3.065215e-03   4.532282e-21   12368136
  8.114264e+00   2.377129e-20   3.069116e-03   4.519327e-21   12300504
  8.124894e+00   1.674103e-20   3.068128e-03   4.501007e-21   12212172
  8.135522e+00   1.281621e-20   3.067779e-03   4.488611e-21   12126228
  8.146149e+00   1.686432e-20   3.068089e-03   4.477461e-21   12043352
  8.156778e+00   2.035138e-20   3.068301e-03   4.452894e-21   11959896
  8.167401e+00   3.792569e-20   3.065268e-03   4.452208e-21   11863804
  8.178026e+00   1.402616e-20   3.068937e-03   4.429575e-21   11792812
  8.188656e+00   1.634605e-20   3.068597e-03   4.422706e-21   11705392
  8.199283e+00   2.455445e-20   3.066984e-03   4.405633e-21   11613836
  8.209914e+00   1.906475e-20   3.070536e-03   4.395964e-21   11541532
  8.220543e+00   2.585081e-20   3.066346e-03   4.381238e-21   11440232
  8.231170e+00   3.223615e-20   3.068846e-03   4.366452e-21   11363008
  8.241796e+00   3.332780e-20   3.066631e-03   4.354447e-21   11267848
  8.252424e+00   2.541920e-20   3.069306e-03   4.347167e-21   11190640
  8.263054e+00   2.111336e-20   3.068558e-03   4.335292e-21   11101084
  8.273680e+00   1.588075e-20   3.065604e-03   4.325860e-21   11003284
  8.284304e+00   1.573702e-20   3.068360e-03   4.315510e-21   10925424
  8.294932e+00   2.090568e-20   3.067667e-03   4.300423e-21   10834724
  8.305560e+00   1.471896e-20   3.068711e-03   4.294643e-21   10750156
  8.316186e+00   1.943435e-20   3.066587e-03   4.287417e-21   10655280
  8.326811e+00   5.562645e-21   3.067310e-03   4.278791e-21   10569120
  8.337437e+00   1.552391e-20   3.067168e-03   4.271202e-21   10479672
  8.348070e+00   1.732780e-20   3.071527e-03   4.257630e-21   10404504
  8.358704e+00   1.878283e-20   3.068456e-03   4.253776e-21   10304108
  8.369331e+00   1.567446e-20   3.066991e-03   4.241583e-21   10209940
  8.379958e+00   2.680980e-20   3.068937e-03   4.243984e-21   10126584
  8.390585e+00   1.938905e-20   3.066106e-03   4.230917e-21   10027064
  8.401210e+00   1.815931e-20   3.068731e-03   4.225276e-21   9945072
  8.411836e+00   1.179070e-20   3.065849e-03   4.214441e-21   9844764
  8.422464e+00   1.587698e-20   3.070904e-03   4.211167e-21   9769940
  8.433095e+00   2.270921e-20   3.066721e-03   4.207508e-21   9666072
  8.443721e+00   8.166419e-21   3.067629e-03   4.201685e-21   9577112
  8.454348e+00   1.951402e-20   3.067871e-03   4.191856e-21   9485848
  8.464977e+00   7.391598e-21   3.068818e-03   4.183339e-21   9396136
  8.475607e+00   1.966664e-20   3.068947e-03   4.184769e-21   9304408
  8.486231e+00   1.356246e-20   3.064605e-03   4.174806e-21   9199028
  8.496854e+00   1.698178e-20   3.068671e-03   4.168228e-21   9118288
  8.507481e+00   3.015119e-20   3.066868e-03   4.164030e-21   9019624
  8.518111e+00   2.402974e-20   3.070919e-03   4.157811e-21   8937420
  8.528743e+00   1.525709e-20   3.067653e-03   4.154678e-21   8835200
  8.539369e+00   1.182664e-20   3.066847e-03   4.154313e-21   8739332
  8.549995e+00   2.800302e-20   3.067747e-03   4.149929e-21   8648112
  8.560624e+00   1.540823e-20   3.067898e-03   4.144527e-21   8553372
  8.571253e+00   2.240508e-20   3.069319e-03   4.133523e-21   8461944
  8.581883e+00   9.007650e-21   3.068067e-03   4.131583e-21   8363348
  8.592509e+00   1.389477e-20   3.067870e-03   4.128778e-21   8267792
  8.603135e+00   1.115683e-20   3.066599e-03   4.118877e-21   8169380
  8.613762e+00   1.244623e-20   3.069517e-03   4.122695e-21   8081008
  8.624389e+00   2.808457e-20   3.065774e-03   4.115926e-21   7975632
  8.635016e+00   1.232019e-20   3.069603e-03   4.113236e-21   7889116
  8.645643e+00   1.177264e-20   3.066011e-03   4.109478e-21   7784008
  8.656270e+00   1.436648e-20   3.068709e-03   4.094255e-21   7693848
  8.666897e+00   1.740727e-20   3.067011e-03   4.088267e-21   7592468
  8.677525e+00   4.755487e-21   3.068931e-03   4.085724e-21   7499076
  8.688155e+00   1.197633e-20   3.069474e-03   4.076792e-21   7402880
  8.698786e+00   1.207615e-20   3.067607e-03   4.073026e-21   7300768
  8.709411e+00   8.691196e-21   3.067652e-03   4.073935e-21   7203316
  8.720032e+00   1.038615e-20   3.063689e-03   4.053579e-21   7095724
  8.730662e+00   1.544020e-20   3.073665e-03   4.049880e-21   7019608
  8.741295e+00   1.446773e-20   3.065344e-03   4.030845e-21   6901916
  8.751922e+00   1.719894e-20   3.069704e-03   4.031439e-21   6812952
  8.762548e+00   1.910020e-20   3.065523e-03   4.000407e-21   6704548
  8.773175e+00   1.956610e-20   3.068967e-03   3.998179e-21   6612168
  8.783803e+00   9.902776e-21   3.067598e-03   3.978169e-21   6508628
  8.794433e+00   1.502237e-20   3.069277e-03   3.964792e-21   6412072
  8.805059e+00   1.065801e-20   3.066868e-03   3.941245e-21   6306660
  8.815685e+00   7.223563e-21   3.067492e-03   3.915076e-21   6207592
  8.826308e+00   2.925234e-21   3.066222e-03   3.894933e-21   6103860
  8.836934e+00   3.230940e-21   3.068576e-03   3.865484e-21   6007184
  8.847563e+00   3.098931e-21   3.068782e-03   3.841625e-21   5905660
  8.858194e+00   -2.180126e-21   3.069160e-03   3.799013e-21   5805132
  8.868823e+00   1.014241e-20   3.067313e-03   3.757869e-21   5700008
  8.879446e+00   4.790822e-21   3.065734e-03   3.717529e-21   5594856
  8.890075e+00   9.420155e-21   3.070306e-03   3.670803e-21   5502341
  8.900707e+00   -1.401678e-21   3.068193e-03   3.635342e-21   5404852
  8.911333e+00   9.650495e-21   3.066920e-03   3.602241e-21   5313930
  8.921960e+00   4.108804e-21   3.068151e-03   3.579104e-21   5230396
  8.932587e+00   8.158076e-21   3.067037e-03   3.551173e-21   5145158
  8.943214e+00   4.522081e-21   3.067644e-03   3.526613e-21   5064506
  8.953844e+00   7.136848e-21   3.070354e-03   3.501337e-21   4989464
  8.964475e+00   1.387471e-20   3.067471e-03   3.474315e-21   4907486
  8.975102e+00   3.936837e-21   3.067454e-03   3.461369e-21   4831952
  8.985729e+00   5.381267e-21   3.067333e-03   3.439211e-21   4757392
  8.996357e+00   8.057424e-21   3.068563e-03   3.426163e-21   4685902
  9.006985e+00   7.599462e-21   3.067839e-03   3.401702e-21   4612826
  9.017611e+00   1.023853e-20   3.067647e-03   3.385266e-21   4542436
  9.028240e+00   1.380966e-20   3.068771e-03   3.368588e-21   4475408
  9.038866e+00   7.134132e-22   3.065432e-03   3.356891e-21   4402686
  9.049492e+00   1.447213e-20   3.069222e-03   3.336371e-21   4340854
  9.060123e+00   4.710817e-21   3.068666e-03   3.318373e-21   4273862
  9.070751e+00   7.623516e-21   3.068093e-03   3.306977e-21   4208538
  9.081377e+00   1.409701e-20   3.066329e-03   3.299484e-21   4142584
  9.092002e+00   5.399967e-22   3.067445e-03   3.284358e-21   4081232
  9.102629e+00   4.154162e-21   3.068061e-03   3.269543e-21   4019668
  9.113260e+00   5.674565e-21   3.070507e-03   3.252653e-21   3961416
  9.123892e+00   2.381041e-21   3.068468e-03   3.251892e-21   3898848
  9.134518e+00   5.484086e-21   3.065914e-03   3.242094e-21   3836718
  9.145140e+00   7.577663e-21   3.066518e-03   3.226689e-21   3779272
  9.155765e+00   1.317563e-20   3.066689e-03   3.215829e-21   3721434
  9.166394e+00   5.713692e-21   3.070316e-03   3.203544e-21   3668198
  9.177028e+00   -3.141381e-21   3.069776e-03   3.203144e-21   3611346
  9.187656e+00   1.237998e-20   3.066455e-03   3.192441e-21   3552442
  9.198281e+00   7.210711e-21   3.067337e-03   3.186270e-21   3498908
  9.208908e+00   1.309474e-20   3.067980e-03   3.176692e-21   3445382
  9.219536e+00   3.607255e-21   3.068389e-03   3.164819e-21   3392244
  9.230165e+00   1.008723e-20   3.068360e-03   3.159162e-21   3339634
  9.240792e+00   2.992991e-21   3.067248e-03   3.158720e-21   3286752
  9.251416e+00   4.497264e-21   3.065818e-03   3.152996e-21   3234180
  9.262040e+00   8.520171e-21   3.067094e-03   3.141108e-21   3184556
  9.272670e+00   9.913298e-21   3.070362e-03   3.142132e-21   3137238
  9.283304e+00   2.012627e-21   3.070377e-03   3.136092e-21   3087670
  9.293936e+00   1.197960e-20   3.068566e-03   3.129273e-21   3037460
  9.304560e+00   5.175421e-21   3.064548e-03   3.126489e-21   2985736
  9.315180e+00   7.495096e-21   3.066413e-03   3.124008e-21   2939708
  9.325811e+00   3.744184e-21   3.071553e-03   3.122568e-21   2897012
  9.336443e+00   2.551800e-21   3.067620e-03   3.119325e-21   2846890
  9.347067e+00   7.980492e-21   3.065693e-03   3.115278e-21   2799588
  9.357689e+00   3.142390e-21   3.066395e-03   3.108786e-21   2754954
  9.368315e+00   4.406244e-21   3.068270e-03   3.112696e-21   2711500
  9.378948e+00   1.123426e-20   3.070601e-03   3.112912e-21   2669006
  9.389576e+00   1.945968e-21   3.065837e-03   3.113611e-21   2621264
  9.400202e+00   -1.077124e-21   3.068913e-03   3.107926e-21   2580726
  9.410830e+00   2.882239e-21   3.067141e-03   3.109656e-21   2536470
  9.421456e+00   5.240613e-21   3.067445e-03   3.117358e-21   2494370
  9.432084e+00   1.141128e-21   3.068834e-03   3.110052e-21   2453556
  9.442716e+00   1.103358e-20   3.070117e-03   3.115167e-21   2413246
  9.453347e+00   4.572797e-21   3.067994e-03   3.112015e-21   2370914
  9.463973e+00   -1.919274e-22   3.067217e-03   3.123073e-21   2330126
  9.474601e+00   3.476435e-21   3.068570e-03   3.124288e-21   2291406
  9.485227e+00   -8.620777e-22   3.066158e-03   3.123738e-21   2250410
  9.495850e+00   1.057751e-20   3.066006e-03   3.129558e-21   2211486
  9.506474e+00   4.826188e-21   3.067734e-03   3.126714e-21   2174194
  9.517102e+00   9.833167e-21   3.068176e-03   3.136087e-21   2136416
  9.527733e+00   1.063351e-20   3.069929e-03   3.145233e-21   2100070
  9.538360e+00   3.156842e-21   3.065560e-03   3.145665e-21   2060026
  9.548986e+00   9.393015e-22   3.069362e-03   3.152264e-21   2025910
  9.559615e+00   4.022975e-21   3.067530e-03   3.150824e-21   1988576
  9.570241e+00   8.319129e-21   3.067060e-03   3.168164e-21   1952610
  9.580867e+00   1.021295e-20   3.067361e-03   3.164519e-21   1917470
  9.591493e+00   2.113480e-21   3.067399e-03   3.171749e-21   1882484
  9.602120e+00   8.976085e-21   3.068076e-03   3.177412e-21   1848262
  9.612753e+00   6.432857e-21   3.071327e-03   3.177729e-21   1816024
  9.623386e+00   7.218427e-21   3.068076e-03   3.194302e-21   1780418
  9.634012e+00   2.021247e-21   3.067038e-03   3.208325e-21   1746576
  9.644639e+00   7.498389e-21   3.068628e-03   3.225554e-21   1714622
  9.655268e+00   -4.115226e-21   3.067669e-03   3.219068e-21   1681692
  9.665895e+00   3.412314e-21   3.067468e-03   3.239973e-21   1649574
  9.676515e+00   3.610747e-21   3.063511e-03   3.251865e-21   1615788
  9.687137e+00   -1.616549e-21   3.068656e-03   3.263302e-21   1587064
  9.697769e+00   7.133030e-21   3.069826e-03   3.270846e-21   1556598
  9.708400e+00   2.878538e-21   3.068471e-03   3.291562e-21   1525380
  9.719030e+00   -2.924269e-21   3.068670e-03   3.303091e-21   1495360
  9.729656e+00   6.152722e-21   3.066126e-03   3.308670e-21   1464370
  9.740281e+00   6.472342e-21   3.067601e-03   3.319364e-21   1435656
  9.750907e+00   3.372920e-21   3.067002e-03   3.341150e-21   1406304
  9.761532e+00   1.884323e-21   3.067147e-03   3.357737e-21   1377628
  9.772159e+00   8.907103e-21   3.068370e-03   3.367195e-21   1349744
  9.782788e+00   4.377023e-21   3.068343e-03   3.381955e-21   1321682
  9.793418e+00   -1.397520e-21   3.069098e-03   3.400891e-21   1294376
  9.804048e+00   3.621604e-21   3.068140e-03   3.429306e-21   1266768
  9.814673e+00   1.388647e-20   3.066275e-03   3.444629e-21   1239172
  9.825295e+00   6.249165e-21   3.065238e-03   3.462286e-21   1212224
  9.835918e+00   4.833874e-21   3.067386e-03   3.478796e-21   1186796
  9.846547e+00   1.016864e-20   3.069034e-03   3.498873e-21   1161432
  9.857176e+00   1.453988e-20   3.067927e-03   3.524018e-21   1135408
  9.867804e+00   4.824944e-21   3.068239e-03   3.544807e-21   1110324
  9.878434e+00   1.115428e-20   3.068926e-03   3.572957e-21   1085680
  9.889062e+00   3.488651e-21   3.066842e-03   3.595706e-21   1060364
  9.899688e+00   5.421519e-21   3.068767e-03   3.621799e-21   1036736
  9.910321e+00   3.792112e-22   3.070562e-03   3.632971e-21   1013388
  9.920951e+00   6.821108e-21   3.066769e-03   3.673969e-21   988656
  9.931575e+00   -1.869415e-21   3.066738e-03   3.692468e-21   965530
  9.942197e+00   9.857342e-21   3.064855e-03   3.725865e-21   942100
  9.952819e+00   1.034971e-20   3.066142e-03   3.746262e-21   919888
  9.963442e+00   7.827709e-21   3.066491e-03   3.774813e-21   897628
  9.974067e+00   4.245509e-21   3.067504e-03   3.819182e-21   875856
  9.984696e+00   -1.460744e-21   3.069599e-03   3.844864e-21   854736
  9.995330e+00   1.392222e-21   3.070044e-03   3.875027e-21   833510
  1.000596e+01   7.505709e-21   3.068120e-03   3.908795e-21   811976
  1.001659e+01   2.115799e-21   3.066566e-03   3.958177e-21   790844
  1.002721e+01   5.744232e-21   3.066302e-03   3.999161e-21   770320
  1.003784e+01   -5.963021e-21   3.069162e-03   4.008961e-21   750838
  1.004847e+01   1.457277e-20   3.068729e-03   4.068697e-21   730864
  1.005909e+01   8.907044e-21   3.067039e-03   4.098269e-21   710984
  1.006972e+01   1.637605e-20   3.067274e-03   4.155466e-21   691894
  1.008035e+01   5.140153e-21   3.066106e-03   4.185513e-21   672776
  1.009097e+01   5.025342e-21   3.067065e-03   4.249385e-21   654372
  1.010160e+01   1.054324e-20   3.065537e-03   4.297069e-21   635682
  1.011222e+01   2.979803e-21   3.064886e-03   4.343174e-21   617460
  1.012284e+01   1.709033e-21   3.066767e-03   4.362347e-21   600024
  1.013346e+01   1.094372e-20   3.068404e-03   4.429676e-21   582830
  1.014410e+01   2.181963e-21   3.070337e-03   4.503702e-21   566000
  1.015473e+01   -5.588482e-21   3.066543e-03   4.540463e-21   548458
  1.016535e+01   8.270891e-21   3.067619e-03   4.606413e-21   532084
  1.017598e+01   1.739502e-20   3.065740e-03   4.663195e-21   515440
  1.018660e+01   3.542995e-21   3.064533e-03   4.740797e-21   499174
  1.019722e+01   1.019664e-20   3.064552e-03   4.806941e-21   483368
  1.020784e+01   -5.816523e-22   3.067558e-03   4.868767e-21   468270
  1.021847e+01   -1.248989e-21   3.071740e-03   4.931240e-21   453568
  1.022911e+01   8.608537e-21   3.068522e-03   4.994535e-21   438106
  1.023974e+01   1.052168e-20   3.068674e-03   5.091435e-21   423508
  1.025036e+01   6.873828e-21   3.065352e-03   5.144554e-21   408754
  1.026098e+01   2.721326e-21   3.064549e-03   5.245729e-21   394612
  1.027160e+01   -7.339650e-22   3.064825e-03   5.342367e-21   380826
  1.028223e+01   -5.544603e-21   3.063635e-03   5.393491e-21   367086
  1.029285e+01   2.516444e-21   3.065226e-03   5.492019e-21   353904
  1.030347e+01   2.296929e-21   3.067842e-03   5.577311e-21   341046
  1.031410e+01   3.429899e-21   3.067827e-03   5.689882e-21   328144
  1.032473e+01   -5.961434e-21   3.068491e-03   5.792334e-21   315598
  1.033536e+01   5.049203e-21   3.070442e-03   5.895945e-21   303466
  1.034599e+01   4.030273e-21   3.070558e-03   6.022916e-21   291456
  1.035662e+01   1.392178e-21   3.069010e-03   6.142802e-21   279614
  1.036725e+01   1.489205e-20   3.062765e-03   6.278855e-21   267680
  1.037786e+01   3.044815e-21   3.061142e-03   6.382816e-21   256438
  1.038848e+01   1.741322e-20   3.062004e-03   6.514926e-21   245618
  1.039909e+01   3.013163e-21   3.058865e-03   6.671162e-21   234708
  1.040970e+01   1.335128e-20   3.057929e-03   6.864223e-21   224210
  1.042032e+01   9.570247e-21   3.058509e-03   6.980293e-21   214046
  1.043093e+01   1.879643e-21   3.059874e-03   7.128813e-21   204152
  1.044155e+01   1.042963e-21   3.062766e-03   7.286106e-21   194558
  1.045217e+01   -1.334454e-20   3.062838e-03   7.505168e-21   185018
  1.046279e+01   8.196924e-22   3.066092e-03   7.637746e-21   175918
  1.047341e+01   8.955869e-22   3.068348e-03   7.863405e-21   166992
  1.048404e+01   9.217842e-21   3.070094e-03   8.068101e-21   158294
  1.049468e+01   4.335096e-21   3.071097e-03   8.339251e-21   149842
  1.050531e+01   -1.146917e-21   3.068653e-03   8.569700e-21   141530
  1.051593e+01   -1.902967e-21   3.060509e-03   8.818693e-21   133284
  1.052654e+01   -8.246912e-21   3.057354e-03   9.119745e-21   125546
  1.053715e+01   6.981790e-21   3.051144e-03   9.401771e-21   117950
  1.054776e+01   1.578620e-20   3.048602e-03   9.660237e-21   110746
  1.055836e+01   2.209401e-20   3.039799e-03   1.002670e-20   103572
  1.056895e+01   -1.269039e-20   3.036073e-03   1.039206e-20   96818
  1.057954e+01   2.618206e-20   3.031333e-03   1.077393e-20   90262
  1.059013e+01   1.375314e-20   3.027317e-03   1.104881e-20   83970
  1.060072e+01   2.423410e-20   3.019853e-03   1.153046e-20   77846
  1.061129e+01   2.170813e-20   3.012052e-03   1.198159e-20   71984
  1.062186e+01   3.167069e-20   3.005730e-03   1.249905e-20   66398
  1.063243e+01   1.407983e-20   3.000369e-03   1.321815e-20   61058
  1.064300e+01   -2.529386e-20   2.995714e-03   1.361502e-20   55958
  1.065357e+01   -4.693569e-21   2.990697e-03   1.425784e-20   51082
  1.066413e+01   -3.934436e-20   2.981767e-03   1.490311e-20   46398
  1.067469e+01   -1.977071e-20   2.970930e-03   1.585428e-20   41954
  1.068524e+01   -2.052323e-20   2.955045e-03   1.664223e-20   37718
  1.069578e+01   -2.699606e-21   2.938133e-03   1.764843e-20   33736
  1.070631e+01   -2.141217e-20   2.922830e-03   1.858977e-20   30006
  1.071684e+01   5.010532e-20   2.912268e-03   2.015817e-20   26522
  1.072739e+01   -3.880970e-20   2.905476e-03   2.117765e-20   23254
  1.073793e+01   -3.090382e-20   2.895825e-03   2.309125e-20   20178
  1.074848e+01   -3.186489e-21   2.890787e-03   2.520975e-20   17342
  1.075903e+01   -3.267609e-21   2.886580e-03   2.652086e-20   14714
  1.076959e+01   -5.638085e-20   2.887906e-03   2.966034e-20   12310
  1.078015e+01   -1.957262e-20   2.880436e-03   3.298931e-20   10098
  1.079071e+01   2.920986e-20   2.879327e-03   3.687652e-20   8126
  1.080127e+01   2.935228e-20   2.877797e-03   4.100641e-20   6362
  1.081184e+01   9.165358e-20   2.888638e-03   4.850988e-20   4822
  1.082239e+01   6.989103e-20   2.872451e-03   5.685036e-20   3474
  1.083292e+01   5.936080e-20   2.869225e-03   6.904761e-20   2366
  1.084344e+01   -8.239397e-20   2.860034e-03   8.506439e-20   1466
  1.085397e+01   -4.475224e-20   2.925135e-03   1.198717e-19   790
  1.086426e+01   3.788780e-19   2.767211e-03   1.789559e-19   306
  1.087389e+01   -7.088799e-19   2.357714e-03   3.906451e-19   62
