# cross spectrum of phi(z1) and phi(z2)
# redshift z=0.596562
# k              Pk             sigma(k)       sigma(Pk)      count
  7.830312e-03   2.435581e-10   1.198114e-03   5.483256e-11   18
  1.686348e-02   2.882817e-10   2.897918e-03   2.753511e-11   152
  2.725284e-02   1.722398e-10   3.060867e-03   8.056332e-12   416
  3.742835e-02   9.426632e-11   2.912555e-03   3.534754e-12   770
  4.808679e-02   5.900084e-11   3.119650e-03   1.732636e-12   1364
  5.876109e-02   3.880316e-11   3.054550e-03   8.840656e-13   1976
  6.939824e-02   2.946150e-11   3.112555e-03   5.610936e-13   2792
  7.984642e-02   2.150942e-11   2.971805e-03   3.652848e-13   3578
  9.038229e-02   1.542680e-11   3.049521e-03   2.280392e-13   4724
  1.011318e-01   1.146166e-11   3.134595e-03   1.517361e-13   6032
  1.117485e-01   8.915892e-12   3.016599e-03   1.102218e-13   7072
  1.222702e-01   7.530710e-12   3.056387e-03   8.333673e-14   8634
  1.329722e-01   6.357431e-12   3.095256e-03   6.445015e-14   10336
  1.436677e-01   5.162014e-12   3.082009e-03   4.719463e-14   11940
  1.541872e-01   4.167826e-12   3.021465e-03   3.725804e-14   13490
  1.647185e-01   3.487577e-12   3.054444e-03   2.805158e-14   15656
  1.754149e-01   2.939134e-12   3.102608e-03   2.228850e-14   18008
  1.860920e-01   2.583341e-12   3.069464e-03   1.866938e-14   19964
  1.966957e-01   2.250371e-12   3.066093e-03   1.551348e-14   22354
  2.072851e-01   1.916221e-12   3.030819e-03   1.253382e-14   24648
  2.179134e-01   1.659460e-12   3.083109e-03   1.019409e-14   27592
  2.285517e-01   1.462816e-12   3.075318e-03   8.750772e-15   30152
  2.391687e-01   1.290266e-12   3.069056e-03   7.442521e-15   33046
  2.497808e-01   1.166185e-12   3.053846e-03   6.413499e-15   35992
  2.604233e-01   1.049720e-12   3.074764e-03   5.577463e-15   39304
  2.710722e-01   9.453502e-13   3.082145e-03   4.788119e-15   42608
  2.817050e-01   8.428511e-13   3.058267e-03   4.154828e-15   45758
  2.923349e-01   7.505893e-13   3.072286e-03   3.607632e-15   49536
  3.029238e-01   6.828307e-13   3.039208e-03   3.160089e-15   52488
  3.135134e-01   6.306434e-13   3.084628e-03   2.821047e-15   57034
  3.241511e-01   5.602104e-13   3.061146e-03   2.435967e-15   60648
  3.347969e-01   5.205286e-13   3.076329e-03   2.203182e-15   65044
  3.454223e-01   4.777771e-13   3.057760e-03   1.962818e-15   68720
  3.560505e-01   4.337072e-13   3.078281e-03   1.742475e-15   73538
  3.667175e-01   3.990996e-13   3.076939e-03   1.568342e-15   78080
  3.773260e-01   3.709655e-13   3.039859e-03   1.434394e-15   81572
  3.879192e-01   3.426973e-13   3.081238e-03   1.292895e-15   87248
  3.985882e-01   3.148048e-13   3.084591e-03   1.156455e-15   92266
  4.092322e-01   2.933562e-13   3.063169e-03   1.065516e-15   96696
  4.198039e-01   2.694982e-13   3.037602e-03   9.675816e-16   100904
  4.303789e-01   2.524595e-13   3.065517e-03   8.802138e-16   107036
  4.410480e-01   2.357064e-13   3.089487e-03   8.016870e-16   113362
  4.517307e-01   2.186550e-13   3.072092e-03   7.293624e-16   118176
  4.623378e-01   2.041391e-13   3.054661e-03   6.833862e-16   122944
  4.729644e-01   1.909760e-13   3.083007e-03   6.272875e-16   129902
  4.836049e-01   1.772953e-13   3.061727e-03   5.708185e-16   134944
  4.942158e-01   1.675824e-13   3.064979e-03   5.337170e-16   140952
  5.048213e-01   1.556590e-13   3.064662e-03   4.908902e-16   147072
  5.154342e-01   1.460840e-13   3.060800e-03   4.533409e-16   153382
  5.260893e-01   1.373661e-13   3.082622e-03   4.183758e-16   160952
  5.367508e-01   1.280562e-13   3.070294e-03   3.896665e-16   166640
  5.473579e-01   1.222117e-13   3.057153e-03   3.672888e-16   172448
  5.579787e-01   1.138626e-13   3.077577e-03   3.403350e-16   180594
  5.686178e-01   1.076275e-13   3.060710e-03   3.173906e-16   186556
  5.792219e-01   1.010810e-13   3.063394e-03   2.943516e-16   193528
  5.898242e-01   9.541933e-14   3.060684e-03   2.771915e-16   200626
  6.004609e-01   8.985603e-14   3.076604e-03   2.590559e-16   209256
  6.111150e-01   8.488757e-14   3.069663e-03   2.437379e-16   216020
  6.217510e-01   8.072384e-14   3.075746e-03   2.295617e-16   223768
  6.323610e-01   7.564681e-14   3.055783e-03   2.158996e-16   230234
  6.429887e-01   7.182384e-14   3.074922e-03   2.020980e-16   239800
  6.536248e-01   6.797205e-14   3.063054e-03   1.913608e-16   246568
  6.642393e-01   6.477241e-14   3.068328e-03   1.814528e-16   254828
  6.748534e-01   6.063176e-14   3.064424e-03   1.692009e-16   263074
  6.854951e-01   5.742931e-14   3.071509e-03   1.603212e-16   272312
  6.961385e-01   5.467177e-14   3.070197e-03   1.517166e-16   280376
  7.067732e-01   5.185616e-14   3.071500e-03   1.441768e-16   288884
  7.174012e-01   4.886471e-14   3.068501e-03   1.357107e-16   297602
  7.280177e-01   4.686777e-14   3.057614e-03   1.297970e-16   305520
  7.386402e-01   4.425546e-14   3.075198e-03   1.224125e-16   315976
  7.492461e-01   4.165164e-14   3.052723e-03   1.167062e-16   322778
  7.598720e-01   3.997868e-14   3.080021e-03   1.108097e-16   335372
  7.705286e-01   3.768666e-14   3.068318e-03   1.053850e-16   343464
  7.811635e-01   3.590764e-14   3.070705e-03   1.004138e-16   352912
  7.917934e-01   3.408185e-14   3.070498e-03   9.573146e-17   362666
  8.024224e-01   3.232047e-14   3.063690e-03   9.129592e-17   371884
  8.130465e-01   3.082886e-14   3.069929e-03   8.659710e-17   382280
  8.236583e-01   2.930417e-14   3.060755e-03   8.330679e-17   390888
  8.342648e-01   2.783609e-14   3.067168e-03   7.945067e-17   402234
  8.448912e-01   2.649743e-14   3.064832e-03   7.614203e-17   412576
  8.555263e-01   2.500286e-14   3.071788e-03   7.220644e-17   423732
  8.661590e-01   2.385789e-14   3.068142e-03   6.929871e-17   433624
  8.767950e-01   2.277063e-14   3.072203e-03   6.632256e-17   445154
  8.874347e-01   2.176263e-14   3.069139e-03   6.384647e-17   455584
  8.980596e-01   2.051865e-14   3.064716e-03   6.095339e-17   465588
  9.086714e-01   1.958740e-14   3.065163e-03   5.851745e-17   476762
  9.193048e-01   1.863923e-14   3.073106e-03   5.622180e-17   489552
  9.299472e-01   1.782065e-14   3.069632e-03   5.423595e-17   500328
  9.405628e-01   1.702163e-14   3.059261e-03   5.211623e-17   509852
  9.511854e-01   1.609491e-14   3.074339e-03   4.980189e-17   524234
  9.618189e-01   1.534069e-14   3.061952e-03   4.796751e-17   534104
  9.724448e-01   1.466697e-14   3.070528e-03   4.607520e-17   547048
  9.830800e-01   1.381539e-14   3.073862e-03   4.426749e-17   559328
  9.937180e-01   1.330552e-14   3.070866e-03   4.281294e-17   571326
  1.004339e+00   1.258145e-14   3.060367e-03   4.136849e-17   581920
  1.014951e+00   1.194689e-14   3.064588e-03   3.982826e-17   594832
  1.025571e+00   1.135254e-14   3.068054e-03   3.819000e-17   608048
  1.036206e+00   1.097027e-14   3.070252e-03   3.707694e-17   621526
  1.046839e+00   1.044128e-14   3.066112e-03   3.570964e-17   633240
  1.057456e+00   9.916053e-15   3.064953e-03   3.445104e-17   645472
  1.068086e+00   9.369444e-15   3.075342e-03   3.327369e-17   660906
  1.078726e+00   8.970607e-15   3.067576e-03   3.223603e-17   672856
  1.089356e+00   8.534980e-15   3.067094e-03   3.104098e-17   685980
  1.099980e+00   8.160446e-15   3.067978e-03   2.992518e-17   699256
  1.110619e+00   7.773742e-15   3.074976e-03   2.900893e-17   714730
  1.121246e+00   7.474906e-15   3.059348e-03   2.820075e-17   725152
  1.131863e+00   7.049684e-15   3.067634e-03   2.716978e-17   740420
  1.142485e+00   6.660883e-15   3.069089e-03   2.638480e-17   754312
  1.153114e+00   6.360235e-15   3.069897e-03   2.553899e-17   769114
  1.163749e+00   6.080006e-15   3.069209e-03   2.476752e-17   783488
  1.174365e+00   5.813371e-15   3.058900e-03   2.402925e-17   794968
  1.184981e+00   5.540958e-15   3.070107e-03   2.323491e-17   812366
  1.195609e+00   5.248271e-15   3.065134e-03   2.252618e-17   825976
  1.206250e+00   4.977453e-15   3.075220e-03   2.184996e-17   843352
  1.216898e+00   4.742948e-15   3.073224e-03   2.119853e-17   857280
  1.227524e+00   4.603548e-15   3.063189e-03   2.065418e-17   869542
  1.238147e+00   4.342223e-15   3.070752e-03   2.001114e-17   887128
  1.248772e+00   4.178403e-15   3.063166e-03   1.949902e-17   900032
  1.259388e+00   3.955552e-15   3.067377e-03   1.886802e-17   916560
  1.270005e+00   3.756906e-15   3.061783e-03   1.838567e-17   930922
  1.280635e+00   3.627635e-15   3.071795e-03   1.782104e-17   949844
  1.291287e+00   3.485165e-15   3.076939e-03   1.733529e-17   966736
  1.301925e+00   3.277007e-15   3.065819e-03   1.686108e-17   978776
  1.312537e+00   3.125337e-15   3.064137e-03   1.647765e-17   994522
  1.323161e+00   2.987465e-15   3.068907e-03   1.598011e-17   1012420
  1.333794e+00   2.854592e-15   3.071598e-03   1.552029e-17   1029408
  1.344410e+00   2.749198e-15   3.058405e-03   1.519391e-17   1041658
  1.355032e+00   2.614188e-15   3.072381e-03   1.471508e-17   1063520
  1.365659e+00   2.482327e-15   3.060689e-03   1.440074e-17   1075808
  1.376294e+00   2.359379e-15   3.080019e-03   1.393906e-17   1098956
  1.386928e+00   2.292931e-15   3.061670e-03   1.367420e-17   1109810
  1.397545e+00   2.154345e-15   3.065288e-03   1.328008e-17   1128608
  1.408178e+00   2.062122e-15   3.073589e-03   1.292571e-17   1148264
  1.418813e+00   1.938998e-15   3.067917e-03   1.259585e-17   1163252
  1.429436e+00   1.862729e-15   3.067070e-03   1.226407e-17   1181042
  1.440060e+00   1.772839e-15   3.064325e-03   1.197070e-17   1197848
  1.450692e+00   1.672993e-15   3.073737e-03   1.164473e-17   1218848
  1.461323e+00   1.629694e-15   3.064859e-03   1.138756e-17   1232916
  1.471945e+00   1.539898e-15   3.068844e-03   1.111447e-17   1253002
  1.482566e+00   1.447515e-15   3.062284e-03   1.083780e-17   1268576
  1.493191e+00   1.380791e-15   3.071552e-03   1.056820e-17   1290128
  1.503822e+00   1.325344e-15   3.068342e-03   1.033488e-17   1307402
  1.514455e+00   1.286222e-15   3.069122e-03   1.004305e-17   1327028
  1.525083e+00   1.212994e-15   3.064970e-03   9.855616e-18   1343648
  1.535711e+00   1.160579e-15   3.070217e-03   9.594470e-18   1364096
  1.546341e+00   1.117780e-15   3.068950e-03   9.407255e-18   1382730
  1.556974e+00   1.045119e-15   3.068757e-03   9.162748e-18   1402164
  1.567604e+00   1.020233e-15   3.068159e-03   8.963807e-18   1420464
  1.578221e+00   9.756847e-16   3.063798e-03   8.742634e-18   1437368
  1.588847e+00   9.327554e-16   3.072142e-03   8.548104e-18   1461530
  1.599480e+00   8.882853e-16   3.065069e-03   8.340905e-18   1478264
  1.610108e+00   8.518785e-16   3.068902e-03   8.142492e-18   1499356
  1.620732e+00   8.115508e-16   3.065238e-03   7.977623e-18   1517016
  1.631360e+00   7.759941e-16   3.070849e-03   7.798874e-18   1540090
  1.641988e+00   7.123321e-16   3.065366e-03   7.620501e-18   1557360
  1.652609e+00   7.143224e-16   3.066926e-03   7.456517e-18   1577780
  1.663242e+00   6.649265e-16   3.075107e-03   7.276618e-18   1602578
  1.673875e+00   6.686219e-16   3.063542e-03   7.136460e-18   1617672
  1.684498e+00   6.349793e-16   3.069033e-03   6.987142e-18   1641016
  1.695122e+00   6.073770e-16   3.065080e-03   6.833541e-18   1659416
  1.705746e+00   5.752223e-16   3.068431e-03   6.662992e-18   1682670
  1.716382e+00   5.274933e-16   3.070690e-03   6.531081e-18   1705256
  1.727024e+00   5.274645e-16   3.071890e-03   6.378504e-18   1726312
  1.737645e+00   5.220896e-16   3.062639e-03   6.269685e-18   1741880
  1.748261e+00   4.835672e-16   3.067156e-03   6.125799e-18   1766454
  1.758897e+00   4.726465e-16   3.073105e-03   5.985173e-18   1791784
  1.769528e+00   4.435961e-16   3.063894e-03   5.877842e-18   1807712
  1.780139e+00   4.184159e-16   3.062775e-03   5.757216e-18   1829002
  1.790759e+00   4.136018e-16   3.067263e-03   5.624440e-18   1854216
  1.801400e+00   3.923503e-16   3.074631e-03   5.507419e-18   1880156
  1.812037e+00   3.590789e-16   3.068349e-03   5.403769e-18   1897568
  1.822663e+00   3.581005e-16   3.068475e-03   5.289400e-18   1920458
  1.833288e+00   3.373223e-16   3.065997e-03   5.189354e-18   1942208
  1.843915e+00   3.331916e-16   3.067813e-03   5.077158e-18   1965612
  1.854544e+00   3.080948e-16   3.069639e-03   4.960083e-18   1989000
  1.865168e+00   2.961801e-16   3.064465e-03   4.868382e-18   2009114
  1.875791e+00   2.952810e-16   3.067400e-03   4.770398e-18   2034464
  1.886424e+00   2.828510e-16   3.070174e-03   4.672333e-18   2058476
  1.897052e+00   2.726465e-16   3.068039e-03   4.580260e-18   2079648
  1.907673e+00   2.694491e-16   3.065891e-03   4.491812e-18   2102578
  1.918306e+00   2.554919e-16   3.070742e-03   4.395086e-18   2129928
  1.928942e+00   2.380661e-16   3.069733e-03   4.317985e-18   2152096
  1.939563e+00   2.345002e-16   3.062858e-03   4.237121e-18   2171142
  1.950185e+00   2.173601e-16   3.069150e-03   4.152345e-18   2200248
  1.960824e+00   2.175922e-16   3.071017e-03   4.068507e-18   2225216
  1.971460e+00   2.042938e-16   3.070942e-03   3.985338e-18   2248448
  1.982084e+00   2.038929e-16   3.064272e-03   3.919673e-18   2267942
  1.992710e+00   1.920284e-16   3.071051e-03   3.840717e-18   2298072
  2.003337e+00   1.835316e-16   3.064068e-03   3.773372e-18   2317272
  2.013961e+00   1.718303e-16   3.069747e-03   3.697217e-18   2345808
  2.024580e+00   1.737118e-16   3.062469e-03   3.627950e-18   2365650
  2.035206e+00   1.638044e-16   3.069930e-03   3.551834e-18   2396940
  2.045842e+00   1.643695e-16   3.069936e-03   3.492665e-18   2421272
  2.056473e+00   1.705413e-16   3.068399e-03   3.426462e-18   2444576
  2.067102e+00   1.488401e-16   3.069748e-03   3.353731e-18   2471490
  2.077728e+00   1.379055e-16   3.064854e-03   3.300445e-18   2493180
  2.088349e+00   1.439537e-16   3.068019e-03   3.239091e-18   2520952
  2.098972e+00   1.292507e-16   3.065319e-03   3.166845e-18   2544946
  2.109598e+00   1.322182e-16   3.068311e-03   3.110186e-18   2573856
  2.120230e+00   1.273174e-16   3.069026e-03   3.054638e-18   2600016
  2.130862e+00   1.250062e-16   3.069102e-03   3.004806e-18   2625484
  2.141490e+00   1.190718e-16   3.068080e-03   2.945228e-18   2651122
  2.152130e+00   1.156572e-16   3.074348e-03   2.889793e-18   2683488
  2.162754e+00   1.118846e-16   3.059466e-03   2.844431e-18   2696352
  2.173371e+00   1.080567e-16   3.071171e-03   2.785235e-18   2733020
  2.184002e+00   1.098719e-16   3.067530e-03   2.735753e-18   2757378
  2.194631e+00   1.034445e-16   3.067942e-03   2.688966e-18   2784864
  2.205259e+00   9.838295e-17   3.067811e-03   2.637126e-18   2811168
  2.215874e+00   9.553434e-17   3.061061e-03   2.597866e-18   2832274
  2.226505e+00   9.775244e-17   3.075611e-03   2.544538e-18   2873636
  2.237142e+00   8.652940e-17   3.064877e-03   2.503317e-18   2890496
  2.247766e+00   8.555607e-17   3.069851e-03   2.456964e-18   2921800
  2.258399e+00   8.629196e-17   3.071101e-03   2.410396e-18   2951298
  2.269032e+00   8.655459e-17   3.066274e-03   2.374157e-18   2975476
  2.279663e+00   8.674088e-17   3.071375e-03   2.324655e-18   3007728
  2.290285e+00   7.805738e-17   3.061886e-03   2.292493e-18   3025776
  2.300910e+00   7.760785e-17   3.072955e-03   2.252112e-18   3065762
  2.311540e+00   6.664683e-17   3.063208e-03   2.210624e-18   3084856
  2.322162e+00   7.731233e-17   3.068985e-03   2.171298e-18   3118044
  2.332782e+00   7.022190e-17   3.064319e-03   2.133722e-18   3141352
  2.343410e+00   6.703525e-17   3.072036e-03   2.098791e-18   3179274
  2.354046e+00   6.613079e-17   3.067682e-03   2.058110e-18   3204120
  2.364668e+00   6.458945e-17   3.063610e-03   2.027155e-18   3227900
  2.375288e+00   6.083269e-17   3.068722e-03   1.992048e-18   3262394
  2.385925e+00   6.305724e-17   3.071814e-03   1.955204e-18   3295680
  2.396559e+00   5.671695e-17   3.067166e-03   1.923825e-18   3319560
  2.407184e+00   5.934060e-17   3.068070e-03   1.892093e-18   3348972
  2.417810e+00   6.012404e-17   3.068540e-03   1.859703e-18   3379722
  2.428441e+00   5.639143e-17   3.068348e-03   1.828066e-18   3410720
  2.439075e+00   5.528181e-17   3.069517e-03   1.796102e-18   3441504
  2.449697e+00   5.525413e-17   3.063301e-03   1.770265e-18   3463624
  2.460317e+00   4.971795e-17   3.068043e-03   1.736248e-18   3499790
  2.470951e+00   4.683439e-17   3.070702e-03   1.707698e-18   3533560
  2.481588e+00   5.130438e-17   3.069830e-03   1.679996e-18   3561920
  2.492209e+00   5.161879e-17   3.064208e-03   1.651874e-18   3585208
  2.502830e+00   5.005502e-17   3.069185e-03   1.625253e-18   3622518
  2.513468e+00   4.758126e-17   3.072344e-03   1.592214e-18   3657584
  2.524094e+00   4.303571e-17   3.062507e-03   1.569883e-18   3676440
  2.534707e+00   4.409637e-17   3.065232e-03   1.546029e-18   3711282
  2.545334e+00   4.217635e-17   3.068763e-03   1.520672e-18   3747696
  2.555965e+00   4.184614e-17   3.067225e-03   1.494885e-18   3776188
  2.566601e+00   4.120140e-17   3.074483e-03   1.468994e-18   3815304
  2.577232e+00   4.363547e-17   3.064660e-03   1.447409e-18   3835370
  2.587856e+00   4.257661e-17   3.068926e-03   1.422970e-18   3873424
  2.598487e+00   3.663058e-17   3.067978e-03   1.398854e-18   3903420
  2.609117e+00   4.068027e-17   3.070036e-03   1.376469e-18   3937624
  2.619745e+00   4.105839e-17   3.066011e-03   1.352991e-18   3965658
  2.630375e+00   3.902561e-17   3.069802e-03   1.333236e-18   4002984
  2.641001e+00   3.973686e-17   3.065136e-03   1.312727e-18   4027928
  2.651616e+00   3.563509e-17   3.064941e-03   1.289590e-18   4059844
  2.662241e+00   3.809776e-17   3.069945e-03   1.269023e-18   4100338
  2.672876e+00   3.436057e-17   3.069128e-03   1.249478e-18   4132264
  2.683506e+00   3.593692e-17   3.068474e-03   1.229726e-18   4163216
  2.694131e+00   3.635813e-17   3.066146e-03   1.209094e-18   4193350
  2.704761e+00   3.439152e-17   3.071068e-03   1.189435e-18   4234456
  2.715390e+00   3.240299e-17   3.064079e-03   1.172460e-18   4257264
  2.726012e+00   3.436216e-17   3.069774e-03   1.152109e-18   4297352
  2.736640e+00   3.092954e-17   3.067495e-03   1.135151e-18   4328642
  2.747272e+00   3.140409e-17   3.070663e-03   1.116057e-18   4367948
  2.757895e+00   3.114401e-17   3.061799e-03   1.101375e-18   4388384
  2.768519e+00   2.904561e-17   3.072247e-03   1.082976e-18   4436648
  2.779154e+00   2.819405e-17   3.067997e-03   1.067378e-18   4465658
  2.789787e+00   3.010818e-17   3.069677e-03   1.048564e-18   4502948
  2.800413e+00   2.880412e-17   3.064787e-03   1.032726e-18   4528880
  2.811033e+00   2.641182e-17   3.067181e-03   1.017258e-18   4566290
  2.821663e+00   2.780434e-17   3.070655e-03   9.997209e-19   4606856
  2.832293e+00   2.745612e-17   3.066552e-03   9.868111e-19   4635380
  2.842916e+00   2.635619e-17   3.067131e-03   9.706783e-19   4670384
  2.853543e+00   2.421121e-17   3.069161e-03   9.554446e-19   4709258
  2.864179e+00   2.382786e-17   3.070324e-03   9.411292e-19   4747352
  2.874805e+00   2.527342e-17   3.063655e-03   9.272681e-19   4771664
  2.885427e+00   2.622863e-17   3.068600e-03   9.109553e-19   4813532
  2.896058e+00   2.488806e-17   3.070437e-03   8.975869e-19   4852322
  2.906693e+00   2.287531e-17   3.069013e-03   8.844462e-19   4886480
  2.917320e+00   2.380627e-17   3.066289e-03   8.705323e-19   4917248
  2.927939e+00   2.673746e-17   3.065099e-03   8.574721e-19   4950828
  2.938569e+00   2.560475e-17   3.072788e-03   8.448742e-19   5000170
  2.949204e+00   2.389777e-17   3.066857e-03   8.317568e-19   5026952
  2.959825e+00   2.132285e-17   3.064676e-03   8.195334e-19   5058752
  2.970445e+00   2.435250e-17   3.067741e-03   8.076917e-19   5100722
  2.981076e+00   2.252235e-17   3.068979e-03   7.947906e-19   5140124
  2.991706e+00   2.277270e-17   3.067937e-03   7.827373e-19   5174072
  3.002335e+00   2.061940e-17   3.068928e-03   7.709503e-19   5211608
  3.012962e+00   2.222846e-17   3.067917e-03   7.600931e-19   5247794
  3.023589e+00   2.098048e-17   3.066908e-03   7.494487e-19   5284196
  3.034222e+00   2.114800e-17   3.071657e-03   7.365012e-19   5328800
  3.044847e+00   1.844993e-17   3.063109e-03   7.269880e-19   5350872
  3.055470e+00   1.932366e-17   3.069608e-03   7.155633e-19   5400634
  3.066097e+00   1.917798e-17   3.065291e-03   7.048144e-19   5430968
  3.076725e+00   1.868851e-17   3.070185e-03   6.937371e-19   5475908
  3.087355e+00   1.732373e-17   3.068352e-03   6.842647e-19   5510016
  3.097986e+00   1.660826e-17   3.069695e-03   6.740090e-19   5552114
  3.108620e+00   1.903778e-17   3.068841e-03   6.647267e-19   5588944
  3.119249e+00   1.696723e-17   3.067703e-03   6.552502e-19   5623828
  3.129873e+00   1.611729e-17   3.066629e-03   6.452305e-19   5660722
  3.140497e+00   1.671348e-17   3.066422e-03   6.353880e-19   5699896
  3.151124e+00   1.595946e-17   3.068968e-03   6.256597e-19   5741936
  3.161754e+00   1.440449e-17   3.069010e-03   6.174831e-19   5779568
  3.172381e+00   1.723105e-17   3.067639e-03   6.084636e-19   5817222
  3.183006e+00   1.537784e-17   3.066013e-03   6.001771e-19   5854600
  3.193635e+00   1.617599e-17   3.069791e-03   5.900387e-19   5900040
  3.204262e+00   1.480264e-17   3.066501e-03   5.828086e-19   5931976
  3.214890e+00   1.445738e-17   3.070101e-03   5.730068e-19   5979390
  3.225518e+00   1.548650e-17   3.065321e-03   5.654012e-19   6010200
  3.236144e+00   1.469100e-17   3.069327e-03   5.576619e-19   6056496
  3.246769e+00   1.476816e-17   3.066211e-03   5.495905e-19   6089504
  3.257396e+00   1.519122e-17   3.069391e-03   5.408348e-19   6137114
  3.268025e+00   1.405507e-17   3.067201e-03   5.338514e-19   6173332
  3.278652e+00   1.286292e-17   3.067882e-03   5.260813e-19   6214128
  3.289279e+00   1.416872e-17   3.067306e-03   5.183219e-19   6253874
  3.299910e+00   1.220565e-17   3.069629e-03   5.107139e-19   6300104
  3.310539e+00   1.427612e-17   3.066365e-03   5.040097e-19   6332612
  3.321166e+00   1.353864e-17   3.070240e-03   4.963642e-19   6379768
  3.331797e+00   1.240486e-17   3.068597e-03   4.894391e-19   6418218
  3.342427e+00   1.270886e-17   3.068360e-03   4.824384e-19   6459880
  3.353052e+00   1.188530e-17   3.066116e-03   4.761495e-19   6495652
  3.363680e+00   1.243510e-17   3.070231e-03   4.683129e-19   6545296
  3.374311e+00   1.247219e-17   3.067227e-03   4.627049e-19   6581570
  3.384935e+00   1.253175e-17   3.065246e-03   4.561077e-19   6618960
  3.395556e+00   1.309412e-17   3.067158e-03   4.498117e-19   6663352
  3.406178e+00   1.158355e-17   3.065376e-03   4.442353e-19   6701334
  3.416809e+00   1.170098e-17   3.072512e-03   4.368247e-19   6759920
  3.427444e+00   1.223462e-17   3.067179e-03   4.314974e-19   6789696
  3.438073e+00   1.216962e-17   3.069955e-03   4.252092e-19   6837208
  3.448703e+00   1.164839e-17   3.067492e-03   4.197626e-19   6874966
  3.459333e+00   1.133454e-17   3.068613e-03   4.134570e-19   6920864
  3.469960e+00   1.200339e-17   3.066758e-03   4.079677e-19   6957816
  3.480585e+00   1.059170e-17   3.068144e-03   4.021420e-19   7002232
  3.491208e+00   1.052252e-17   3.066540e-03   3.965027e-19   7043114
  3.501840e+00   1.102785e-17   3.070403e-03   3.908552e-19   7096020
  3.512471e+00   1.158520e-17   3.067394e-03   3.856646e-19   7130640
  3.523097e+00   9.867431e-18   3.068276e-03   3.801157e-19   7175472
  3.533723e+00   1.106932e-17   3.067248e-03   3.753932e-19   7217786
  3.544353e+00   1.133698e-17   3.068999e-03   3.700409e-19   7265564
  3.554979e+00   9.977415e-18   3.066319e-03   3.650362e-19   7301288
  3.565600e+00   1.035670e-17   3.066375e-03   3.600122e-19   7345330
  3.576227e+00   9.761411e-18   3.069052e-03   3.549753e-19   7397048
  3.586856e+00   8.669997e-18   3.067039e-03   3.500077e-19   7435920
  3.597485e+00   8.669205e-18   3.069220e-03   3.451664e-19   7484140
  3.608113e+00   1.030084e-17   3.067643e-03   3.410784e-19   7525578
  3.618741e+00   9.077665e-18   3.067518e-03   3.362248e-19   7571376
  3.629371e+00   9.937544e-18   3.068480e-03   3.313493e-19   7617064
  3.640002e+00   9.524612e-18   3.069456e-03   3.269161e-19   7662092
  3.650627e+00   8.773725e-18   3.066324e-03   3.229317e-19   7699658
  3.661254e+00   9.403444e-18   3.068945e-03   3.181580e-19   7752416
  3.671886e+00   9.250086e-18   3.069408e-03   3.138452e-19   7797776
  3.682511e+00   8.660435e-18   3.065176e-03   3.099346e-19   7831720
  3.693136e+00   9.455588e-18   3.069723e-03   3.056638e-19   7889926
  3.703768e+00   8.243902e-18   3.067981e-03   3.017843e-19   7931480
  3.714397e+00   8.617975e-18   3.068251e-03   2.974873e-19   7976688
  3.725016e+00   7.991027e-18   3.062621e-03   2.940333e-19   8007786
  3.735639e+00   8.126370e-18   3.070332e-03   2.897816e-19   8074564
  3.746275e+00   7.906716e-18   3.070085e-03   2.857130e-19   8118904
  3.756904e+00   8.247402e-18   3.066957e-03   2.821223e-19   8155824
  3.767533e+00   8.596784e-18   3.070641e-03   2.784481e-19   8212802
  3.778161e+00   7.618183e-18   3.065118e-03   2.746546e-19   8245268
  3.788791e+00   7.902877e-18   3.071754e-03   2.706710e-19   8308816
  3.799422e+00   7.513747e-18   3.066301e-03   2.675086e-19   8340304
  3.810044e+00   6.955477e-18   3.066222e-03   2.642107e-19   8387738
  3.820668e+00   8.019373e-18   3.067207e-03   2.601626e-19   8437624
  3.831296e+00   7.346720e-18   3.068826e-03   2.568974e-19   8487796
  3.841921e+00   7.472404e-18   3.066430e-03   2.539826e-19   8527936
  3.852549e+00   7.103562e-18   3.069409e-03   2.503955e-19   8585122
  3.863180e+00   6.872107e-18   3.067925e-03   2.470316e-19   8628200
  3.873811e+00   6.663379e-18   3.069670e-03   2.437660e-19   8679484
  3.884439e+00   6.550077e-18   3.067320e-03   2.405418e-19   8721466
  3.895064e+00   6.858646e-18   3.065795e-03   2.378123e-19   8765840
  3.905692e+00   6.795448e-18   3.070355e-03   2.340705e-19   8825136
  3.916320e+00   7.128505e-18   3.066753e-03   2.313555e-19   8861768
  3.926948e+00   7.059943e-18   3.069321e-03   2.283287e-19   8919278
  3.937577e+00   7.119666e-18   3.066595e-03   2.253083e-19   8961008
  3.948205e+00   6.404521e-18   3.068779e-03   2.223804e-19   9014456
  3.958835e+00   6.545045e-18   3.068818e-03   2.193631e-19   9062240
  3.969465e+00   6.917922e-18   3.068277e-03   2.166148e-19   9110510
  3.980091e+00   6.889421e-18   3.066455e-03   2.139268e-19   9154048
  3.990712e+00   6.522454e-18   3.065703e-03   2.112206e-19   9198928
  4.001336e+00   6.717838e-18   3.068826e-03   2.085086e-19   9257194
  4.011967e+00   6.129134e-18   3.069362e-03   2.057048e-19   9310168
  4.022596e+00   5.866113e-18   3.066324e-03   2.030824e-19   9350316
  4.033222e+00   6.237098e-18   3.069210e-03   2.005803e-19   9407120
  4.043852e+00   6.479446e-18   3.068250e-03   1.980195e-19   9454642
  4.054482e+00   6.150354e-18   3.068405e-03   1.955708e-19   9506272
  4.065111e+00   5.957005e-18   3.067355e-03   1.930614e-19   9551228
  4.075735e+00   6.031879e-18   3.067594e-03   1.905702e-19   9600264
  4.086360e+00   5.833806e-18   3.067530e-03   1.881718e-19   9651458
  4.096991e+00   5.887656e-18   3.070122e-03   1.857462e-19   9711488
  4.107620e+00   5.884062e-18   3.066189e-03   1.834533e-19   9749144
  4.118247e+00   6.088613e-18   3.069033e-03   1.812400e-19   9807908
  4.128876e+00   5.872744e-18   3.067607e-03   1.787043e-19   9854786
  4.139508e+00   5.575566e-18   3.070269e-03   1.767404e-19   9914304
  4.150134e+00   5.749647e-18   3.064668e-03   1.744803e-19   9945544
  4.160753e+00   5.565697e-18   3.066794e-03   1.721795e-19   10003414
  4.171379e+00   4.804075e-18   3.068671e-03   1.699441e-19   10062032
  4.182011e+00   5.546023e-18   3.069142e-03   1.679501e-19   10114792
  4.192645e+00   5.468801e-18   3.070449e-03   1.658041e-19   10169936
  4.203267e+00   5.613916e-18   3.062650e-03   1.638286e-19   10196602
  4.213895e+00   5.528209e-18   3.072265e-03   1.615137e-19   10281156
  4.224526e+00   5.014464e-18   3.065688e-03   1.597870e-19   10309376
  4.235150e+00   5.456101e-18   3.068567e-03   1.577373e-19   10369856
  4.245775e+00   5.140987e-18   3.066063e-03   1.558958e-19   10415370
  4.256404e+00   5.080968e-18   3.070045e-03   1.537782e-19   10481988
  4.267039e+00   5.184926e-18   3.069556e-03   1.518104e-19   10531200
  4.277665e+00   4.665216e-18   3.065408e-03   1.499974e-19   10569416
  4.288289e+00   5.294901e-18   3.068216e-03   1.483252e-19   10633066
  4.298919e+00   4.817741e-18   3.068866e-03   1.464085e-19   10687548
  4.309552e+00   4.890152e-18   3.070419e-03   1.444936e-19   10743968
  4.320180e+00   4.882301e-18   3.065849e-03   1.428021e-19   10782130
  4.330801e+00   4.972627e-18   3.066095e-03   1.411162e-19   10837792
  4.341427e+00   4.880363e-18   3.068321e-03   1.393805e-19   10897368
  4.352058e+00   4.717824e-18   3.069642e-03   1.376223e-19   10953940
  4.362687e+00   4.523055e-18   3.067969e-03   1.359957e-19   11003274
  4.373313e+00   4.721660e-18   3.066343e-03   1.343714e-19   11052800
  4.383943e+00   4.955579e-18   3.070099e-03   1.326764e-19   11118176
  4.394573e+00   4.544379e-18   3.067934e-03   1.309985e-19   11162268
  4.405196e+00   4.863336e-18   3.066117e-03   1.294751e-19   11211458
  4.415820e+00   4.800505e-18   3.067310e-03   1.280243e-19   11271888
  4.426448e+00   4.191658e-18   3.068640e-03   1.263231e-19   11329304
  4.437073e+00   4.459029e-18   3.066385e-03   1.249241e-19   11375026
  4.447701e+00   4.506550e-18   3.069261e-03   1.233459e-19   11442532
  4.458330e+00   4.613605e-18   3.066551e-03   1.220008e-19   11487264
  4.468957e+00   4.180530e-18   3.068098e-03   1.204056e-19   11545680
  4.479587e+00   4.235845e-18   3.069842e-03   1.189338e-19   11607058
  4.490221e+00   4.239604e-18   3.069925e-03   1.176404e-19   11664300
  4.500851e+00   4.276113e-18   3.066963e-03   1.161727e-19   11707488
  4.511474e+00   4.379258e-18   3.066617e-03   1.148472e-19   11759536
  4.522104e+00   4.284330e-18   3.071176e-03   1.133120e-19   11833690
  4.532737e+00   4.097882e-18   3.067542e-03   1.121049e-19   11877808
  4.543362e+00   4.039148e-18   3.065778e-03   1.107457e-19   11925836
  4.553987e+00   4.135254e-18   3.068899e-03   1.094813e-19   11992168
  4.564616e+00   4.141112e-18   3.067784e-03   1.082336e-19   12044554
  4.575242e+00   4.134204e-18   3.067168e-03   1.069792e-19   12098976
  4.585865e+00   3.820865e-18   3.066173e-03   1.056867e-19   12149996
  4.596487e+00   4.016307e-18   3.067038e-03   1.044132e-19   12209594
  4.607117e+00   3.994347e-18   3.069983e-03   1.032350e-19   12279272
  4.617752e+00   4.101974e-18   3.070004e-03   1.019940e-19   12336072
  4.628383e+00   4.007548e-18   3.067416e-03   1.008032e-19   12381744
  4.639009e+00   3.749298e-18   3.068068e-03   9.958333e-20   12441590
  4.649637e+00   3.952279e-18   3.067557e-03   9.853293e-20   12497256
  4.660262e+00   4.047491e-18   3.066825e-03   9.735028e-20   12550032
  4.670884e+00   4.070834e-18   3.066185e-03   9.631917e-20   12603936
  4.681508e+00   3.762944e-18   3.068111e-03   9.511705e-20   12671230
  4.692142e+00   3.844650e-18   3.070828e-03   9.401002e-20   12740920
  4.702775e+00   3.863088e-18   3.067767e-03   9.299445e-20   12784560
  4.713398e+00   3.522798e-18   3.065894e-03   9.192068e-20   12834176
  4.724025e+00   3.533967e-18   3.069663e-03   9.076130e-20   12909006
  4.734656e+00   3.481735e-18   3.068089e-03   8.974500e-20   12959680
  4.745283e+00   3.660715e-18   3.067551e-03   8.878159e-20   13014232
  4.755909e+00   3.658001e-18   3.068154e-03   8.770087e-20   13076514
  4.766534e+00   3.704206e-18   3.065684e-03   8.682777e-20   13127112
  4.777164e+00   3.421200e-18   3.070665e-03   8.572905e-20   13205852
  4.787797e+00   3.536989e-18   3.068206e-03   8.472217e-20   13252032
  4.798423e+00   3.427637e-18   3.066967e-03   8.380211e-20   13307450
  4.809051e+00   3.783892e-18   3.068506e-03   8.289852e-20   13374160
  4.819680e+00   3.486350e-18   3.067567e-03   8.193847e-20   13426348
  4.830308e+00   3.473217e-18   3.069633e-03   8.091177e-20   13492760
  4.840934e+00   3.494022e-18   3.066142e-03   8.021390e-20   13539546
  4.851560e+00   3.404045e-18   3.068338e-03   7.923607e-20   13610704
  4.862187e+00   3.527617e-18   3.066835e-03   7.844503e-20   13662024
  4.872813e+00   3.236372e-18   3.068248e-03   7.748903e-20   13727492
  4.883443e+00   3.515220e-18   3.069111e-03   7.665283e-20   13793394
  4.894073e+00   3.344113e-18   3.067154e-03   7.582429e-20   13844456
  4.904699e+00   3.159303e-18   3.067927e-03   7.498213e-20   13905184
  4.915325e+00   3.225092e-18   3.067971e-03   7.408284e-20   13965958
  4.925951e+00   3.219159e-18   3.067148e-03   7.335878e-20   14025192
  4.936580e+00   3.177759e-18   3.068951e-03   7.247145e-20   14093768
  4.947211e+00   3.311233e-18   3.068454e-03   7.174013e-20   14150440
  4.957840e+00   3.157050e-18   3.068630e-03   7.096226e-20   14213450
  4.968468e+00   3.266405e-18   3.066726e-03   7.017843e-20   14267036
  4.979095e+00   2.892940e-18   3.068568e-03   6.934835e-20   14335032
  4.989722e+00   3.088773e-18   3.067092e-03   6.867251e-20   14387664
  5.000347e+00   3.109243e-18   3.068270e-03   6.792961e-20   14455698
  5.010977e+00   3.022579e-18   3.068677e-03   6.716450e-20   14520452
  5.021607e+00   2.953028e-18   3.068497e-03   6.644079e-20   14580272
  5.032232e+00   2.856645e-18   3.065614e-03   6.572541e-20   14628050
  5.042860e+00   3.062271e-18   3.070982e-03   6.506091e-20   14716744
  5.053489e+00   2.825374e-18   3.065407e-03   6.442983e-20   14751712
  5.064115e+00   3.111333e-18   3.069456e-03   6.368505e-20   14831620
  5.074740e+00   2.886072e-18   3.065470e-03   6.304969e-20   14875522
  5.085366e+00   2.894514e-18   3.068961e-03   6.232734e-20   14956720
  5.095994e+00   2.893481e-18   3.066998e-03   6.165726e-20   15008272
  5.106620e+00   2.909028e-18   3.067783e-03   6.112117e-20   15073780
  5.117248e+00   2.763196e-18   3.069002e-03   6.043261e-20   15144866
  5.127883e+00   2.942615e-18   3.070052e-03   5.977094e-20   15213872
  5.138515e+00   2.747861e-18   3.067931e-03   5.918120e-20   15263976
  5.149140e+00   2.934968e-18   3.066723e-03   5.855206e-20   15320236
  5.159767e+00   2.798581e-18   3.069367e-03   5.800711e-20   15398322
  5.170396e+00   2.766114e-18   3.067121e-03   5.733972e-20   15450864
  5.181021e+00   2.953149e-18   3.067373e-03   5.678040e-20   15513888
  5.191645e+00   2.781002e-18   3.066596e-03   5.619433e-20   15574626
  5.202274e+00   2.761667e-18   3.069893e-03   5.564254e-20   15657956
  5.212904e+00   2.732122e-18   3.066736e-03   5.506946e-20   15704248
  5.223531e+00   2.726865e-18   3.068512e-03   5.449293e-20   15774824
  5.234161e+00   2.667008e-18   3.069354e-03   5.395081e-20   15844898
  5.244790e+00   2.666042e-18   3.066994e-03   5.345461e-20   15898956
  5.255415e+00   2.606243e-18   3.067091e-03   5.290622e-20   15961768
  5.266040e+00   2.648088e-18   3.068481e-03   5.233007e-20   16032208
  5.276669e+00   2.567587e-18   3.068464e-03   5.181089e-20   16099530
  5.287295e+00   2.634553e-18   3.065856e-03   5.133559e-20   16152712
  5.297924e+00   2.534608e-18   3.069693e-03   5.081072e-20   16235740
  5.308553e+00   2.583288e-18   3.067725e-03   5.031029e-20   16288856
  5.319183e+00   2.632656e-18   3.069408e-03   4.978670e-20   16365074
  5.329812e+00   2.559480e-18   3.067066e-03   4.938554e-20   16418248
  5.340434e+00   2.511567e-18   3.065573e-03   4.889850e-20   16473180
  5.351058e+00   2.458979e-18   3.069491e-03   4.839648e-20   16560234
  5.361687e+00   2.448921e-18   3.067046e-03   4.791030e-20   16616088
  5.372317e+00   2.507748e-18   3.069133e-03   4.749210e-20   16693264
  5.382948e+00   2.498961e-18   3.068526e-03   4.705865e-20   16753864
  5.393577e+00   2.465864e-18   3.068569e-03   4.658841e-20   16820702
  5.404204e+00   2.390512e-18   3.066887e-03   4.618195e-20   16879288
  5.414832e+00   2.452760e-18   3.068277e-03   4.572217e-20   16951712
  5.425456e+00   2.414472e-18   3.066689e-03   4.531030e-20   17007560
  5.436084e+00   2.361545e-18   3.069534e-03   4.487617e-20   17092086
  5.446713e+00   2.545895e-18   3.067265e-03   4.452633e-20   17148392
  5.457342e+00   2.437572e-18   3.068696e-03   4.408852e-20   17222288
  5.467971e+00   2.318744e-18   3.068089e-03   4.366637e-20   17285096
  5.478597e+00   2.341824e-18   3.066549e-03   4.325374e-20   17344826
  5.489223e+00   2.434432e-18   3.068300e-03   4.286735e-20   17421236
  5.499853e+00   2.321005e-18   3.069479e-03   4.249986e-20   17494160
  5.510478e+00   2.324263e-18   3.065109e-03   4.212357e-20   17538122
  5.521100e+00   2.381529e-18   3.067347e-03   4.175074e-20   17620136
  5.531731e+00   2.383386e-18   3.069687e-03   4.135899e-20   17700428
  5.542362e+00   2.413683e-18   3.068482e-03   4.101785e-20   17760320
  5.552991e+00   2.270910e-18   3.068060e-03   4.066799e-20   17827562
  5.563619e+00   2.390009e-18   3.067912e-03   4.033083e-20   17895488
  5.574247e+00   2.291429e-18   3.068230e-03   4.001472e-20   17963576
  5.584874e+00   2.333313e-18   3.067616e-03   3.963671e-20   18027500
  5.595502e+00   2.321261e-18   3.068831e-03   3.930667e-20   18105650
  5.606129e+00   2.275407e-18   3.066269e-03   3.897416e-20   18160880
  5.616752e+00   2.262212e-18   3.067084e-03   3.866136e-20   18233144
  5.627379e+00   2.295646e-18   3.067872e-03   3.834378e-20   18307310
  5.638008e+00   2.300554e-18   3.068420e-03   3.802711e-20   18381680
  5.648639e+00   2.300133e-18   3.068723e-03   3.773737e-20   18450536
  5.659270e+00   2.228123e-18   3.069549e-03   3.737591e-20   18522128
  5.669897e+00   2.238709e-18   3.067067e-03   3.709960e-20   18578414
  5.680523e+00   2.209686e-18   3.067781e-03   3.682131e-20   18654304
  5.691150e+00   2.256473e-18   3.067639e-03   3.651952e-20   18722304
  5.701780e+00   2.299126e-18   3.069442e-03   3.622728e-20   18802472
  5.712409e+00   2.268451e-18   3.067729e-03   3.596608e-20   18864266
  5.723037e+00   2.161090e-18   3.067347e-03   3.566802e-20   18933260
  5.733662e+00   2.121230e-18   3.066799e-03   3.541341e-20   18997448
  5.744288e+00   2.220376e-18   3.068953e-03   3.510700e-20   19079816
  5.754917e+00   2.284703e-18   3.067744e-03   3.486765e-20   19145330
  5.765545e+00   2.189363e-18   3.067941e-03   3.461350e-20   19218276
  5.776172e+00   2.267656e-18   3.067784e-03   3.437875e-20   19286200
  5.786797e+00   2.187634e-18   3.066457e-03   3.415327e-20   19349738
  5.797427e+00   2.199852e-18   3.070714e-03   3.387834e-20   19450040
  5.808057e+00   2.280016e-18   3.065907e-03   3.368275e-20   19489688
  5.818683e+00   2.180616e-18   3.068803e-03   3.341363e-20   19576868
  5.829310e+00   2.229824e-18   3.067331e-03   3.320361e-20   19640282
  5.839940e+00   2.186827e-18   3.069683e-03   3.294257e-20   19728800
  5.850566e+00   2.276906e-18   3.065237e-03   3.275465e-20   19770152
  5.861190e+00   2.134806e-18   3.068717e-03   3.246087e-20   19863516
  5.871821e+00   2.075657e-18   3.069639e-03   3.230641e-20   19943594
  5.882452e+00   2.160066e-18   3.067597e-03   3.208358e-20   20003440
  5.893081e+00   2.172713e-18   3.068832e-03   3.188915e-20   20081768
  5.903706e+00   2.064712e-18   3.066188e-03   3.168674e-20   20136200
  5.914335e+00   2.191760e-18   3.070449e-03   3.146720e-20   20238094
  5.924964e+00   2.138640e-18   3.066146e-03   3.131926e-20   20282544
  5.935584e+00   2.048408e-18   3.065727e-03   3.110843e-20   20351720
  5.946209e+00   2.060481e-18   3.068474e-03   3.092498e-20   20444714
  5.956838e+00   2.221891e-18   3.067781e-03   3.077375e-20   20515116
  5.967470e+00   2.161960e-18   3.070149e-03   3.055236e-20   20602384
  5.978102e+00   2.096181e-18   3.068165e-03   3.039745e-20   20659872
  5.988728e+00   2.155966e-18   3.067093e-03   3.021863e-20   20727682
  5.999356e+00   2.167310e-18   3.068732e-03   3.003991e-20   20814416
  6.009986e+00   2.134445e-18   3.068153e-03   2.991650e-20   20881100
  6.020612e+00   2.029790e-18   3.068117e-03   2.971401e-20   20953688
  6.031238e+00   2.132046e-18   3.066654e-03   2.963865e-20   21021050
  6.041866e+00   2.090397e-18   3.068891e-03   2.945123e-20   21111632
  6.052496e+00   2.123409e-18   3.068341e-03   2.929905e-20   21179972
  6.063121e+00   2.042493e-18   3.066368e-03   2.915708e-20   21240488
  6.073747e+00   2.037609e-18   3.068419e-03   2.902073e-20   21331418
  6.084375e+00   2.052068e-18   3.067338e-03   2.890200e-20   21397304
  6.095000e+00   2.030673e-18   3.067405e-03   2.876598e-20   21469764
  6.105627e+00   2.123938e-18   3.068819e-03   2.864713e-20   21556122
  6.116254e+00   2.053935e-18   3.066479e-03   2.854750e-20   21618312
  6.126884e+00   2.104020e-18   3.069809e-03   2.838943e-20   21716096
  6.137516e+00   2.107795e-18   3.068719e-03   2.827329e-20   21781352
  6.148144e+00   2.080344e-18   3.067428e-03   2.819288e-20   21848870
  6.158771e+00   2.120700e-18   3.067652e-03   2.805781e-20   21927536
  6.169400e+00   2.093552e-18   3.068795e-03   2.795092e-20   22008944
  6.180028e+00   2.090161e-18   3.067865e-03   2.785454e-20   22076136
  6.190652e+00   2.075510e-18   3.066547e-03   2.778119e-20   22145270
  6.201282e+00   2.071102e-18   3.070373e-03   2.769180e-20   22250960
  6.211913e+00   2.056767e-18   3.066914e-03   2.759191e-20   22300864
  6.222538e+00   2.106702e-18   3.067186e-03   2.747661e-20   22378586
  6.233165e+00   2.086659e-18   3.068261e-03   2.743087e-20   22464104
  6.243795e+00   2.185259e-18   3.068708e-03   2.735735e-20   22542892
  6.254421e+00   2.069833e-18   3.067123e-03   2.728978e-20   22606008
  6.265047e+00   2.093113e-18   3.067919e-03   2.718066e-20   22690002
  6.275673e+00   2.113798e-18   3.066936e-03   2.717818e-20   22762216
  6.286298e+00   1.970065e-18   3.068880e-03   2.692710e-20   22815779
  6.296927e+00   1.716440e-18   3.067733e-03   2.648356e-20   22772312
  6.307555e+00   1.617072e-18   3.067923e-03   2.604316e-20   22733708
  6.318183e+00   1.323830e-18   3.068441e-03   2.559319e-20   22697672
  6.328811e+00   1.261144e-18   3.067507e-03   2.521934e-20   22651460
  6.339438e+00   1.130729e-18   3.068199e-03   2.480049e-20   22616024
  6.350068e+00   1.015330e-18   3.069309e-03   2.437496e-20   22583496
  6.360694e+00   9.523426e-19   3.065960e-03   2.398262e-20   22519252
  6.371317e+00   8.580153e-19   3.067197e-03   2.364311e-20   22488992
  6.381944e+00   7.777634e-19   3.067780e-03   2.324998e-20   22453172
  6.392574e+00   7.492103e-19   3.069105e-03   2.286809e-20   22420584
  6.403204e+00   7.511561e-19   3.068296e-03   2.252954e-20   22371700
  6.413832e+00   6.597063e-19   3.068296e-03   2.218959e-20   22329896
  6.424460e+00   6.076738e-19   3.067512e-03   2.186216e-20   22282876
  6.435088e+00   6.088012e-19   3.068899e-03   2.154248e-20   22250692
  6.445715e+00   5.597913e-19   3.066872e-03   2.121235e-20   22194436
  6.456340e+00   5.044167e-19   3.066996e-03   2.090570e-20   22153540
  6.466968e+00   4.936249e-19   3.068722e-03   2.059894e-20   22122584
  6.477597e+00   4.917331e-19   3.067957e-03   2.029810e-20   22073004
  6.488227e+00   4.934951e-19   3.069406e-03   2.000756e-20   22039640
  6.498854e+00   5.097115e-19   3.066107e-03   1.973091e-20   21971624
  6.509482e+00   5.083475e-19   3.070097e-03   1.943303e-20   21955708
  6.520106e+00   4.635824e-19   3.063845e-03   1.917482e-20   21867720
  6.530733e+00   4.738037e-19   3.071600e-03   1.891381e-20   21878900
  6.541363e+00   4.380334e-19   3.065935e-03   1.866104e-20   21794260
  6.551990e+00   4.537911e-19   3.068881e-03   1.838631e-20   21770256
  6.562619e+00   4.294493e-19   3.068010e-03   1.814822e-20   21718124
  6.573247e+00   4.496047e-19   3.067905e-03   1.790109e-20   21671096
  6.583874e+00   3.827568e-19   3.067932e-03   1.767359e-20   21625412
  6.594503e+00   3.830192e-19   3.069070e-03   1.742602e-20   21587284
  6.605129e+00   3.506779e-19   3.066010e-03   1.718441e-20   21519648
  6.615755e+00   3.737996e-19   3.068792e-03   1.697185e-20   21493344
  6.626384e+00   3.920206e-19   3.067812e-03   1.676010e-20   21439360
  6.637013e+00   3.471660e-19   3.068679e-03   1.654938e-20   21398900
  6.647644e+00   3.377003e-19   3.068668e-03   1.632492e-20   21351488
  6.658271e+00   3.099030e-19   3.066526e-03   1.613201e-20   21288012
  6.668898e+00   3.787342e-19   3.068796e-03   1.591823e-20   21255052
  6.679525e+00   3.254499e-19   3.067400e-03   1.572273e-20   21196928
  6.690151e+00   3.457999e-19   3.067431e-03   1.553281e-20   21149036
  6.700778e+00   3.645319e-19   3.068015e-03   1.534241e-20   21105304
  6.711407e+00   3.433991e-19   3.068524e-03   1.515016e-20   21059992
  6.722038e+00   2.907865e-19   3.069263e-03   1.495847e-20   21014904
  6.732667e+00   2.954749e-19   3.067536e-03   1.478254e-20   20953620
  6.743293e+00   3.297003e-19   3.067478e-03   1.459775e-20   20902948
  6.753920e+00   2.832464e-19   3.068064e-03   1.442435e-20   20856528
  6.764548e+00   3.117293e-19   3.068448e-03   1.425213e-20   20808868
  6.775174e+00   2.876097e-19   3.066599e-03   1.409984e-20   20746700
  6.785798e+00   3.117890e-19   3.066925e-03   1.393588e-20   20699040
  6.796428e+00   2.760761e-19   3.069860e-03   1.376483e-20   20667584
  6.807054e+00   2.670862e-19   3.064988e-03   1.361513e-20   20583320
  6.817679e+00   3.104631e-19   3.069606e-03   1.343648e-20   20562728
  6.828310e+00   3.011320e-19   3.067915e-03   1.329517e-20   20499120
  6.838938e+00   3.114529e-19   3.068337e-03   1.314950e-20   20448668
  6.849566e+00   2.682578e-19   3.068077e-03   1.298681e-20   20394408
  6.860195e+00   2.850002e-19   3.068320e-03   1.285900e-20   20344236
  6.870823e+00   2.788568e-19   3.067630e-03   1.271210e-20   20287988
  6.881451e+00   2.657184e-19   3.068044e-03   1.256682e-20   20237280
  6.892077e+00   2.709306e-19   3.067320e-03   1.243596e-20   20178328
  6.902707e+00   2.416461e-19   3.069652e-03   1.229297e-20   20139844
  6.913336e+00   2.604763e-19   3.067174e-03   1.215814e-20   20069748
  6.923962e+00   2.511645e-19   3.067514e-03   1.203397e-20   20016800
  6.934587e+00   2.313961e-19   3.067642e-03   1.190574e-20   19962224
  6.945217e+00   2.610678e-19   3.069885e-03   1.177121e-20   19923568
  6.955848e+00   2.539799e-19   3.067490e-03   1.165604e-20   19854300
  6.966474e+00   2.879830e-19   3.067154e-03   1.153519e-20   19797056
  6.977101e+00   2.283457e-19   3.067706e-03   1.140233e-20   19744940
  6.987728e+00   2.586741e-19   3.068174e-03   1.129652e-20   19691768
  6.998356e+00   2.371298e-19   3.067321e-03   1.117632e-20   19629548
  7.008982e+00   2.499791e-19   3.067740e-03   1.105923e-20   19575480
  7.019610e+00   2.209780e-19   3.068413e-03   1.095025e-20   19523296
  7.030241e+00   2.197913e-19   3.069533e-03   1.083895e-20   19474344
  7.040867e+00   2.243849e-19   3.065611e-03   1.072621e-20   19392868
  7.051493e+00   2.107527e-19   3.069073e-03   1.061714e-20   19356176
  7.062123e+00   2.278848e-19   3.068592e-03   1.052190e-20   19294916
  7.072754e+00   2.511501e-19   3.069110e-03   1.041366e-20   19240856
  7.083382e+00   1.988331e-19   3.067066e-03   1.031395e-20   19170884
  7.094007e+00   2.162940e-19   3.066966e-03   1.020815e-20   19111352
  7.104633e+00   2.010947e-19   3.068278e-03   1.011414e-20   19060016
  7.115261e+00   2.224851e-19   3.067998e-03   1.001767e-20   18999752
  7.125886e+00   2.197408e-19   3.066210e-03   9.919572e-21   18930272
  7.136511e+00   2.077202e-19   3.068009e-03   9.834972e-21   18882340
  7.147141e+00   2.064674e-19   3.069133e-03   9.724415e-21   18829056
  7.157770e+00   2.007918e-19   3.067293e-03   9.632443e-21   18757640
  7.168398e+00   2.107698e-19   3.069197e-03   9.550702e-21   18709036
  7.179027e+00   2.015884e-19   3.067378e-03   9.454147e-21   18637668
  7.189656e+00   1.878427e-19   3.069146e-03   9.374409e-21   18587048
  7.200283e+00   1.908067e-19   3.066626e-03   9.284562e-21   18510972
  7.210909e+00   2.150261e-19   3.067730e-03   9.200414e-21   18456692
  7.221535e+00   1.761801e-19   3.067567e-03   9.128334e-21   18394084
  7.232164e+00   2.022738e-19   3.069110e-03   9.035784e-21   18341352
  7.242794e+00   1.795990e-19   3.068234e-03   8.950700e-21   18273884
  7.253423e+00   1.955411e-19   3.068036e-03   8.884345e-21   18211148
  7.264048e+00   1.675123e-19   3.066171e-03   8.802569e-21   18137692
  7.274674e+00   1.750099e-19   3.069088e-03   8.723782e-21   18091580
  7.285305e+00   1.770000e-19   3.068515e-03   8.647150e-21   18024560
  7.295932e+00   1.607064e-19   3.067362e-03   8.578052e-21   17955116
  7.306559e+00   1.924299e-19   3.067637e-03   8.505567e-21   17893232
  7.317187e+00   1.780479e-19   3.068343e-03   8.424053e-21   17832620
  7.327816e+00   1.808133e-19   3.068327e-03   8.353540e-21   17767864
  7.338445e+00   1.817702e-19   3.068809e-03   8.285842e-21   17706956
  7.349073e+00   1.678606e-19   3.066947e-03   8.223455e-21   17632632
  7.359699e+00   1.952576e-19   3.068061e-03   8.152961e-21   17573524
  7.370327e+00   1.704449e-19   3.067901e-03   8.084553e-21   17506380
  7.380954e+00   1.598634e-19   3.068207e-03   8.019531e-21   17442548
  7.391580e+00   1.598608e-19   3.066528e-03   7.953619e-21   17368556
  7.402208e+00   1.723984e-19   3.069314e-03   7.886555e-21   17318260
  7.412837e+00   1.838797e-19   3.067939e-03   7.829745e-21   17243792
  7.423463e+00   1.566307e-19   3.066549e-03   7.773324e-21   17169716
  7.434088e+00   1.781588e-19   3.067759e-03   7.709760e-21   17109768
  7.444715e+00   1.564356e-19   3.068012e-03   7.648829e-21   17044064
  7.455345e+00   1.602495e-19   3.068894e-03   7.587985e-21   16981560
  7.465972e+00   1.543154e-19   3.066680e-03   7.531485e-21   16902264
  7.476600e+00   1.778281e-19   3.069499e-03   7.473700e-21   16849940
  7.487230e+00   1.724343e-19   3.067461e-03   7.424566e-21   16770600
  7.497858e+00   1.668986e-19   3.068497e-03   7.360286e-21   16707512
  7.508485e+00   1.488195e-19   3.067634e-03   7.308792e-21   16634480
  7.519114e+00   1.488865e-19   3.068242e-03   7.255734e-21   16569424
  7.529741e+00   1.616975e-19   3.067751e-03   7.201375e-21   16497216
  7.540372e+00   1.613529e-19   3.069501e-03   7.148115e-21   16436416
  7.550999e+00   1.483784e-19   3.067032e-03   7.098149e-21   16353532
  7.561624e+00   1.537056e-19   3.067126e-03   7.045420e-21   16284908
  7.572251e+00   1.580817e-19   3.068426e-03   6.999244e-21   16221948
  7.582881e+00   1.590392e-19   3.068614e-03   6.948241e-21   16152552
  7.593510e+00   1.450487e-19   3.068122e-03   6.902003e-21   16078864
  7.604137e+00   1.520185e-19   3.067536e-03   6.849660e-21   16005296
  7.614766e+00   1.275516e-19   3.068300e-03   6.807314e-21   15938220
  7.625392e+00   1.452811e-19   3.066841e-03   6.766411e-21   15858440
  7.636016e+00   1.551879e-19   3.067373e-03   6.715291e-21   15789252
  7.646642e+00   1.589234e-19   3.067548e-03   6.672359e-21   15718944
  7.657269e+00   1.435748e-19   3.067947e-03   6.624520e-21   15648652
  7.667899e+00   1.504192e-19   3.069201e-03   6.585658e-21   15581944
  7.678531e+00   1.374227e-19   3.069010e-03   6.547922e-21   15508744
  7.689158e+00   1.355210e-19   3.066436e-03   6.505154e-21   15422472
  7.699784e+00   1.487374e-19   3.068878e-03   6.458061e-21   15361536
  7.710413e+00   1.418414e-19   3.067494e-03   6.425115e-21   15281048
  7.721038e+00   1.525607e-19   3.067557e-03   6.385685e-21   15207752
  7.731666e+00   1.481918e-19   3.067687e-03   6.343033e-21   15134800
  7.742292e+00   1.308537e-19   3.067594e-03   6.309851e-21   15059664
  7.752920e+00   1.456776e-19   3.068106e-03   6.264124e-21   14987020
  7.763550e+00   1.327864e-19   3.069757e-03   6.230240e-21   14919936
  7.774179e+00   1.396963e-19   3.066979e-03   6.192242e-21   14831776
  7.784807e+00   1.475676e-19   3.069197e-03   6.154040e-21   14767552
  7.795435e+00   1.430765e-19   3.066309e-03   6.124142e-21   14678336
  7.806062e+00   1.347128e-19   3.069079e-03   6.090173e-21   14615044
  7.816690e+00   1.242782e-19   3.067275e-03   6.052347e-21   14530200
  7.827317e+00   1.342655e-19   3.067927e-03   6.016112e-21   14457000
  7.837945e+00   1.357599e-19   3.068558e-03   5.984430e-21   14383440
  7.848573e+00   1.228012e-19   3.067003e-03   5.951522e-21   14299516
  7.859199e+00   1.365112e-19   3.067899e-03   5.922467e-21   14226024
  7.869825e+00   1.331031e-19   3.067223e-03   5.896279e-21   14145048
  7.880455e+00   1.164307e-19   3.070446e-03   5.867423e-21   14082144
  7.891083e+00   1.230226e-19   3.065393e-03   5.838630e-21   13981640
  7.901708e+00   1.280856e-19   3.068688e-03   5.803658e-21   13918460
  7.912338e+00   1.228589e-19   3.068702e-03   5.774354e-21   13839752
  7.922969e+00   1.262692e-19   3.069182e-03   5.745012e-21   13762736
  7.933598e+00   1.215930e-19   3.067868e-03   5.719837e-21   13677980
  7.944225e+00   1.139559e-19   3.067250e-03   5.693853e-21   13596196
  7.954850e+00   1.318468e-19   3.067470e-03   5.670397e-21   13517736
  7.965475e+00   1.113133e-19   3.066448e-03   5.647224e-21   13433184
  7.976100e+00   1.238569e-19   3.068623e-03   5.613377e-21   13362296
  7.986730e+00   1.105942e-19   3.068494e-03   5.584693e-21   13281376
  7.997360e+00   1.164660e-19   3.069113e-03   5.565398e-21   13203336
  8.007987e+00   1.135362e-19   3.066719e-03   5.543450e-21   13113016
  8.018613e+00   1.214810e-19   3.067735e-03   5.521138e-21   13036400
  8.029240e+00   1.268867e-19   3.067468e-03   5.499052e-21   12953648
  8.039869e+00   1.222087e-19   3.069185e-03   5.469998e-21   12879016
  8.050498e+00   1.132176e-19   3.067538e-03   5.455110e-21   12790124
  8.061127e+00   1.149283e-19   3.068996e-03   5.424699e-21   12714152
  8.071753e+00   1.224472e-19   3.066076e-03   5.402227e-21   12619608
  8.082379e+00   1.146838e-19   3.068682e-03   5.379997e-21   12547232
  8.093011e+00   1.196826e-19   3.070245e-03   5.360821e-21   12470568
  8.103638e+00   1.166212e-19   3.065215e-03   5.347879e-21   12368136
  8.114264e+00   9.359982e-20   3.069116e-03   5.325921e-21   12300504
  8.124894e+00   1.008035e-19   3.068128e-03   5.309436e-21   12212172
  8.135522e+00   1.186268e-19   3.067779e-03   5.292634e-21   12126228
  8.146149e+00   9.833758e-20   3.068089e-03   5.271929e-21   12043352
  8.156778e+00   1.271951e-19   3.068301e-03   5.257854e-21   11959896
  8.167401e+00   1.213923e-19   3.065268e-03   5.247289e-21   11863804
  8.178026e+00   1.138865e-19   3.068937e-03   5.224932e-21   11792812
  8.188656e+00   1.071851e-19   3.068597e-03   5.209837e-21   11705392
  8.199283e+00   1.097043e-19   3.066984e-03   5.186063e-21   11613836
  8.209914e+00   1.157069e-19   3.070536e-03   5.175223e-21   11541532
  8.220543e+00   1.127573e-19   3.066346e-03   5.164589e-21   11440232
  8.231170e+00   1.031517e-19   3.068846e-03   5.151797e-21   11363008
  8.241796e+00   1.014671e-19   3.066631e-03   5.136433e-21   11267848
  8.252424e+00   1.061931e-19   3.069306e-03   5.117897e-21   11190640
  8.263054e+00   1.097217e-19   3.068558e-03   5.111171e-21   11101084
  8.273680e+00   9.243649e-20   3.065604e-03   5.095200e-21   11003284
  8.284304e+00   9.064030e-20   3.068360e-03   5.083748e-21   10925424
  8.294932e+00   9.739687e-20   3.067667e-03   5.070685e-21   10834724
  8.305560e+00   1.065546e-19   3.068711e-03   5.061896e-21   10750156
  8.316186e+00   1.026318e-19   3.066587e-03   5.049797e-21   10655280
  8.326811e+00   9.239259e-20   3.067310e-03   5.037831e-21   10569120
  8.337437e+00   9.447885e-20   3.067168e-03   5.031311e-21   10479672
  8.348070e+00   1.102476e-19   3.071527e-03   5.020366e-21   10404504
  8.358704e+00   8.887770e-20   3.068456e-03   5.007644e-21   10304108
  8.369331e+00   8.353546e-20   3.066991e-03   4.996546e-21   10209940
  8.379958e+00   9.348975e-20   3.068937e-03   4.992521e-21   10126584
  8.390585e+00   8.980644e-20   3.066106e-03   4.981685e-21   10027064
  8.401210e+00   9.634192e-20   3.068731e-03   4.976166e-21   9945072
  8.411836e+00   8.144909e-20   3.065849e-03   4.968578e-21   9844764
  8.422464e+00   9.048052e-20   3.070904e-03   4.957394e-21   9769940
  8.433095e+00   8.892070e-20   3.066721e-03   4.947250e-21   9666072
  8.443721e+00   1.018813e-19   3.067629e-03   4.950612e-21   9577112
  8.454348e+00   9.278246e-20   3.067871e-03   4.937190e-21   9485848
  8.464977e+00   9.062371e-20   3.068818e-03   4.926230e-21   9396136
  8.475607e+00   8.205495e-20   3.068947e-03   4.923208e-21   9304408
  8.486231e+00   9.340091e-20   3.064605e-03   4.917315e-21   9199028
  8.496854e+00   9.459334e-20   3.068671e-03   4.910570e-21   9118288
  8.507481e+00   8.754721e-20   3.066868e-03   4.902321e-21   9019624
  8.518111e+00   7.959228e-20   3.070919e-03   4.897147e-21   8937420
  8.528743e+00   8.368126e-20   3.067653e-03   4.889859e-21   8835200
  8.539369e+00   8.365868e-20   3.066847e-03   4.894800e-21   8739332
  8.549995e+00   8.165462e-20   3.067747e-03   4.884185e-21   8648112
  8.560624e+00   7.527024e-20   3.067898e-03   4.883301e-21   8553372
  8.571253e+00   7.636795e-20   3.069319e-03   4.871962e-21   8461944
  8.581883e+00   7.443435e-20   3.068067e-03   4.866677e-21   8363348
  8.592509e+00   7.675915e-20   3.067870e-03   4.864088e-21   8267792
  8.603135e+00   7.219162e-20   3.066599e-03   4.858012e-21   8169380
  8.613762e+00   6.943886e-20   3.069517e-03   4.851490e-21   8081008
  8.624389e+00   7.040605e-20   3.065774e-03   4.850185e-21   7975632
  8.635016e+00   7.732340e-20   3.069603e-03   4.844974e-21   7889116
  8.645643e+00   6.966512e-20   3.066011e-03   4.831424e-21   7784008
  8.656270e+00   7.671639e-20   3.068709e-03   4.834515e-21   7693848
  8.666897e+00   7.313120e-20   3.067011e-03   4.824284e-21   7592468
  8.677525e+00   7.838200e-20   3.068931e-03   4.817464e-21   7499076
  8.688155e+00   6.335501e-20   3.069474e-03   4.812187e-21   7402880
  8.698786e+00   6.804825e-20   3.067607e-03   4.796593e-21   7300768
  8.709411e+00   7.097392e-20   3.067652e-03   4.802573e-21   7203316
  8.720032e+00   5.888525e-20   3.063689e-03   4.775311e-21   7095724
  8.730662e+00   5.871950e-20   3.073665e-03   4.778172e-21   7019608
  8.741295e+00   6.491303e-20   3.065344e-03   4.750784e-21   6901916
  8.751922e+00   5.662397e-20   3.069704e-03   4.747862e-21   6812952
  8.762548e+00   6.134669e-20   3.065523e-03   4.732471e-21   6704548
  8.773175e+00   5.859596e-20   3.068967e-03   4.728702e-21   6612168
  8.783803e+00   4.976591e-20   3.067598e-03   4.691899e-21   6508628
  8.794433e+00   5.725518e-20   3.069277e-03   4.692336e-21   6412072
  8.805059e+00   4.764044e-20   3.066868e-03   4.658719e-21   6306660
  8.815685e+00   4.847725e-20   3.067492e-03   4.629429e-21   6207592
  8.826308e+00   3.953426e-20   3.066222e-03   4.613041e-21   6103860
  8.836934e+00   4.198496e-20   3.068576e-03   4.584291e-21   6007184
  8.847563e+00   4.585634e-20   3.068782e-03   4.549958e-21   5905660
  8.858194e+00   4.097770e-20   3.069160e-03   4.501560e-21   5805132
  8.868823e+00   3.518163e-20   3.067313e-03   4.475887e-21   5700008
  8.879446e+00   4.507299e-20   3.065734e-03   4.415639e-21   5594856
  8.890075e+00   3.650985e-20   3.070306e-03   4.368817e-21   5502341
  8.900707e+00   4.474157e-20   3.068193e-03   4.328009e-21   5404852
  8.911333e+00   4.107447e-20   3.066920e-03   4.294956e-21   5313930
  8.921960e+00   4.832825e-20   3.068151e-03   4.262136e-21   5230396
  8.932587e+00   2.772614e-20   3.067037e-03   4.235469e-21   5145158
  8.943214e+00   2.795524e-20   3.067644e-03   4.201560e-21   5064506
  8.953844e+00   3.306588e-20   3.070354e-03   4.181820e-21   4989464
  8.964475e+00   3.367977e-20   3.067471e-03   4.153514e-21   4907486
  8.975102e+00   3.090386e-20   3.067454e-03   4.137193e-21   4831952
  8.985729e+00   3.200263e-20   3.067333e-03   4.105908e-21   4757392
  8.996357e+00   3.528813e-20   3.068563e-03   4.090221e-21   4685902
  9.006985e+00   4.085025e-20   3.067839e-03   4.071873e-21   4612826
  9.017611e+00   3.020770e-20   3.067647e-03   4.051202e-21   4542436
  9.028240e+00   3.560670e-20   3.068771e-03   4.041652e-21   4475408
  9.038866e+00   2.983890e-20   3.065432e-03   4.013327e-21   4402686
  9.049492e+00   2.721802e-20   3.069222e-03   4.000412e-21   4340854
  9.060123e+00   4.510995e-20   3.068666e-03   3.972379e-21   4273862
  9.070751e+00   3.434826e-20   3.068093e-03   3.977877e-21   4208538
  9.081377e+00   2.747114e-20   3.066329e-03   3.946345e-21   4142584
  9.092002e+00   2.830020e-20   3.067445e-03   3.930528e-21   4081232
  9.102629e+00   1.869993e-20   3.068061e-03   3.923412e-21   4019668
  9.113260e+00   3.876472e-20   3.070507e-03   3.911801e-21   3961416
  9.123892e+00   3.334045e-20   3.068468e-03   3.902362e-21   3898848
  9.134518e+00   3.477373e-20   3.065914e-03   3.884905e-21   3836718
  9.145140e+00   2.897568e-20   3.066518e-03   3.878485e-21   3779272
  9.155765e+00   3.383798e-20   3.066689e-03   3.866044e-21   3721434
  9.166394e+00   3.498404e-20   3.070316e-03   3.860170e-21   3668198
  9.177028e+00   3.767156e-20   3.069776e-03   3.847626e-21   3611346
  9.187656e+00   2.091777e-20   3.066455e-03   3.829790e-21   3552442
  9.198281e+00   2.516746e-20   3.067337e-03   3.827642e-21   3498908
  9.208908e+00   3.705874e-20   3.067980e-03   3.822330e-21   3445382
  9.219536e+00   3.117321e-20   3.068389e-03   3.803198e-21   3392244
  9.230165e+00   2.649905e-20   3.068360e-03   3.806124e-21   3339634
  9.240792e+00   3.291299e-20   3.067248e-03   3.794355e-21   3286752
  9.251416e+00   3.322680e-20   3.065818e-03   3.795385e-21   3234180
  9.262040e+00   3.074745e-20   3.067094e-03   3.787945e-21   3184556
  9.272670e+00   3.026660e-20   3.070362e-03   3.779632e-21   3137238
  9.283304e+00   3.213579e-20   3.070377e-03   3.777914e-21   3087670
  9.293936e+00   2.897523e-20   3.068566e-03   3.767895e-21   3037460
  9.304560e+00   2.535071e-20   3.064548e-03   3.765788e-21   2985736
  9.315180e+00   2.550966e-20   3.066413e-03   3.761190e-21   2939708
  9.325811e+00   2.404309e-20   3.071553e-03   3.767305e-21   2897012
  9.336443e+00   2.909084e-20   3.067620e-03   3.756929e-21   2846890
  9.347067e+00   2.996338e-20   3.065693e-03   3.753028e-21   2799588
  9.357689e+00   3.930027e-20   3.066395e-03   3.753159e-21   2754954
  9.368315e+00   2.460191e-20   3.068270e-03   3.756206e-21   2711500
  9.378948e+00   3.498651e-20   3.070601e-03   3.756979e-21   2669006
  9.389576e+00   3.456163e-20   3.065837e-03   3.752498e-21   2621264
  9.400202e+00   3.118638e-20   3.068913e-03   3.757571e-21   2580726
  9.410830e+00   3.045789e-20   3.067141e-03   3.750368e-21   2536470
  9.421456e+00   2.237605e-20   3.067445e-03   3.758697e-21   2494370
  9.432084e+00   3.557358e-20   3.068834e-03   3.752103e-21   2453556
  9.442716e+00   2.546271e-20   3.070117e-03   3.760075e-21   2413246
  9.453347e+00   3.468108e-20   3.067994e-03   3.761980e-21   2370914
  9.463973e+00   2.771309e-20   3.067217e-03   3.763289e-21   2330126
  9.474601e+00   3.252015e-20   3.068570e-03   3.764826e-21   2291406
  9.485227e+00   2.038825e-20   3.066158e-03   3.768101e-21   2250410
  9.495850e+00   2.224606e-20   3.066006e-03   3.773151e-21   2211486
  9.506474e+00   2.016473e-20   3.067734e-03   3.777404e-21   2174194
  9.517102e+00   3.046900e-20   3.068176e-03   3.789020e-21   2136416
  9.527733e+00   2.089853e-20   3.069929e-03   3.780932e-21   2100070
  9.538360e+00   2.278441e-20   3.065560e-03   3.799623e-21   2060026
  9.548986e+00   2.870909e-20   3.069362e-03   3.812109e-21   2025910
  9.559615e+00   1.800863e-20   3.067530e-03   3.819997e-21   1988576
  9.570241e+00   1.921516e-20   3.067060e-03   3.817045e-21   1952610
  9.580867e+00   2.563044e-20   3.067361e-03   3.834786e-21   1917470
  9.591493e+00   1.670580e-20   3.067399e-03   3.836678e-21   1882484
  9.602120e+00   3.046164e-20   3.068076e-03   3.843962e-21   1848262
  9.612753e+00   2.071686e-20   3.071327e-03   3.854787e-21   1816024
  9.623386e+00   2.687270e-20   3.068076e-03   3.867432e-21   1780418
  9.634012e+00   2.540948e-20   3.067038e-03   3.881557e-21   1746576
  9.644639e+00   1.348894e-20   3.068628e-03   3.892029e-21   1714622
  9.655268e+00   2.042469e-20   3.067669e-03   3.894926e-21   1681692
  9.665895e+00   2.010751e-20   3.067468e-03   3.920602e-21   1649574
  9.676515e+00   3.332570e-20   3.063511e-03   3.928591e-21   1615788
  9.687137e+00   1.719865e-20   3.068656e-03   3.935864e-21   1587064
  9.697769e+00   1.985213e-20   3.069826e-03   3.955136e-21   1556598
  9.708400e+00   2.818079e-20   3.068471e-03   3.975646e-21   1525380
  9.719030e+00   2.811266e-20   3.068670e-03   3.989009e-21   1495360
  9.729656e+00   1.659298e-20   3.066126e-03   4.004823e-21   1464370
  9.740281e+00   3.331810e-20   3.067601e-03   4.017653e-21   1435656
  9.750907e+00   2.655115e-20   3.067002e-03   4.035353e-21   1406304
  9.761532e+00   2.606410e-20   3.067147e-03   4.062374e-21   1377628
  9.772159e+00   1.944850e-20   3.068370e-03   4.081384e-21   1349744
  9.782788e+00   2.429106e-20   3.068343e-03   4.097076e-21   1321682
  9.793418e+00   1.875884e-20   3.069098e-03   4.121422e-21   1294376
  9.804048e+00   1.950242e-20   3.068140e-03   4.145498e-21   1266768
  9.814673e+00   2.275146e-20   3.066275e-03   4.166396e-21   1239172
  9.825295e+00   2.636390e-20   3.065238e-03   4.188973e-21   1212224
  9.835918e+00   1.504565e-20   3.067386e-03   4.211404e-21   1186796
  9.846547e+00   2.840046e-20   3.069034e-03   4.234602e-21   1161432
  9.857176e+00   2.316265e-20   3.067927e-03   4.259648e-21   1135408
  9.867804e+00   2.270684e-20   3.068239e-03   4.283775e-21   1110324
  9.878434e+00   2.772122e-20   3.068926e-03   4.318697e-21   1085680
  9.889062e+00   3.160550e-20   3.066842e-03   4.350437e-21   1060364
  9.899688e+00   3.767370e-20   3.068767e-03   4.368381e-21   1036736
  9.910321e+00   2.710955e-20   3.070562e-03   4.396558e-21   1013388
  9.920951e+00   2.815389e-20   3.066769e-03   4.440366e-21   988656
  9.931575e+00   1.172481e-20   3.066738e-03   4.465155e-21   965530
  9.942197e+00   2.864253e-20   3.064855e-03   4.500588e-21   942100
  9.952819e+00   1.757455e-20   3.066142e-03   4.540228e-21   919888
  9.963442e+00   1.980176e-20   3.066491e-03   4.564898e-21   897628
  9.974067e+00   2.226312e-20   3.067504e-03   4.626346e-21   875856
  9.984696e+00   2.283022e-20   3.069599e-03   4.659423e-21   854736
  9.995330e+00   2.433121e-20   3.070044e-03   4.699586e-21   833510
  1.000596e+01   2.143850e-20   3.068120e-03   4.729344e-21   811976
  1.001659e+01   3.061601e-20   3.066566e-03   4.776571e-21   790844
  1.002721e+01   1.632160e-20   3.066302e-03   4.818059e-21   770320
  1.003784e+01   3.208040e-20   3.069162e-03   4.860563e-21   750838
  1.004847e+01   1.707305e-20   3.068729e-03   4.918206e-21   730864
  1.005909e+01   2.344661e-20   3.067039e-03   4.969070e-21   710984
  1.006972e+01   2.760576e-20   3.067274e-03   5.015679e-21   691894
  1.008035e+01   6.869069e-21   3.066106e-03   5.067716e-21   672776
  1.009097e+01   3.631421e-20   3.067065e-03   5.135971e-21   654372
  1.010160e+01   3.571892e-20   3.065537e-03   5.179862e-21   635682
  1.011222e+01   1.839746e-20   3.064886e-03   5.254430e-21   617460
  1.012284e+01   3.285303e-20   3.066767e-03   5.292367e-21   600024
  1.013346e+01   2.420990e-20   3.068404e-03   5.379005e-21   582830
  1.014410e+01   2.539568e-20   3.070337e-03   5.428214e-21   566000
  1.015473e+01   2.998185e-20   3.066543e-03   5.489772e-21   548458
  1.016535e+01   2.091987e-20   3.067619e-03   5.573141e-21   532084
  1.017598e+01   2.293540e-20   3.065740e-03   5.638152e-21   515440
  1.018660e+01   2.198011e-20   3.064533e-03   5.720350e-21   499174
  1.019722e+01   1.195977e-20   3.064552e-03   5.782888e-21   483368
  1.020784e+01   3.183465e-20   3.067558e-03   5.890479e-21   468270
  1.021847e+01   1.976607e-20   3.071740e-03   5.968770e-21   453568
  1.022911e+01   5.028098e-21   3.068522e-03   6.051055e-21   438106
  1.023974e+01   2.611437e-20   3.068674e-03   6.130188e-21   423508
  1.025036e+01   2.252321e-20   3.065352e-03   6.243036e-21   408754
  1.026098e+01   2.198948e-20   3.064549e-03   6.340974e-21   394612
  1.027160e+01   2.128464e-20   3.064825e-03   6.426582e-21   380826
  1.028223e+01   2.888921e-20   3.063635e-03   6.545507e-21   367086
  1.029285e+01   3.428469e-20   3.065226e-03   6.644362e-21   353904
  1.030347e+01   1.662263e-20   3.067842e-03   6.740220e-21   341046
  1.031410e+01   2.357742e-20   3.067827e-03   6.903218e-21   328144
  1.032473e+01   3.911194e-20   3.068491e-03   6.994805e-21   315598
  1.033536e+01   1.178649e-20   3.070442e-03   7.153638e-21   303466
  1.034599e+01   -2.523159e-21   3.070558e-03   7.310976e-21   291456
  1.035662e+01   2.099254e-20   3.069010e-03   7.388947e-21   279614
  1.036725e+01   4.300181e-20   3.062765e-03   7.570178e-21   267680
  1.037786e+01   3.430429e-20   3.061142e-03   7.749768e-21   256438
  1.038848e+01   2.595441e-20   3.062004e-03   7.911269e-21   245618
  1.039909e+01   8.211898e-21   3.058865e-03   8.038501e-21   234708
  1.040970e+01   2.197252e-20   3.057929e-03   8.236451e-21   224210
  1.042032e+01   2.820737e-20   3.058509e-03   8.410047e-21   214046
  1.043093e+01   4.223156e-20   3.059874e-03   8.659293e-21   204152
  1.044155e+01   2.502724e-21   3.062766e-03   8.821073e-21   194558
  1.045217e+01   1.187460e-20   3.062838e-03   9.040404e-21   185018
  1.046279e+01   2.600344e-20   3.066092e-03   9.287496e-21   175918
  1.047341e+01   1.583263e-20   3.068348e-03   9.560386e-21   166992
  1.048404e+01   -2.346063e-21   3.070094e-03   9.762881e-21   158294
  1.049468e+01   8.784774e-21   3.071097e-03   1.005295e-20   149842
  1.050531e+01   3.484567e-20   3.068653e-03   1.035733e-20   141530
  1.051593e+01   2.416681e-20   3.060509e-03   1.060025e-20   133284
  1.052654e+01   2.970104e-20   3.057354e-03   1.095619e-20   125546
  1.053715e+01   1.036039e-20   3.051144e-03   1.130503e-20   117950
  1.054776e+01   2.384742e-20   3.048602e-03   1.168473e-20   110746
  1.055836e+01   -1.019547e-21   3.039799e-03   1.197902e-20   103572
  1.056895e+01   2.168495e-20   3.036073e-03   1.254559e-20   96818
  1.057954e+01   6.333979e-21   3.031333e-03   1.298910e-20   90262
  1.059013e+01   3.130547e-20   3.027317e-03   1.366695e-20   83970
  1.060072e+01   2.034739e-20   3.019853e-03   1.402975e-20   77846
  1.061129e+01   -1.217705e-20   3.012052e-03   1.451493e-20   71984
  1.062186e+01   -1.379659e-20   3.005730e-03   1.513228e-20   66398
  1.063243e+01   2.958868e-20   3.000369e-03   1.570713e-20   61058
  1.064300e+01   2.410815e-20   2.995714e-03   1.641510e-20   55958
  1.065357e+01   6.077954e-20   2.990697e-03   1.729807e-20   51082
  1.066413e+01   3.242369e-20   2.981767e-03   1.810442e-20   46398
  1.067469e+01   1.892003e-20   2.970930e-03   1.877221e-20   41954
  1.068524e+01   3.381628e-21   2.955045e-03   2.015863e-20   37718
  1.069578e+01   6.013169e-20   2.938133e-03   2.113746e-20   33736
  1.070631e+01   9.453062e-21   2.922830e-03   2.269569e-20   30006
  1.071684e+01   1.360891e-20   2.912268e-03   2.444656e-20   26522
  1.072739e+01   7.118591e-22   2.905476e-03   2.599957e-20   23254
  1.073793e+01   3.768157e-20   2.895825e-03   2.841904e-20   20178
  1.074848e+01   9.442620e-20   2.890787e-03   3.029611e-20   17342
  1.075903e+01   3.343303e-20   2.886580e-03   3.353904e-20   14714
  1.076959e+01   -8.003952e-20   2.887906e-03   3.625831e-20   12310
  1.078015e+01   1.879767e-20   2.880436e-03   3.917677e-20   10098
  1.079071e+01   -6.729339e-21   2.879327e-03   4.482207e-20   8126
  1.080127e+01   5.043603e-20   2.877797e-03   5.087677e-20   6362
  1.081184e+01   6.347091e-20   2.888638e-03   5.796226e-20   4822
  1.082239e+01   2.614189e-20   2.872451e-03   6.528616e-20   3474
  1.083292e+01   1.407677e-19   2.869225e-03   8.414797e-20   2366
  1.084344e+01   1.047994e-20   2.860034e-03   1.108576e-19   1466
  1.085397e+01   3.995167e-20   2.925135e-03   1.433738e-19   790
  1.086426e+01   4.708306e-19   2.767211e-03   2.306399e-19   306
  1.087389e+01   -7.541261e-19   2.357714e-03   4.882452e-19   62
