# cross spectrum of phi(z1) and phi(z2)
# redshift z=0.596562
# k              Pk             sigma(k)       sigma(Pk)      count
  7.830312e-03   2.488506e-10   1.198114e-03   5.603339e-11   18
  1.686348e-02   2.947955e-10   2.897918e-03   2.817034e-11   152
  2.725284e-02   1.758599e-10   3.060867e-03   8.227249e-12   416
  3.742835e-02   9.610629e-11   2.912555e-03   3.603797e-12   770
  4.808679e-02   6.011861e-11   3.119650e-03   1.768907e-12   1364
  5.876109e-02   3.924159e-11   3.054550e-03   8.975482e-13   1976
  6.939824e-02   2.973788e-11   3.112555e-03   5.707586e-13   2792
  7.984642e-02   2.150934e-11   2.971805e-03   3.720045e-13   3578
  9.038229e-02   1.531447e-11   3.049521e-03   2.305976e-13   4724
  1.011318e-01   1.118048e-11   3.134595e-03   1.522987e-13   6032
  1.117485e-01   8.625265e-12   3.016599e-03   1.092160e-13   7072
  1.222702e-01   7.162901e-12   3.056387e-03   8.205486e-14   8634
  1.329722e-01   5.977543e-12   3.095256e-03   6.289426e-14   10336
  1.436677e-01   4.755122e-12   3.082009e-03   4.581999e-14   11940
  1.541872e-01   3.733489e-12   3.021465e-03   3.560130e-14   13490
  1.647185e-01   3.034421e-12   3.054444e-03   2.639916e-14   15656
  1.754149e-01   2.500791e-12   3.102608e-03   2.083831e-14   18008
  1.860920e-01   2.153207e-12   3.069464e-03   1.726585e-14   19964
  1.966957e-01   1.835847e-12   3.066093e-03   1.420913e-14   22354
  2.072851e-01   1.519116e-12   3.030819e-03   1.144655e-14   24648
  2.179134e-01   1.264838e-12   3.083109e-03   9.126176e-15   27592
  2.285517e-01   1.067168e-12   3.075318e-03   7.595497e-15   30152
  2.391687e-01   9.162468e-13   3.069056e-03   6.364798e-15   33046
  2.497808e-01   8.093201e-13   3.053846e-03   5.534911e-15   35992
  2.604233e-01   7.008172e-13   3.074764e-03   4.712871e-15   39304
  2.710722e-01   6.130634e-13   3.082145e-03   4.010783e-15   42608
  2.817050e-01   5.176902e-13   3.058267e-03   3.430643e-15   45758
  2.923349e-01   4.398844e-13   3.072286e-03   2.938262e-15   49536
  3.029238e-01   3.862084e-13   3.039208e-03   2.568417e-15   52488
  3.135134e-01   3.394035e-13   3.084628e-03   2.255320e-15   57034
  3.241511e-01   2.877755e-13   3.061146e-03   1.931893e-15   60648
  3.347969e-01   2.563117e-13   3.076329e-03   1.724963e-15   65044
  3.454223e-01   2.265618e-13   3.057760e-03   1.526007e-15   68720
  3.560505e-01   1.937040e-13   3.078281e-03   1.336203e-15   73538
  3.667175e-01   1.715693e-13   3.076939e-03   1.196131e-15   78080
  3.773260e-01   1.523860e-13   3.039859e-03   1.084486e-15   81572
  3.879192e-01   1.317639e-13   3.081238e-03   9.642457e-16   87248
  3.985882e-01   1.146911e-13   3.084591e-03   8.652364e-16   92266
  4.092322e-01   1.026655e-13   3.063169e-03   7.848423e-16   96696
  4.198039e-01   8.880095e-14   3.037602e-03   7.097248e-16   100904
  4.303789e-01   7.862842e-14   3.065517e-03   6.443038e-16   107036
  4.410480e-01   7.006095e-14   3.089487e-03   5.825424e-16   113362
  4.517307e-01   6.119761e-14   3.072092e-03   5.314634e-16   118176
  4.623378e-01   5.298166e-14   3.054661e-03   4.937922e-16   122944
  4.729644e-01   4.778809e-14   3.083007e-03   4.496842e-16   129902
  4.836049e-01   4.034712e-14   3.061727e-03   4.103277e-16   134944
  4.942158e-01   3.700868e-14   3.064979e-03   3.807523e-16   140952
  5.048213e-01   3.098800e-14   3.064662e-03   3.538132e-16   147072
  5.154342e-01   2.802081e-14   3.060800e-03   3.237507e-16   153382
  5.260893e-01   2.425038e-14   3.082622e-03   2.972291e-16   160952
  5.367508e-01   2.194169e-14   3.070294e-03   2.761585e-16   166640
  5.473579e-01   1.930275e-14   3.057153e-03   2.578741e-16   172448
  5.579787e-01   1.680223e-14   3.077577e-03   2.396998e-16   180594
  5.686178e-01   1.476623e-14   3.060710e-03   2.254051e-16   186556
  5.792219e-01   1.356905e-14   3.063394e-03   2.080311e-16   193528
  5.898242e-01   1.127689e-14   3.060684e-03   1.958149e-16   200626
  6.004609e-01   1.035470e-14   3.076604e-03   1.810738e-16   209256
  6.111150e-01   8.980601e-15   3.069663e-03   1.702194e-16   216020
  6.217510e-01   7.686184e-15   3.075746e-03   1.602925e-16   223768
  6.323610e-01   6.618936e-15   3.055783e-03   1.519117e-16   230234
  6.429887e-01   5.911911e-15   3.074922e-03   1.419873e-16   239800
  6.536248e-01   5.328598e-15   3.063054e-03   1.326400e-16   246568
  6.642393e-01   4.658612e-15   3.068328e-03   1.264742e-16   254828
  6.748534e-01   4.339252e-15   3.064424e-03   1.184039e-16   263074
  6.854951e-01   3.545151e-15   3.071509e-03   1.123675e-16   272312
  6.961385e-01   3.400295e-15   3.070197e-03   1.061066e-16   280376
  7.067732e-01   2.677780e-15   3.071500e-03   1.003962e-16   288884
  7.174012e-01   2.399549e-15   3.068501e-03   9.445696e-17   297602
  7.280177e-01   2.270175e-15   3.057614e-03   8.977225e-17   305520
  7.386402e-01   1.925010e-15   3.075198e-03   8.468716e-17   315976
  7.492461e-01   1.739471e-15   3.052723e-03   8.018328e-17   322778
  7.598720e-01   1.479473e-15   3.080021e-03   7.663818e-17   335372
  7.705286e-01   1.297477e-15   3.068318e-03   7.248102e-17   343464
  7.811635e-01   1.183404e-15   3.070705e-03   6.911838e-17   352912
  7.917934e-01   9.765676e-16   3.070498e-03   6.586260e-17   362666
  8.024224e-01   8.678800e-16   3.063690e-03   6.242322e-17   371884
  8.130465e-01   7.440439e-16   3.069929e-03   5.958072e-17   382280
  8.236583e-01   5.542013e-16   3.060755e-03   5.670439e-17   390888
  8.342648e-01   7.543095e-16   3.067168e-03   5.426257e-17   402234
  8.448912e-01   4.374537e-16   3.064832e-03   5.152189e-17   412576
  8.555263e-01   5.133195e-16   3.071788e-03   4.911532e-17   423732
  8.661590e-01   3.172660e-16   3.068142e-03   4.704450e-17   433624
  8.767950e-01   4.655993e-16   3.072203e-03   4.490164e-17   445154
  8.874347e-01   2.218641e-16   3.069139e-03   4.310683e-17   455584
  8.980596e-01   1.712234e-16   3.064716e-03   4.114420e-17   465588
  9.086714e-01   2.303832e-16   3.065163e-03   3.934920e-17   476762
  9.193048e-01   2.507034e-16   3.073106e-03   3.775823e-17   489552
  9.299472e-01   2.833347e-16   3.069632e-03   3.615686e-17   500328
  9.405628e-01   2.383836e-16   3.059261e-03   3.471329e-17   509852
  9.511854e-01   1.976438e-16   3.074339e-03   3.325210e-17   524234
  9.618189e-01   1.919549e-16   3.061952e-03   3.198750e-17   534104
  9.724448e-01   1.704047e-16   3.070528e-03   3.069868e-17   547048
  9.830800e-01   6.315694e-17   3.073862e-03   2.936153e-17   559328
  9.937180e-01   6.515711e-17   3.070866e-03   2.825715e-17   571326
  1.004339e+00   1.710866e-16   3.060367e-03   2.720085e-17   581920
  1.014951e+00   9.782134e-17   3.064588e-03   2.616854e-17   594832
  1.025571e+00   1.196584e-16   3.068054e-03   2.506171e-17   608048
  1.036206e+00   1.217577e-16   3.070252e-03   2.417185e-17   621526
  1.046839e+00   9.968309e-17   3.066112e-03   2.326960e-17   633240
  1.057456e+00   1.202439e-16   3.064953e-03   2.236469e-17   645472
  1.068086e+00   8.807175e-17   3.075342e-03   2.153766e-17   660906
  1.078726e+00   4.157473e-17   3.067576e-03   2.078388e-17   672856
  1.089356e+00   4.917460e-17   3.067094e-03   1.997455e-17   685980
  1.099980e+00   6.689278e-17   3.067978e-03   1.928114e-17   699256
  1.110619e+00   1.802106e-17   3.074976e-03   1.855067e-17   714730
  1.121246e+00   6.213517e-17   3.059348e-03   1.796945e-17   725152
  1.131863e+00   4.058852e-18   3.067634e-03   1.729182e-17   740420
  1.142485e+00   6.084565e-17   3.069089e-03   1.672110e-17   754312
  1.153114e+00   5.537102e-17   3.069897e-03   1.618941e-17   769114
  1.163749e+00   6.601878e-17   3.069209e-03   1.558274e-17   783488
  1.174365e+00   6.335904e-17   3.058900e-03   1.506988e-17   794968
  1.184981e+00   5.854043e-17   3.070107e-03   1.455141e-17   812366
  1.195609e+00   1.951953e-17   3.065134e-03   1.404856e-17   825976
  1.206250e+00   6.375646e-17   3.075220e-03   1.357837e-17   843352
  1.216898e+00   6.344336e-17   3.073224e-03   1.313157e-17   857280
  1.227524e+00   3.908657e-17   3.063189e-03   1.272854e-17   869542
  1.238147e+00   2.538928e-17   3.070752e-03   1.231778e-17   887128
  1.248772e+00   5.493226e-18   3.063166e-03   1.191126e-17   900032
  1.259388e+00   3.168342e-18   3.067377e-03   1.152882e-17   916560
  1.270005e+00   1.438003e-17   3.061783e-03   1.121047e-17   930922
  1.280635e+00   6.895701e-18   3.071795e-03   1.079676e-17   949844
  1.291287e+00   1.106124e-17   3.076939e-03   1.045090e-17   966736
  1.301925e+00   5.019169e-18   3.065819e-03   1.017754e-17   978776
  1.312537e+00   2.251487e-17   3.064137e-03   9.860425e-18   994522
  1.323161e+00   2.420322e-17   3.068907e-03   9.537935e-18   1012420
  1.333794e+00   3.021717e-17   3.071598e-03   9.225693e-18   1029408
  1.344410e+00   4.605951e-17   3.058405e-03   8.981522e-18   1041658
  1.355032e+00   5.818259e-17   3.072381e-03   8.710517e-18   1063520
  1.365659e+00   2.866725e-17   3.060689e-03   8.463577e-18   1075808
  1.376294e+00   1.744440e-17   3.080019e-03   8.202148e-18   1098956
  1.386928e+00   2.114376e-17   3.061670e-03   7.947866e-18   1109810
  1.397545e+00   1.618542e-17   3.065288e-03   7.716245e-18   1128608
  1.408178e+00   1.373600e-17   3.073589e-03   7.500933e-18   1148264
  1.418813e+00   1.162825e-17   3.067917e-03   7.284493e-18   1163252
  1.429436e+00   4.587455e-18   3.067070e-03   7.062199e-18   1181042
  1.440060e+00   2.456984e-17   3.064325e-03   6.866232e-18   1197848
  1.450692e+00   8.447502e-18   3.073737e-03   6.673034e-18   1218848
  1.461323e+00   2.085382e-17   3.064859e-03   6.490670e-18   1232916
  1.471945e+00   1.774498e-17   3.068844e-03   6.314526e-18   1253002
  1.482566e+00   2.554338e-17   3.062284e-03   6.128496e-18   1268576
  1.493191e+00   2.181397e-17   3.071552e-03   5.957350e-18   1290128
  1.503822e+00   2.380973e-17   3.068342e-03   5.795938e-18   1307402
  1.514455e+00   2.631049e-18   3.069122e-03   5.626045e-18   1327028
  1.525083e+00   8.238461e-18   3.064970e-03   5.482118e-18   1343648
  1.535711e+00   1.568180e-17   3.070217e-03   5.336798e-18   1364096
  1.546341e+00   1.173043e-17   3.068950e-03   5.180924e-18   1382730
  1.556974e+00   -5.797564e-18   3.068757e-03   5.066971e-18   1402164
  1.567604e+00   3.821033e-18   3.068159e-03   4.920644e-18   1420464
  1.578221e+00   1.159029e-17   3.063798e-03   4.793644e-18   1437368
  1.588847e+00   -3.866074e-18   3.072142e-03   4.656436e-18   1461530
  1.599480e+00   1.367340e-17   3.065069e-03   4.546254e-18   1478264
  1.610108e+00   4.238723e-18   3.068902e-03   4.425023e-18   1499356
  1.620732e+00   6.579490e-18   3.065238e-03   4.304873e-18   1517016
  1.631360e+00   4.154433e-18   3.070849e-03   4.204850e-18   1540090
  1.641988e+00   1.398787e-17   3.065366e-03   4.090374e-18   1557360
  1.652609e+00   9.360400e-18   3.066926e-03   3.992520e-18   1577780
  1.663242e+00   7.716455e-18   3.075107e-03   3.879145e-18   1602578
  1.673875e+00   4.535545e-19   3.063542e-03   3.792367e-18   1617672
  1.684498e+00   1.685417e-17   3.069033e-03   3.692417e-18   1641016
  1.695122e+00   1.063684e-17   3.065080e-03   3.593841e-18   1659416
  1.705746e+00   -2.603920e-18   3.068431e-03   3.505801e-18   1682670
  1.716382e+00   1.211967e-18   3.070690e-03   3.417491e-18   1705256
  1.727024e+00   9.608324e-18   3.071890e-03   3.333364e-18   1726312
  1.737645e+00   1.107593e-17   3.062639e-03   3.262714e-18   1741880
  1.748261e+00   6.900829e-18   3.067156e-03   3.173868e-18   1766454
  1.758897e+00   3.320977e-18   3.073105e-03   3.094868e-18   1791784
  1.769528e+00   2.203026e-18   3.063894e-03   3.025980e-18   1807712
  1.780139e+00   7.222849e-18   3.062775e-03   2.950000e-18   1829002
  1.790759e+00   8.059183e-18   3.067263e-03   2.877683e-18   1854216
  1.801400e+00   7.598008e-18   3.074631e-03   2.807614e-18   1880156
  1.812037e+00   5.924468e-18   3.068349e-03   2.752271e-18   1897568
  1.822663e+00   8.151648e-18   3.068475e-03   2.681499e-18   1920458
  1.833288e+00   -5.195851e-19   3.065997e-03   2.614532e-18   1942208
  1.843915e+00   1.088584e-18   3.067813e-03   2.557082e-18   1965612
  1.854544e+00   9.421100e-18   3.069639e-03   2.495295e-18   1989000
  1.865168e+00   8.571330e-19   3.064465e-03   2.438654e-18   2009114
  1.875791e+00   1.700080e-18   3.067400e-03   2.384425e-18   2034464
  1.886424e+00   1.298217e-18   3.070174e-03   2.323436e-18   2058476
  1.897052e+00   9.666842e-19   3.068039e-03   2.274513e-18   2079648
  1.907673e+00   5.112404e-18   3.065891e-03   2.219479e-18   2102578
  1.918306e+00   1.967080e-18   3.070742e-03   2.166477e-18   2129928
  1.928942e+00   1.398448e-18   3.069733e-03   2.120282e-18   2152096
  1.939563e+00   7.228262e-18   3.062858e-03   2.079053e-18   2171142
  1.950185e+00   2.388888e-18   3.069150e-03   2.027919e-18   2200248
  1.960824e+00   -2.699746e-19   3.071017e-03   1.977573e-18   2225216
  1.971460e+00   1.319428e-18   3.070942e-03   1.935097e-18   2248448
  1.982084e+00   5.013830e-19   3.064272e-03   1.893037e-18   2267942
  1.992710e+00   -1.068943e-18   3.071051e-03   1.854819e-18   2298072
  2.003337e+00   2.144634e-18   3.064068e-03   1.809449e-18   2317272
  2.013961e+00   -8.135113e-19   3.069747e-03   1.772009e-18   2345808
  2.024580e+00   -2.414665e-18   3.062469e-03   1.735370e-18   2365650
  2.035206e+00   5.719326e-19   3.069930e-03   1.695818e-18   2396940
  2.045842e+00   1.205119e-18   3.069936e-03   1.656655e-18   2421272
  2.056473e+00   -1.820980e-18   3.068399e-03   1.622969e-18   2444576
  2.067102e+00   -9.401774e-19   3.069748e-03   1.586006e-18   2471490
  2.077728e+00   -1.270544e-18   3.064854e-03   1.554180e-18   2493180
  2.088349e+00   -7.530002e-19   3.068019e-03   1.519162e-18   2520952
  2.098972e+00   -1.481753e-18   3.065319e-03   1.485714e-18   2544946
  2.109598e+00   9.924473e-19   3.068311e-03   1.454162e-18   2573856
  2.120230e+00   -1.548589e-19   3.069026e-03   1.425595e-18   2600016
  2.130862e+00   -9.765045e-20   3.069102e-03   1.393635e-18   2625484
  2.141490e+00   -2.356793e-18   3.068080e-03   1.365537e-18   2651122
  2.152130e+00   -4.470900e-18   3.074348e-03   1.336251e-18   2683488
  2.162754e+00   -5.009792e-19   3.059466e-03   1.309072e-18   2696352
  2.173371e+00   4.545884e-18   3.071171e-03   1.279672e-18   2733020
  2.184002e+00   -2.778607e-18   3.067530e-03   1.254041e-18   2757378
  2.194631e+00   -1.342294e-18   3.067942e-03   1.230051e-18   2784864
  2.205259e+00   -2.240223e-18   3.067811e-03   1.205853e-18   2811168
  2.215874e+00   -1.512018e-18   3.061061e-03   1.181335e-18   2832274
  2.226505e+00   -2.902413e-18   3.075611e-03   1.153938e-18   2873636
  2.237142e+00   1.787994e-18   3.064877e-03   1.133872e-18   2890496
  2.247766e+00   -7.868846e-19   3.069851e-03   1.107806e-18   2921800
  2.258399e+00   -1.678365e-18   3.071101e-03   1.086366e-18   2951298
  2.269032e+00   -1.286063e-18   3.066274e-03   1.062317e-18   2975476
  2.279663e+00   -1.942835e-18   3.071375e-03   1.042693e-18   3007728
  2.290285e+00   -5.714144e-19   3.061886e-03   1.023808e-18   3025776
  2.300910e+00   -3.498652e-19   3.072955e-03   1.000929e-18   3065762
  2.311540e+00   -4.612979e-18   3.063208e-03   9.835237e-19   3084856
  2.322162e+00   -2.210744e-18   3.068985e-03   9.634946e-19   3118044
  2.332782e+00   -3.088472e-18   3.064319e-03   9.444170e-19   3141352
  2.343410e+00   -3.935895e-18   3.072036e-03   9.249791e-19   3179274
  2.354046e+00   -1.344516e-18   3.067682e-03   9.083846e-19   3204120
  2.364668e+00   -4.964274e-19   3.063610e-03   8.901291e-19   3227900
  2.375288e+00   -6.863462e-19   3.068722e-03   8.715918e-19   3262394
  2.385925e+00   -3.655644e-18   3.071814e-03   8.539928e-19   3295680
  2.396559e+00   -2.524211e-18   3.067166e-03   8.383477e-19   3319560
  2.407184e+00   -2.321547e-18   3.068070e-03   8.226741e-19   3348972
  2.417810e+00   -3.030178e-18   3.068540e-03   8.064367e-19   3379722
  2.428441e+00   -1.658568e-18   3.068348e-03   7.906325e-19   3410720
  2.439075e+00   -2.195612e-18   3.069517e-03   7.748592e-19   3441504
  2.449697e+00   -2.254375e-18   3.063301e-03   7.621923e-19   3463624
  2.460317e+00   -3.782106e-18   3.068043e-03   7.459816e-19   3499790
  2.470951e+00   -1.750884e-18   3.070702e-03   7.322039e-19   3533560
  2.481588e+00   -2.526502e-18   3.069830e-03   7.173953e-19   3561920
  2.492209e+00   -1.884977e-18   3.064208e-03   7.054991e-19   3585208
  2.502830e+00   -6.131910e-19   3.069185e-03   6.923804e-19   3622518
  2.513468e+00   -1.960580e-18   3.072344e-03   6.771851e-19   3657584
  2.524094e+00   -2.215275e-18   3.062507e-03   6.658169e-19   3676440
  2.534707e+00   -1.604448e-18   3.065232e-03   6.533819e-19   3711282
  2.545334e+00   -2.434151e-18   3.068763e-03   6.404987e-19   3747696
  2.555965e+00   -2.605171e-18   3.067225e-03   6.295786e-19   3776188
  2.566601e+00   -3.128059e-18   3.074483e-03   6.168828e-19   3815304
  2.577232e+00   -1.888105e-19   3.064660e-03   6.065665e-19   3835370
  2.587856e+00   -4.559254e-19   3.068926e-03   5.954320e-19   3873424
  2.598487e+00   -1.005896e-18   3.067978e-03   5.841061e-19   3903420
  2.609117e+00   -1.310641e-18   3.070036e-03   5.737559e-19   3937624
  2.619745e+00   -1.511927e-18   3.066011e-03   5.625918e-19   3965658
  2.630375e+00   -1.795262e-18   3.069802e-03   5.533234e-19   4002984
  2.641001e+00   -3.039454e-19   3.065136e-03   5.440480e-19   4027928
  2.651616e+00   -2.096426e-18   3.064941e-03   5.338967e-19   4059844
  2.662241e+00   -1.454127e-18   3.069945e-03   5.229446e-19   4100338
  2.672876e+00   -1.190658e-18   3.069128e-03   5.135975e-19   4132264
  2.683506e+00   -1.450831e-18   3.068474e-03   5.048746e-19   4163216
  2.694131e+00   5.385906e-19   3.066146e-03   4.960800e-19   4193350
  2.704761e+00   -1.675012e-18   3.071068e-03   4.863936e-19   4234456
  2.715390e+00   -1.100518e-18   3.064079e-03   4.780232e-19   4257264
  2.726012e+00   -1.375389e-18   3.069774e-03   4.695850e-19   4297352
  2.736640e+00   -1.045235e-18   3.067495e-03   4.620124e-19   4328642
  2.747272e+00   -1.565433e-18   3.070663e-03   4.531490e-19   4367948
  2.757895e+00   -6.683584e-19   3.061799e-03   4.461774e-19   4388384
  2.768519e+00   -9.143439e-19   3.072247e-03   4.371377e-19   4436648
  2.779154e+00   -1.355573e-18   3.067997e-03   4.299213e-19   4465658
  2.789787e+00   -7.471158e-19   3.069677e-03   4.224250e-19   4502948
  2.800413e+00   -4.254103e-19   3.064787e-03   4.149915e-19   4528880
  2.811033e+00   -4.666327e-19   3.067181e-03   4.077199e-19   4566290
  2.821663e+00   3.579067e-19   3.070655e-03   4.010204e-19   4606856
  2.832293e+00   -8.568926e-20   3.066552e-03   3.948516e-19   4635380
  2.842916e+00   5.444879e-19   3.067131e-03   3.879745e-19   4670384
  2.853543e+00   -1.370141e-19   3.069161e-03   3.802199e-19   4709258
  2.864179e+00   -5.341789e-20   3.070324e-03   3.736852e-19   4747352
  2.874805e+00   -4.429375e-19   3.063655e-03   3.682291e-19   4771664
  2.885427e+00   -8.858396e-19   3.068600e-03   3.617029e-19   4813532
  2.896058e+00   -7.373422e-19   3.070437e-03   3.543200e-19   4852322
  2.906693e+00   3.223730e-19   3.069013e-03   3.493374e-19   4886480
  2.917320e+00   3.730618e-19   3.066289e-03   3.434276e-19   4917248
  2.927939e+00   -2.432654e-20   3.065099e-03   3.377009e-19   4950828
  2.938569e+00   5.300496e-20   3.072788e-03   3.318124e-19   5000170
  2.949204e+00   -7.684495e-19   3.066857e-03   3.260544e-19   5026952
  2.959825e+00   2.999143e-19   3.064676e-03   3.207026e-19   5058752
  2.970445e+00   2.491159e-19   3.067741e-03   3.151689e-19   5100722
  2.981076e+00   -4.844836e-19   3.068979e-03   3.100960e-19   5140124
  2.991706e+00   2.726090e-20   3.067937e-03   3.050949e-19   5174072
  3.002335e+00   7.099452e-19   3.068928e-03   2.999761e-19   5211608
  3.012962e+00   4.136194e-19   3.067917e-03   2.946991e-19   5247794
  3.023589e+00   -4.469553e-19   3.066908e-03   2.902598e-19   5284196
  3.034222e+00   -5.624483e-19   3.071657e-03   2.853977e-19   5328800
  3.044847e+00   -1.183608e-19   3.063109e-03   2.812631e-19   5350872
  3.055470e+00   5.353514e-20   3.069608e-03   2.761020e-19   5400634
  3.066097e+00   -1.591195e-19   3.065291e-03   2.717180e-19   5430968
  3.076725e+00   -6.597896e-20   3.070185e-03   2.670665e-19   5475908
  3.087355e+00   -3.603226e-19   3.068352e-03   2.627067e-19   5510016
  3.097986e+00   7.100653e-19   3.069695e-03   2.585362e-19   5552114
  3.108620e+00   -1.006217e-20   3.068841e-03   2.542201e-19   5588944
  3.119249e+00   2.084759e-21   3.067703e-03   2.506105e-19   5623828
  3.129873e+00   5.203457e-20   3.066629e-03   2.463051e-19   5660722
  3.140497e+00   4.584951e-19   3.066422e-03   2.423937e-19   5699896
  3.151124e+00   6.108085e-19   3.068968e-03   2.386101e-19   5741936
  3.161754e+00   -2.966013e-19   3.069010e-03   2.343347e-19   5779568
  3.172381e+00   -3.248749e-20   3.067639e-03   2.309804e-19   5817222
  3.183006e+00   -2.536439e-19   3.066013e-03   2.272912e-19   5854600
  3.193635e+00   6.744743e-21   3.069791e-03   2.235089e-19   5900040
  3.204262e+00   1.944092e-19   3.066501e-03   2.200726e-19   5931976
  3.214890e+00   5.029235e-19   3.070101e-03   2.163565e-19   5979390
  3.225518e+00   -4.999206e-19   3.065321e-03   2.133081e-19   6010200
  3.236144e+00   -1.286987e-19   3.069327e-03   2.097144e-19   6056496
  3.246769e+00   -4.928656e-19   3.066211e-03   2.064929e-19   6089504
  3.257396e+00   1.609040e-19   3.069391e-03   2.034405e-19   6137114
  3.268025e+00   -8.368826e-20   3.067201e-03   2.003840e-19   6173332
  3.278652e+00   -1.034753e-19   3.067882e-03   1.971717e-19   6214128
  3.289279e+00   4.767965e-19   3.067306e-03   1.936526e-19   6253874
  3.299910e+00   -1.920183e-19   3.069629e-03   1.909423e-19   6300104
  3.310539e+00   1.947796e-19   3.066365e-03   1.882294e-19   6332612
  3.321166e+00   5.395792e-20   3.070240e-03   1.850541e-19   6379768
  3.331797e+00   -6.304622e-21   3.068597e-03   1.822273e-19   6418218
  3.342427e+00   4.173402e-19   3.068360e-03   1.794324e-19   6459880
  3.353052e+00   -2.698673e-19   3.066116e-03   1.766612e-19   6495652
  3.363680e+00   2.080183e-19   3.070231e-03   1.735641e-19   6545296
  3.374311e+00   -1.330018e-19   3.067227e-03   1.712860e-19   6581570
  3.384935e+00   -3.542315e-19   3.065246e-03   1.688235e-19   6618960
  3.395556e+00   -3.343023e-19   3.067158e-03   1.663246e-19   6663352
  3.406178e+00   -2.547177e-19   3.065376e-03   1.637719e-19   6701334
  3.416809e+00   4.309741e-20   3.072512e-03   1.610322e-19   6759920
  3.427444e+00   2.232251e-19   3.067179e-03   1.587812e-19   6789696
  3.438073e+00   -1.909295e-19   3.069955e-03   1.564036e-19   6837208
  3.448703e+00   2.143533e-19   3.067492e-03   1.541641e-19   6874966
  3.459333e+00   -7.371733e-20   3.068613e-03   1.517217e-19   6920864
  3.469960e+00   -3.451863e-19   3.066758e-03   1.494703e-19   6957816
  3.480585e+00   -1.566312e-20   3.068144e-03   1.473262e-19   7002232
  3.491208e+00   1.856855e-19   3.066540e-03   1.449743e-19   7043114
  3.501840e+00   -2.013495e-19   3.070403e-03   1.427094e-19   7096020
  3.512471e+00   -3.391799e-19   3.067394e-03   1.409363e-19   7130640
  3.523097e+00   2.541772e-19   3.068276e-03   1.388062e-19   7175472
  3.533723e+00   3.422925e-19   3.067248e-03   1.365500e-19   7217786
  3.544353e+00   1.811275e-19   3.068999e-03   1.346906e-19   7265564
  3.554979e+00   -2.574586e-19   3.066319e-03   1.328099e-19   7301288
  3.565600e+00   3.712717e-20   3.066375e-03   1.307855e-19   7345330
  3.576227e+00   1.968582e-19   3.069052e-03   1.288664e-19   7397048
  3.586856e+00   1.519721e-20   3.067039e-03   1.269582e-19   7435920
  3.597485e+00   2.043549e-19   3.069220e-03   1.250348e-19   7484140
  3.608113e+00   -5.934767e-20   3.067643e-03   1.234456e-19   7525578
  3.618741e+00   1.206649e-19   3.067518e-03   1.215608e-19   7571376
  3.629371e+00   -1.417847e-19   3.068480e-03   1.196503e-19   7617064
  3.640002e+00   -1.823487e-19   3.069456e-03   1.180419e-19   7662092
  3.650627e+00   2.968963e-19   3.066324e-03   1.163653e-19   7699658
  3.661254e+00   1.063953e-19   3.068945e-03   1.144340e-19   7752416
  3.671886e+00   -9.884990e-20   3.069408e-03   1.129849e-19   7797776
  3.682511e+00   1.353597e-19   3.065176e-03   1.113958e-19   7831720
  3.693136e+00   -2.549225e-19   3.069723e-03   1.097804e-19   7889926
  3.703768e+00   1.430840e-19   3.067981e-03   1.082777e-19   7931480
  3.714397e+00   1.134057e-19   3.068251e-03   1.067383e-19   7976688
  3.725016e+00   6.214639e-20   3.062621e-03   1.053141e-19   8007786
  3.735639e+00   -9.567348e-20   3.070332e-03   1.036987e-19   8074564
  3.746275e+00   8.069300e-21   3.070085e-03   1.022134e-19   8118904
  3.756904e+00   1.262361e-19   3.066957e-03   1.008537e-19   8155824
  3.767533e+00   -1.491635e-20   3.070641e-03   9.939041e-20   8212802
  3.778161e+00   5.271955e-20   3.065118e-03   9.796875e-20   8245268
  3.788791e+00   1.485092e-19   3.071754e-03   9.651690e-20   8308816
  3.799422e+00   -5.553084e-20   3.066301e-03   9.533594e-20   8340304
  3.810044e+00   4.818565e-20   3.066222e-03   9.395732e-20   8387738
  3.820668e+00   -9.631382e-20   3.067207e-03   9.269888e-20   8437624
  3.831296e+00   7.399608e-20   3.068826e-03   9.130953e-20   8487796
  3.841921e+00   1.950194e-19   3.066430e-03   9.012355e-20   8527936
  3.852549e+00   7.986707e-20   3.069409e-03   8.886730e-20   8585122
  3.863180e+00   8.020404e-20   3.067925e-03   8.752780e-20   8628200
  3.873811e+00   3.881091e-20   3.069670e-03   8.636718e-20   8679484
  3.884439e+00   -2.228120e-19   3.067320e-03   8.529973e-20   8721466
  3.895064e+00   -1.183725e-19   3.065795e-03   8.412587e-20   8765840
  3.905692e+00   -6.839462e-20   3.070355e-03   8.280710e-20   8825136
  3.916320e+00   -1.139929e-19   3.066753e-03   8.183976e-20   8861768
  3.926948e+00   6.686018e-20   3.069321e-03   8.080981e-20   8919278
  3.937577e+00   9.441113e-22   3.066595e-03   7.958537e-20   8961008
  3.948205e+00   -2.512865e-20   3.068779e-03   7.851336e-20   9014456
  3.958835e+00   -1.086376e-19   3.068818e-03   7.738752e-20   9062240
  3.969465e+00   1.580734e-19   3.068277e-03   7.639929e-20   9110510
  3.980091e+00   -2.114468e-19   3.066455e-03   7.538238e-20   9154048
  3.990712e+00   1.591667e-19   3.065703e-03   7.441143e-20   9198928
  4.001336e+00   -1.101003e-20   3.068826e-03   7.334118e-20   9257194
  4.011967e+00   -4.616602e-20   3.069362e-03   7.240636e-20   9310168
  4.022596e+00   1.266230e-19   3.066324e-03   7.140466e-20   9350316
  4.033222e+00   1.814228e-19   3.069210e-03   7.049220e-20   9407120
  4.043852e+00   1.082123e-19   3.068250e-03   6.948609e-20   9454642
  4.054482e+00   -7.166966e-20   3.068405e-03   6.862448e-20   9506272
  4.065111e+00   9.609221e-20   3.067355e-03   6.775012e-20   9551228
  4.075735e+00   -2.706856e-21   3.067594e-03   6.682412e-20   9600264
  4.086360e+00   -5.370853e-20   3.067530e-03   6.599766e-20   9651458
  4.096991e+00   -3.431658e-20   3.070122e-03   6.513970e-20   9711488
  4.107620e+00   2.674355e-19   3.066189e-03   6.422054e-20   9749144
  4.118247e+00   7.316137e-22   3.069033e-03   6.347838e-20   9807908
  4.128876e+00   3.184153e-20   3.067607e-03   6.256932e-20   9854786
  4.139508e+00   1.126980e-19   3.070269e-03   6.175627e-20   9914304
  4.150134e+00   -1.732211e-20   3.064668e-03   6.104305e-20   9945544
  4.160753e+00   1.170720e-19   3.066794e-03   6.020555e-20   10003414
  4.171379e+00   1.560520e-19   3.068671e-03   5.938592e-20   10062032
  4.182011e+00   1.174255e-19   3.069142e-03   5.874298e-20   10114792
  4.192645e+00   6.984438e-20   3.070449e-03   5.791980e-20   10169936
  4.203267e+00   1.224405e-19   3.062650e-03   5.719881e-20   10196602
  4.213895e+00   1.396238e-19   3.072265e-03   5.639488e-20   10281156
  4.224526e+00   9.755947e-20   3.065688e-03   5.571566e-20   10309376
  4.235150e+00   -7.206485e-20   3.068567e-03   5.495159e-20   10369856
  4.245775e+00   -8.652463e-20   3.066063e-03   5.435235e-20   10415370
  4.256404e+00   5.538120e-20   3.070045e-03   5.354453e-20   10481988
  4.267039e+00   1.127917e-19   3.069556e-03   5.294676e-20   10531200
  4.277665e+00   5.651243e-20   3.065408e-03   5.228924e-20   10569416
  4.288289e+00   6.795838e-20   3.068216e-03   5.161617e-20   10633066
  4.298919e+00   8.507423e-20   3.068866e-03   5.095134e-20   10687548
  4.309552e+00   1.670096e-19   3.070419e-03   5.029560e-20   10743968
  4.320180e+00   6.580481e-21   3.065849e-03   4.973160e-20   10782130
  4.330801e+00   -2.946504e-20   3.066095e-03   4.909015e-20   10837792
  4.341427e+00   -4.965062e-20   3.068321e-03   4.848625e-20   10897368
  4.352058e+00   1.211784e-19   3.069642e-03   4.787664e-20   10953940
  4.362687e+00   1.068461e-19   3.067969e-03   4.728169e-20   11003274
  4.373313e+00   2.366352e-20   3.066343e-03   4.675834e-20   11052800
  4.383943e+00   -1.914560e-20   3.070099e-03   4.609398e-20   11118176
  4.394573e+00   4.280816e-20   3.067934e-03   4.554060e-20   11162268
  4.405196e+00   -2.909593e-20   3.066117e-03   4.497009e-20   11211458
  4.415820e+00   7.607210e-20   3.067310e-03   4.450695e-20   11271888
  4.426448e+00   -1.101581e-20   3.068640e-03   4.392120e-20   11329304
  4.437073e+00   5.784259e-20   3.066385e-03   4.341996e-20   11375026
  4.447701e+00   -1.414897e-20   3.069261e-03   4.283704e-20   11442532
  4.458330e+00   -5.611819e-20   3.066551e-03   4.236328e-20   11487264
  4.468957e+00   3.918055e-20   3.068098e-03   4.183800e-20   11545680
  4.479587e+00   1.674125e-19   3.069842e-03   4.136299e-20   11607058
  4.490221e+00   7.552573e-20   3.069925e-03   4.084686e-20   11664300
  4.500851e+00   -2.619972e-20   3.066963e-03   4.036466e-20   11707488
  4.511474e+00   6.090301e-20   3.066617e-03   3.985863e-20   11759536
  4.522104e+00   -3.482475e-21   3.071176e-03   3.935533e-20   11833690
  4.532737e+00   5.063013e-20   3.067542e-03   3.896936e-20   11877808
  4.543362e+00   3.408715e-20   3.065778e-03   3.840944e-20   11925836
  4.553987e+00   -7.582910e-22   3.068899e-03   3.801084e-20   11992168
  4.564616e+00   7.031209e-21   3.067784e-03   3.758439e-20   12044554
  4.575242e+00   -4.370153e-21   3.067168e-03   3.720852e-20   12098976
  4.585865e+00   1.009937e-19   3.066173e-03   3.670460e-20   12149996
  4.596487e+00   8.914763e-20   3.067038e-03   3.628265e-20   12209594
  4.607117e+00   -2.907157e-20   3.069983e-03   3.583206e-20   12279272
  4.617752e+00   2.401387e-20   3.070004e-03   3.542486e-20   12336072
  4.628383e+00   3.892808e-21   3.067416e-03   3.500204e-20   12381744
  4.639009e+00   6.533729e-21   3.068068e-03   3.459811e-20   12441590
  4.649637e+00   5.235991e-20   3.067557e-03   3.422050e-20   12497256
  4.660262e+00   -1.042515e-20   3.066825e-03   3.382205e-20   12550032
  4.670884e+00   3.185138e-20   3.066185e-03   3.344201e-20   12603936
  4.681508e+00   3.317809e-20   3.068111e-03   3.305546e-20   12671230
  4.692142e+00   -4.977063e-20   3.070828e-03   3.269149e-20   12740920
  4.702775e+00   3.150957e-20   3.067767e-03   3.228226e-20   12784560
  4.713398e+00   8.913553e-21   3.065894e-03   3.194170e-20   12834176
  4.724025e+00   -2.203178e-20   3.069663e-03   3.158812e-20   12909006
  4.734656e+00   -1.946935e-22   3.068089e-03   3.122238e-20   12959680
  4.745283e+00   2.857241e-20   3.067551e-03   3.087635e-20   13014232
  4.755909e+00   1.793453e-20   3.068154e-03   3.051579e-20   13076514
  4.766534e+00   3.106218e-20   3.065684e-03   3.023443e-20   13127112
  4.777164e+00   7.804493e-20   3.070665e-03   2.985416e-20   13205852
  4.787797e+00   -3.709993e-20   3.068206e-03   2.950447e-20   13252032
  4.798423e+00   -7.115164e-20   3.066967e-03   2.921167e-20   13307450
  4.809051e+00   2.145020e-20   3.068506e-03   2.890675e-20   13374160
  4.819680e+00   -3.862503e-20   3.067567e-03   2.856515e-20   13426348
  4.830308e+00   2.604507e-22   3.069633e-03   2.821188e-20   13492760
  4.840934e+00   -5.442981e-20   3.066142e-03   2.793404e-20   13539546
  4.851560e+00   1.518116e-20   3.068338e-03   2.766108e-20   13610704
  4.862187e+00   1.356217e-20   3.066835e-03   2.732499e-20   13662024
  4.872813e+00   5.605709e-20   3.068248e-03   2.703765e-20   13727492
  4.883443e+00   3.938543e-20   3.069111e-03   2.673473e-20   13793394
  4.894073e+00   2.262299e-20   3.067154e-03   2.648598e-20   13844456
  4.904699e+00   3.621606e-20   3.067927e-03   2.619620e-20   13905184
  4.915325e+00   -6.465159e-21   3.067971e-03   2.590532e-20   13965958
  4.925951e+00   3.204462e-20   3.067148e-03   2.563044e-20   14025192
  4.936580e+00   2.012439e-20   3.068951e-03   2.534308e-20   14093768
  4.947211e+00   1.538370e-20   3.068454e-03   2.507563e-20   14150440
  4.957840e+00   4.812771e-20   3.068630e-03   2.483426e-20   14213450
  4.968468e+00   2.197225e-21   3.066726e-03   2.458202e-20   14267036
  4.979095e+00   4.000685e-20   3.068568e-03   2.429017e-20   14335032
  4.989722e+00   6.855649e-20   3.067092e-03   2.405145e-20   14387664
  5.000347e+00   -7.517674e-21   3.068270e-03   2.379889e-20   14455698
  5.010977e+00   -9.848466e-21   3.068677e-03   2.356426e-20   14520452
  5.021607e+00   -1.925408e-20   3.068497e-03   2.332421e-20   14580272
  5.032232e+00   1.852903e-21   3.065614e-03   2.308064e-20   14628050
  5.042860e+00   8.500431e-20   3.070982e-03   2.284523e-20   14716744
  5.053489e+00   -2.372644e-20   3.065407e-03   2.262504e-20   14751712
  5.064115e+00   3.614087e-20   3.069456e-03   2.236859e-20   14831620
  5.074740e+00   9.807416e-21   3.065470e-03   2.218471e-20   14875522
  5.085366e+00   -5.721819e-21   3.068961e-03   2.194771e-20   14956720
  5.095994e+00   1.107896e-20   3.066998e-03   2.171037e-20   15008272
  5.106620e+00   4.978699e-20   3.067783e-03   2.148907e-20   15073780
  5.117248e+00   -9.238555e-21   3.069002e-03   2.126798e-20   15144866
  5.127883e+00   1.136102e-21   3.070052e-03   2.110768e-20   15213872
  5.138515e+00   -1.587299e-20   3.067931e-03   2.087211e-20   15263976
  5.149140e+00   8.755464e-21   3.066723e-03   2.063126e-20   15320236
  5.159767e+00   -1.682027e-20   3.069367e-03   2.046910e-20   15398322
  5.170396e+00   -4.428165e-20   3.067121e-03   2.028718e-20   15450864
  5.181021e+00   -1.803884e-20   3.067373e-03   2.006901e-20   15513888
  5.191645e+00   -3.159076e-20   3.066596e-03   1.987094e-20   15574626
  5.202274e+00   -1.744751e-20   3.069893e-03   1.970243e-20   15657956
  5.212904e+00   5.863838e-20   3.066736e-03   1.949223e-20   15704248
  5.223531e+00   4.938827e-21   3.068512e-03   1.931648e-20   15774824
  5.234161e+00   -8.676089e-21   3.069354e-03   1.913194e-20   15844898
  5.244790e+00   2.094720e-21   3.066994e-03   1.898774e-20   15898956
  5.255415e+00   5.023302e-20   3.067091e-03   1.878905e-20   15961768
  5.266040e+00   5.138573e-20   3.068481e-03   1.857434e-20   16032208
  5.276669e+00   -2.580915e-20   3.068464e-03   1.844047e-20   16099530
  5.287295e+00   -1.247164e-20   3.065856e-03   1.827334e-20   16152712
  5.297924e+00   -7.933860e-21   3.069693e-03   1.806769e-20   16235740
  5.308553e+00   -2.883928e-21   3.067725e-03   1.789124e-20   16288856
  5.319183e+00   3.176949e-20   3.069408e-03   1.776045e-20   16365074
  5.329812e+00   2.327318e-20   3.067066e-03   1.761055e-20   16418248
  5.340434e+00   4.269254e-21   3.065573e-03   1.743208e-20   16473180
  5.351058e+00   -1.135990e-20   3.069491e-03   1.727074e-20   16560234
  5.361687e+00   8.668292e-21   3.067046e-03   1.713323e-20   16616088
  5.372317e+00   5.594581e-21   3.069133e-03   1.696655e-20   16693264
  5.382948e+00   -1.530340e-20   3.068526e-03   1.683787e-20   16753864
  5.393577e+00   -7.658222e-21   3.068569e-03   1.668937e-20   16820702
  5.404204e+00   -3.719404e-20   3.066887e-03   1.654298e-20   16879288
  5.414832e+00   -4.283182e-22   3.068277e-03   1.638819e-20   16951712
  5.425456e+00   1.662042e-20   3.066689e-03   1.625491e-20   17007560
  5.436084e+00   2.949659e-20   3.069534e-03   1.612169e-20   17092086
  5.446713e+00   -1.488860e-20   3.067265e-03   1.598412e-20   17148392
  5.457342e+00   4.044546e-20   3.068696e-03   1.583055e-20   17222288
  5.467971e+00   2.883264e-20   3.068089e-03   1.568778e-20   17285096
  5.478597e+00   1.104653e-21   3.066549e-03   1.561407e-20   17344826
  5.489223e+00   -1.592238e-20   3.068300e-03   1.546019e-20   17421236
  5.499853e+00   9.009555e-22   3.069479e-03   1.531163e-20   17494160
  5.510478e+00   -4.016226e-22   3.065109e-03   1.520711e-20   17538122
  5.521100e+00   -6.472742e-21   3.067347e-03   1.507599e-20   17620136
  5.531731e+00   4.343464e-20   3.069687e-03   1.495866e-20   17700428
  5.542362e+00   1.490192e-21   3.068482e-03   1.482792e-20   17760320
  5.552991e+00   4.383964e-20   3.068060e-03   1.471906e-20   17827562
  5.563619e+00   -5.108688e-22   3.067912e-03   1.462166e-20   17895488
  5.574247e+00   -2.807650e-20   3.068230e-03   1.449987e-20   17963576
  5.584874e+00   1.279666e-20   3.067616e-03   1.437647e-20   18027500
  5.595502e+00   -1.060952e-20   3.068831e-03   1.427619e-20   18105650
  5.606129e+00   2.658513e-21   3.066269e-03   1.416070e-20   18160880
  5.616752e+00   1.311791e-20   3.067084e-03   1.404724e-20   18233144
  5.627379e+00   -1.269090e-20   3.067872e-03   1.395182e-20   18307310
  5.638008e+00   4.208532e-20   3.068420e-03   1.383691e-20   18381680
  5.648639e+00   1.855593e-21   3.068723e-03   1.374585e-20   18450536
  5.659270e+00   -1.154743e-20   3.069549e-03   1.362635e-20   18522128
  5.669897e+00   -1.643423e-21   3.067067e-03   1.354656e-20   18578414
  5.680523e+00   -3.569039e-21   3.067781e-03   1.344606e-20   18654304
  5.691150e+00   -2.099700e-20   3.067639e-03   1.335477e-20   18722304
  5.701780e+00   3.272916e-20   3.069442e-03   1.325004e-20   18802472
  5.712409e+00   3.725946e-21   3.067729e-03   1.317286e-20   18864266
  5.723037e+00   1.606334e-20   3.067347e-03   1.309605e-20   18933260
  5.733662e+00   2.890084e-20   3.066799e-03   1.300411e-20   18997448
  5.744288e+00   4.297670e-20   3.068953e-03   1.289453e-20   19079816
  5.754917e+00   -1.422921e-20   3.067744e-03   1.281393e-20   19145330
  5.765545e+00   -2.842243e-20   3.067941e-03   1.273528e-20   19218276
  5.776172e+00   -7.343399e-21   3.067784e-03   1.266771e-20   19286200
  5.786797e+00   -3.204588e-21   3.066457e-03   1.257978e-20   19349738
  5.797427e+00   -5.056421e-21   3.070714e-03   1.249181e-20   19450040
  5.808057e+00   -8.604409e-21   3.065907e-03   1.243069e-20   19489688
  5.818683e+00   -6.994107e-21   3.068803e-03   1.233579e-20   19576868
  5.829310e+00   -1.044784e-20   3.067331e-03   1.227039e-20   19640282
  5.839940e+00   -4.903694e-21   3.069683e-03   1.220726e-20   19728800
  5.850566e+00   -5.807842e-20   3.065237e-03   1.213596e-20   19770152
  5.861190e+00   1.772066e-21   3.068717e-03   1.205206e-20   19863516
  5.871821e+00   1.008869e-20   3.069639e-03   1.196849e-20   19943594
  5.882452e+00   -5.025399e-22   3.067597e-03   1.193643e-20   20003440
  5.893081e+00   -1.539793e-20   3.068832e-03   1.183966e-20   20081768
  5.903706e+00   -2.029316e-20   3.066188e-03   1.177241e-20   20136200
  5.914335e+00   -2.899427e-21   3.070449e-03   1.173128e-20   20238094
  5.924964e+00   -2.216755e-20   3.066146e-03   1.167812e-20   20282544
  5.935584e+00   3.021731e-21   3.065727e-03   1.160762e-20   20351720
  5.946209e+00   -1.383246e-20   3.068474e-03   1.153327e-20   20444714
  5.956838e+00   -3.676109e-20   3.067781e-03   1.149557e-20   20515116
  5.967470e+00   -2.734181e-21   3.070149e-03   1.141355e-20   20602384
  5.978102e+00   -6.723295e-21   3.068165e-03   1.138028e-20   20659872
  5.988728e+00   -3.010357e-21   3.067093e-03   1.133460e-20   20727682
  5.999356e+00   -2.154485e-20   3.068732e-03   1.129863e-20   20814416
  6.009986e+00   -6.809852e-21   3.068153e-03   1.122471e-20   20881100
  6.020612e+00   -1.111745e-20   3.068117e-03   1.117253e-20   20953688
  6.031238e+00   -2.396544e-20   3.066654e-03   1.114506e-20   21021050
  6.041866e+00   -5.150166e-21   3.068891e-03   1.109093e-20   21111632
  6.052496e+00   9.764596e-21   3.068341e-03   1.103659e-20   21179972
  6.063121e+00   -3.683852e-20   3.066368e-03   1.099613e-20   21240488
  6.073747e+00   -7.119581e-21   3.068419e-03   1.096910e-20   21331418
  6.084375e+00   -1.652103e-20   3.067338e-03   1.093893e-20   21397304
  6.095000e+00   -2.421895e-21   3.067405e-03   1.089403e-20   21469764
  6.105627e+00   -1.074854e-20   3.068819e-03   1.084659e-20   21556122
  6.116254e+00   1.992799e-21   3.066479e-03   1.082803e-20   21618312
  6.126884e+00   1.891141e-21   3.069809e-03   1.080365e-20   21716096
  6.137516e+00   1.158555e-20   3.068719e-03   1.076125e-20   21781352
  6.148144e+00   -1.382245e-20   3.067428e-03   1.072858e-20   21848870
  6.158771e+00   -4.528109e-20   3.067652e-03   1.069877e-20   21927536
  6.169400e+00   -2.790896e-21   3.068795e-03   1.066564e-20   22008944
  6.180028e+00   -2.026802e-20   3.067865e-03   1.064032e-20   22076136
  6.190652e+00   -1.589921e-20   3.066547e-03   1.060502e-20   22145270
  6.201282e+00   2.225031e-20   3.070373e-03   1.060701e-20   22250960
  6.211913e+00   -4.106972e-20   3.066914e-03   1.055650e-20   22300864
  6.222538e+00   9.150313e-21   3.067186e-03   1.055701e-20   22378586
  6.233165e+00   -3.909502e-20   3.068261e-03   1.053578e-20   22464104
  6.243795e+00   -4.636950e-21   3.068708e-03   1.051526e-20   22542892
  6.254421e+00   -1.828283e-20   3.067123e-03   1.048698e-20   22606008
  6.265047e+00   -1.319618e-20   3.067919e-03   1.047418e-20   22690002
  6.275673e+00   5.514165e-21   3.066936e-03   1.047009e-20   22762216
  6.286298e+00   -7.309821e-21   3.068880e-03   1.034134e-20   22815779
  6.296927e+00   9.172799e-21   3.067733e-03   1.006668e-20   22772312
  6.307555e+00   1.673237e-20   3.067923e-03   9.791378e-21   22733708
  6.318183e+00   7.600299e-21   3.068441e-03   9.506278e-21   22697672
  6.328811e+00   1.624790e-20   3.067507e-03   9.246490e-21   22651460
  6.339438e+00   1.381770e-20   3.068199e-03   9.004952e-21   22616024
  6.350068e+00   -7.911828e-21   3.069309e-03   8.743274e-21   22583496
  6.360694e+00   1.040565e-21   3.065960e-03   8.534737e-21   22519252
  6.371317e+00   -2.108911e-22   3.067197e-03   8.294652e-21   22488992
  6.381944e+00   -6.889186e-21   3.067780e-03   8.083032e-21   22453172
  6.392574e+00   5.013853e-21   3.069105e-03   7.867974e-21   22420584
  6.403204e+00   5.549346e-21   3.068296e-03   7.672937e-21   22371700
  6.413832e+00   -1.054596e-20   3.068296e-03   7.475753e-21   22329896
  6.424460e+00   3.147092e-21   3.067512e-03   7.291538e-21   22282876
  6.435088e+00   -6.561940e-21   3.068899e-03   7.109159e-21   22250692
  6.445715e+00   -7.462144e-22   3.066872e-03   6.941914e-21   22194436
  6.456340e+00   -1.488112e-20   3.066996e-03   6.774588e-21   22153540
  6.466968e+00   2.040631e-21   3.068722e-03   6.602847e-21   22122584
  6.477597e+00   1.905190e-20   3.067957e-03   6.456113e-21   22073004
  6.488227e+00   -3.961031e-21   3.069406e-03   6.297034e-21   22039640
  6.498854e+00   -9.304687e-22   3.066107e-03   6.162424e-21   21971624
  6.509482e+00   -9.223949e-21   3.070097e-03   6.015911e-21   21955708
  6.520106e+00   1.110340e-20   3.063845e-03   5.885774e-21   21867720
  6.530733e+00   5.498290e-21   3.071600e-03   5.752753e-21   21878900
  6.541363e+00   -7.379208e-21   3.065935e-03   5.624338e-21   21794260
  6.551990e+00   1.602712e-20   3.068881e-03   5.500136e-21   21770256
  6.562619e+00   2.580017e-21   3.068010e-03   5.384680e-21   21718124
  6.573247e+00   -3.197191e-21   3.067905e-03   5.266410e-21   21671096
  6.583874e+00   -9.521270e-21   3.067932e-03   5.162867e-21   21625412
  6.594503e+00   -3.725941e-22   3.069070e-03   5.048848e-21   21587284
  6.605129e+00   8.335924e-21   3.066010e-03   4.945951e-21   21519648
  6.615755e+00   2.441364e-21   3.068792e-03   4.848976e-21   21493344
  6.626384e+00   -4.307470e-22   3.067812e-03   4.741772e-21   21439360
  6.637013e+00   5.379460e-21   3.068679e-03   4.654619e-21   21398900
  6.647644e+00   7.254562e-22   3.068668e-03   4.563494e-21   21351488
  6.658271e+00   -8.222701e-22   3.066526e-03   4.472032e-21   21288012
  6.668898e+00   1.240911e-20   3.068796e-03   4.386534e-21   21255052
  6.679525e+00   -4.177642e-21   3.067400e-03   4.299768e-21   21196928
  6.690151e+00   -1.231096e-22   3.067431e-03   4.218319e-21   21149036
  6.700778e+00   4.184279e-21   3.068015e-03   4.141271e-21   21105304
  6.711407e+00   -7.989221e-21   3.068524e-03   4.064568e-21   21059992
  6.722038e+00   -6.158087e-21   3.069263e-03   3.987850e-21   21014904
  6.732667e+00   -1.158233e-21   3.067536e-03   3.920504e-21   20953620
  6.743293e+00   -1.415833e-21   3.067478e-03   3.845339e-21   20902948
  6.753920e+00   -8.921362e-22   3.068064e-03   3.774456e-21   20856528
  6.764548e+00   -8.015345e-21   3.068448e-03   3.713842e-21   20808868
  6.775174e+00   -5.022756e-21   3.066599e-03   3.646049e-21   20746700
  6.785798e+00   -5.714468e-22   3.066925e-03   3.587771e-21   20699040
  6.796428e+00   4.828186e-22   3.069860e-03   3.520214e-21   20667584
  6.807054e+00   1.642899e-21   3.064988e-03   3.462906e-21   20583320
  6.817679e+00   -8.162072e-22   3.069606e-03   3.402699e-21   20562728
  6.828310e+00   -5.113062e-21   3.067915e-03   3.344738e-21   20499120
  6.838938e+00   6.954095e-22   3.068337e-03   3.293222e-21   20448668
  6.849566e+00   3.354012e-21   3.068077e-03   3.239771e-21   20394408
  6.860195e+00   -2.196541e-21   3.068320e-03   3.193064e-21   20344236
  6.870823e+00   -5.785374e-23   3.067630e-03   3.141575e-21   20287988
  6.881451e+00   -3.144081e-21   3.068044e-03   3.087301e-21   20237280
  6.892077e+00   -4.941569e-22   3.067320e-03   3.043125e-21   20178328
  6.902707e+00   -1.167779e-21   3.069652e-03   2.995529e-21   20139844
  6.913336e+00   6.515371e-21   3.067174e-03   2.948124e-21   20069748
  6.923962e+00   -5.031249e-23   3.067514e-03   2.905602e-21   20016800
  6.934587e+00   2.801900e-21   3.067642e-03   2.861387e-21   19962224
  6.945217e+00   -1.418203e-21   3.069885e-03   2.819401e-21   19923568
  6.955848e+00   -2.088281e-21   3.067490e-03   2.778789e-21   19854300
  6.966474e+00   -1.799072e-21   3.067154e-03   2.737067e-21   19797056
  6.977101e+00   2.633184e-21   3.067706e-03   2.698279e-21   19744940
  6.987728e+00   1.781845e-21   3.068174e-03   2.660930e-21   19691768
  6.998356e+00   -3.392913e-21   3.067321e-03   2.621909e-21   19629548
  7.008982e+00   -3.525889e-21   3.067740e-03   2.586007e-21   19575480
  7.019610e+00   -4.874431e-21   3.068413e-03   2.548256e-21   19523296
  7.030241e+00   4.577817e-21   3.069533e-03   2.513863e-21   19474344
  7.040867e+00   -6.361458e-22   3.065611e-03   2.480849e-21   19392868
  7.051493e+00   -8.914613e-22   3.069073e-03   2.445665e-21   19356176
  7.062123e+00   -5.199007e-21   3.068592e-03   2.417795e-21   19294916
  7.072754e+00   6.501155e-21   3.069110e-03   2.385953e-21   19240856
  7.083382e+00   -4.269373e-21   3.067066e-03   2.353443e-21   19170884
  7.094007e+00   2.626853e-21   3.066966e-03   2.322315e-21   19111352
  7.104633e+00   2.066735e-21   3.068278e-03   2.294028e-21   19060016
  7.115261e+00   2.535705e-21   3.067998e-03   2.265589e-21   18999752
  7.125886e+00   -4.280487e-21   3.066210e-03   2.238749e-21   18930272
  7.136511e+00   4.553311e-21   3.068009e-03   2.211969e-21   18882340
  7.147141e+00   1.040952e-21   3.069133e-03   2.180538e-21   18829056
  7.157770e+00   3.086481e-21   3.067293e-03   2.157116e-21   18757640
  7.168398e+00   4.894006e-22   3.069197e-03   2.131505e-21   18709036
  7.179027e+00   -7.068253e-21   3.067378e-03   2.106998e-21   18637668
  7.189656e+00   -5.503569e-21   3.069146e-03   2.082959e-21   18587048
  7.200283e+00   -1.108956e-21   3.066626e-03   2.058197e-21   18510972
  7.210909e+00   -3.779510e-21   3.067730e-03   2.033660e-21   18456692
  7.221535e+00   -2.046188e-21   3.067567e-03   2.008914e-21   18394084
  7.232164e+00   9.375247e-22   3.069110e-03   1.987608e-21   18341352
  7.242794e+00   -6.099965e-22   3.068234e-03   1.963859e-21   18273884
  7.253423e+00   -2.337367e-21   3.068036e-03   1.944722e-21   18211148
  7.264048e+00   -1.689034e-21   3.066171e-03   1.923946e-21   18137692
  7.274674e+00   3.156119e-21   3.069088e-03   1.901617e-21   18091580
  7.285305e+00   3.620399e-22   3.068515e-03   1.881959e-21   18024560
  7.295932e+00   4.458958e-21   3.067362e-03   1.861511e-21   17955116
  7.306559e+00   1.350686e-21   3.067637e-03   1.843857e-21   17893232
  7.317187e+00   4.007857e-21   3.068343e-03   1.822351e-21   17832620
  7.327816e+00   1.367560e-21   3.068327e-03   1.804507e-21   17767864
  7.338445e+00   -6.959449e-22   3.068809e-03   1.784567e-21   17706956
  7.349073e+00   -3.741501e-21   3.066947e-03   1.767892e-21   17632632
  7.359699e+00   -5.404551e-21   3.068061e-03   1.752523e-21   17573524
  7.370327e+00   1.143377e-21   3.067901e-03   1.732219e-21   17506380
  7.380954e+00   -2.516444e-21   3.068207e-03   1.717108e-21   17442548
  7.391580e+00   3.477404e-21   3.066528e-03   1.701504e-21   17368556
  7.402208e+00   1.233283e-21   3.069314e-03   1.686251e-21   17318260
  7.412837e+00   1.915868e-21   3.067939e-03   1.667764e-21   17243792
  7.423463e+00   2.280680e-21   3.066549e-03   1.654325e-21   17169716
  7.434088e+00   4.546756e-21   3.067759e-03   1.638182e-21   17109768
  7.444715e+00   2.409815e-21   3.068012e-03   1.622927e-21   17044064
  7.455345e+00   -2.765852e-21   3.068894e-03   1.608961e-21   16981560
  7.465972e+00   -2.244558e-21   3.066680e-03   1.595594e-21   16902264
  7.476600e+00   8.023813e-22   3.069499e-03   1.580272e-21   16849940
  7.487230e+00   -6.400318e-22   3.067461e-03   1.567372e-21   16770600
  7.497858e+00   -2.441634e-21   3.068497e-03   1.553374e-21   16707512
  7.508485e+00   -9.190841e-22   3.067634e-03   1.541151e-21   16634480
  7.519114e+00   2.052858e-21   3.068242e-03   1.527669e-21   16569424
  7.529741e+00   -6.868907e-22   3.067751e-03   1.515247e-21   16497216
  7.540372e+00   6.372399e-22   3.069501e-03   1.502394e-21   16436416
  7.550999e+00   1.954910e-21   3.067032e-03   1.490246e-21   16353532
  7.561624e+00   1.186115e-21   3.067126e-03   1.478012e-21   16284908
  7.572251e+00   -1.537470e-21   3.068426e-03   1.466899e-21   16221948
  7.582881e+00   4.250343e-22   3.068614e-03   1.455732e-21   16152552
  7.593510e+00   9.351811e-22   3.068122e-03   1.445786e-21   16078864
  7.604137e+00   2.391079e-21   3.067536e-03   1.434181e-21   16005296
  7.614766e+00   6.440895e-22   3.068300e-03   1.422731e-21   15938220
  7.625392e+00   -1.386503e-21   3.066841e-03   1.412749e-21   15858440
  7.636016e+00   -1.762258e-21   3.067373e-03   1.403025e-21   15789252
  7.646642e+00   -3.508351e-21   3.067548e-03   1.391555e-21   15718944
  7.657269e+00   3.440988e-21   3.067947e-03   1.381727e-21   15648652
  7.667899e+00   -9.520058e-22   3.069201e-03   1.372246e-21   15581944
  7.678531e+00   5.425667e-22   3.069010e-03   1.361895e-21   15508744
  7.689158e+00   1.750748e-21   3.066436e-03   1.353682e-21   15422472
  7.699784e+00   3.572847e-23   3.068878e-03   1.344253e-21   15361536
  7.710413e+00   -1.509877e-21   3.067494e-03   1.336125e-21   15281048
  7.721038e+00   -2.449201e-21   3.067557e-03   1.326107e-21   15207752
  7.731666e+00   -3.444019e-21   3.067687e-03   1.317654e-21   15134800
  7.742292e+00   -2.808101e-21   3.067594e-03   1.311186e-21   15059664
  7.752920e+00   8.166180e-22   3.068106e-03   1.301102e-21   14987020
  7.763550e+00   -3.224522e-22   3.069757e-03   1.293150e-21   14919936
  7.774179e+00   8.631647e-23   3.066979e-03   1.285492e-21   14831776
  7.784807e+00   8.341051e-22   3.069197e-03   1.278664e-21   14767552
  7.795435e+00   -2.635659e-21   3.066309e-03   1.270777e-21   14678336
  7.806062e+00   -6.446619e-22   3.069079e-03   1.262590e-21   14615044
  7.816690e+00   1.981343e-21   3.067275e-03   1.255533e-21   14530200
  7.827317e+00   -5.182131e-23   3.067927e-03   1.247809e-21   14457000
  7.837945e+00   2.435394e-21   3.068558e-03   1.240941e-21   14383440
  7.848573e+00   -2.135493e-22   3.067003e-03   1.234606e-21   14299516
  7.859199e+00   7.947525e-22   3.067899e-03   1.229432e-21   14226024
  7.869825e+00   -8.808461e-22   3.067223e-03   1.222013e-21   14145048
  7.880455e+00   -6.747757e-23   3.070446e-03   1.214648e-21   14082144
  7.891083e+00   6.095802e-22   3.065393e-03   1.209505e-21   13981640
  7.901708e+00   1.491042e-21   3.068688e-03   1.204583e-21   13918460
  7.912338e+00   8.207014e-22   3.068702e-03   1.197556e-21   13839752
  7.922969e+00   -1.503989e-21   3.069182e-03   1.190445e-21   13762736
  7.933598e+00   -1.944964e-21   3.067868e-03   1.185266e-21   13677980
  7.944225e+00   -8.339677e-22   3.067250e-03   1.181283e-21   13596196
  7.954850e+00   -1.644335e-22   3.067470e-03   1.174568e-21   13517736
  7.965475e+00   -2.509661e-21   3.066448e-03   1.170860e-21   13433184
  7.976100e+00   1.572231e-21   3.068623e-03   1.164425e-21   13362296
  7.986730e+00   -1.773451e-22   3.068494e-03   1.159564e-21   13281376
  7.997360e+00   6.231217e-22   3.069113e-03   1.154706e-21   13203336
  8.007987e+00   -1.745436e-22   3.066719e-03   1.149442e-21   13113016
  8.018613e+00   -1.311838e-21   3.067735e-03   1.145640e-21   13036400
  8.029240e+00   1.915511e-21   3.067468e-03   1.140464e-21   12953648
  8.039869e+00   1.158605e-22   3.069185e-03   1.135801e-21   12879016
  8.050498e+00   4.223479e-22   3.067538e-03   1.131382e-21   12790124
  8.061127e+00   1.307420e-21   3.068996e-03   1.128201e-21   12714152
  8.071753e+00   2.183673e-21   3.066076e-03   1.123514e-21   12619608
  8.082379e+00   1.748926e-21   3.068682e-03   1.118086e-21   12547232
  8.093011e+00   3.217601e-21   3.070245e-03   1.114219e-21   12470568
  8.103638e+00   1.619911e-21   3.065215e-03   1.111939e-21   12368136
  8.114264e+00   3.521084e-21   3.069116e-03   1.108266e-21   12300504
  8.124894e+00   -1.160891e-21   3.068128e-03   1.104020e-21   12212172
  8.135522e+00   -5.616979e-22   3.067779e-03   1.099861e-21   12126228
  8.146149e+00   8.167563e-22   3.068089e-03   1.096939e-21   12043352
  8.156778e+00   7.798276e-23   3.068301e-03   1.094310e-21   11959896
  8.167401e+00   6.406774e-22   3.065268e-03   1.092640e-21   11863804
  8.178026e+00   1.571782e-21   3.068937e-03   1.089597e-21   11792812
  8.188656e+00   1.281051e-21   3.068597e-03   1.084513e-21   11705392
  8.199283e+00   1.672219e-21   3.066984e-03   1.082877e-21   11613836
  8.209914e+00   -6.107434e-22   3.070536e-03   1.078855e-21   11541532
  8.220543e+00   5.266526e-22   3.066346e-03   1.076698e-21   11440232
  8.231170e+00   2.927947e-21   3.068846e-03   1.075307e-21   11363008
  8.241796e+00   5.741788e-22   3.066631e-03   1.072205e-21   11267848
  8.252424e+00   9.693702e-22   3.069306e-03   1.068406e-21   11190640
  8.263054e+00   2.866682e-21   3.068558e-03   1.066662e-21   11101084
  8.273680e+00   1.016630e-21   3.065604e-03   1.066272e-21   11003284
  8.284304e+00   2.293818e-21   3.068360e-03   1.063436e-21   10925424
  8.294932e+00   3.577238e-22   3.067667e-03   1.060540e-21   10834724
  8.305560e+00   -1.695078e-21   3.068711e-03   1.059824e-21   10750156
  8.316186e+00   3.125412e-21   3.066587e-03   1.055960e-21   10655280
  8.326811e+00   -4.316702e-22   3.067310e-03   1.054313e-21   10569120
  8.337437e+00   2.101476e-21   3.067168e-03   1.052915e-21   10479672
  8.348070e+00   -2.505228e-21   3.071527e-03   1.050409e-21   10404504
  8.358704e+00   1.705603e-21   3.068456e-03   1.047807e-21   10304108
  8.369331e+00   -1.479685e-22   3.066991e-03   1.047138e-21   10209940
  8.379958e+00   7.742047e-22   3.068937e-03   1.046779e-21   10126584
  8.390585e+00   -2.136270e-21   3.066106e-03   1.042526e-21   10027064
  8.401210e+00   -1.648339e-21   3.068731e-03   1.043602e-21   9945072
  8.411836e+00   -7.473852e-22   3.065849e-03   1.041033e-21   9844764
  8.422464e+00   1.494429e-21   3.070904e-03   1.039134e-21   9769940
  8.433095e+00   -1.761717e-21   3.066721e-03   1.037539e-21   9666072
  8.443721e+00   4.777149e-23   3.067629e-03   1.038000e-21   9577112
  8.454348e+00   7.167330e-22   3.067871e-03   1.035911e-21   9485848
  8.464977e+00   -1.498593e-21   3.068818e-03   1.033641e-21   9396136
  8.475607e+00   -9.127671e-22   3.068947e-03   1.032981e-21   9304408
  8.486231e+00   1.296388e-21   3.064605e-03   1.032219e-21   9199028
  8.496854e+00   3.148103e-21   3.068671e-03   1.030237e-21   9118288
  8.507481e+00   2.438878e-21   3.066868e-03   1.028944e-21   9019624
  8.518111e+00   2.011084e-21   3.070919e-03   1.027352e-21   8937420
  8.528743e+00   3.385457e-21   3.067653e-03   1.026006e-21   8835200
  8.539369e+00   2.378570e-21   3.066847e-03   1.027864e-21   8739332
  8.549995e+00   -1.012171e-22   3.067747e-03   1.025549e-21   8648112
  8.560624e+00   1.085505e-21   3.067898e-03   1.025712e-21   8553372
  8.571253e+00   1.019460e-21   3.069319e-03   1.021428e-21   8461944
  8.581883e+00   2.243072e-21   3.068067e-03   1.020744e-21   8363348
  8.592509e+00   -2.705736e-22   3.067870e-03   1.018821e-21   8267792
  8.603135e+00   3.116567e-21   3.066599e-03   1.017959e-21   8169380
  8.613762e+00   1.095102e-21   3.069517e-03   1.016365e-21   8081008
  8.624389e+00   5.392613e-22   3.065774e-03   1.014355e-21   7975632
  8.635016e+00   -1.825393e-22   3.069603e-03   1.012884e-21   7889116
  8.645643e+00   2.401728e-21   3.066011e-03   1.011836e-21   7784008
  8.656270e+00   5.660725e-22   3.068709e-03   1.010211e-21   7693848
  8.666897e+00   -1.141055e-21   3.067011e-03   1.005876e-21   7592468
  8.677525e+00   1.193883e-21   3.068931e-03   1.004447e-21   7499076
  8.688155e+00   -1.126279e-21   3.069474e-03   1.002185e-21   7402880
  8.698786e+00   2.255324e-21   3.067607e-03   9.998531e-22   7300768
  8.709411e+00   -2.650754e-21   3.067652e-03   9.982481e-22   7203316
  8.720032e+00   2.810725e-22   3.063689e-03   9.917050e-22   7095724
  8.730662e+00   9.361384e-22   3.073665e-03   9.910621e-22   7019608
  8.741295e+00   3.887153e-22   3.065344e-03   9.824935e-22   6901916
  8.751922e+00   6.155099e-22   3.069704e-03   9.821999e-22   6812952
  8.762548e+00   1.576062e-21   3.065523e-03   9.733221e-22   6704548
  8.773175e+00   -4.968169e-22   3.068967e-03   9.714100e-22   6612168
  8.783803e+00   7.666867e-22   3.067598e-03   9.634825e-22   6508628
  8.794433e+00   -2.745285e-21   3.069277e-03   9.590212e-22   6412072
  8.805059e+00   -6.484574e-24   3.066868e-03   9.500162e-22   6306660
  8.815685e+00   5.119190e-22   3.067492e-03   9.418942e-22   6207592
  8.826308e+00   2.931824e-22   3.066222e-03   9.348875e-22   6103860
  8.836934e+00   1.451114e-21   3.068576e-03   9.226733e-22   6007184
  8.847563e+00   1.013904e-21   3.068782e-03   9.111261e-22   5905660
  8.858194e+00   -5.912664e-22   3.069160e-03   8.982757e-22   5805132
  8.868823e+00   1.169879e-21   3.067313e-03   8.843752e-22   5700008
  8.879446e+00   1.879199e-21   3.065734e-03   8.682115e-22   5594856
  8.890075e+00   1.359954e-21   3.070306e-03   8.525911e-22   5502341
  8.900707e+00   -1.268049e-21   3.068193e-03   8.374127e-22   5404852
  8.911333e+00   5.640740e-22   3.066920e-03   8.262311e-22   5313930
  8.921960e+00   -8.815698e-22   3.068151e-03   8.180493e-22   5230396
  8.932587e+00   -1.198316e-21   3.067037e-03   8.089167e-22   5145158
  8.943214e+00   -3.059998e-23   3.067644e-03   7.972040e-22   5064506
  8.953844e+00   -3.743574e-22   3.070354e-03   7.893067e-22   4989464
  8.964475e+00   6.247946e-22   3.067471e-03   7.811760e-22   4907486
  8.975102e+00   6.057075e-22   3.067454e-03   7.760263e-22   4831952
  8.985729e+00   1.213283e-21   3.067333e-03   7.682259e-22   4757392
  8.996357e+00   -7.857504e-22   3.068563e-03   7.623318e-22   4685902
  9.006985e+00   -2.803526e-22   3.067839e-03   7.541338e-22   4612826
  9.017611e+00   1.314920e-21   3.067647e-03   7.498717e-22   4542436
  9.028240e+00   9.973137e-22   3.068771e-03   7.443218e-22   4475408
  9.038866e+00   9.849826e-23   3.065432e-03   7.384446e-22   4402686
  9.049492e+00   1.410560e-21   3.069222e-03   7.329342e-22   4340854
  9.060123e+00   -6.651583e-22   3.068666e-03   7.270913e-22   4273862
  9.070751e+00   -1.329394e-21   3.068093e-03   7.243168e-22   4208538
  9.081377e+00   1.734194e-21   3.066329e-03   7.198392e-22   4142584
  9.092002e+00   -8.344765e-22   3.067445e-03   7.154728e-22   4081232
  9.102629e+00   -4.553633e-22   3.068061e-03   7.112658e-22   4019668
  9.113260e+00   -1.567701e-21   3.070507e-03   7.069171e-22   3961416
  9.123892e+00   1.499717e-21   3.068468e-03   7.050752e-22   3898848
  9.134518e+00   3.577485e-22   3.065914e-03   7.008913e-22   3836718
  9.145140e+00   -1.503995e-21   3.066518e-03   6.983163e-22   3779272
  9.155765e+00   -3.899349e-22   3.066689e-03   6.942953e-22   3721434
  9.166394e+00   5.786417e-22   3.070316e-03   6.929170e-22   3668198
  9.177028e+00   -1.203762e-22   3.069776e-03   6.894287e-22   3611346
  9.187656e+00   1.801868e-21   3.066455e-03   6.873785e-22   3552442
  9.198281e+00   -1.778419e-21   3.067337e-03   6.847123e-22   3498908
  9.208908e+00   -3.257012e-22   3.067980e-03   6.820997e-22   3445382
  9.219536e+00   9.652280e-22   3.068389e-03   6.814015e-22   3392244
  9.230165e+00   -5.258882e-22   3.068360e-03   6.782924e-22   3339634
  9.240792e+00   1.031484e-21   3.067248e-03   6.770954e-22   3286752
  9.251416e+00   -9.278849e-22   3.065818e-03   6.760101e-22   3234180
  9.262040e+00   7.871440e-22   3.067094e-03   6.727110e-22   3184556
  9.272670e+00   -5.970973e-23   3.070362e-03   6.730252e-22   3137238
  9.283304e+00   1.733858e-21   3.070377e-03   6.709380e-22   3087670
  9.293936e+00   -1.140682e-22   3.068566e-03   6.692144e-22   3037460
  9.304560e+00   1.330585e-21   3.064548e-03   6.690643e-22   2985736
  9.315180e+00   2.438868e-22   3.066413e-03   6.674952e-22   2939708
  9.325811e+00   -3.302820e-22   3.071553e-03   6.673416e-22   2897012
  9.336443e+00   2.662200e-22   3.067620e-03   6.661248e-22   2846890
  9.347067e+00   -4.717100e-22   3.065693e-03   6.651762e-22   2799588
  9.357689e+00   1.623218e-21   3.066395e-03   6.666843e-22   2754954
  9.368315e+00   -9.872315e-22   3.068270e-03   6.658520e-22   2711500
  9.378948e+00   -7.490523e-22   3.070601e-03   6.659216e-22   2669006
  9.389576e+00   -5.771198e-22   3.065837e-03   6.666427e-22   2621264
  9.400202e+00   -4.350854e-24   3.068913e-03   6.659413e-22   2580726
  9.410830e+00   -1.759103e-22   3.067141e-03   6.646984e-22   2536470
  9.421456e+00   -1.193329e-21   3.067445e-03   6.659287e-22   2494370
  9.432084e+00   -4.383290e-22   3.068834e-03   6.658018e-22   2453556
  9.442716e+00   6.516285e-22   3.070117e-03   6.660881e-22   2413246
  9.453347e+00   1.585165e-21   3.067994e-03   6.673383e-22   2370914
  9.463973e+00   -2.153043e-22   3.067217e-03   6.698601e-22   2330126
  9.474601e+00   8.398364e-22   3.068570e-03   6.699145e-22   2291406
  9.485227e+00   -7.911654e-22   3.066158e-03   6.687268e-22   2250410
  9.495850e+00   -2.947056e-23   3.066006e-03   6.707745e-22   2211486
  9.506474e+00   -1.583455e-22   3.067734e-03   6.728171e-22   2174194
  9.517102e+00   9.594700e-25   3.068176e-03   6.746582e-22   2136416
  9.527733e+00   1.979231e-21   3.069929e-03   6.733001e-22   2100070
  9.538360e+00   4.776950e-22   3.065560e-03   6.783283e-22   2060026
  9.548986e+00   4.214954e-22   3.069362e-03   6.789942e-22   2025910
  9.559615e+00   -1.127886e-22   3.067530e-03   6.808730e-22   1988576
  9.570241e+00   -7.770365e-22   3.067060e-03   6.821919e-22   1952610
  9.580867e+00   1.985370e-22   3.067361e-03   6.854575e-22   1917470
  9.591493e+00   -4.391853e-22   3.067399e-03   6.868351e-22   1882484
  9.602120e+00   -1.325446e-22   3.068076e-03   6.881758e-22   1848262
  9.612753e+00   7.405640e-22   3.071327e-03   6.910239e-22   1816024
  9.623386e+00   -1.417887e-22   3.068076e-03   6.938526e-22   1780418
  9.634012e+00   -5.882556e-22   3.067038e-03   6.957187e-22   1746576
  9.644639e+00   1.774486e-22   3.068628e-03   6.984603e-22   1714622
  9.655268e+00   9.701515e-22   3.067669e-03   7.016588e-22   1681692
  9.665895e+00   -5.035809e-23   3.067468e-03   7.039769e-22   1649574
  9.676515e+00   -9.380528e-22   3.063511e-03   7.091419e-22   1615788
  9.687137e+00   7.584142e-22   3.068656e-03   7.109068e-22   1587064
  9.697769e+00   -3.233926e-22   3.069826e-03   7.164819e-22   1556598
  9.708400e+00   -8.661720e-22   3.068471e-03   7.185588e-22   1525380
  9.719030e+00   -4.346833e-22   3.068670e-03   7.229798e-22   1495360
  9.729656e+00   1.431856e-21   3.066126e-03   7.267065e-22   1464370
  9.740281e+00   -3.886716e-24   3.067601e-03   7.293264e-22   1435656
  9.750907e+00   -6.330141e-23   3.067002e-03   7.340237e-22   1406304
  9.761532e+00   2.029408e-21   3.067147e-03   7.392031e-22   1377628
  9.772159e+00   -4.774385e-22   3.068370e-03   7.456185e-22   1349744
  9.782788e+00   -7.432571e-22   3.068343e-03   7.482225e-22   1321682
  9.793418e+00   1.829873e-21   3.069098e-03   7.515791e-22   1294376
  9.804048e+00   -1.050403e-21   3.068140e-03   7.573358e-22   1266768
  9.814673e+00   2.369919e-21   3.066275e-03   7.633875e-22   1239172
  9.825295e+00   -1.908323e-21   3.065238e-03   7.666037e-22   1212224
  9.835918e+00   -7.424225e-22   3.067386e-03   7.717475e-22   1186796
  9.846547e+00   -3.470118e-22   3.069034e-03   7.788838e-22   1161432
  9.857176e+00   9.685456e-22   3.067927e-03   7.829965e-22   1135408
  9.867804e+00   -7.145069e-22   3.068239e-03   7.905772e-22   1110324
  9.878434e+00   -5.807394e-22   3.068926e-03   7.960201e-22   1085680
  9.889062e+00   -1.390990e-21   3.066842e-03   8.034865e-22   1060364
  9.899688e+00   -1.025752e-22   3.068767e-03   8.091745e-22   1036736
  9.910321e+00   1.048238e-21   3.070562e-03   8.141982e-22   1013388
  9.920951e+00   -5.395931e-22   3.066769e-03   8.254822e-22   988656
  9.931575e+00   1.551747e-23   3.066738e-03   8.317089e-22   965530
  9.942197e+00   1.344468e-21   3.064855e-03   8.373748e-22   942100
  9.952819e+00   -1.129307e-21   3.066142e-03   8.471313e-22   919888
  9.963442e+00   6.555652e-22   3.066491e-03   8.557078e-22   897628
  9.974067e+00   3.107033e-23   3.067504e-03   8.642293e-22   875856
  9.984696e+00   -1.489195e-22   3.069599e-03   8.714028e-22   854736
  9.995330e+00   -2.675369e-22   3.070044e-03   8.798788e-22   833510
  1.000596e+01   -3.330915e-22   3.068120e-03   8.901341e-22   811976
  1.001659e+01   -1.111006e-21   3.066566e-03   8.962114e-22   790844
  1.002721e+01   -1.410112e-21   3.066302e-03   9.079893e-22   770320
  1.003784e+01   1.163648e-21   3.069162e-03   9.158256e-22   750838
  1.004847e+01   -1.206531e-21   3.068729e-03   9.274690e-22   730864
  1.005909e+01   1.949677e-21   3.067039e-03   9.376154e-22   710984
  1.006972e+01   4.233623e-22   3.067274e-03   9.500116e-22   691894
  1.008035e+01   -1.676435e-22   3.066106e-03   9.625948e-22   672776
  1.009097e+01   -1.058205e-21   3.067065e-03   9.700512e-22   654372
  1.010160e+01   1.208901e-21   3.065537e-03   9.847775e-22   635682
  1.011222e+01   -1.474985e-21   3.064886e-03   9.982454e-22   617460
  1.012284e+01   -4.850360e-22   3.066767e-03   1.009794e-21   600024
  1.013346e+01   5.021743e-22   3.068404e-03   1.023987e-21   582830
  1.014410e+01   1.460372e-21   3.070337e-03   1.032799e-21   566000
  1.015473e+01   1.021860e-21   3.066543e-03   1.051284e-21   548458
  1.016535e+01   7.893894e-22   3.067619e-03   1.064055e-21   532084
  1.017598e+01   9.507942e-22   3.065740e-03   1.082235e-21   515440
  1.018660e+01   -4.101330e-22   3.064533e-03   1.095707e-21   499174
  1.019722e+01   1.790206e-21   3.064552e-03   1.112894e-21   483368
  1.020784e+01   2.942484e-21   3.067558e-03   1.128613e-21   468270
  1.021847e+01   2.475711e-21   3.071740e-03   1.148665e-21   453568
  1.022911e+01   -1.195843e-21   3.068522e-03   1.167930e-21   438106
  1.023974e+01   1.628130e-21   3.068674e-03   1.182691e-21   423508
  1.025036e+01   -7.589448e-22   3.065352e-03   1.202642e-21   408754
  1.026098e+01   9.996216e-23   3.064549e-03   1.227793e-21   394612
  1.027160e+01   1.489988e-21   3.064825e-03   1.241609e-21   380826
  1.028223e+01   5.132382e-22   3.063635e-03   1.268237e-21   367086
  1.029285e+01   2.300824e-21   3.065226e-03   1.289735e-21   353904
  1.030347e+01   3.485781e-21   3.067842e-03   1.313284e-21   341046
  1.031410e+01   2.467415e-23   3.067827e-03   1.341386e-21   328144
  1.032473e+01   2.920733e-22   3.068491e-03   1.365518e-21   315598
  1.033536e+01   4.100494e-21   3.070442e-03   1.393776e-21   303466
  1.034599e+01   -2.065561e-21   3.070558e-03   1.425018e-21   291456
  1.035662e+01   2.763312e-22   3.069010e-03   1.451646e-21   279614
  1.036725e+01   2.604930e-22   3.062765e-03   1.478528e-21   267680
  1.037786e+01   -2.306290e-21   3.061142e-03   1.519182e-21   256438
  1.038848e+01   8.558866e-22   3.062004e-03   1.544137e-21   245618
  1.039909e+01   2.635630e-21   3.058865e-03   1.574950e-21   234708
  1.040970e+01   6.652854e-24   3.057929e-03   1.620052e-21   224210
  1.042032e+01   -2.756268e-21   3.058509e-03   1.657465e-21   214046
  1.043093e+01   -5.410934e-22   3.059874e-03   1.696794e-21   204152
  1.044155e+01   3.802825e-21   3.062766e-03   1.746493e-21   194558
  1.045217e+01   5.130989e-22   3.062838e-03   1.786797e-21   185018
  1.046279e+01   -6.808168e-22   3.066092e-03   1.832149e-21   175918
  1.047341e+01   -4.514295e-22   3.068348e-03   1.883306e-21   166992
  1.048404e+01   -2.014499e-21   3.070094e-03   1.916080e-21   158294
  1.049468e+01   5.331777e-22   3.071097e-03   1.981889e-21   149842
  1.050531e+01   -7.492363e-22   3.068653e-03   2.049758e-21   141530
  1.051593e+01   -4.414438e-21   3.060509e-03   2.096264e-21   133284
  1.052654e+01   4.341600e-22   3.057354e-03   2.185287e-21   125546
  1.053715e+01   -5.245980e-21   3.051144e-03   2.235699e-21   117950
  1.054776e+01   -2.699365e-21   3.048602e-03   2.311450e-21   110746
  1.055836e+01   2.802134e-21   3.039799e-03   2.400258e-21   103572
  1.056895e+01   1.080305e-21   3.036073e-03   2.479698e-21   96818
  1.057954e+01   -1.458449e-21   3.031333e-03   2.576910e-21   90262
  1.059013e+01   7.174770e-21   3.027317e-03   2.670504e-21   83970
  1.060072e+01   -5.277183e-21   3.019853e-03   2.798974e-21   77846
  1.061129e+01   -2.030527e-22   3.012052e-03   2.898429e-21   71984
  1.062186e+01   -6.504642e-21   3.005730e-03   3.003082e-21   66398
  1.063243e+01   2.237485e-21   3.000369e-03   3.176229e-21   61058
  1.064300e+01   4.161886e-21   2.995714e-03   3.303828e-21   55958
  1.065357e+01   7.803909e-21   2.990697e-03   3.483182e-21   51082
  1.066413e+01   6.462932e-21   2.981767e-03   3.627778e-21   46398
  1.067469e+01   7.498480e-21   2.970930e-03   3.786808e-21   41954
  1.068524e+01   6.455802e-22   2.955045e-03   4.091940e-21   37718
  1.069578e+01   1.011505e-20   2.938133e-03   4.293268e-21   33736
  1.070631e+01   6.732127e-21   2.922830e-03   4.602139e-21   30006
  1.071684e+01   1.939047e-21   2.912268e-03   4.835310e-21   26522
  1.072739e+01   7.181035e-21   2.905476e-03   5.079053e-21   23254
  1.073793e+01   5.414222e-21   2.895825e-03   5.615074e-21   20178
  1.074848e+01   1.471138e-20   2.890787e-03   6.046181e-21   17342
  1.075903e+01   4.405165e-21   2.886580e-03   6.470608e-21   14714
  1.076959e+01   -5.445706e-22   2.887906e-03   7.253100e-21   12310
  1.078015e+01   -1.956763e-21   2.880436e-03   7.982063e-21   10098
  1.079071e+01   1.102891e-20   2.879327e-03   8.812267e-21   8126
  1.080127e+01   -5.421298e-21   2.877797e-03   1.024701e-20   6362
  1.081184e+01   1.181277e-20   2.888638e-03   1.124724e-20   4822
  1.082239e+01   -2.261400e-20   2.872451e-03   1.441849e-20   3474
  1.083292e+01   7.994756e-21   2.869225e-03   1.718717e-20   2366
  1.084344e+01   -6.223061e-20   2.860034e-03   2.057212e-20   1466
  1.085397e+01   -2.016276e-20   2.925135e-03   2.753697e-20   790
  1.086426e+01   8.977775e-20   2.767211e-03   5.203313e-20   306
  1.087389e+01   1.991859e-19   2.357714e-03   1.222702e-19   62
