# cross spectrum of phi(z1) and phi(z2)
# redshift z=0.596562
# k              Pk             sigma(k)       sigma(Pk)      count
  7.830312e-03   2.467755e-10   1.198114e-03   5.555928e-11   18
  1.686348e-02   2.922080e-10   2.897918e-03   2.791460e-11   152
  2.725284e-02   1.745101e-10   3.060867e-03   8.162758e-12   416
  3.742835e-02   9.547941e-11   2.912555e-03   3.579795e-12   770
  4.808679e-02   5.976463e-11   3.119650e-03   1.755953e-12   1364
  5.876109e-02   3.921245e-11   3.054550e-03   8.943693e-13   1976
  6.939824e-02   2.976564e-11   3.112555e-03   5.681257e-13   2792
  7.984642e-02   2.166926e-11   2.971805e-03   3.701136e-13   3578
  9.038229e-02   1.551167e-11   3.049521e-03   2.305125e-13   4724
  1.011318e-01   1.145968e-11   3.134595e-03   1.530255e-13   6032
  1.117485e-01   8.895934e-12   3.016599e-03   1.106659e-13   7072
  1.222702e-01   7.474730e-12   3.056387e-03   8.349978e-14   8634
  1.329722e-01   6.291104e-12   3.095256e-03   6.439013e-14   10336
  1.436677e-01   5.074656e-12   3.082009e-03   4.706088e-14   11940
  1.541872e-01   4.062392e-12   3.021465e-03   3.696055e-14   13490
  1.647185e-01   3.367362e-12   3.054444e-03   2.765639e-14   15656
  1.754149e-01   2.819847e-12   3.102608e-03   2.192828e-14   18008
  1.860920e-01   2.464259e-12   3.069464e-03   1.828955e-14   19964
  1.966957e-01   2.132532e-12   3.066093e-03   1.515451e-14   22354
  2.072851e-01   1.800598e-12   3.030819e-03   1.222676e-14   24648
  2.179134e-01   1.541424e-12   3.083109e-03   9.872682e-15   27592
  2.285517e-01   1.340188e-12   3.075318e-03   8.366781e-15   30152
  2.391687e-01   1.173174e-12   3.069056e-03   7.080864e-15   33046
  2.497808e-01   1.053569e-12   3.053846e-03   6.122042e-15   35992
  2.604233e-01   9.372321e-13   3.074764e-03   5.280907e-15   39304
  2.710722e-01   8.373917e-13   3.082145e-03   4.517443e-15   42608
  2.817050e-01   7.345944e-13   3.058267e-03   3.892074e-15   45758
  2.923349e-01   6.453193e-13   3.072286e-03   3.361463e-15   49536
  3.029238e-01   5.808157e-13   3.039208e-03   2.930966e-15   52488
  3.135134e-01   5.292348e-13   3.084628e-03   2.602990e-15   57034
  3.241511e-01   4.636403e-13   3.061146e-03   2.234936e-15   60648
  3.347969e-01   4.251397e-13   3.076329e-03   2.006989e-15   65044
  3.454223e-01   3.857908e-13   3.057760e-03   1.782020e-15   68720
  3.560505e-01   3.443902e-13   3.078281e-03   1.571238e-15   73538
  3.667175e-01   3.132281e-13   3.076939e-03   1.410051e-15   78080
  3.773260e-01   2.871467e-13   3.039859e-03   1.280720e-15   81572
  3.879192e-01   2.607433e-13   3.081238e-03   1.145020e-15   87248
  3.985882e-01   2.356212e-13   3.084591e-03   1.023898e-15   92266
  4.092322e-01   2.167618e-13   3.063169e-03   9.362348e-16   96696
  4.198039e-01   1.957607e-13   3.037602e-03   8.457201e-16   100904
  4.303789e-01   1.803376e-13   3.065517e-03   7.693193e-16   107036
  4.410480e-01   1.661927e-13   3.089487e-03   6.952411e-16   113362
  4.517307e-01   1.513584e-13   3.072092e-03   6.307901e-16   118176
  4.623378e-01   1.386267e-13   3.054661e-03   5.890800e-16   122944
  4.729644e-01   1.278330e-13   3.083007e-03   5.372370e-16   129902
  4.836049e-01   1.156293e-13   3.061727e-03   4.875962e-16   134944
  4.942158e-01   1.083825e-13   3.064979e-03   4.547004e-16   140952
  5.048213e-01   9.787977e-14   3.064662e-03   4.173277e-16   147072
  5.154342e-01   9.045640e-14   3.060800e-03   3.829434e-16   153382
  5.260893e-01   8.342568e-14   3.082622e-03   3.521879e-16   160952
  5.367508e-01   7.670742e-14   3.070294e-03   3.273185e-16   166640
  5.473579e-01   7.187790e-14   3.057153e-03   3.074882e-16   172448
  5.579787e-01   6.548838e-14   3.077577e-03   2.844660e-16   180594
  5.686178e-01   6.061660e-14   3.060710e-03   2.649303e-16   186556
  5.792219e-01   5.609899e-14   3.063394e-03   2.458488e-16   193528
  5.898242e-01   5.158863e-14   3.060684e-03   2.308384e-16   200626
  6.004609e-01   4.777571e-14   3.076604e-03   2.146674e-16   209256
  6.111150e-01   4.413751e-14   3.069663e-03   2.016064e-16   216020
  6.217510e-01   4.095600e-14   3.075746e-03   1.896129e-16   223768
  6.323610e-01   3.744273e-14   3.055783e-03   1.786411e-16   230234
  6.429887e-01   3.491546e-14   3.074922e-03   1.673060e-16   239800
  6.536248e-01   3.257243e-14   3.063054e-03   1.575081e-16   246568
  6.642393e-01   3.031644e-14   3.068328e-03   1.494735e-16   254828
  6.748534e-01   2.785595e-14   3.064424e-03   1.398039e-16   263074
  6.854951e-01   2.551521e-14   3.071509e-03   1.323412e-16   272312
  6.961385e-01   2.401733e-14   3.070197e-03   1.254660e-16   280376
  7.067732e-01   2.213903e-14   3.071500e-03   1.186309e-16   288884
  7.174012e-01   2.032652e-14   3.068501e-03   1.116596e-16   297602
  7.280177e-01   1.926870e-14   3.057614e-03   1.067314e-16   305520
  7.386402e-01   1.773758e-14   3.075198e-03   1.006393e-16   315976
  7.492461e-01   1.619672e-14   3.052723e-03   9.593288e-17   322778
  7.598720e-01   1.528529e-14   3.080021e-03   9.128947e-17   335372
  7.705286e-01   1.396612e-14   3.068318e-03   8.637050e-17   343464
  7.811635e-01   1.306826e-14   3.070705e-03   8.253525e-17   352912
  7.917934e-01   1.208325e-14   3.070498e-03   7.882611e-17   362666
  8.024224e-01   1.127697e-14   3.063690e-03   7.485364e-17   371884
  8.130465e-01   1.036730e-14   3.069929e-03   7.134991e-17   382280
  8.236583e-01   9.576549e-15   3.060755e-03   6.859677e-17   390888
  8.342648e-01   8.959858e-15   3.067168e-03   6.546504e-17   402234
  8.448912e-01   8.181223e-15   3.064832e-03   6.250162e-17   412576
  8.555263e-01   7.613158e-15   3.071788e-03   5.950636e-17   423732
  8.661590e-01   7.081352e-15   3.068142e-03   5.719307e-17   433624
  8.767950e-01   6.702339e-15   3.072203e-03   5.473873e-17   445154
  8.874347e-01   6.120915e-15   3.069139e-03   5.251560e-17   455584
  8.980596e-01   5.670718e-15   3.064716e-03   5.040322e-17   465588
  9.086714e-01   5.210819e-15   3.065163e-03   4.824739e-17   476762
  9.193048e-01   4.902537e-15   3.073106e-03   4.638622e-17   489552
  9.299472e-01   4.619151e-15   3.069632e-03   4.482683e-17   500328
  9.405628e-01   4.325187e-15   3.059261e-03   4.297171e-17   509852
  9.511854e-01   3.927639e-15   3.074339e-03   4.120180e-17   524234
  9.618189e-01   3.628809e-15   3.061952e-03   3.969744e-17   534104
  9.724448e-01   3.460302e-15   3.070528e-03   3.797750e-17   547048
  9.830800e-01   3.003998e-15   3.073862e-03   3.659764e-17   559328
  9.937180e-01   2.926798e-15   3.070866e-03   3.536492e-17   571326
  1.004339e+00   2.733512e-15   3.060367e-03   3.420853e-17   581920
  1.014951e+00   2.420866e-15   3.064588e-03   3.294331e-17   594832
  1.025571e+00   2.307596e-15   3.068054e-03   3.171148e-17   608048
  1.036206e+00   2.174790e-15   3.070252e-03   3.067806e-17   621526
  1.046839e+00   2.022114e-15   3.066112e-03   2.949624e-17   633240
  1.057456e+00   1.934955e-15   3.064953e-03   2.848588e-17   645472
  1.068086e+00   1.769116e-15   3.075342e-03   2.754550e-17   660906
  1.078726e+00   1.632407e-15   3.067576e-03   2.663200e-17   672856
  1.089356e+00   1.488488e-15   3.067094e-03   2.567111e-17   685980
  1.099980e+00   1.367084e-15   3.067978e-03   2.485653e-17   699256
  1.110619e+00   1.282420e-15   3.074976e-03   2.391030e-17   714730
  1.121246e+00   1.238402e-15   3.059348e-03   2.325986e-17   725152
  1.131863e+00   1.100016e-15   3.067634e-03   2.247244e-17   740420
  1.142485e+00   9.953536e-16   3.069089e-03   2.177840e-17   754312
  1.153114e+00   9.435551e-16   3.069897e-03   2.108877e-17   769114
  1.163749e+00   9.232496e-16   3.069209e-03   2.041708e-17   783488
  1.174365e+00   8.807286e-16   3.058900e-03   1.976674e-17   794968
  1.184981e+00   8.149095e-16   3.070107e-03   1.914507e-17   812366
  1.195609e+00   7.402733e-16   3.065134e-03   1.859386e-17   825976
  1.206250e+00   6.431683e-16   3.075220e-03   1.802081e-17   843352
  1.216898e+00   6.138097e-16   3.073224e-03   1.748975e-17   857280
  1.227524e+00   6.290986e-16   3.063189e-03   1.699472e-17   869542
  1.238147e+00   5.603050e-16   3.070752e-03   1.643256e-17   887128
  1.248772e+00   5.578601e-16   3.063166e-03   1.601668e-17   900032
  1.259388e+00   5.126754e-16   3.067377e-03   1.545761e-17   916560
  1.270005e+00   4.328401e-16   3.061783e-03   1.511775e-17   930922
  1.280635e+00   4.286139e-16   3.071795e-03   1.459298e-17   949844
  1.291287e+00   4.099310e-16   3.076939e-03   1.419476e-17   966736
  1.301925e+00   3.501549e-16   3.065819e-03   1.382483e-17   978776
  1.312537e+00   3.542273e-16   3.064137e-03   1.343031e-17   994522
  1.323161e+00   3.263664e-16   3.068907e-03   1.305301e-17   1012420
  1.333794e+00   3.248267e-16   3.071598e-03   1.266862e-17   1029408
  1.344410e+00   3.055950e-16   3.058405e-03   1.236685e-17   1041658
  1.355032e+00   3.164326e-16   3.072381e-03   1.198820e-17   1063520
  1.365659e+00   2.760336e-16   3.060689e-03   1.169913e-17   1075808
  1.376294e+00   2.451009e-16   3.080019e-03   1.134678e-17   1098956
  1.386928e+00   2.472890e-16   3.061670e-03   1.106696e-17   1109810
  1.397545e+00   2.220619e-16   3.065288e-03   1.077311e-17   1128608
  1.408178e+00   2.174658e-16   3.073589e-03   1.049142e-17   1148264
  1.418813e+00   1.969975e-16   3.067917e-03   1.020293e-17   1163252
  1.429436e+00   1.919630e-16   3.067070e-03   9.975643e-18   1181042
  1.440060e+00   1.907109e-16   3.064325e-03   9.694749e-18   1197848
  1.450692e+00   1.637305e-16   3.073737e-03   9.457439e-18   1218848
  1.461323e+00   1.438927e-16   3.064859e-03   9.199671e-18   1232916
  1.471945e+00   1.624767e-16   3.068844e-03   8.975593e-18   1253002
  1.482566e+00   1.517606e-16   3.062284e-03   8.745489e-18   1268576
  1.493191e+00   1.319474e-16   3.071552e-03   8.540953e-18   1290128
  1.503822e+00   1.355858e-16   3.068342e-03   8.329638e-18   1307402
  1.514455e+00   1.374165e-16   3.069122e-03   8.085532e-18   1327028
  1.525083e+00   1.213160e-16   3.064970e-03   7.927033e-18   1343648
  1.535711e+00   1.187070e-16   3.070217e-03   7.720277e-18   1364096
  1.546341e+00   1.115925e-16   3.068950e-03   7.525253e-18   1382730
  1.556974e+00   1.046418e-16   3.068757e-03   7.362772e-18   1402164
  1.567604e+00   9.693904e-17   3.068159e-03   7.153022e-18   1420464
  1.578221e+00   9.583617e-17   3.063798e-03   7.007457e-18   1437368
  1.588847e+00   9.075261e-17   3.072142e-03   6.835270e-18   1461530
  1.599480e+00   9.050318e-17   3.065069e-03   6.673036e-18   1478264
  1.610108e+00   9.534531e-17   3.068902e-03   6.523729e-18   1499356
  1.620732e+00   9.658619e-17   3.065238e-03   6.359508e-18   1517016
  1.631360e+00   6.754791e-17   3.070849e-03   6.228389e-18   1540090
  1.641988e+00   7.029656e-17   3.065366e-03   6.082520e-18   1557360
  1.652609e+00   8.299091e-17   3.066926e-03   5.933795e-18   1577780
  1.663242e+00   7.050318e-17   3.075107e-03   5.786904e-18   1602578
  1.673875e+00   6.469623e-17   3.063542e-03   5.672155e-18   1617672
  1.684498e+00   7.463499e-17   3.069033e-03   5.546768e-18   1641016
  1.695122e+00   6.881535e-17   3.065080e-03   5.429045e-18   1659416
  1.705746e+00   7.256589e-17   3.068431e-03   5.298850e-18   1682670
  1.716382e+00   6.230419e-17   3.070690e-03   5.181595e-18   1705256
  1.727024e+00   4.764304e-17   3.071890e-03   5.050535e-18   1726312
  1.737645e+00   7.177564e-17   3.062639e-03   4.966462e-18   1741880
  1.748261e+00   6.255446e-17   3.067156e-03   4.844636e-18   1766454
  1.758897e+00   5.353224e-17   3.073105e-03   4.737238e-18   1791784
  1.769528e+00   4.138913e-17   3.063894e-03   4.636110e-18   1807712
  1.780139e+00   4.541764e-17   3.062775e-03   4.538956e-18   1829002
  1.790759e+00   4.649266e-17   3.067263e-03   4.435540e-18   1854216
  1.801400e+00   4.175090e-17   3.074631e-03   4.338481e-18   1880156
  1.812037e+00   3.852757e-17   3.068349e-03   4.257322e-18   1897568
  1.822663e+00   5.508357e-17   3.068475e-03   4.167071e-18   1920458
  1.833288e+00   4.314066e-17   3.065997e-03   4.082101e-18   1942208
  1.843915e+00   4.769932e-17   3.067813e-03   3.984806e-18   1965612
  1.854544e+00   4.123235e-17   3.069639e-03   3.903260e-18   1989000
  1.865168e+00   3.844819e-17   3.064465e-03   3.824415e-18   2009114
  1.875791e+00   3.331438e-17   3.067400e-03   3.744178e-18   2034464
  1.886424e+00   3.062140e-17   3.070174e-03   3.664210e-18   2058476
  1.897052e+00   3.690134e-17   3.068039e-03   3.592391e-18   2079648
  1.907673e+00   3.580090e-17   3.065891e-03   3.518894e-18   2102578
  1.918306e+00   2.485333e-17   3.070742e-03   3.445920e-18   2129928
  1.928942e+00   2.469840e-17   3.069733e-03   3.375418e-18   2152096
  1.939563e+00   3.426036e-17   3.062858e-03   3.319529e-18   2171142
  1.950185e+00   2.935278e-17   3.069150e-03   3.240981e-18   2200248
  1.960824e+00   3.351664e-17   3.071017e-03   3.174269e-18   2225216
  1.971460e+00   3.324713e-17   3.070942e-03   3.116944e-18   2248448
  1.982084e+00   2.252011e-17   3.064272e-03   3.056506e-18   2267942
  1.992710e+00   2.358650e-17   3.071051e-03   2.987811e-18   2298072
  2.003337e+00   2.087767e-17   3.064068e-03   2.935708e-18   2317272
  2.013961e+00   2.962823e-17   3.069747e-03   2.875951e-18   2345808
  2.024580e+00   2.724980e-17   3.062469e-03   2.823508e-18   2365650
  2.035206e+00   2.046701e-17   3.069930e-03   2.767984e-18   2396940
  2.045842e+00   1.541342e-17   3.069936e-03   2.713924e-18   2421272
  2.056473e+00   2.852656e-17   3.068399e-03   2.662877e-18   2444576
  2.067102e+00   2.271127e-17   3.069748e-03   2.606913e-18   2471490
  2.077728e+00   1.785072e-17   3.064854e-03   2.561721e-18   2493180
  2.088349e+00   2.112594e-17   3.068019e-03   2.510195e-18   2520952
  2.098972e+00   2.239354e-17   3.065319e-03   2.458987e-18   2544946
  2.109598e+00   2.356141e-17   3.068311e-03   2.417813e-18   2573856
  2.120230e+00   1.498557e-17   3.069026e-03   2.372557e-18   2600016
  2.130862e+00   2.339609e-17   3.069102e-03   2.324729e-18   2625484
  2.141490e+00   2.022992e-17   3.068080e-03   2.282444e-18   2651122
  2.152130e+00   2.324038e-17   3.074348e-03   2.237779e-18   2683488
  2.162754e+00   2.195747e-17   3.059466e-03   2.203541e-18   2696352
  2.173371e+00   2.340752e-17   3.071171e-03   2.154623e-18   2733020
  2.184002e+00   2.059562e-17   3.067530e-03   2.116147e-18   2757378
  2.194631e+00   2.181357e-17   3.067942e-03   2.081323e-18   2784864
  2.205259e+00   2.284414e-17   3.067811e-03   2.043218e-18   2811168
  2.215874e+00   1.591792e-17   3.061061e-03   2.003750e-18   2832274
  2.226505e+00   1.817700e-17   3.075611e-03   1.967406e-18   2873636
  2.237142e+00   1.476340e-17   3.064877e-03   1.935261e-18   2890496
  2.247766e+00   1.876675e-17   3.069851e-03   1.895220e-18   2921800
  2.258399e+00   1.774444e-17   3.071101e-03   1.862240e-18   2951298
  2.269032e+00   1.822413e-17   3.066274e-03   1.831757e-18   2975476
  2.279663e+00   1.381909e-17   3.071375e-03   1.796152e-18   3007728
  2.290285e+00   1.412187e-17   3.061886e-03   1.769012e-18   3025776
  2.300910e+00   1.864190e-17   3.072955e-03   1.734528e-18   3065762
  2.311540e+00   1.703801e-17   3.063208e-03   1.704397e-18   3084856
  2.322162e+00   1.482144e-17   3.068985e-03   1.670694e-18   3118044
  2.332782e+00   1.560825e-17   3.064319e-03   1.644796e-18   3141352
  2.343410e+00   1.437186e-17   3.072036e-03   1.615313e-18   3179274
  2.354046e+00   1.376994e-17   3.067682e-03   1.587482e-18   3204120
  2.364668e+00   1.727426e-17   3.063610e-03   1.560483e-18   3227900
  2.375288e+00   1.703349e-17   3.068722e-03   1.530729e-18   3262394
  2.385925e+00   1.784988e-17   3.071814e-03   1.504650e-18   3295680
  2.396559e+00   1.384207e-17   3.067166e-03   1.481723e-18   3319560
  2.407184e+00   1.017240e-17   3.068070e-03   1.455315e-18   3348972
  2.417810e+00   1.174488e-17   3.068540e-03   1.428112e-18   3379722
  2.428441e+00   1.292569e-17   3.068348e-03   1.407464e-18   3410720
  2.439075e+00   1.229431e-17   3.069517e-03   1.381737e-18   3441504
  2.449697e+00   1.380605e-17   3.063301e-03   1.358565e-18   3463624
  2.460317e+00   1.164545e-17   3.068043e-03   1.335550e-18   3499790
  2.470951e+00   1.202958e-17   3.070702e-03   1.312872e-18   3533560
  2.481588e+00   9.170329e-18   3.069830e-03   1.289314e-18   3561920
  2.492209e+00   1.349446e-17   3.064208e-03   1.270104e-18   3585208
  2.502830e+00   1.338958e-17   3.069185e-03   1.247887e-18   3622518
  2.513468e+00   1.193426e-17   3.072344e-03   1.223630e-18   3657584
  2.524094e+00   8.799929e-18   3.062507e-03   1.205589e-18   3676440
  2.534707e+00   9.988644e-18   3.065232e-03   1.187080e-18   3711282
  2.545334e+00   9.882616e-18   3.068763e-03   1.168009e-18   3747696
  2.555965e+00   8.636329e-18   3.067225e-03   1.145341e-18   3776188
  2.566601e+00   9.219935e-18   3.074483e-03   1.128557e-18   3815304
  2.577232e+00   1.022904e-17   3.064660e-03   1.110804e-18   3835370
  2.587856e+00   1.068415e-17   3.068926e-03   1.089988e-18   3873424
  2.598487e+00   1.040571e-17   3.067978e-03   1.074630e-18   3903420
  2.609117e+00   1.107221e-17   3.070036e-03   1.055256e-18   3937624
  2.619745e+00   1.213746e-17   3.066011e-03   1.038679e-18   3965658
  2.630375e+00   1.233656e-17   3.069802e-03   1.022398e-18   4002984
  2.641001e+00   1.060826e-17   3.065136e-03   1.005917e-18   4027928
  2.651616e+00   9.047673e-18   3.064941e-03   9.897239e-19   4059844
  2.662241e+00   9.576688e-18   3.069945e-03   9.741254e-19   4100338
  2.672876e+00   9.960630e-18   3.069128e-03   9.574837e-19   4132264
  2.683506e+00   1.333624e-17   3.068474e-03   9.432889e-19   4163216
  2.694131e+00   1.060031e-17   3.066146e-03   9.276253e-19   4193350
  2.704761e+00   7.544070e-18   3.071068e-03   9.127717e-19   4234456
  2.715390e+00   7.858275e-18   3.064079e-03   9.002383e-19   4257264
  2.726012e+00   1.028010e-17   3.069774e-03   8.838537e-19   4297352
  2.736640e+00   7.509236e-18   3.067495e-03   8.706339e-19   4328642
  2.747272e+00   6.711314e-18   3.070663e-03   8.566645e-19   4367948
  2.757895e+00   8.171815e-18   3.061799e-03   8.440884e-19   4388384
  2.768519e+00   7.575858e-18   3.072247e-03   8.301305e-19   4436648
  2.779154e+00   8.157035e-18   3.067997e-03   8.181888e-19   4465658
  2.789787e+00   9.421739e-18   3.069677e-03   8.051756e-19   4502948
  2.800413e+00   7.361096e-18   3.064787e-03   7.929394e-19   4528880
  2.811033e+00   9.015192e-18   3.067181e-03   7.807220e-19   4566290
  2.821663e+00   9.911947e-18   3.070655e-03   7.685934e-19   4606856
  2.832293e+00   6.023607e-18   3.066552e-03   7.570040e-19   4635380
  2.842916e+00   8.929137e-18   3.067131e-03   7.445746e-19   4670384
  2.853543e+00   6.914424e-18   3.069161e-03   7.323543e-19   4709258
  2.864179e+00   8.072043e-18   3.070324e-03   7.208708e-19   4747352
  2.874805e+00   8.397862e-18   3.063655e-03   7.126647e-19   4771664
  2.885427e+00   8.051816e-18   3.068600e-03   6.999691e-19   4813532
  2.896058e+00   8.108918e-18   3.070437e-03   6.888873e-19   4852322
  2.906693e+00   6.620293e-18   3.069013e-03   6.784742e-19   4886480
  2.917320e+00   6.900639e-18   3.066289e-03   6.691036e-19   4917248
  2.927939e+00   6.802760e-18   3.065099e-03   6.591550e-19   4950828
  2.938569e+00   8.249541e-18   3.072788e-03   6.492695e-19   5000170
  2.949204e+00   5.924485e-18   3.066857e-03   6.394468e-19   5026952
  2.959825e+00   5.715617e-18   3.064676e-03   6.300580e-19   5058752
  2.970445e+00   5.821282e-18   3.067741e-03   6.199598e-19   5100722
  2.981076e+00   6.411343e-18   3.068979e-03   6.114900e-19   5140124
  2.991706e+00   6.027231e-18   3.067937e-03   6.016671e-19   5174072
  3.002335e+00   5.657830e-18   3.068928e-03   5.939833e-19   5211608
  3.012962e+00   5.138854e-18   3.067917e-03   5.841488e-19   5247794
  3.023589e+00   5.521131e-18   3.066908e-03   5.750579e-19   5284196
  3.034222e+00   5.532676e-18   3.071657e-03   5.662568e-19   5328800
  3.044847e+00   4.818194e-18   3.063109e-03   5.595414e-19   5350872
  3.055470e+00   6.246828e-18   3.069608e-03   5.511414e-19   5400634
  3.066097e+00   4.855152e-18   3.065291e-03   5.425060e-19   5430968
  3.076725e+00   4.571242e-18   3.070185e-03   5.348404e-19   5475908
  3.087355e+00   5.094629e-18   3.068352e-03   5.269646e-19   5510016
  3.097986e+00   5.427473e-18   3.069695e-03   5.189524e-19   5552114
  3.108620e+00   4.095967e-18   3.068841e-03   5.112468e-19   5588944
  3.119249e+00   5.834293e-18   3.067703e-03   5.054142e-19   5623828
  3.129873e+00   4.678993e-18   3.066629e-03   4.976815e-19   5660722
  3.140497e+00   4.290509e-18   3.066422e-03   4.898875e-19   5699896
  3.151124e+00   4.830873e-18   3.068968e-03   4.822616e-19   5741936
  3.161754e+00   4.446933e-18   3.069010e-03   4.759827e-19   5779568
  3.172381e+00   4.990442e-18   3.067639e-03   4.689061e-19   5817222
  3.183006e+00   4.463373e-18   3.066013e-03   4.630352e-19   5854600
  3.193635e+00   4.879148e-18   3.069791e-03   4.560919e-19   5900040
  3.204262e+00   4.850865e-18   3.066501e-03   4.493243e-19   5931976
  3.214890e+00   3.815306e-18   3.070101e-03   4.431937e-19   5979390
  3.225518e+00   3.131743e-18   3.065321e-03   4.377304e-19   6010200
  3.236144e+00   4.049220e-18   3.069327e-03   4.299147e-19   6056496
  3.246769e+00   3.824604e-18   3.066211e-03   4.250987e-19   6089504
  3.257396e+00   3.985898e-18   3.069391e-03   4.189413e-19   6137114
  3.268025e+00   3.844710e-18   3.067201e-03   4.128903e-19   6173332
  3.278652e+00   4.940752e-18   3.067882e-03   4.067613e-19   6214128
  3.289279e+00   4.476117e-18   3.067306e-03   4.012285e-19   6253874
  3.299910e+00   4.427376e-18   3.069629e-03   3.955913e-19   6300104
  3.310539e+00   3.432240e-18   3.066365e-03   3.899238e-19   6332612
  3.321166e+00   3.536825e-18   3.070240e-03   3.845503e-19   6379768
  3.331797e+00   3.974884e-18   3.068597e-03   3.789491e-19   6418218
  3.342427e+00   5.085469e-18   3.068360e-03   3.742441e-19   6459880
  3.353052e+00   3.271124e-18   3.066116e-03   3.691450e-19   6495652
  3.363680e+00   3.516601e-18   3.070231e-03   3.632714e-19   6545296
  3.374311e+00   4.039331e-18   3.067227e-03   3.585551e-19   6581570
  3.384935e+00   4.338620e-18   3.065246e-03   3.544320e-19   6618960
  3.395556e+00   3.989839e-18   3.067158e-03   3.494361e-19   6663352
  3.406178e+00   3.653764e-18   3.065376e-03   3.445499e-19   6701334
  3.416809e+00   2.510979e-18   3.072512e-03   3.395001e-19   6759920
  3.427444e+00   3.094412e-18   3.067179e-03   3.351284e-19   6789696
  3.438073e+00   4.385398e-18   3.069955e-03   3.308103e-19   6837208
  3.448703e+00   2.681869e-18   3.067492e-03   3.264519e-19   6874966
  3.459333e+00   3.709811e-18   3.068613e-03   3.215385e-19   6920864
  3.469960e+00   2.807168e-18   3.066758e-03   3.175872e-19   6957816
  3.480585e+00   3.727904e-18   3.068144e-03   3.131008e-19   7002232
  3.491208e+00   3.259796e-18   3.066540e-03   3.089169e-19   7043114
  3.501840e+00   2.996727e-18   3.070403e-03   3.044987e-19   7096020
  3.512471e+00   2.997076e-18   3.067394e-03   3.008235e-19   7130640
  3.523097e+00   3.253570e-18   3.068276e-03   2.965177e-19   7175472
  3.533723e+00   2.669374e-18   3.067248e-03   2.926281e-19   7217786
  3.544353e+00   3.876201e-18   3.068999e-03   2.884660e-19   7265564
  3.554979e+00   3.041351e-18   3.066319e-03   2.851797e-19   7301288
  3.565600e+00   3.135443e-18   3.066375e-03   2.810022e-19   7345330
  3.576227e+00   2.867874e-18   3.069052e-03   2.772909e-19   7397048
  3.586856e+00   2.909079e-18   3.067039e-03   2.736610e-19   7435920
  3.597485e+00   3.208285e-18   3.069220e-03   2.701587e-19   7484140
  3.608113e+00   3.157408e-18   3.067643e-03   2.668341e-19   7525578
  3.618741e+00   3.884676e-18   3.067518e-03   2.630721e-19   7571376
  3.629371e+00   3.397719e-18   3.068480e-03   2.596141e-19   7617064
  3.640002e+00   2.646838e-18   3.069456e-03   2.559164e-19   7662092
  3.650627e+00   2.948364e-18   3.066324e-03   2.530230e-19   7699658
  3.661254e+00   2.740574e-18   3.068945e-03   2.493769e-19   7752416
  3.671886e+00   2.628279e-18   3.069408e-03   2.463413e-19   7797776
  3.682511e+00   2.747980e-18   3.065176e-03   2.432021e-19   7831720
  3.693136e+00   2.820565e-18   3.069723e-03   2.399534e-19   7889926
  3.703768e+00   2.451540e-18   3.067981e-03   2.365781e-19   7931480
  3.714397e+00   3.079270e-18   3.068251e-03   2.337836e-19   7976688
  3.725016e+00   2.569937e-18   3.062621e-03   2.308888e-19   8007786
  3.735639e+00   2.319373e-18   3.070332e-03   2.276293e-19   8074564
  3.746275e+00   2.242217e-18   3.070085e-03   2.248755e-19   8118904
  3.756904e+00   2.652972e-18   3.066957e-03   2.222508e-19   8155824
  3.767533e+00   2.161136e-18   3.070641e-03   2.190096e-19   8212802
  3.778161e+00   2.235327e-18   3.065118e-03   2.163436e-19   8245268
  3.788791e+00   2.474333e-18   3.071754e-03   2.134752e-19   8308816
  3.799422e+00   2.172209e-18   3.066301e-03   2.107808e-19   8340304
  3.810044e+00   2.208238e-18   3.066222e-03   2.082669e-19   8387738
  3.820668e+00   2.308241e-18   3.067207e-03   2.055942e-19   8437624
  3.831296e+00   2.402744e-18   3.068826e-03   2.028375e-19   8487796
  3.841921e+00   2.359752e-18   3.066430e-03   2.005555e-19   8527936
  3.852549e+00   2.189123e-18   3.069409e-03   1.978905e-19   8585122
  3.863180e+00   2.006159e-18   3.067925e-03   1.953511e-19   8628200
  3.873811e+00   1.682074e-18   3.069670e-03   1.929488e-19   8679484
  3.884439e+00   2.297594e-18   3.067320e-03   1.904692e-19   8721466
  3.895064e+00   2.256262e-18   3.065795e-03   1.881186e-19   8765840
  3.905692e+00   2.177360e-18   3.070355e-03   1.855925e-19   8825136
  3.916320e+00   1.822494e-18   3.066753e-03   1.833209e-19   8861768
  3.926948e+00   1.847759e-18   3.069321e-03   1.812835e-19   8919278
  3.937577e+00   2.443397e-18   3.066595e-03   1.788333e-19   8961008
  3.948205e+00   1.732482e-18   3.068779e-03   1.764154e-19   9014456
  3.958835e+00   1.783625e-18   3.068818e-03   1.743827e-19   9062240
  3.969465e+00   1.893866e-18   3.068277e-03   1.722502e-19   9110510
  3.980091e+00   1.745977e-18   3.066455e-03   1.700477e-19   9154048
  3.990712e+00   1.605053e-18   3.065703e-03   1.681989e-19   9198928
  4.001336e+00   2.052045e-18   3.068826e-03   1.657575e-19   9257194
  4.011967e+00   2.192130e-18   3.069362e-03   1.640231e-19   9310168
  4.022596e+00   1.639432e-18   3.066324e-03   1.619999e-19   9350316
  4.033222e+00   1.448138e-18   3.069210e-03   1.599769e-19   9407120
  4.043852e+00   2.315527e-18   3.068250e-03   1.578493e-19   9454642
  4.054482e+00   1.559714e-18   3.068405e-03   1.561324e-19   9506272
  4.065111e+00   1.445468e-18   3.067355e-03   1.541618e-19   9551228
  4.075735e+00   2.476847e-18   3.067594e-03   1.524079e-19   9600264
  4.086360e+00   1.971760e-18   3.067530e-03   1.503646e-19   9651458
  4.096991e+00   1.022327e-18   3.070122e-03   1.485878e-19   9711488
  4.107620e+00   1.503228e-18   3.066189e-03   1.468425e-19   9749144
  4.118247e+00   1.701850e-18   3.069033e-03   1.451096e-19   9807908
  4.128876e+00   1.697927e-18   3.067607e-03   1.433102e-19   9854786
  4.139508e+00   1.537859e-18   3.070269e-03   1.414472e-19   9914304
  4.150134e+00   1.901179e-18   3.064668e-03   1.398107e-19   9945544
  4.160753e+00   1.645755e-18   3.066794e-03   1.382435e-19   10003414
  4.171379e+00   1.575871e-18   3.068671e-03   1.366753e-19   10062032
  4.182011e+00   1.501151e-18   3.069142e-03   1.349020e-19   10114792
  4.192645e+00   1.880975e-18   3.070449e-03   1.332465e-19   10169936
  4.203267e+00   1.843046e-18   3.062650e-03   1.317581e-19   10196602
  4.213895e+00   1.451604e-18   3.072265e-03   1.301244e-19   10281156
  4.224526e+00   1.342004e-18   3.065688e-03   1.287013e-19   10309376
  4.235150e+00   1.220660e-18   3.068567e-03   1.269842e-19   10369856
  4.245775e+00   1.272940e-18   3.066063e-03   1.256202e-19   10415370
  4.256404e+00   1.444960e-18   3.070045e-03   1.240086e-19   10481988
  4.267039e+00   1.446951e-18   3.069556e-03   1.226371e-19   10531200
  4.277665e+00   1.303845e-18   3.065408e-03   1.211794e-19   10569416
  4.288289e+00   1.311057e-18   3.068216e-03   1.197972e-19   10633066
  4.298919e+00   1.382456e-18   3.068866e-03   1.184212e-19   10687548
  4.309552e+00   1.611507e-18   3.070419e-03   1.168918e-19   10743968
  4.320180e+00   1.351120e-18   3.065849e-03   1.156795e-19   10782130
  4.330801e+00   1.334946e-18   3.066095e-03   1.143044e-19   10837792
  4.341427e+00   1.169026e-18   3.068321e-03   1.130922e-19   10897368
  4.352058e+00   1.425910e-18   3.069642e-03   1.116863e-19   10953940
  4.362687e+00   1.289665e-18   3.067969e-03   1.104079e-19   11003274
  4.373313e+00   1.336568e-18   3.066343e-03   1.090930e-19   11052800
  4.383943e+00   1.185870e-18   3.070099e-03   1.078419e-19   11118176
  4.394573e+00   1.135378e-18   3.067934e-03   1.066475e-19   11162268
  4.405196e+00   1.584969e-18   3.066117e-03   1.053877e-19   11211458
  4.415820e+00   1.474405e-18   3.067310e-03   1.042075e-19   11271888
  4.426448e+00   1.261837e-18   3.068640e-03   1.028989e-19   11329304
  4.437073e+00   1.267483e-18   3.066385e-03   1.018393e-19   11375026
  4.447701e+00   1.259218e-18   3.069261e-03   1.005790e-19   11442532
  4.458330e+00   9.906006e-19   3.066551e-03   9.945966e-20   11487264
  4.468957e+00   1.194890e-18   3.068098e-03   9.843443e-20   11545680
  4.479587e+00   1.054882e-18   3.069842e-03   9.721323e-20   11607058
  4.490221e+00   1.015280e-18   3.069925e-03   9.616573e-20   11664300
  4.500851e+00   1.329724e-18   3.066963e-03   9.507459e-20   11707488
  4.511474e+00   1.211618e-18   3.066617e-03   9.409664e-20   11759536
  4.522104e+00   1.220422e-18   3.071176e-03   9.283742e-20   11833690
  4.532737e+00   9.721640e-19   3.067542e-03   9.189565e-20   11877808
  4.543362e+00   1.134490e-18   3.065778e-03   9.091794e-20   11925836
  4.553987e+00   1.156795e-18   3.068899e-03   8.989814e-20   11992168
  4.564616e+00   1.072566e-18   3.067784e-03   8.890284e-20   12044554
  4.575242e+00   1.224504e-18   3.067168e-03   8.799715e-20   12098976
  4.585865e+00   1.088579e-18   3.066173e-03   8.693349e-20   12149996
  4.596487e+00   1.138204e-18   3.067038e-03   8.599276e-20   12209594
  4.607117e+00   1.121330e-18   3.069983e-03   8.505734e-20   12279272
  4.617752e+00   1.175166e-18   3.070004e-03   8.405879e-20   12336072
  4.628383e+00   1.127224e-18   3.067416e-03   8.308674e-20   12381744
  4.639009e+00   1.105906e-18   3.068068e-03   8.225112e-20   12441590
  4.649637e+00   1.207557e-18   3.067557e-03   8.133389e-20   12497256
  4.660262e+00   9.275799e-19   3.066825e-03   8.042690e-20   12550032
  4.670884e+00   1.122821e-18   3.066185e-03   7.955088e-20   12603936
  4.681508e+00   1.208540e-18   3.068111e-03   7.872424e-20   12671230
  4.692142e+00   1.068497e-18   3.070828e-03   7.785550e-20   12740920
  4.702775e+00   1.084040e-18   3.067767e-03   7.705161e-20   12784560
  4.713398e+00   1.195342e-18   3.065894e-03   7.630161e-20   12834176
  4.724025e+00   1.152950e-18   3.069663e-03   7.534407e-20   12909006
  4.734656e+00   1.039053e-18   3.068089e-03   7.459213e-20   12959680
  4.745283e+00   1.055885e-18   3.067551e-03   7.375196e-20   13014232
  4.755909e+00   1.051688e-18   3.068154e-03   7.285982e-20   13076514
  4.766534e+00   9.220028e-19   3.065684e-03   7.224234e-20   13127112
  4.777164e+00   8.685993e-19   3.070665e-03   7.135710e-20   13205852
  4.787797e+00   9.902207e-19   3.068206e-03   7.058716e-20   13252032
  4.798423e+00   1.050951e-18   3.066967e-03   6.995332e-20   13307450
  4.809051e+00   8.788265e-19   3.068506e-03   6.916681e-20   13374160
  4.819680e+00   9.812627e-19   3.067567e-03   6.850860e-20   13426348
  4.830308e+00   1.081867e-18   3.069633e-03   6.772525e-20   13492760
  4.840934e+00   8.752934e-19   3.066142e-03   6.702205e-20   13539546
  4.851560e+00   9.134447e-19   3.068338e-03   6.636206e-20   13610704
  4.862187e+00   8.627283e-19   3.066835e-03   6.563939e-20   13662024
  4.872813e+00   8.769927e-19   3.068248e-03   6.492338e-20   13727492
  4.883443e+00   8.955602e-19   3.069111e-03   6.427875e-20   13793394
  4.894073e+00   9.619035e-19   3.067154e-03   6.359764e-20   13844456
  4.904699e+00   9.757703e-19   3.067927e-03   6.298091e-20   13905184
  4.915325e+00   9.047310e-19   3.067971e-03   6.229209e-20   13965958
  4.925951e+00   1.009808e-18   3.067148e-03   6.166551e-20   14025192
  4.936580e+00   6.902426e-19   3.068951e-03   6.101395e-20   14093768
  4.947211e+00   9.441942e-19   3.068454e-03   6.040106e-20   14150440
  4.957840e+00   9.808555e-19   3.068630e-03   5.981741e-20   14213450
  4.968468e+00   8.414968e-19   3.066726e-03   5.924241e-20   14267036
  4.979095e+00   8.396602e-19   3.068568e-03   5.852721e-20   14335032
  4.989722e+00   9.272752e-19   3.067092e-03   5.802078e-20   14387664
  5.000347e+00   9.371125e-19   3.068270e-03   5.740726e-20   14455698
  5.010977e+00   9.218255e-19   3.068677e-03   5.685556e-20   14520452
  5.021607e+00   8.189617e-19   3.068497e-03   5.628736e-20   14580272
  5.032232e+00   8.449343e-19   3.065614e-03   5.570491e-20   14628050
  5.042860e+00   9.457893e-19   3.070982e-03   5.516141e-20   14716744
  5.053489e+00   9.013587e-19   3.065407e-03   5.465319e-20   14751712
  5.064115e+00   9.859448e-19   3.069456e-03   5.404130e-20   14831620
  5.074740e+00   9.837956e-19   3.065470e-03   5.358749e-20   14875522
  5.085366e+00   9.241212e-19   3.068961e-03   5.299740e-20   14956720
  5.095994e+00   8.958156e-19   3.066998e-03   5.251625e-20   15008272
  5.106620e+00   8.303240e-19   3.067783e-03   5.200518e-20   15073780
  5.117248e+00   9.265974e-19   3.069002e-03   5.144669e-20   15144866
  5.127883e+00   8.994976e-19   3.070052e-03   5.098788e-20   15213872
  5.138515e+00   7.784801e-19   3.067931e-03   5.048886e-20   15263976
  5.149140e+00   9.283640e-19   3.066723e-03   4.997626e-20   15320236
  5.159767e+00   8.265647e-19   3.069367e-03   4.955277e-20   15398322
  5.170396e+00   9.483835e-19   3.067121e-03   4.906589e-20   15450864
  5.181021e+00   7.783406e-19   3.067373e-03   4.858470e-20   15513888
  5.191645e+00   7.445267e-19   3.066596e-03   4.810107e-20   15574626
  5.202274e+00   9.163610e-19   3.069893e-03   4.772118e-20   15657956
  5.212904e+00   8.995961e-19   3.066736e-03   4.726038e-20   15704248
  5.223531e+00   7.720912e-19   3.068512e-03   4.683717e-20   15774824
  5.234161e+00   8.087104e-19   3.069354e-03   4.636170e-20   15844898
  5.244790e+00   8.270356e-19   3.066994e-03   4.594179e-20   15898956
  5.255415e+00   7.647423e-19   3.067091e-03   4.550944e-20   15961768
  5.266040e+00   8.687071e-19   3.068481e-03   4.507723e-20   16032208
  5.276669e+00   8.361434e-19   3.068464e-03   4.470332e-20   16099530
  5.287295e+00   7.935275e-19   3.065856e-03   4.426696e-20   16152712
  5.297924e+00   8.590957e-19   3.069693e-03   4.385655e-20   16235740
  5.308553e+00   7.009622e-19   3.067725e-03   4.346604e-20   16288856
  5.319183e+00   8.239341e-19   3.069408e-03   4.310112e-20   16365074
  5.329812e+00   7.649792e-19   3.067066e-03   4.272788e-20   16418248
  5.340434e+00   7.634131e-19   3.065573e-03   4.234429e-20   16473180
  5.351058e+00   7.681406e-19   3.069491e-03   4.191294e-20   16560234
  5.361687e+00   7.341782e-19   3.067046e-03   4.157293e-20   16616088
  5.372317e+00   7.303236e-19   3.069133e-03   4.123509e-20   16693264
  5.382948e+00   7.551438e-19   3.068526e-03   4.087920e-20   16753864
  5.393577e+00   6.894984e-19   3.068569e-03   4.047919e-20   16820702
  5.404204e+00   8.334332e-19   3.066887e-03   4.013502e-20   16879288
  5.414832e+00   7.535591e-19   3.068277e-03   3.978386e-20   16951712
  5.425456e+00   7.859168e-19   3.066689e-03   3.949802e-20   17007560
  5.436084e+00   8.739594e-19   3.069534e-03   3.914052e-20   17092086
  5.446713e+00   7.164484e-19   3.067265e-03   3.884865e-20   17148392
  5.457342e+00   7.286247e-19   3.068696e-03   3.848259e-20   17222288
  5.467971e+00   7.540066e-19   3.068089e-03   3.816999e-20   17285096
  5.478597e+00   7.946907e-19   3.066549e-03   3.788880e-20   17344826
  5.489223e+00   8.118219e-19   3.068300e-03   3.752991e-20   17421236
  5.499853e+00   7.410658e-19   3.069479e-03   3.722115e-20   17494160
  5.510478e+00   8.228251e-19   3.065109e-03   3.693792e-20   17538122
  5.521100e+00   8.453804e-19   3.067347e-03   3.666112e-20   17620136
  5.531731e+00   8.491252e-19   3.069687e-03   3.630989e-20   17700428
  5.542362e+00   7.179151e-19   3.068482e-03   3.602452e-20   17760320
  5.552991e+00   7.752776e-19   3.068060e-03   3.572482e-20   17827562
  5.563619e+00   7.692038e-19   3.067912e-03   3.546075e-20   17895488
  5.574247e+00   6.998907e-19   3.068230e-03   3.524304e-20   17963576
  5.584874e+00   7.349338e-19   3.067616e-03   3.491756e-20   18027500
  5.595502e+00   7.108529e-19   3.068831e-03   3.467625e-20   18105650
  5.606129e+00   7.517454e-19   3.066269e-03   3.438171e-20   18160880
  5.616752e+00   7.270963e-19   3.067084e-03   3.416634e-20   18233144
  5.627379e+00   6.772078e-19   3.067872e-03   3.388890e-20   18307310
  5.638008e+00   7.406024e-19   3.068420e-03   3.363071e-20   18381680
  5.648639e+00   7.318938e-19   3.068723e-03   3.338660e-20   18450536
  5.659270e+00   7.335304e-19   3.069549e-03   3.313343e-20   18522128
  5.669897e+00   6.810714e-19   3.067067e-03   3.288982e-20   18578414
  5.680523e+00   6.515841e-19   3.067781e-03   3.267884e-20   18654304
  5.691150e+00   7.845166e-19   3.067639e-03   3.243677e-20   18722304
  5.701780e+00   7.544464e-19   3.069442e-03   3.217604e-20   18802472
  5.712409e+00   6.691788e-19   3.067729e-03   3.197469e-20   18864266
  5.723037e+00   6.795361e-19   3.067347e-03   3.178626e-20   18933260
  5.733662e+00   6.629677e-19   3.066799e-03   3.154242e-20   18997448
  5.744288e+00   7.029780e-19   3.068953e-03   3.132388e-20   19079816
  5.754917e+00   6.711328e-19   3.067744e-03   3.113014e-20   19145330
  5.765545e+00   7.110760e-19   3.067941e-03   3.087849e-20   19218276
  5.776172e+00   6.995534e-19   3.067784e-03   3.069861e-20   19286200
  5.786797e+00   6.977278e-19   3.066457e-03   3.048927e-20   19349738
  5.797427e+00   6.973553e-19   3.070714e-03   3.030787e-20   19450040
  5.808057e+00   7.241352e-19   3.065907e-03   3.013844e-20   19489688
  5.818683e+00   6.627632e-19   3.068803e-03   2.992598e-20   19576868
  5.829310e+00   6.196688e-19   3.067331e-03   2.975838e-20   19640282
  5.839940e+00   6.260228e-19   3.069683e-03   2.957021e-20   19728800
  5.850566e+00   7.069831e-19   3.065237e-03   2.941853e-20   19770152
  5.861190e+00   6.251164e-19   3.068717e-03   2.918932e-20   19863516
  5.871821e+00   6.895218e-19   3.069639e-03   2.903964e-20   19943594
  5.882452e+00   6.300518e-19   3.067597e-03   2.888426e-20   20003440
  5.893081e+00   6.924540e-19   3.068832e-03   2.871329e-20   20081768
  5.903706e+00   6.416669e-19   3.066188e-03   2.853017e-20   20136200
  5.914335e+00   6.936417e-19   3.070449e-03   2.837499e-20   20238094
  5.924964e+00   6.553872e-19   3.066146e-03   2.824573e-20   20282544
  5.935584e+00   6.950690e-19   3.065727e-03   2.810130e-20   20351720
  5.946209e+00   6.322642e-19   3.068474e-03   2.792889e-20   20444714
  5.956838e+00   6.902720e-19   3.067781e-03   2.778083e-20   20515116
  5.967470e+00   5.928908e-19   3.070149e-03   2.765593e-20   20602384
  5.978102e+00   6.710529e-19   3.068165e-03   2.750748e-20   20659872
  5.988728e+00   7.163795e-19   3.067093e-03   2.737338e-20   20727682
  5.999356e+00   7.627506e-19   3.068732e-03   2.724576e-20   20814416
  6.009986e+00   6.173713e-19   3.068153e-03   2.710572e-20   20881100
  6.020612e+00   7.034341e-19   3.068117e-03   2.698880e-20   20953688
  6.031238e+00   6.266718e-19   3.066654e-03   2.688218e-20   21021050
  6.041866e+00   6.580634e-19   3.068891e-03   2.675530e-20   21111632
  6.052496e+00   6.359702e-19   3.068341e-03   2.662131e-20   21179972
  6.063121e+00   6.082901e-19   3.066368e-03   2.652025e-20   21240488
  6.073747e+00   6.115157e-19   3.068419e-03   2.642703e-20   21331418
  6.084375e+00   7.045696e-19   3.067338e-03   2.632071e-20   21397304
  6.095000e+00   6.898653e-19   3.067405e-03   2.623504e-20   21469764
  6.105627e+00   6.398958e-19   3.068819e-03   2.609135e-20   21556122
  6.116254e+00   6.807181e-19   3.066479e-03   2.606200e-20   21618312
  6.126884e+00   6.140296e-19   3.069809e-03   2.590794e-20   21716096
  6.137516e+00   6.656598e-19   3.068719e-03   2.583237e-20   21781352
  6.148144e+00   6.081262e-19   3.067428e-03   2.574920e-20   21848870
  6.158771e+00   6.795761e-19   3.067652e-03   2.567915e-20   21927536
  6.169400e+00   6.710062e-19   3.068795e-03   2.556370e-20   22008944
  6.180028e+00   7.023800e-19   3.067865e-03   2.546122e-20   22076136
  6.190652e+00   7.097207e-19   3.066547e-03   2.543486e-20   22145270
  6.201282e+00   6.644463e-19   3.070373e-03   2.535972e-20   22250960
  6.211913e+00   6.721909e-19   3.066914e-03   2.528895e-20   22300864
  6.222538e+00   6.097015e-19   3.067186e-03   2.517675e-20   22378586
  6.233165e+00   7.053053e-19   3.068261e-03   2.517590e-20   22464104
  6.243795e+00   6.941825e-19   3.068708e-03   2.510491e-20   22542892
  6.254421e+00   6.282486e-19   3.067123e-03   2.502054e-20   22606008
  6.265047e+00   6.928374e-19   3.067919e-03   2.499569e-20   22690002
  6.275673e+00   6.366400e-19   3.066936e-03   2.493797e-20   22762216
  6.286298e+00   6.355397e-19   3.068880e-03   2.474246e-20   22815779
  6.296927e+00   5.520355e-19   3.067733e-03   2.433620e-20   22772312
  6.307555e+00   4.571255e-19   3.067923e-03   2.387813e-20   22733708
  6.318183e+00   3.920314e-19   3.068441e-03   2.349001e-20   22697672
  6.328811e+00   3.674685e-19   3.067507e-03   2.310315e-20   22651460
  6.339438e+00   2.867691e-19   3.068199e-03   2.268246e-20   22616024
  6.350068e+00   2.697513e-19   3.069309e-03   2.232308e-20   22583496
  6.360694e+00   2.746128e-19   3.065960e-03   2.195781e-20   22519252
  6.371317e+00   2.456013e-19   3.067197e-03   2.161732e-20   22488992
  6.381944e+00   2.377170e-19   3.067780e-03   2.126695e-20   22453172
  6.392574e+00   2.271375e-19   3.069105e-03   2.092410e-20   22420584
  6.403204e+00   2.059797e-19   3.068296e-03   2.058533e-20   22371700
  6.413832e+00   2.279459e-19   3.068296e-03   2.026276e-20   22329896
  6.424460e+00   2.011384e-19   3.067512e-03   1.998820e-20   22282876
  6.435088e+00   2.046524e-19   3.068899e-03   1.965384e-20   22250692
  6.445715e+00   1.496960e-19   3.066872e-03   1.935620e-20   22194436
  6.456340e+00   1.408393e-19   3.066996e-03   1.907962e-20   22153540
  6.466968e+00   1.836645e-19   3.068722e-03   1.878287e-20   22122584
  6.477597e+00   2.165280e-19   3.067957e-03   1.851563e-20   22073004
  6.488227e+00   1.665719e-19   3.069406e-03   1.823906e-20   22039640
  6.498854e+00   2.125323e-19   3.066107e-03   1.800922e-20   21971624
  6.509482e+00   1.673140e-19   3.070097e-03   1.772169e-20   21955708
  6.520106e+00   1.435769e-19   3.063845e-03   1.749977e-20   21867720
  6.530733e+00   1.780327e-19   3.071600e-03   1.723385e-20   21878900
  6.541363e+00   1.812995e-19   3.065935e-03   1.700127e-20   21794260
  6.551990e+00   2.228358e-19   3.068881e-03   1.676439e-20   21770256
  6.562619e+00   1.250622e-19   3.068010e-03   1.655753e-20   21718124
  6.573247e+00   1.925082e-19   3.067905e-03   1.632500e-20   21671096
  6.583874e+00   1.613131e-19   3.067932e-03   1.611029e-20   21625412
  6.594503e+00   1.271010e-19   3.069070e-03   1.589882e-20   21587284
  6.605129e+00   1.123641e-19   3.066010e-03   1.570276e-20   21519648
  6.615755e+00   1.413883e-19   3.068792e-03   1.547519e-20   21493344
  6.626384e+00   1.521158e-19   3.067812e-03   1.527390e-20   21439360
  6.637013e+00   1.567926e-19   3.068679e-03   1.508850e-20   21398900
  6.647644e+00   1.337093e-19   3.068668e-03   1.489049e-20   21351488
  6.658271e+00   1.258321e-19   3.066526e-03   1.471397e-20   21288012
  6.668898e+00   1.159840e-19   3.068796e-03   1.452336e-20   21255052
  6.679525e+00   1.049123e-19   3.067400e-03   1.434159e-20   21196928
  6.690151e+00   1.153673e-19   3.067431e-03   1.417237e-20   21149036
  6.700778e+00   1.137950e-19   3.068015e-03   1.399797e-20   21105304
  6.711407e+00   1.107605e-19   3.068524e-03   1.383240e-20   21059992
  6.722038e+00   1.599521e-19   3.069263e-03   1.366166e-20   21014904
  6.732667e+00   1.320268e-19   3.067536e-03   1.350409e-20   20953620
  6.743293e+00   1.384603e-19   3.067478e-03   1.334053e-20   20902948
  6.753920e+00   1.037152e-19   3.068064e-03   1.319361e-20   20856528
  6.764548e+00   8.430462e-20   3.068448e-03   1.303384e-20   20808868
  6.775174e+00   1.119011e-19   3.066599e-03   1.288351e-20   20746700
  6.785798e+00   1.131856e-19   3.066925e-03   1.273031e-20   20699040
  6.796428e+00   1.329588e-19   3.069860e-03   1.259444e-20   20667584
  6.807054e+00   1.189534e-19   3.064988e-03   1.246096e-20   20583320
  6.817679e+00   1.305020e-19   3.069606e-03   1.230630e-20   20562728
  6.828310e+00   1.127696e-19   3.067915e-03   1.216728e-20   20499120
  6.838938e+00   1.007553e-19   3.068337e-03   1.204181e-20   20448668
  6.849566e+00   1.072943e-19   3.068077e-03   1.190827e-20   20394408
  6.860195e+00   1.209439e-19   3.068320e-03   1.178128e-20   20344236
  6.870823e+00   8.558932e-20   3.067630e-03   1.165399e-20   20287988
  6.881451e+00   8.993341e-20   3.068044e-03   1.152092e-20   20237280
  6.892077e+00   1.393907e-19   3.067320e-03   1.140192e-20   20178328
  6.902707e+00   1.261339e-19   3.069652e-03   1.127583e-20   20139844
  6.913336e+00   1.008936e-19   3.067174e-03   1.115402e-20   20069748
  6.923962e+00   1.051494e-19   3.067514e-03   1.104609e-20   20016800
  6.934587e+00   1.118735e-19   3.067642e-03   1.092778e-20   19962224
  6.945217e+00   8.940376e-20   3.069885e-03   1.081462e-20   19923568
  6.955848e+00   9.463646e-20   3.067490e-03   1.071986e-20   19854300
  6.966474e+00   1.093309e-19   3.067154e-03   1.060288e-20   19797056
  6.977101e+00   9.427509e-20   3.067706e-03   1.048431e-20   19744940
  6.987728e+00   7.641880e-20   3.068174e-03   1.040008e-20   19691768
  6.998356e+00   8.469678e-20   3.067321e-03   1.028496e-20   19629548
  7.008982e+00   7.342342e-20   3.067740e-03   1.018428e-20   19575480
  7.019610e+00   1.021103e-19   3.068413e-03   1.007657e-20   19523296
  7.030241e+00   6.479879e-20   3.069533e-03   9.984777e-21   19474344
  7.040867e+00   9.545223e-20   3.065611e-03   9.883282e-21   19392868
  7.051493e+00   1.047764e-19   3.069073e-03   9.781748e-21   19356176
  7.062123e+00   1.097784e-19   3.068592e-03   9.696720e-21   19294916
  7.072754e+00   9.719332e-20   3.069110e-03   9.614244e-21   19240856
  7.083382e+00   7.374732e-20   3.067066e-03   9.513907e-21   19170884
  7.094007e+00   1.077588e-19   3.066966e-03   9.424432e-21   19111352
  7.104633e+00   9.941629e-20   3.068278e-03   9.336773e-21   19060016
  7.115261e+00   9.535538e-20   3.067998e-03   9.257999e-21   18999752
  7.125886e+00   9.543875e-20   3.066210e-03   9.171945e-21   18930272
  7.136511e+00   9.158797e-20   3.068009e-03   9.087990e-21   18882340
  7.147141e+00   8.679860e-20   3.069133e-03   8.999006e-21   18829056
  7.157770e+00   9.067477e-20   3.067293e-03   8.919978e-21   18757640
  7.168398e+00   6.905149e-20   3.069197e-03   8.844303e-21   18709036
  7.179027e+00   6.020224e-20   3.067378e-03   8.755218e-21   18637668
  7.189656e+00   7.025233e-20   3.069146e-03   8.685558e-21   18587048
  7.200283e+00   7.182081e-20   3.066626e-03   8.605019e-21   18510972
  7.210909e+00   8.329845e-20   3.067730e-03   8.531670e-21   18456692
  7.221535e+00   6.711978e-20   3.067567e-03   8.460919e-21   18394084
  7.232164e+00   6.167635e-20   3.069110e-03   8.392818e-21   18341352
  7.242794e+00   6.357843e-20   3.068234e-03   8.313230e-21   18273884
  7.253423e+00   6.435077e-20   3.068036e-03   8.249249e-21   18211148
  7.264048e+00   9.143603e-20   3.066171e-03   8.182724e-21   18137692
  7.274674e+00   1.053433e-19   3.069088e-03   8.097840e-21   18091580
  7.285305e+00   7.722706e-20   3.068515e-03   8.043990e-21   18024560
  7.295932e+00   7.518902e-20   3.067362e-03   7.974464e-21   17955116
  7.306559e+00   6.293156e-20   3.067637e-03   7.913211e-21   17893232
  7.317187e+00   6.141163e-20   3.068343e-03   7.840322e-21   17832620
  7.327816e+00   7.027344e-20   3.068327e-03   7.785623e-21   17767864
  7.338445e+00   5.437389e-20   3.068809e-03   7.722535e-21   17706956
  7.349073e+00   7.327041e-20   3.066947e-03   7.662167e-21   17632632
  7.359699e+00   7.486456e-20   3.068061e-03   7.606647e-21   17573524
  7.370327e+00   7.286483e-20   3.067901e-03   7.544099e-21   17506380
  7.380954e+00   7.640554e-20   3.068207e-03   7.485380e-21   17442548
  7.391580e+00   6.025908e-20   3.066528e-03   7.427702e-21   17368556
  7.402208e+00   5.173692e-20   3.069314e-03   7.370065e-21   17318260
  7.412837e+00   7.398002e-20   3.067939e-03   7.319493e-21   17243792
  7.423463e+00   7.539213e-20   3.066549e-03   7.262330e-21   17169716
  7.434088e+00   6.389886e-20   3.067759e-03   7.207067e-21   17109768
  7.444715e+00   6.519111e-20   3.068012e-03   7.150166e-21   17044064
  7.455345e+00   5.648058e-20   3.068894e-03   7.101730e-21   16981560
  7.465972e+00   7.588744e-20   3.066680e-03   7.050115e-21   16902264
  7.476600e+00   8.267402e-20   3.069499e-03   6.995666e-21   16849940
  7.487230e+00   5.142754e-20   3.067461e-03   6.953096e-21   16770600
  7.497858e+00   5.874221e-20   3.068497e-03   6.902829e-21   16707512
  7.508485e+00   6.159298e-20   3.067634e-03   6.856754e-21   16634480
  7.519114e+00   6.664662e-20   3.068242e-03   6.811624e-21   16569424
  7.529741e+00   8.406650e-20   3.067751e-03   6.769528e-21   16497216
  7.540372e+00   4.900843e-20   3.069501e-03   6.711430e-21   16436416
  7.550999e+00   8.180230e-20   3.067032e-03   6.667670e-21   16353532
  7.561624e+00   5.362205e-20   3.067126e-03   6.626469e-21   16284908
  7.572251e+00   6.141566e-20   3.068426e-03   6.578567e-21   16221948
  7.582881e+00   6.690532e-20   3.068614e-03   6.542486e-21   16152552
  7.593510e+00   5.143765e-20   3.068122e-03   6.498566e-21   16078864
  7.604137e+00   5.164687e-20   3.067536e-03   6.453172e-21   16005296
  7.614766e+00   7.549258e-20   3.068300e-03   6.415519e-21   15938220
  7.625392e+00   6.741803e-20   3.066841e-03   6.373121e-21   15858440
  7.636016e+00   5.356264e-20   3.067373e-03   6.338210e-21   15789252
  7.646642e+00   6.407666e-20   3.067548e-03   6.296543e-21   15718944
  7.657269e+00   6.235258e-20   3.067947e-03   6.258740e-21   15648652
  7.667899e+00   6.555458e-20   3.069201e-03   6.218979e-21   15581944
  7.678531e+00   5.664826e-20   3.069010e-03   6.180863e-21   15508744
  7.689158e+00   6.217538e-20   3.066436e-03   6.147312e-21   15422472
  7.699784e+00   6.145060e-20   3.068878e-03   6.105786e-21   15361536
  7.710413e+00   5.384614e-20   3.067494e-03   6.076488e-21   15281048
  7.721038e+00   7.943295e-20   3.067557e-03   6.042369e-21   15207752
  7.731666e+00   6.786011e-20   3.067687e-03   6.007447e-21   15134800
  7.742292e+00   6.068795e-20   3.067594e-03   5.971056e-21   15059664
  7.752920e+00   5.953025e-20   3.068106e-03   5.938730e-21   14987020
  7.763550e+00   4.973036e-20   3.069757e-03   5.906741e-21   14919936
  7.774179e+00   4.558973e-20   3.066979e-03   5.876573e-21   14831776
  7.784807e+00   5.309921e-20   3.069197e-03   5.840499e-21   14767552
  7.795435e+00   4.478417e-20   3.066309e-03   5.817605e-21   14678336
  7.806062e+00   5.767437e-20   3.069079e-03   5.779944e-21   14615044
  7.816690e+00   3.870808e-20   3.067275e-03   5.759221e-21   14530200
  7.827317e+00   4.563388e-20   3.067927e-03   5.723047e-21   14457000
  7.837945e+00   5.212822e-20   3.068558e-03   5.696174e-21   14383440
  7.848573e+00   5.125298e-20   3.067003e-03   5.671929e-21   14299516
  7.859199e+00   6.106166e-20   3.067899e-03   5.638033e-21   14226024
  7.869825e+00   4.342586e-20   3.067223e-03   5.613153e-21   14145048
  7.880455e+00   6.120370e-20   3.070446e-03   5.586556e-21   14082144
  7.891083e+00   5.617257e-20   3.065393e-03   5.566442e-21   13981640
  7.901708e+00   3.027726e-20   3.068688e-03   5.543942e-21   13918460
  7.912338e+00   4.343734e-20   3.068702e-03   5.511314e-21   13839752
  7.922969e+00   5.496355e-20   3.069182e-03   5.487921e-21   13762736
  7.933598e+00   3.777000e-20   3.067868e-03   5.458976e-21   13677980
  7.944225e+00   4.538715e-20   3.067250e-03   5.442260e-21   13596196
  7.954850e+00   4.245222e-20   3.067470e-03   5.415749e-21   13517736
  7.965475e+00   5.166429e-20   3.066448e-03   5.398270e-21   13433184
  7.976100e+00   5.098763e-20   3.068623e-03   5.365724e-21   13362296
  7.986730e+00   1.618857e-20   3.068494e-03   5.348726e-21   13281376
  7.997360e+00   5.012746e-20   3.069113e-03   5.330957e-21   13203336
  8.007987e+00   4.221231e-20   3.066719e-03   5.311263e-21   13113016
  8.018613e+00   5.541246e-20   3.067735e-03   5.289450e-21   13036400
  8.029240e+00   4.292568e-20   3.067468e-03   5.265201e-21   12953648
  8.039869e+00   5.337728e-20   3.069185e-03   5.257358e-21   12879016
  8.050498e+00   3.642761e-20   3.067538e-03   5.232000e-21   12790124
  8.061127e+00   4.871589e-20   3.068996e-03   5.212208e-21   12714152
  8.071753e+00   4.427180e-20   3.066076e-03   5.200211e-21   12619608
  8.082379e+00   4.126223e-20   3.068682e-03   5.174116e-21   12547232
  8.093011e+00   3.101944e-20   3.070245e-03   5.152830e-21   12470568
  8.103638e+00   2.456992e-20   3.065215e-03   5.144264e-21   12368136
  8.114264e+00   3.576682e-20   3.069116e-03   5.124632e-21   12300504
  8.124894e+00   4.251234e-20   3.068128e-03   5.112072e-21   12212172
  8.135522e+00   3.797878e-20   3.067779e-03   5.092731e-21   12126228
  8.146149e+00   3.660265e-20   3.068089e-03   5.086780e-21   12043352
  8.156778e+00   4.224664e-20   3.068301e-03   5.065023e-21   11959896
  8.167401e+00   4.275594e-20   3.065268e-03   5.055947e-21   11863804
  8.178026e+00   5.347819e-20   3.068937e-03   5.044473e-21   11792812
  8.188656e+00   5.110537e-20   3.068597e-03   5.024499e-21   11705392
  8.199283e+00   4.674775e-20   3.066984e-03   5.013757e-21   11613836
  8.209914e+00   3.264325e-20   3.070536e-03   5.002290e-21   11541532
  8.220543e+00   3.514801e-20   3.066346e-03   4.987167e-21   11440232
  8.231170e+00   5.065311e-20   3.068846e-03   4.982042e-21   11363008
  8.241796e+00   3.781995e-20   3.066631e-03   4.965640e-21   11267848
  8.252424e+00   2.991485e-20   3.069306e-03   4.951977e-21   11190640
  8.263054e+00   4.100800e-20   3.068558e-03   4.945392e-21   11101084
  8.273680e+00   3.856554e-20   3.065604e-03   4.942861e-21   11003284
  8.284304e+00   6.424909e-20   3.068360e-03   4.926302e-21   10925424
  8.294932e+00   3.828005e-20   3.067667e-03   4.912035e-21   10834724
  8.305560e+00   4.257270e-20   3.068711e-03   4.908481e-21   10750156
  8.316186e+00   5.208514e-20   3.066587e-03   4.897999e-21   10655280
  8.326811e+00   4.227575e-20   3.067310e-03   4.889950e-21   10569120
  8.337437e+00   2.869906e-20   3.067168e-03   4.880200e-21   10479672
  8.348070e+00   3.623533e-20   3.071527e-03   4.872179e-21   10404504
  8.358704e+00   4.148888e-20   3.068456e-03   4.864129e-21   10304108
  8.369331e+00   3.854882e-20   3.066991e-03   4.855192e-21   10209940
  8.379958e+00   3.686359e-20   3.068937e-03   4.855966e-21   10126584
  8.390585e+00   4.697015e-20   3.066106e-03   4.842988e-21   10027064
  8.401210e+00   2.627501e-20   3.068731e-03   4.835301e-21   9945072
  8.411836e+00   4.040710e-20   3.065849e-03   4.832436e-21   9844764
  8.422464e+00   3.123293e-20   3.070904e-03   4.828820e-21   9769940
  8.433095e+00   3.861213e-20   3.066721e-03   4.820017e-21   9666072
  8.443721e+00   2.687288e-20   3.067629e-03   4.816528e-21   9577112
  8.454348e+00   3.095330e-20   3.067871e-03   4.810974e-21   9485848
  8.464977e+00   3.567497e-20   3.068818e-03   4.804259e-21   9396136
  8.475607e+00   3.025649e-20   3.068947e-03   4.800480e-21   9304408
  8.486231e+00   3.983509e-20   3.064605e-03   4.798921e-21   9199028
  8.496854e+00   3.922609e-20   3.068671e-03   4.791823e-21   9118288
  8.507481e+00   3.562070e-20   3.066868e-03   4.789953e-21   9019624
  8.518111e+00   3.580837e-20   3.070919e-03   4.779615e-21   8937420
  8.528743e+00   4.178638e-20   3.067653e-03   4.779791e-21   8835200
  8.539369e+00   2.980651e-20   3.066847e-03   4.783240e-21   8739332
  8.549995e+00   3.307590e-20   3.067747e-03   4.766500e-21   8648112
  8.560624e+00   3.308527e-20   3.067898e-03   4.773863e-21   8553372
  8.571253e+00   2.764902e-20   3.069319e-03   4.764757e-21   8461944
  8.581883e+00   3.784901e-20   3.068067e-03   4.754249e-21   8363348
  8.592509e+00   3.053561e-20   3.067870e-03   4.756264e-21   8267792
  8.603135e+00   4.631909e-20   3.066599e-03   4.749742e-21   8169380
  8.613762e+00   3.576111e-20   3.069517e-03   4.753367e-21   8081008
  8.624389e+00   3.670601e-20   3.065774e-03   4.745200e-21   7975632
  8.635016e+00   4.561818e-20   3.069603e-03   4.743631e-21   7889116
  8.645643e+00   4.221526e-20   3.066011e-03   4.733543e-21   7784008
  8.656270e+00   3.421833e-20   3.068709e-03   4.738709e-21   7693848
  8.666897e+00   3.420425e-20   3.067011e-03   4.723139e-21   7592468
  8.677525e+00   3.223159e-20   3.068931e-03   4.718560e-21   7499076
  8.688155e+00   3.545786e-20   3.069474e-03   4.717770e-21   7402880
  8.698786e+00   1.461845e-20   3.067607e-03   4.702634e-21   7300768
  8.709411e+00   3.316853e-20   3.067652e-03   4.702387e-21   7203316
  8.720032e+00   2.948730e-20   3.063689e-03   4.683408e-21   7095724
  8.730662e+00   3.330070e-20   3.073665e-03   4.676380e-21   7019608
  8.741295e+00   2.731776e-20   3.065344e-03   4.655309e-21   6901916
  8.751922e+00   1.374943e-20   3.069704e-03   4.656551e-21   6812952
  8.762548e+00   3.048474e-20   3.065523e-03   4.629481e-21   6704548
  8.773175e+00   2.269973e-20   3.068967e-03   4.618534e-21   6612168
  8.783803e+00   2.988389e-20   3.067598e-03   4.603437e-21   6508628
  8.794433e+00   2.213957e-20   3.069277e-03   4.586424e-21   6412072
  8.805059e+00   1.502067e-20   3.066868e-03   4.563841e-21   6306660
  8.815685e+00   2.385922e-20   3.067492e-03   4.533914e-21   6207592
  8.826308e+00   2.775065e-20   3.066222e-03   4.515201e-21   6103860
  8.836934e+00   2.489306e-20   3.068576e-03   4.478352e-21   6007184
  8.847563e+00   2.086784e-20   3.068782e-03   4.442833e-21   5905660
  8.858194e+00   3.046865e-20   3.069160e-03   4.403946e-21   5805132
  8.868823e+00   1.247921e-20   3.067313e-03   4.372335e-21   5700008
  8.879446e+00   2.811549e-20   3.065734e-03   4.322866e-21   5594856
  8.890075e+00   9.046091e-21   3.070306e-03   4.261701e-21   5502341
  8.900707e+00   1.799693e-20   3.068193e-03   4.222008e-21   5404852
  8.911333e+00   1.227536e-20   3.066920e-03   4.196572e-21   5313930
  8.921960e+00   1.871061e-20   3.068151e-03   4.165353e-21   5230396
  8.932587e+00   1.567861e-20   3.067037e-03   4.130616e-21   5145158
  8.943214e+00   2.226812e-20   3.067644e-03   4.096226e-21   5064506
  8.953844e+00   1.682152e-20   3.070354e-03   4.085592e-21   4989464
  8.964475e+00   1.087986e-20   3.067471e-03   4.054551e-21   4907486
  8.975102e+00   2.041066e-20   3.067454e-03   4.028003e-21   4831952
  8.985729e+00   1.386231e-20   3.067333e-03   4.010579e-21   4757392
  8.996357e+00   2.488456e-20   3.068563e-03   3.990189e-21   4685902
  9.006985e+00   2.090502e-20   3.067839e-03   3.964721e-21   4612826
  9.017611e+00   1.771479e-20   3.067647e-03   3.952035e-21   4542436
  9.028240e+00   1.916125e-20   3.068771e-03   3.932309e-21   4475408
  9.038866e+00   1.094972e-20   3.065432e-03   3.916576e-21   4402686
  9.049492e+00   1.581248e-21   3.069222e-03   3.905453e-21   4340854
  9.060123e+00   3.156573e-21   3.068666e-03   3.877374e-21   4273862
  9.070751e+00   1.058718e-20   3.068093e-03   3.868267e-21   4208538
  9.081377e+00   2.400309e-20   3.066329e-03   3.854447e-21   4142584
  9.092002e+00   1.520367e-20   3.067445e-03   3.840959e-21   4081232
  9.102629e+00   2.042827e-20   3.068061e-03   3.822064e-21   4019668
  9.113260e+00   1.755331e-20   3.070507e-03   3.811391e-21   3961416
  9.123892e+00   8.629306e-21   3.068468e-03   3.805045e-21   3898848
  9.134518e+00   1.939634e-20   3.065914e-03   3.798581e-21   3836718
  9.145140e+00   7.348160e-21   3.066518e-03   3.782531e-21   3779272
  9.155765e+00   9.578973e-21   3.066689e-03   3.772279e-21   3721434
  9.166394e+00   1.022066e-20   3.070316e-03   3.763426e-21   3668198
  9.177028e+00   1.155555e-20   3.069776e-03   3.751979e-21   3611346
  9.187656e+00   1.010461e-20   3.066455e-03   3.744374e-21   3552442
  9.198281e+00   -4.011881e-21   3.067337e-03   3.738862e-21   3498908
  9.208908e+00   1.267808e-20   3.067980e-03   3.733461e-21   3445382
  9.219536e+00   1.486110e-20   3.068389e-03   3.721698e-21   3392244
  9.230165e+00   7.734816e-21   3.068360e-03   3.717216e-21   3339634
  9.240792e+00   3.358805e-21   3.067248e-03   3.717871e-21   3286752
  9.251416e+00   1.243273e-20   3.065818e-03   3.711109e-21   3234180
  9.262040e+00   1.760608e-20   3.067094e-03   3.693403e-21   3184556
  9.272670e+00   1.342744e-20   3.070362e-03   3.701706e-21   3137238
  9.283304e+00   1.130009e-20   3.070377e-03   3.693656e-21   3087670
  9.293936e+00   1.652075e-20   3.068566e-03   3.694154e-21   3037460
  9.304560e+00   8.667007e-21   3.064548e-03   3.692872e-21   2985736
  9.315180e+00   1.264696e-20   3.066413e-03   3.688737e-21   2939708
  9.325811e+00   1.052260e-20   3.071553e-03   3.683638e-21   2897012
  9.336443e+00   1.959613e-20   3.067620e-03   3.676572e-21   2846890
  9.347067e+00   4.519315e-21   3.065693e-03   3.677953e-21   2799588
  9.357689e+00   7.570151e-22   3.066395e-03   3.678650e-21   2754954
  9.368315e+00   1.214548e-20   3.068270e-03   3.678284e-21   2711500
  9.378948e+00   1.026814e-20   3.070601e-03   3.683485e-21   2669006
  9.389576e+00   1.186281e-20   3.065837e-03   3.683146e-21   2621264
  9.400202e+00   1.109442e-20   3.068913e-03   3.681289e-21   2580726
  9.410830e+00   9.011229e-21   3.067141e-03   3.681609e-21   2536470
  9.421456e+00   1.791396e-20   3.067445e-03   3.680389e-21   2494370
  9.432084e+00   1.628694e-20   3.068834e-03   3.682695e-21   2453556
  9.442716e+00   2.662216e-20   3.070117e-03   3.687012e-21   2413246
  9.453347e+00   1.310831e-20   3.067994e-03   3.691127e-21   2370914
  9.463973e+00   6.895995e-21   3.067217e-03   3.699844e-21   2330126
  9.474601e+00   9.472557e-21   3.068570e-03   3.712540e-21   2291406
  9.485227e+00   1.046196e-20   3.066158e-03   3.711892e-21   2250410
  9.495850e+00   7.622209e-21   3.066006e-03   3.711051e-21   2211486
  9.506474e+00   1.591055e-20   3.067734e-03   3.714775e-21   2174194
  9.517102e+00   2.173043e-20   3.068176e-03   3.725491e-21   2136416
  9.527733e+00   2.203839e-20   3.069929e-03   3.730777e-21   2100070
  9.538360e+00   1.286282e-20   3.065560e-03   3.733466e-21   2060026
  9.548986e+00   1.226183e-20   3.069362e-03   3.746733e-21   2025910
  9.559615e+00   1.894633e-20   3.067530e-03   3.760321e-21   1988576
  9.570241e+00   1.897812e-20   3.067060e-03   3.769190e-21   1952610
  9.580867e+00   5.437672e-21   3.067361e-03   3.774251e-21   1917470
  9.591493e+00   1.653219e-20   3.067399e-03   3.795260e-21   1882484
  9.602120e+00   1.529378e-20   3.068076e-03   3.796921e-21   1848262
  9.612753e+00   9.158321e-21   3.071327e-03   3.801546e-21   1816024
  9.623386e+00   9.101076e-21   3.068076e-03   3.817687e-21   1780418
  9.634012e+00   1.061279e-20   3.067038e-03   3.829505e-21   1746576
  9.644639e+00   1.168806e-20   3.068628e-03   3.837044e-21   1714622
  9.655268e+00   1.295269e-20   3.067669e-03   3.850668e-21   1681692
  9.665895e+00   1.323133e-20   3.067468e-03   3.870906e-21   1649574
  9.676515e+00   1.967155e-20   3.063511e-03   3.890311e-21   1615788
  9.687137e+00   7.773306e-21   3.068656e-03   3.908190e-21   1587064
  9.697769e+00   1.860860e-20   3.069826e-03   3.915574e-21   1556598
  9.708400e+00   2.426011e-21   3.068471e-03   3.931227e-21   1525380
  9.719030e+00   -3.712002e-21   3.068670e-03   3.946209e-21   1495360
  9.729656e+00   6.732394e-21   3.066126e-03   3.966009e-21   1464370
  9.740281e+00   1.417303e-20   3.067601e-03   3.974513e-21   1435656
  9.750907e+00   1.455797e-20   3.067002e-03   4.006479e-21   1406304
  9.761532e+00   1.089192e-20   3.067147e-03   4.023373e-21   1377628
  9.772159e+00   7.062398e-21   3.068370e-03   4.061080e-21   1349744
  9.782788e+00   1.262962e-20   3.068343e-03   4.071179e-21   1321682
  9.793418e+00   9.600750e-21   3.069098e-03   4.088154e-21   1294376
  9.804048e+00   1.321709e-20   3.068140e-03   4.117521e-21   1266768
  9.814673e+00   1.208549e-20   3.066275e-03   4.139135e-21   1239172
  9.825295e+00   3.370546e-21   3.065238e-03   4.163151e-21   1212224
  9.835918e+00   1.331640e-20   3.067386e-03   4.177563e-21   1186796
  9.846547e+00   9.991733e-21   3.069034e-03   4.211090e-21   1161432
  9.857176e+00   1.519709e-20   3.067927e-03   4.246356e-21   1135408
  9.867804e+00   1.163306e-20   3.068239e-03   4.279395e-21   1110324
  9.878434e+00   4.442776e-21   3.068926e-03   4.305079e-21   1085680
  9.889062e+00   4.099395e-21   3.066842e-03   4.331397e-21   1060364
  9.899688e+00   7.511749e-21   3.068767e-03   4.353366e-21   1036736
  9.910321e+00   1.844254e-20   3.070562e-03   4.385793e-21   1013388
  9.920951e+00   8.092999e-21   3.066769e-03   4.429212e-21   988656
  9.931575e+00   6.568634e-21   3.066738e-03   4.468928e-21   965530
  9.942197e+00   1.119345e-20   3.064855e-03   4.492955e-21   942100
  9.952819e+00   8.837046e-21   3.066142e-03   4.525817e-21   919888
  9.963442e+00   1.357887e-20   3.066491e-03   4.571173e-21   897628
  9.974067e+00   1.713462e-21   3.067504e-03   4.613395e-21   875856
  9.984696e+00   8.946068e-21   3.069599e-03   4.650135e-21   854736
  9.995330e+00   5.717548e-21   3.070044e-03   4.682954e-21   833510
  1.000596e+01   2.216778e-20   3.068120e-03   4.731271e-21   811976
  1.001659e+01   1.167841e-20   3.066566e-03   4.780202e-21   790844
  1.002721e+01   1.078014e-20   3.066302e-03   4.822276e-21   770320
  1.003784e+01   1.685246e-20   3.069162e-03   4.861542e-21   750838
  1.004847e+01   -4.743517e-23   3.068729e-03   4.925178e-21   730864
  1.005909e+01   1.817263e-20   3.067039e-03   4.978160e-21   710984
  1.006972e+01   -5.772850e-21   3.067274e-03   5.027535e-21   691894
  1.008035e+01   3.165272e-20   3.066106e-03   5.080690e-21   672776
  1.009097e+01   2.092703e-20   3.067065e-03   5.148546e-21   654372
  1.010160e+01   4.378562e-21   3.065537e-03   5.209913e-21   635682
  1.011222e+01   8.647420e-21   3.064886e-03   5.285482e-21   617460
  1.012284e+01   6.698399e-21   3.066767e-03   5.316410e-21   600024
  1.013346e+01   1.337043e-20   3.068404e-03   5.395770e-21   582830
  1.014410e+01   1.004226e-21   3.070337e-03   5.447941e-21   566000
  1.015473e+01   2.427359e-20   3.066543e-03   5.531242e-21   548458
  1.016535e+01   1.579180e-21   3.067619e-03   5.594151e-21   532084
  1.017598e+01   4.138049e-21   3.065740e-03   5.660312e-21   515440
  1.018660e+01   6.930026e-21   3.064533e-03   5.754758e-21   499174
  1.019722e+01   6.420981e-21   3.064552e-03   5.830411e-21   483368
  1.020784e+01   6.078303e-21   3.067558e-03   5.916584e-21   468270
  1.021847e+01   1.818416e-20   3.071740e-03   5.991460e-21   453568
  1.022911e+01   5.745005e-21   3.068522e-03   6.092513e-21   438106
  1.023974e+01   3.763534e-21   3.068674e-03   6.183752e-21   423508
  1.025036e+01   6.313091e-21   3.065352e-03   6.269432e-21   408754
  1.026098e+01   5.963630e-21   3.064549e-03   6.390961e-21   394612
  1.027160e+01   2.758240e-21   3.064825e-03   6.449723e-21   380826
  1.028223e+01   1.916046e-20   3.063635e-03   6.627761e-21   367086
  1.029285e+01   1.654822e-20   3.065226e-03   6.707096e-21   353904
  1.030347e+01   2.279876e-20   3.067842e-03   6.826671e-21   341046
  1.031410e+01   2.169462e-21   3.067827e-03   6.950771e-21   328144
  1.032473e+01   1.792740e-20   3.068491e-03   7.059986e-21   315598
  1.033536e+01   3.219953e-20   3.070442e-03   7.207459e-21   303466
  1.034599e+01   2.490398e-20   3.070558e-03   7.348352e-21   291456
  1.035662e+01   7.746754e-21   3.069010e-03   7.458709e-21   279614
  1.036725e+01   3.048319e-20   3.062765e-03   7.610221e-21   267680
  1.037786e+01   1.367297e-20   3.061142e-03   7.835716e-21   256438
  1.038848e+01   1.913675e-20   3.062004e-03   7.970044e-21   245618
  1.039909e+01   1.384557e-20   3.058865e-03   8.167993e-21   234708
  1.040970e+01   1.234870e-20   3.057929e-03   8.326762e-21   224210
  1.042032e+01   1.442325e-20   3.058509e-03   8.513178e-21   214046
  1.043093e+01   5.762764e-20   3.059874e-03   8.743952e-21   204152
  1.044155e+01   1.875408e-20   3.062766e-03   8.884211e-21   194558
  1.045217e+01   1.697395e-21   3.062838e-03   9.197132e-21   185018
  1.046279e+01   -2.761566e-23   3.066092e-03   9.429800e-21   175918
  1.047341e+01   1.333054e-21   3.068348e-03   9.649251e-21   166992
  1.048404e+01   4.082796e-23   3.070094e-03   9.842303e-21   158294
  1.049468e+01   1.882418e-20   3.071097e-03   1.016539e-20   149842
  1.050531e+01   -4.997761e-21   3.068653e-03   1.040907e-20   141530
  1.051593e+01   2.987828e-20   3.060509e-03   1.071865e-20   133284
  1.052654e+01   8.934382e-22   3.057354e-03   1.109132e-20   125546
  1.053715e+01   1.425819e-20   3.051144e-03   1.144800e-20   117950
  1.054776e+01   5.810128e-20   3.048602e-03   1.183751e-20   110746
  1.055836e+01   2.338869e-20   3.039799e-03   1.214896e-20   103572
  1.056895e+01   2.266423e-20   3.036073e-03   1.261331e-20   96818
  1.057954e+01   8.687932e-21   3.031333e-03   1.324281e-20   90262
  1.059013e+01   1.027536e-20   3.027317e-03   1.369906e-20   83970
  1.060072e+01   -1.142061e-20   3.019853e-03   1.422258e-20   77846
  1.061129e+01   -2.154200e-21   3.012052e-03   1.477074e-20   71984
  1.062186e+01   1.471754e-20   3.005730e-03   1.543643e-20   66398
  1.063243e+01   -4.875284e-21   3.000369e-03   1.595512e-20   61058
  1.064300e+01   -3.025106e-21   2.995714e-03   1.675215e-20   55958
  1.065357e+01   -3.640602e-20   2.990697e-03   1.763988e-20   51082
  1.066413e+01   -2.124225e-20   2.981767e-03   1.850860e-20   46398
  1.067469e+01   1.682476e-20   2.970930e-03   1.941197e-20   41954
  1.068524e+01   -8.042670e-21   2.955045e-03   2.062644e-20   37718
  1.069578e+01   -3.983959e-20   2.938133e-03   2.134318e-20   33736
  1.070631e+01   -1.194877e-20   2.922830e-03   2.287355e-20   30006
  1.071684e+01   -1.722844e-20   2.912268e-03   2.459428e-20   26522
  1.072739e+01   1.304536e-20   2.905476e-03   2.595576e-20   23254
  1.073793e+01   2.525688e-20   2.895825e-03   2.861400e-20   20178
  1.074848e+01   5.831311e-21   2.890787e-03   3.095587e-20   17342
  1.075903e+01   4.396677e-21   2.886580e-03   3.313651e-20   14714
  1.076959e+01   7.369531e-20   2.887906e-03   3.610021e-20   12310
  1.078015e+01   -5.678612e-20   2.880436e-03   4.121625e-20   10098
  1.079071e+01   1.242088e-20   2.879327e-03   4.584567e-20   8126
  1.080127e+01   -6.912407e-20   2.877797e-03   5.066719e-20   6362
  1.081184e+01   1.115280e-20   2.888638e-03   5.804162e-20   4822
  1.082239e+01   -2.376437e-20   2.872451e-03   6.973515e-20   3474
  1.083292e+01   -2.511900e-19   2.869225e-03   8.480905e-20   2366
  1.084344e+01   2.595680e-19   2.860034e-03   1.091587e-19   1466
  1.085397e+01   -1.273277e-19   2.925135e-03   1.377432e-19   790
  1.086426e+01   -2.601533e-19   2.767211e-03   2.347700e-19   306
  1.087389e+01   -1.882307e-18   2.357714e-03   6.325713e-19   62
