# cross spectrum of phi(z1) and phi(z2)
# redshift z=1.990984
# k              Pk             sigma(k)       sigma(Pk)      count
  7.830312e-03   2.649822e-10   1.198114e-03   5.966076e-11   18
  1.686348e-02   3.142056e-10   2.897918e-03   3.002417e-11   152
  2.725284e-02   1.876298e-10   3.060867e-03   8.772857e-12   416
  3.742835e-02   1.028193e-10   2.912555e-03   3.847685e-12   770
  4.808679e-02   6.460615e-11   3.119650e-03   1.893865e-12   1364
  5.876109e-02   4.239103e-11   3.054550e-03   9.636038e-13   1976
  6.939824e-02   3.234334e-11   3.112555e-03   6.157239e-13   2792
  7.984642e-02   2.356592e-11   2.971805e-03   4.027046e-13   3578
  9.038229e-02   1.699134e-11   3.049521e-03   2.512445e-13   4724
  1.011318e-01   1.255028e-11   3.134595e-03   1.661016e-13   6032
  1.117485e-01   9.821884e-12   3.016599e-03   1.198607e-13   7072
  1.222702e-01   8.255410e-12   3.056387e-03   9.068762e-14   8634
  1.329722e-01   7.014903e-12   3.095256e-03   7.009923e-14   10336
  1.436677e-01   5.665671e-12   3.082009e-03   5.125205e-14   11940
  1.541872e-01   4.545609e-12   3.021465e-03   4.015646e-14   13490
  1.647185e-01   3.760114e-12   3.054444e-03   2.981017e-14   15656
  1.754149e-01   3.180410e-12   3.102608e-03   2.390640e-14   18008
  1.860920e-01   2.808592e-12   3.069464e-03   1.996617e-14   19964
  1.966957e-01   2.448326e-12   3.066093e-03   1.648143e-14   22354
  2.072851e-01   2.088289e-12   3.030819e-03   1.341067e-14   24648
  2.179134e-01   1.797768e-12   3.083109e-03   1.084882e-14   27592
  2.285517e-01   1.562993e-12   3.075318e-03   8.991485e-15   30152
  2.391687e-01   1.383135e-12   3.069056e-03   7.652848e-15   33046
  2.497808e-01   1.258511e-12   3.053846e-03   6.721653e-15   35992
  2.604233e-01   1.129798e-12   3.074764e-03   5.755099e-15   39304
  2.710722e-01   1.023453e-12   3.082145e-03   4.973940e-15   42608
  2.817050e-01   8.996197e-13   3.058267e-03   4.272356e-15   45758
  2.923349e-01   8.032366e-13   3.072286e-03   3.686387e-15   49536
  3.029238e-01   7.290335e-13   3.039208e-03   3.235472e-15   52488
  3.135134e-01   6.720891e-13   3.084628e-03   2.859072e-15   57034
  3.241511e-01   5.996081e-13   3.061146e-03   2.461241e-15   60648
  3.347969e-01   5.545979e-13   3.076329e-03   2.212059e-15   65044
  3.454223e-01   5.113282e-13   3.057760e-03   1.964327e-15   68720
  3.560505e-01   4.641005e-13   3.078281e-03   1.731556e-15   73538
  3.667175e-01   4.268598e-13   3.076939e-03   1.549147e-15   78080
  3.773260e-01   3.968413e-13   3.039859e-03   1.408513e-15   81572
  3.879192e-01   3.675609e-13   3.081238e-03   1.261193e-15   87248
  3.985882e-01   3.388364e-13   3.084591e-03   1.136350e-15   92266
  4.092322e-01   3.155436e-13   3.063169e-03   1.035903e-15   96696
  4.198039e-01   2.927112e-13   3.037602e-03   9.420928e-16   100904
  4.303789e-01   2.721069e-13   3.065517e-03   8.554821e-16   107036
  4.410480e-01   2.549260e-13   3.089487e-03   7.733347e-16   113362
  4.517307e-01   2.372575e-13   3.072092e-03   7.063400e-16   118176
  4.623378e-01   2.231314e-13   3.054661e-03   6.549888e-16   122944
  4.729644e-01   2.091735e-13   3.083007e-03   5.939500e-16   129902
  4.836049e-01   1.940842e-13   3.061727e-03   5.405713e-16   134944
  4.942158e-01   1.843004e-13   3.064979e-03   5.047312e-16   140952
  5.048213e-01   1.717190e-13   3.064662e-03   4.636118e-16   147072
  5.154342e-01   1.621958e-13   3.060800e-03   4.250657e-16   153382
  5.260893e-01   1.537402e-13   3.082622e-03   3.918033e-16   160952
  5.367508e-01   1.446816e-13   3.070294e-03   3.642065e-16   166640
  5.473579e-01   1.368421e-13   3.057153e-03   3.422043e-16   172448
  5.579787e-01   1.295182e-13   3.077577e-03   3.140503e-16   180594
  5.686178e-01   1.224796e-13   3.060710e-03   2.918605e-16   186556
  5.792219e-01   1.161954e-13   3.063394e-03   2.748579e-16   193528
  5.898242e-01   1.108273e-13   3.060684e-03   2.566088e-16   200626
  6.004609e-01   1.047742e-13   3.076604e-03   2.386675e-16   209256
  6.111150e-01   1.001522e-13   3.069663e-03   2.238169e-16   216020
  6.217510e-01   9.524016e-14   3.075746e-03   2.092100e-16   223768
  6.323610e-01   9.002747e-14   3.055783e-03   1.957058e-16   230234
  6.429887e-01   8.610373e-14   3.074922e-03   1.840577e-16   239800
  6.536248e-01   8.202221e-14   3.063054e-03   1.724298e-16   246568
  6.642393e-01   7.860609e-14   3.068328e-03   1.625573e-16   254828
  6.748534e-01   7.490349e-14   3.064424e-03   1.526484e-16   263074
  6.854951e-01   7.136938e-14   3.071509e-03   1.437567e-16   272312
  6.961385e-01   6.828222e-14   3.070197e-03   1.357998e-16   280376
  7.067732e-01   6.553357e-14   3.071500e-03   1.288231e-16   288884
  7.174012e-01   6.237888e-14   3.068501e-03   1.205354e-16   297602
  7.280177e-01   6.028084e-14   3.057614e-03   1.151574e-16   305520
  7.386402e-01   5.758739e-14   3.075198e-03   1.082642e-16   315976
  7.492461e-01   5.499467e-14   3.052723e-03   1.026369e-16   322778
  7.598720e-01   5.326752e-14   3.080021e-03   9.786035e-17   335372
  7.705286e-01   5.066955e-14   3.068318e-03   9.217649e-17   343464
  7.811635e-01   4.864549e-14   3.070705e-03   8.693200e-17   352912
  7.917934e-01   4.690132e-14   3.070498e-03   8.318801e-17   362666
  8.024224e-01   4.531316e-14   3.063690e-03   7.941976e-17   371884
  8.130465e-01   4.336726e-14   3.069929e-03   7.523276e-17   382280
  8.236583e-01   4.182110e-14   3.060755e-03   7.154683e-17   390888
  8.342648e-01   4.021745e-14   3.067168e-03   6.822441e-17   402234
  8.448912e-01   3.889062e-14   3.064832e-03   6.523469e-17   412576
  8.555263e-01   3.724052e-14   3.071788e-03   6.182498e-17   423732
  8.661590e-01   3.604010e-14   3.068142e-03   5.930474e-17   433624
  8.767950e-01   3.472765e-14   3.072203e-03   5.641449e-17   445154
  8.874347e-01   3.338850e-14   3.069139e-03   5.385126e-17   455584
  8.980596e-01   3.222188e-14   3.064716e-03   5.138503e-17   465588
  9.086714e-01   3.101927e-14   3.065163e-03   4.890210e-17   476762
  9.193048e-01   3.006324e-14   3.073106e-03   4.688493e-17   489552
  9.299472e-01   2.909162e-14   3.069632e-03   4.519351e-17   500328
  9.405628e-01   2.810609e-14   3.059261e-03   4.317723e-17   509852
  9.511854e-01   2.712366e-14   3.074339e-03   4.137500e-17   524234
  9.618189e-01   2.628286e-14   3.061952e-03   3.967946e-17   534104
  9.724448e-01   2.531040e-14   3.070528e-03   3.789919e-17   547048
  9.830800e-01   2.459032e-14   3.073862e-03   3.654837e-17   559328
  9.937180e-01   2.377313e-14   3.070866e-03   3.492276e-17   571326
  1.004339e+00   2.305993e-14   3.060367e-03   3.357977e-17   581920
  1.014951e+00   2.225522e-14   3.064588e-03   3.229171e-17   594832
  1.025571e+00   2.161920e-14   3.068054e-03   3.097489e-17   608048
  1.036206e+00   2.089651e-14   3.070252e-03   2.972809e-17   621526
  1.046839e+00   2.021969e-14   3.066112e-03   2.853919e-17   633240
  1.057456e+00   1.962461e-14   3.064953e-03   2.754409e-17   645472
  1.068086e+00   1.911171e-14   3.075342e-03   2.656683e-17   660906
  1.078726e+00   1.851909e-14   3.067576e-03   2.565745e-17   672856
  1.089356e+00   1.790388e-14   3.067094e-03   2.464947e-17   685980
  1.099980e+00   1.739017e-14   3.067978e-03   2.376495e-17   699256
  1.110619e+00   1.682466e-14   3.074976e-03   2.277427e-17   714730
  1.121246e+00   1.635358e-14   3.059348e-03   2.201937e-17   725152
  1.131863e+00   1.587619e-14   3.067634e-03   2.128955e-17   740420
  1.142485e+00   1.538819e-14   3.069089e-03   2.051149e-17   754312
  1.153114e+00   1.496564e-14   3.069897e-03   1.979432e-17   769114
  1.163749e+00   1.460200e-14   3.069209e-03   1.909130e-17   783488
  1.174365e+00   1.412705e-14   3.058900e-03   1.840623e-17   794968
  1.184981e+00   1.378473e-14   3.070107e-03   1.787600e-17   812366
  1.195609e+00   1.338369e-14   3.065134e-03   1.726942e-17   825976
  1.206250e+00   1.300220e-14   3.075220e-03   1.662140e-17   843352
  1.216898e+00   1.267695e-14   3.073224e-03   1.613774e-17   857280
  1.227524e+00   1.232025e-14   3.063189e-03   1.563174e-17   869542
  1.238147e+00   1.199156e-14   3.070752e-03   1.509177e-17   887128
  1.248772e+00   1.164874e-14   3.063166e-03   1.461409e-17   900032
  1.259388e+00   1.129551e-14   3.067377e-03   1.409233e-17   916560
  1.270005e+00   1.099201e-14   3.061783e-03   1.366426e-17   930922
  1.280635e+00   1.071017e-14   3.071795e-03   1.319157e-17   949844
  1.291287e+00   1.043528e-14   3.076939e-03   1.279822e-17   966736
  1.301925e+00   1.017998e-14   3.065819e-03   1.243579e-17   978776
  1.312537e+00   9.914315e-15   3.064137e-03   1.210143e-17   994522
  1.323161e+00   9.625198e-15   3.068907e-03   1.169377e-17   1012420
  1.333794e+00   9.387958e-15   3.071598e-03   1.134445e-17   1029408
  1.344410e+00   9.145609e-15   3.058405e-03   1.100541e-17   1041658
  1.355032e+00   8.897481e-15   3.072381e-03   1.065501e-17   1063520
  1.365659e+00   8.669848e-15   3.060689e-03   1.032838e-17   1075808
  1.376294e+00   8.465685e-15   3.080019e-03   1.003276e-17   1098956
  1.386928e+00   8.237673e-15   3.061670e-03   9.759958e-18   1109810
  1.397545e+00   8.058306e-15   3.065288e-03   9.497879e-18   1128608
  1.408178e+00   7.856990e-15   3.073589e-03   9.212301e-18   1148264
  1.418813e+00   7.651967e-15   3.067917e-03   8.964312e-18   1163252
  1.429436e+00   7.456519e-15   3.067070e-03   8.678668e-18   1181042
  1.440060e+00   7.264724e-15   3.064325e-03   8.449315e-18   1197848
  1.450692e+00   7.084412e-15   3.073737e-03   8.186809e-18   1218848
  1.461323e+00   6.905603e-15   3.064859e-03   7.972359e-18   1232916
  1.471945e+00   6.742956e-15   3.068844e-03   7.734719e-18   1253002
  1.482566e+00   6.560230e-15   3.062284e-03   7.517915e-18   1268576
  1.493191e+00   6.413340e-15   3.071552e-03   7.337064e-18   1290128
  1.503822e+00   6.272563e-15   3.068342e-03   7.149250e-18   1307402
  1.514455e+00   6.097332e-15   3.069122e-03   6.933726e-18   1327028
  1.525083e+00   5.945432e-15   3.064970e-03   6.736851e-18   1343648
  1.535711e+00   5.827453e-15   3.070217e-03   6.592323e-18   1364096
  1.546341e+00   5.676542e-15   3.068950e-03   6.404910e-18   1382730
  1.556974e+00   5.541713e-15   3.068757e-03   6.225341e-18   1402164
  1.567604e+00   5.410342e-15   3.068159e-03   6.081258e-18   1420464
  1.578221e+00   5.273463e-15   3.063798e-03   5.923362e-18   1437368
  1.588847e+00   5.165434e-15   3.072142e-03   5.764335e-18   1461530
  1.599480e+00   5.029670e-15   3.065069e-03   5.604334e-18   1478264
  1.610108e+00   4.916929e-15   3.068902e-03   5.478458e-18   1499356
  1.620732e+00   4.788855e-15   3.065238e-03   5.337531e-18   1517016
  1.631360e+00   4.694099e-15   3.070849e-03   5.206529e-18   1540090
  1.641988e+00   4.581623e-15   3.065366e-03   5.077769e-18   1557360
  1.652609e+00   4.469516e-15   3.066926e-03   4.948283e-18   1577780
  1.663242e+00   4.369131e-15   3.075107e-03   4.828484e-18   1602578
  1.673875e+00   4.266028e-15   3.063542e-03   4.708776e-18   1617672
  1.684498e+00   4.177567e-15   3.069033e-03   4.597079e-18   1641016
  1.695122e+00   4.080732e-15   3.065080e-03   4.492766e-18   1659416
  1.705746e+00   3.978050e-15   3.068431e-03   4.373123e-18   1682670
  1.716382e+00   3.890958e-15   3.070690e-03   4.269030e-18   1705256
  1.727024e+00   3.797550e-15   3.071890e-03   4.167612e-18   1726312
  1.737645e+00   3.709931e-15   3.062639e-03   4.072020e-18   1741880
  1.748261e+00   3.633773e-15   3.067156e-03   3.981454e-18   1766454
  1.758897e+00   3.554314e-15   3.073105e-03   3.881555e-18   1791784
  1.769528e+00   3.475422e-15   3.063894e-03   3.807611e-18   1807712
  1.780139e+00   3.392816e-15   3.062775e-03   3.713824e-18   1829002
  1.790759e+00   3.308869e-15   3.067263e-03   3.621869e-18   1854216
  1.801400e+00   3.239844e-15   3.074631e-03   3.540401e-18   1880156
  1.812037e+00   3.157307e-15   3.068349e-03   3.454787e-18   1897568
  1.822663e+00   3.102024e-15   3.068475e-03   3.380190e-18   1920458
  1.833288e+00   3.033310e-15   3.065997e-03   3.309657e-18   1942208
  1.843915e+00   2.963426e-15   3.067813e-03   3.242394e-18   1965612
  1.854544e+00   2.893815e-15   3.069639e-03   3.157193e-18   1989000
  1.865168e+00   2.831626e-15   3.064465e-03   3.087132e-18   2009114
  1.875791e+00   2.766051e-15   3.067400e-03   3.020283e-18   2034464
  1.886424e+00   2.706645e-15   3.070174e-03   2.958907e-18   2058476
  1.897052e+00   2.644241e-15   3.068039e-03   2.890805e-18   2079648
  1.907673e+00   2.592375e-15   3.065891e-03   2.833687e-18   2102578
  1.918306e+00   2.535219e-15   3.070742e-03   2.769171e-18   2129928
  1.928942e+00   2.477715e-15   3.069733e-03   2.712804e-18   2152096
  1.939563e+00   2.426576e-15   3.062858e-03   2.661033e-18   2171142
  1.950185e+00   2.375847e-15   3.069150e-03   2.601871e-18   2200248
  1.960824e+00   2.314964e-15   3.071017e-03   2.536048e-18   2225216
  1.971460e+00   2.268011e-15   3.070942e-03   2.488523e-18   2248448
  1.982084e+00   2.221284e-15   3.064272e-03   2.440535e-18   2267942
  1.992710e+00   2.169897e-15   3.071051e-03   2.385080e-18   2298072
  2.003337e+00   2.126219e-15   3.064068e-03   2.345671e-18   2317272
  2.013961e+00   2.076387e-15   3.069747e-03   2.292330e-18   2345808
  2.024580e+00   2.029620e-15   3.062469e-03   2.245305e-18   2365650
  2.035206e+00   1.992663e-15   3.069930e-03   2.200140e-18   2396940
  2.045842e+00   1.945349e-15   3.069936e-03   2.150772e-18   2421272
  2.056473e+00   1.906750e-15   3.068399e-03   2.114328e-18   2444576
  2.067102e+00   1.862909e-15   3.069748e-03   2.069896e-18   2471490
  2.077728e+00   1.824063e-15   3.064854e-03   2.030172e-18   2493180
  2.088349e+00   1.784547e-15   3.068019e-03   1.985897e-18   2520952
  2.098972e+00   1.746433e-15   3.065319e-03   1.951411e-18   2544946
  2.109598e+00   1.707672e-15   3.068311e-03   1.911796e-18   2573856
  2.120230e+00   1.671511e-15   3.069026e-03   1.873659e-18   2600016
  2.130862e+00   1.637315e-15   3.069102e-03   1.835953e-18   2625484
  2.141490e+00   1.603380e-15   3.068080e-03   1.802864e-18   2651122
  2.152130e+00   1.565506e-15   3.074348e-03   1.764042e-18   2683488
  2.162754e+00   1.533614e-15   3.059466e-03   1.737381e-18   2696352
  2.173371e+00   1.500649e-15   3.071171e-03   1.698212e-18   2733020
  2.184002e+00   1.468327e-15   3.067530e-03   1.669520e-18   2757378
  2.194631e+00   1.442025e-15   3.067942e-03   1.638103e-18   2784864
  2.205259e+00   1.407277e-15   3.067811e-03   1.605487e-18   2811168
  2.215874e+00   1.377558e-15   3.061061e-03   1.579104e-18   2832274
  2.226505e+00   1.349710e-15   3.075611e-03   1.548809e-18   2873636
  2.237142e+00   1.321210e-15   3.064877e-03   1.520507e-18   2890496
  2.247766e+00   1.291098e-15   3.069851e-03   1.491934e-18   2921800
  2.258399e+00   1.267087e-15   3.071101e-03   1.463174e-18   2951298
  2.269032e+00   1.238693e-15   3.066274e-03   1.440077e-18   2975476
  2.279663e+00   1.213145e-15   3.071375e-03   1.409334e-18   3007728
  2.290285e+00   1.187365e-15   3.061886e-03   1.386759e-18   3025776
  2.300910e+00   1.161878e-15   3.072955e-03   1.360621e-18   3065762
  2.311540e+00   1.136440e-15   3.063208e-03   1.335954e-18   3084856
  2.322162e+00   1.111494e-15   3.068985e-03   1.312350e-18   3118044
  2.332782e+00   1.087143e-15   3.064319e-03   1.288484e-18   3141352
  2.343410e+00   1.070137e-15   3.072036e-03   1.268264e-18   3179274
  2.354046e+00   1.042985e-15   3.067682e-03   1.243026e-18   3204120
  2.364668e+00   1.022385e-15   3.063610e-03   1.223783e-18   3227900
  2.375288e+00   9.998991e-16   3.068722e-03   1.201261e-18   3262394
  2.385925e+00   9.769747e-16   3.071814e-03   1.179276e-18   3295680
  2.396559e+00   9.571256e-16   3.067166e-03   1.159010e-18   3319560
  2.407184e+00   9.424257e-16   3.068070e-03   1.139823e-18   3348972
  2.417810e+00   9.194560e-16   3.068540e-03   1.120282e-18   3379722
  2.428441e+00   8.989217e-16   3.068348e-03   1.101617e-18   3410720
  2.439075e+00   8.812133e-16   3.069517e-03   1.083701e-18   3441504
  2.449697e+00   8.632806e-16   3.063301e-03   1.065892e-18   3463624
  2.460317e+00   8.440087e-16   3.068043e-03   1.045779e-18   3499790
  2.470951e+00   8.263328e-16   3.070702e-03   1.029800e-18   3533560
  2.481588e+00   8.089325e-16   3.069830e-03   1.010813e-18   3561920
  2.492209e+00   7.913296e-16   3.064208e-03   9.954712e-19   3585208
  2.502830e+00   7.757788e-16   3.069185e-03   9.758645e-19   3622518
  2.513468e+00   7.588409e-16   3.072344e-03   9.596955e-19   3657584
  2.524094e+00   7.421945e-16   3.062507e-03   9.467173e-19   3676440
  2.534707e+00   7.273063e-16   3.065232e-03   9.304268e-19   3711282
  2.545334e+00   7.144400e-16   3.068763e-03   9.156618e-19   3747696
  2.555965e+00   6.976217e-16   3.067225e-03   8.996964e-19   3776188
  2.566601e+00   6.873527e-16   3.074483e-03   8.853475e-19   3815304
  2.577232e+00   6.688994e-16   3.064660e-03   8.710591e-19   3835370
  2.587856e+00   6.563292e-16   3.068926e-03   8.574593e-19   3873424
  2.598487e+00   6.419981e-16   3.067978e-03   8.433504e-19   3903420
  2.609117e+00   6.289992e-16   3.070036e-03   8.299903e-19   3937624
  2.619745e+00   6.151599e-16   3.066011e-03   8.164916e-19   3965658
  2.630375e+00   6.024726e-16   3.069802e-03   8.029549e-19   4002984
  2.641001e+00   5.898118e-16   3.065136e-03   7.909732e-19   4027928
  2.651616e+00   5.764088e-16   3.064941e-03   7.782074e-19   4059844
  2.662241e+00   5.680477e-16   3.069945e-03   7.676336e-19   4100338
  2.672876e+00   5.537225e-16   3.069128e-03   7.543692e-19   4132264
  2.683506e+00   5.404925e-16   3.068474e-03   7.424753e-19   4163216
  2.694131e+00   5.332741e-16   3.066146e-03   7.315666e-19   4193350
  2.704761e+00   5.205419e-16   3.071068e-03   7.202428e-19   4234456
  2.715390e+00   5.113191e-16   3.064079e-03   7.097142e-19   4257264
  2.726012e+00   4.993477e-16   3.069774e-03   6.984438e-19   4297352
  2.736640e+00   4.879483e-16   3.067495e-03   6.872973e-19   4328642
  2.747272e+00   4.785099e-16   3.070663e-03   6.762266e-19   4367948
  2.757895e+00   4.684995e-16   3.061799e-03   6.666710e-19   4388384
  2.768519e+00   4.580243e-16   3.072247e-03   6.562513e-19   4436648
  2.779154e+00   4.497765e-16   3.067997e-03   6.473233e-19   4465658
  2.789787e+00   4.393348e-16   3.069677e-03   6.367696e-19   4502948
  2.800413e+00   4.301238e-16   3.064787e-03   6.272358e-19   4528880
  2.811033e+00   4.222155e-16   3.067181e-03   6.184686e-19   4566290
  2.821663e+00   4.133162e-16   3.070655e-03   6.094768e-19   4606856
  2.832293e+00   4.040558e-16   3.066552e-03   5.997071e-19   4635380
  2.842916e+00   3.968484e-16   3.067131e-03   5.919126e-19   4670384
  2.853543e+00   3.879578e-16   3.069161e-03   5.821997e-19   4709258
  2.864179e+00   3.789531e-16   3.070324e-03   5.731479e-19   4747352
  2.874805e+00   3.739649e-16   3.063655e-03   5.661954e-19   4771664
  2.885427e+00   3.650617e-16   3.068600e-03   5.570945e-19   4813532
  2.896058e+00   3.577404e-16   3.070437e-03   5.484399e-19   4852322
  2.906693e+00   3.494571e-16   3.069013e-03   5.414435e-19   4886480
  2.917320e+00   3.414221e-16   3.066289e-03   5.335288e-19   4917248
  2.927939e+00   3.353025e-16   3.065099e-03   5.262664e-19   4950828
  2.938569e+00   3.296426e-16   3.072788e-03   5.184578e-19   5000170
  2.949204e+00   3.214450e-16   3.066857e-03   5.108041e-19   5026952
  2.959825e+00   3.153385e-16   3.064676e-03   5.041958e-19   5058752
  2.970445e+00   3.082967e-16   3.067741e-03   4.959148e-19   5100722
  2.981076e+00   3.023259e-16   3.068979e-03   4.891963e-19   5140124
  2.991706e+00   2.957156e-16   3.067937e-03   4.818257e-19   5174072
  3.002335e+00   2.894774e-16   3.068928e-03   4.760606e-19   5211608
  3.012962e+00   2.836951e-16   3.067917e-03   4.688229e-19   5247794
  3.023589e+00   2.772247e-16   3.066908e-03   4.629320e-19   5284196
  3.034222e+00   2.725279e-16   3.071657e-03   4.554221e-19   5328800
  3.044847e+00   2.666496e-16   3.063109e-03   4.494197e-19   5350872
  3.055470e+00   2.615572e-16   3.069608e-03   4.434244e-19   5400634
  3.066097e+00   2.550659e-16   3.065291e-03   4.368684e-19   5430968
  3.076725e+00   2.496882e-16   3.070185e-03   4.313233e-19   5475908
  3.087355e+00   2.464264e-16   3.068352e-03   4.257167e-19   5510016
  3.097986e+00   2.402469e-16   3.069695e-03   4.199509e-19   5552114
  3.108620e+00   2.356505e-16   3.068841e-03   4.139531e-19   5588944
  3.119249e+00   2.316308e-16   3.067703e-03   4.084611e-19   5623828
  3.129873e+00   2.258585e-16   3.066629e-03   4.027203e-19   5660722
  3.140497e+00   2.215083e-16   3.066422e-03   3.974558e-19   5699896
  3.151124e+00   2.171484e-16   3.068968e-03   3.915926e-19   5741936
  3.161754e+00   2.125907e-16   3.069010e-03   3.861633e-19   5779568
  3.172381e+00   2.084091e-16   3.067639e-03   3.814093e-19   5817222
  3.183006e+00   2.036826e-16   3.066013e-03   3.766524e-19   5854600
  3.193635e+00   1.994450e-16   3.069791e-03   3.711397e-19   5900040
  3.204262e+00   1.961422e-16   3.066501e-03   3.665079e-19   5931976
  3.214890e+00   1.918819e-16   3.070101e-03   3.614136e-19   5979390
  3.225518e+00   1.887245e-16   3.065321e-03   3.569327e-19   6010200
  3.236144e+00   1.835555e-16   3.069327e-03   3.518737e-19   6056496
  3.246769e+00   1.810322e-16   3.066211e-03   3.477335e-19   6089504
  3.257396e+00   1.771028e-16   3.069391e-03   3.429189e-19   6137114
  3.268025e+00   1.737343e-16   3.067201e-03   3.384389e-19   6173332
  3.278652e+00   1.692233e-16   3.067882e-03   3.338954e-19   6214128
  3.289279e+00   1.657604e-16   3.067306e-03   3.294671e-19   6253874
  3.299910e+00   1.625897e-16   3.069629e-03   3.249510e-19   6300104
  3.310539e+00   1.589999e-16   3.066365e-03   3.212009e-19   6332612
  3.321166e+00   1.567400e-16   3.070240e-03   3.169023e-19   6379768
  3.331797e+00   1.532819e-16   3.068597e-03   3.124830e-19   6418218
  3.342427e+00   1.501939e-16   3.068360e-03   3.091655e-19   6459880
  3.353052e+00   1.470735e-16   3.066116e-03   3.048430e-19   6495652
  3.363680e+00   1.439976e-16   3.070231e-03   3.006788e-19   6545296
  3.374311e+00   1.405659e-16   3.067227e-03   2.969355e-19   6581570
  3.384935e+00   1.382993e-16   3.065246e-03   2.934651e-19   6618960
  3.395556e+00   1.355153e-16   3.067158e-03   2.894628e-19   6663352
  3.406178e+00   1.324948e-16   3.065376e-03   2.860179e-19   6701334
  3.416809e+00   1.299560e-16   3.072512e-03   2.820368e-19   6759920
  3.427444e+00   1.268856e-16   3.067179e-03   2.782995e-19   6789696
  3.438073e+00   1.249663e-16   3.069955e-03   2.749356e-19   6837208
  3.448703e+00   1.220402e-16   3.067492e-03   2.721126e-19   6874966
  3.459333e+00   1.193394e-16   3.068613e-03   2.681088e-19   6920864
  3.469960e+00   1.174947e-16   3.066758e-03   2.651095e-19   6957816
  3.480585e+00   1.148503e-16   3.068144e-03   2.614652e-19   7002232
  3.491208e+00   1.128325e-16   3.066540e-03   2.585629e-19   7043114
  3.501840e+00   1.102920e-16   3.070403e-03   2.551009e-19   7096020
  3.512471e+00   1.079742e-16   3.067394e-03   2.519674e-19   7130640
  3.523097e+00   1.068154e-16   3.068276e-03   2.489503e-19   7175472
  3.533723e+00   1.038949e-16   3.067248e-03   2.458993e-19   7217786
  3.544353e+00   1.015741e-16   3.068999e-03   2.429442e-19   7265564
  3.554979e+00   1.001094e-16   3.066319e-03   2.398065e-19   7301288
  3.565600e+00   9.747813e-17   3.066375e-03   2.370696e-19   7345330
  3.576227e+00   9.610031e-17   3.069052e-03   2.340835e-19   7397048
  3.586856e+00   9.426775e-17   3.067039e-03   2.313916e-19   7435920
  3.597485e+00   9.250333e-17   3.069220e-03   2.285052e-19   7484140
  3.608113e+00   9.092929e-17   3.067643e-03   2.256649e-19   7525578
  3.618741e+00   8.873880e-17   3.067518e-03   2.228774e-19   7571376
  3.629371e+00   8.782195e-17   3.068480e-03   2.202789e-19   7617064
  3.640002e+00   8.504693e-17   3.069456e-03   2.176077e-19   7662092
  3.650627e+00   8.401897e-17   3.066324e-03   2.150731e-19   7699658
  3.661254e+00   8.223286e-17   3.068945e-03   2.122000e-19   7752416
  3.671886e+00   8.096394e-17   3.069408e-03   2.099471e-19   7797776
  3.682511e+00   7.859813e-17   3.065176e-03   2.074772e-19   7831720
  3.693136e+00   7.742714e-17   3.069723e-03   2.050301e-19   7889926
  3.703768e+00   7.645710e-17   3.067981e-03   2.023693e-19   7931480
  3.714397e+00   7.478278e-17   3.068251e-03   2.000002e-19   7976688
  3.725016e+00   7.340440e-17   3.062621e-03   1.977273e-19   8007786
  3.735639e+00   7.195248e-17   3.070332e-03   1.953253e-19   8074564
  3.746275e+00   7.050742e-17   3.070085e-03   1.929066e-19   8118904
  3.756904e+00   6.913252e-17   3.066957e-03   1.907850e-19   8155824
  3.767533e+00   6.777665e-17   3.070641e-03   1.882515e-19   8212802
  3.778161e+00   6.646933e-17   3.065118e-03   1.863956e-19   8245268
  3.788791e+00   6.535610e-17   3.071754e-03   1.840411e-19   8308816
  3.799422e+00   6.409305e-17   3.066301e-03   1.819650e-19   8340304
  3.810044e+00   6.311456e-17   3.066222e-03   1.798253e-19   8387738
  3.820668e+00   6.215223e-17   3.067207e-03   1.776952e-19   8437624
  3.831296e+00   6.029537e-17   3.068826e-03   1.756815e-19   8487796
  3.841921e+00   5.986732e-17   3.066430e-03   1.735982e-19   8527936
  3.852549e+00   5.853310e-17   3.069409e-03   1.717123e-19   8585122
  3.863180e+00   5.708289e-17   3.067925e-03   1.696575e-19   8628200
  3.873811e+00   5.616208e-17   3.069670e-03   1.676047e-19   8679484
  3.884439e+00   5.502691e-17   3.067320e-03   1.659599e-19   8721466
  3.895064e+00   5.407214e-17   3.065795e-03   1.637822e-19   8765840
  3.905692e+00   5.317168e-17   3.070355e-03   1.619822e-19   8825136
  3.916320e+00   5.205151e-17   3.066753e-03   1.599743e-19   8861768
  3.926948e+00   5.085511e-17   3.069321e-03   1.582192e-19   8919278
  3.937577e+00   5.009534e-17   3.066595e-03   1.565513e-19   8961008
  3.948205e+00   4.913311e-17   3.068779e-03   1.547417e-19   9014456
  3.958835e+00   4.839980e-17   3.068818e-03   1.531337e-19   9062240
  3.969465e+00   4.729114e-17   3.068277e-03   1.513287e-19   9110510
  3.980091e+00   4.676176e-17   3.066455e-03   1.495662e-19   9154048
  3.990712e+00   4.588038e-17   3.065703e-03   1.479656e-19   9198928
  4.001336e+00   4.492834e-17   3.068826e-03   1.461593e-19   9257194
  4.011967e+00   4.447010e-17   3.069362e-03   1.446268e-19   9310168
  4.022596e+00   4.376382e-17   3.066324e-03   1.429865e-19   9350316
  4.033222e+00   4.285698e-17   3.069210e-03   1.414111e-19   9407120
  4.043852e+00   4.213356e-17   3.068250e-03   1.398747e-19   9454642
  4.054482e+00   4.110494e-17   3.068405e-03   1.381751e-19   9506272
  4.065111e+00   4.020724e-17   3.067355e-03   1.367143e-19   9551228
  4.075735e+00   4.007319e-17   3.067594e-03   1.353369e-19   9600264
  4.086360e+00   3.922489e-17   3.067530e-03   1.336098e-19   9651458
  4.096991e+00   3.843589e-17   3.070122e-03   1.322291e-19   9711488
  4.107620e+00   3.780935e-17   3.066189e-03   1.307807e-19   9749144
  4.118247e+00   3.772123e-17   3.069033e-03   1.293506e-19   9807908
  4.128876e+00   3.653665e-17   3.067607e-03   1.279054e-19   9854786
  4.139508e+00   3.571652e-17   3.070269e-03   1.264361e-19   9914304
  4.150134e+00   3.551021e-17   3.064668e-03   1.251259e-19   9945544
  4.160753e+00   3.480176e-17   3.066794e-03   1.237858e-19   10003414
  4.171379e+00   3.395906e-17   3.068671e-03   1.224170e-19   10062032
  4.182011e+00   3.385252e-17   3.069142e-03   1.210169e-19   10114792
  4.192645e+00   3.324568e-17   3.070449e-03   1.197608e-19   10169936
  4.203267e+00   3.260487e-17   3.062650e-03   1.185883e-19   10196602
  4.213895e+00   3.210222e-17   3.072265e-03   1.171710e-19   10281156
  4.224526e+00   3.136891e-17   3.065688e-03   1.159570e-19   10309376
  4.235150e+00   3.105997e-17   3.068567e-03   1.146126e-19   10369856
  4.245775e+00   3.049828e-17   3.066063e-03   1.134778e-19   10415370
  4.256404e+00   3.013167e-17   3.070045e-03   1.121259e-19   10481988
  4.267039e+00   2.976919e-17   3.069556e-03   1.110384e-19   10531200
  4.277665e+00   2.898314e-17   3.065408e-03   1.099480e-19   10569416
  4.288289e+00   2.864980e-17   3.068216e-03   1.087202e-19   10633066
  4.298919e+00   2.820349e-17   3.068866e-03   1.075065e-19   10687548
  4.309552e+00   2.738137e-17   3.070419e-03   1.062641e-19   10743968
  4.320180e+00   2.755560e-17   3.065849e-03   1.052602e-19   10782130
  4.330801e+00   2.697917e-17   3.066095e-03   1.042479e-19   10837792
  4.341427e+00   2.669954e-17   3.068321e-03   1.031269e-19   10897368
  4.352058e+00   2.615478e-17   3.069642e-03   1.019706e-19   10953940
  4.362687e+00   2.586221e-17   3.067969e-03   1.009348e-19   11003274
  4.373313e+00   2.533508e-17   3.066343e-03   9.985498e-20   11052800
  4.383943e+00   2.487141e-17   3.070099e-03   9.880563e-20   11118176
  4.394573e+00   2.460580e-17   3.067934e-03   9.769623e-20   11162268
  4.405196e+00   2.420760e-17   3.066117e-03   9.680975e-20   11211458
  4.415820e+00   2.400066e-17   3.067310e-03   9.574467e-20   11271888
  4.426448e+00   2.379148e-17   3.068640e-03   9.466926e-20   11329304
  4.437073e+00   2.325523e-17   3.066385e-03   9.371012e-20   11375026
  4.447701e+00   2.272271e-17   3.069261e-03   9.276925e-20   11442532
  4.458330e+00   2.261531e-17   3.066551e-03   9.190733e-20   11487264
  4.468957e+00   2.206458e-17   3.068098e-03   9.086569e-20   11545680
  4.479587e+00   2.191803e-17   3.069842e-03   8.992613e-20   11607058
  4.490221e+00   2.178422e-17   3.069925e-03   8.906801e-20   11664300
  4.500851e+00   2.136013e-17   3.066963e-03   8.814879e-20   11707488
  4.511474e+00   2.129001e-17   3.066617e-03   8.729680e-20   11759536
  4.522104e+00   2.086138e-17   3.071176e-03   8.634313e-20   11833690
  4.532737e+00   2.070432e-17   3.067542e-03   8.546904e-20   11877808
  4.543362e+00   2.034585e-17   3.065778e-03   8.475793e-20   11925836
  4.553987e+00   1.988404e-17   3.068899e-03   8.375962e-20   11992168
  4.564616e+00   1.983551e-17   3.067784e-03   8.292814e-20   12044554
  4.575242e+00   1.967672e-17   3.067168e-03   8.208348e-20   12098976
  4.585865e+00   1.923815e-17   3.066173e-03   8.129984e-20   12149996
  4.596487e+00   1.899541e-17   3.067038e-03   8.041778e-20   12209594
  4.607117e+00   1.866753e-17   3.069983e-03   7.965432e-20   12279272
  4.617752e+00   1.842586e-17   3.070004e-03   7.890491e-20   12336072
  4.628383e+00   1.827879e-17   3.067416e-03   7.811337e-20   12381744
  4.639009e+00   1.802833e-17   3.068068e-03   7.732519e-20   12441590
  4.649637e+00   1.787135e-17   3.067557e-03   7.661947e-20   12497256
  4.660262e+00   1.780955e-17   3.066825e-03   7.584541e-20   12550032
  4.670884e+00   1.717246e-17   3.066185e-03   7.508927e-20   12603936
  4.681508e+00   1.736880e-17   3.068111e-03   7.435272e-20   12671230
  4.692142e+00   1.707771e-17   3.070828e-03   7.352220e-20   12740920
  4.702775e+00   1.684786e-17   3.067767e-03   7.292448e-20   12784560
  4.713398e+00   1.669846e-17   3.065894e-03   7.217070e-20   12834176
  4.724025e+00   1.629713e-17   3.069663e-03   7.147789e-20   12909006
  4.734656e+00   1.623971e-17   3.068089e-03   7.075632e-20   12959680
  4.745283e+00   1.601586e-17   3.067551e-03   7.011354e-20   13014232
  4.755909e+00   1.581712e-17   3.068154e-03   6.945958e-20   13076514
  4.766534e+00   1.604098e-17   3.065684e-03   6.886937e-20   13127112
  4.777164e+00   1.570111e-17   3.070665e-03   6.805912e-20   13205852
  4.787797e+00   1.546887e-17   3.068206e-03   6.745687e-20   13252032
  4.798423e+00   1.520021e-17   3.066967e-03   6.684125e-20   13307450
  4.809051e+00   1.529760e-17   3.068506e-03   6.615104e-20   13374160
  4.819680e+00   1.492411e-17   3.067567e-03   6.556827e-20   13426348
  4.830308e+00   1.489654e-17   3.069633e-03   6.492801e-20   13492760
  4.840934e+00   1.469411e-17   3.066142e-03   6.436251e-20   13539546
  4.851560e+00   1.470791e-17   3.068338e-03   6.373797e-20   13610704
  4.862187e+00   1.439214e-17   3.066835e-03   6.314288e-20   13662024
  4.872813e+00   1.430601e-17   3.068248e-03   6.254279e-20   13727492
  4.883443e+00   1.406389e-17   3.069111e-03   6.190891e-20   13793394
  4.894073e+00   1.396012e-17   3.067154e-03   6.141544e-20   13844456
  4.904699e+00   1.366623e-17   3.067927e-03   6.080630e-20   13905184
  4.915325e+00   1.367403e-17   3.067971e-03   6.019659e-20   13965958
  4.925951e+00   1.354297e-17   3.067148e-03   5.971791e-20   14025192
  4.936580e+00   1.349622e-17   3.068951e-03   5.909042e-20   14093768
  4.947211e+00   1.329616e-17   3.068454e-03   5.861025e-20   14150440
  4.957840e+00   1.325698e-17   3.068630e-03   5.813315e-20   14213450
  4.968468e+00   1.325299e-17   3.066726e-03   5.759321e-20   14267036
  4.979095e+00   1.292428e-17   3.068568e-03   5.706599e-20   14335032
  4.989722e+00   1.291374e-17   3.067092e-03   5.652737e-20   14387664
  5.000347e+00   1.272594e-17   3.068270e-03   5.603422e-20   14455698
  5.010977e+00   1.253082e-17   3.068677e-03   5.551285e-20   14520452
  5.021607e+00   1.257019e-17   3.068497e-03   5.502232e-20   14580272
  5.032232e+00   1.249998e-17   3.065614e-03   5.454774e-20   14628050
  5.042860e+00   1.236767e-17   3.070982e-03   5.401613e-20   14716744
  5.053489e+00   1.236418e-17   3.065407e-03   5.359588e-20   14751712
  5.064115e+00   1.215216e-17   3.069456e-03   5.303939e-20   14831620
  5.074740e+00   1.214134e-17   3.065470e-03   5.267068e-20   14875522
  5.085366e+00   1.200253e-17   3.068961e-03   5.215010e-20   14956720
  5.095994e+00   1.185065e-17   3.066998e-03   5.175186e-20   15008272
  5.106620e+00   1.185212e-17   3.067783e-03   5.126603e-20   15073780
  5.117248e+00   1.177739e-17   3.069002e-03   5.085542e-20   15144866
  5.127883e+00   1.156231e-17   3.070052e-03   5.040859e-20   15213872
  5.138515e+00   1.150165e-17   3.067931e-03   4.989747e-20   15263976
  5.149140e+00   1.134920e-17   3.066723e-03   4.947632e-20   15320236
  5.159767e+00   1.133048e-17   3.069367e-03   4.913962e-20   15398322
  5.170396e+00   1.127674e-17   3.067121e-03   4.868089e-20   15450864
  5.181021e+00   1.130423e-17   3.067373e-03   4.827615e-20   15513888
  5.191645e+00   1.111805e-17   3.066596e-03   4.782090e-20   15574626
  5.202274e+00   1.110815e-17   3.069893e-03   4.749095e-20   15657956
  5.212904e+00   1.096081e-17   3.066736e-03   4.706967e-20   15704248
  5.223531e+00   1.091049e-17   3.068512e-03   4.675749e-20   15774824
  5.234161e+00   1.082582e-17   3.069354e-03   4.631141e-20   15844898
  5.244790e+00   1.088738e-17   3.066994e-03   4.595917e-20   15898956
  5.255415e+00   1.075056e-17   3.067091e-03   4.557081e-20   15961768
  5.266040e+00   1.069288e-17   3.068481e-03   4.520181e-20   16032208
  5.276669e+00   1.059464e-17   3.068464e-03   4.480719e-20   16099530
  5.287295e+00   1.052108e-17   3.065856e-03   4.446834e-20   16152712
  5.297924e+00   1.050251e-17   3.069693e-03   4.412320e-20   16235740
  5.308553e+00   1.042172e-17   3.067725e-03   4.379742e-20   16288856
  5.319183e+00   1.028987e-17   3.069408e-03   4.342621e-20   16365074
  5.329812e+00   1.040268e-17   3.067066e-03   4.312359e-20   16418248
  5.340434e+00   1.016656e-17   3.065573e-03   4.273119e-20   16473180
  5.351058e+00   1.018903e-17   3.069491e-03   4.239267e-20   16560234
  5.361687e+00   1.008568e-17   3.067046e-03   4.208971e-20   16616088
  5.372317e+00   9.993828e-18   3.069133e-03   4.176140e-20   16693264
  5.382948e+00   1.001108e-17   3.068526e-03   4.142416e-20   16753864
  5.393577e+00   9.871039e-18   3.068569e-03   4.112484e-20   16820702
  5.404204e+00   9.924194e-18   3.066887e-03   4.081599e-20   16879288
  5.414832e+00   9.826872e-18   3.068277e-03   4.046694e-20   16951712
  5.425456e+00   9.871161e-18   3.066689e-03   4.020703e-20   17007560
  5.436084e+00   9.796433e-18   3.069534e-03   3.989127e-20   17092086
  5.446713e+00   9.743311e-18   3.067265e-03   3.963852e-20   17148392
  5.457342e+00   9.724446e-18   3.068696e-03   3.927299e-20   17222288
  5.467971e+00   9.568692e-18   3.068089e-03   3.904277e-20   17285096
  5.478597e+00   9.608061e-18   3.066549e-03   3.879756e-20   17344826
  5.489223e+00   9.536240e-18   3.068300e-03   3.848066e-20   17421236
  5.499853e+00   9.561960e-18   3.069479e-03   3.819051e-20   17494160
  5.510478e+00   9.425196e-18   3.065109e-03   3.795985e-20   17538122
  5.521100e+00   9.490030e-18   3.067347e-03   3.769019e-20   17620136
  5.531731e+00   9.496782e-18   3.069687e-03   3.740835e-20   17700428
  5.542362e+00   9.301406e-18   3.068482e-03   3.714891e-20   17760320
  5.552991e+00   9.261523e-18   3.068060e-03   3.690847e-20   17827562
  5.563619e+00   9.329870e-18   3.067912e-03   3.666778e-20   17895488
  5.574247e+00   9.198440e-18   3.068230e-03   3.641130e-20   17963576
  5.584874e+00   9.168563e-18   3.067616e-03   3.618011e-20   18027500
  5.595502e+00   9.216038e-18   3.068831e-03   3.593324e-20   18105650
  5.606129e+00   9.136359e-18   3.066269e-03   3.567093e-20   18160880
  5.616752e+00   9.225349e-18   3.067084e-03   3.548274e-20   18233144
  5.627379e+00   9.137394e-18   3.067872e-03   3.521328e-20   18307310
  5.638008e+00   9.095211e-18   3.068420e-03   3.502442e-20   18381680
  5.648639e+00   9.138093e-18   3.068723e-03   3.480069e-20   18450536
  5.659270e+00   9.108403e-18   3.069549e-03   3.454949e-20   18522128
  5.669897e+00   8.999650e-18   3.067067e-03   3.434980e-20   18578414
  5.680523e+00   8.940119e-18   3.067781e-03   3.414496e-20   18654304
  5.691150e+00   8.933305e-18   3.067639e-03   3.392327e-20   18722304
  5.701780e+00   8.919340e-18   3.069442e-03   3.372341e-20   18802472
  5.712409e+00   8.814681e-18   3.067729e-03   3.350759e-20   18864266
  5.723037e+00   8.898135e-18   3.067347e-03   3.330402e-20   18933260
  5.733662e+00   8.807165e-18   3.066799e-03   3.311976e-20   18997448
  5.744288e+00   8.821849e-18   3.068953e-03   3.292793e-20   19079816
  5.754917e+00   8.717162e-18   3.067744e-03   3.275800e-20   19145330
  5.765545e+00   8.672340e-18   3.067941e-03   3.256998e-20   19218276
  5.776172e+00   8.755703e-18   3.067784e-03   3.237435e-20   19286200
  5.786797e+00   8.679153e-18   3.066457e-03   3.222585e-20   19349738
  5.797427e+00   8.701288e-18   3.070714e-03   3.203382e-20   19450040
  5.808057e+00   8.706233e-18   3.065907e-03   3.187683e-20   19489688
  5.818683e+00   8.695786e-18   3.068803e-03   3.173141e-20   19576868
  5.829310e+00   8.626528e-18   3.067331e-03   3.152864e-20   19640282
  5.839940e+00   8.625681e-18   3.069683e-03   3.136481e-20   19728800
  5.850566e+00   8.563120e-18   3.065237e-03   3.122147e-20   19770152
  5.861190e+00   8.525259e-18   3.068717e-03   3.103692e-20   19863516
  5.871821e+00   8.591274e-18   3.069639e-03   3.090398e-20   19943594
  5.882452e+00   8.632831e-18   3.067597e-03   3.078284e-20   20003440
  5.893081e+00   8.508771e-18   3.068832e-03   3.060643e-20   20081768
  5.903706e+00   8.538212e-18   3.066188e-03   3.050649e-20   20136200
  5.914335e+00   8.512525e-18   3.070449e-03   3.029835e-20   20238094
  5.924964e+00   8.515985e-18   3.066146e-03   3.021203e-20   20282544
  5.935584e+00   8.494841e-18   3.065727e-03   3.004247e-20   20351720
  5.946209e+00   8.510554e-18   3.068474e-03   2.996686e-20   20444714
  5.956838e+00   8.483035e-18   3.067781e-03   2.982577e-20   20515116
  5.967470e+00   8.429376e-18   3.070149e-03   2.966069e-20   20602384
  5.978102e+00   8.381989e-18   3.068165e-03   2.957657e-20   20659872
  5.988728e+00   8.418549e-18   3.067093e-03   2.945214e-20   20727682
  5.999356e+00   8.412573e-18   3.068732e-03   2.931762e-20   20814416
  6.009986e+00   8.432256e-18   3.068153e-03   2.923230e-20   20881100
  6.020612e+00   8.340616e-18   3.068117e-03   2.908073e-20   20953688
  6.031238e+00   8.355217e-18   3.066654e-03   2.902994e-20   21021050
  6.041866e+00   8.400371e-18   3.068891e-03   2.892339e-20   21111632
  6.052496e+00   8.371011e-18   3.068341e-03   2.881328e-20   21179972
  6.063121e+00   8.385306e-18   3.066368e-03   2.870775e-20   21240488
  6.073747e+00   8.259174e-18   3.068419e-03   2.862875e-20   21331418
  6.084375e+00   8.284277e-18   3.067338e-03   2.856251e-20   21397304
  6.095000e+00   8.336971e-18   3.067405e-03   2.840238e-20   21469764
  6.105627e+00   8.321854e-18   3.068819e-03   2.834088e-20   21556122
  6.116254e+00   8.397454e-18   3.066479e-03   2.829516e-20   21618312
  6.126884e+00   8.333848e-18   3.069809e-03   2.816576e-20   21716096
  6.137516e+00   8.322001e-18   3.068719e-03   2.807742e-20   21781352
  6.148144e+00   8.357789e-18   3.067428e-03   2.805555e-20   21848870
  6.158771e+00   8.305370e-18   3.067652e-03   2.795840e-20   21927536
  6.169400e+00   8.305922e-18   3.068795e-03   2.789831e-20   22008944
  6.180028e+00   8.345958e-18   3.067865e-03   2.779864e-20   22076136
  6.190652e+00   8.391171e-18   3.066547e-03   2.781877e-20   22145270
  6.201282e+00   8.275892e-18   3.070373e-03   2.771627e-20   22250960
  6.211913e+00   8.324809e-18   3.066914e-03   2.764806e-20   22300864
  6.222538e+00   8.329400e-18   3.067186e-03   2.755432e-20   22378586
  6.233165e+00   8.335025e-18   3.068261e-03   2.754238e-20   22464104
  6.243795e+00   8.266129e-18   3.068708e-03   2.750426e-20   22542892
  6.254421e+00   8.315248e-18   3.067123e-03   2.745550e-20   22606008
  6.265047e+00   8.306517e-18   3.067919e-03   2.734203e-20   22690002
  6.275673e+00   8.291096e-18   3.066936e-03   2.733342e-20   22762216
  6.286298e+00   8.302433e-18   3.068880e-03   2.716047e-20   22815779
  6.296927e+00   7.900792e-18   3.067733e-03   2.671738e-20   22772312
  6.307555e+00   7.598138e-18   3.067923e-03   2.616059e-20   22733708
  6.318183e+00   7.344025e-18   3.068441e-03   2.569471e-20   22697672
  6.328811e+00   7.015009e-18   3.067507e-03   2.527625e-20   22651460
  6.339438e+00   6.740922e-18   3.068199e-03   2.480702e-20   22616024
  6.350068e+00   6.551625e-18   3.069309e-03   2.437452e-20   22583496
  6.360694e+00   6.264849e-18   3.065960e-03   2.396642e-20   22519252
  6.371317e+00   6.085029e-18   3.067197e-03   2.356859e-20   22488992
  6.381944e+00   5.785441e-18   3.067780e-03   2.314313e-20   22453172
  6.392574e+00   5.626860e-18   3.069105e-03   2.277582e-20   22420584
  6.403204e+00   5.422313e-18   3.068296e-03   2.242435e-20   22371700
  6.413832e+00   5.238310e-18   3.068296e-03   2.206824e-20   22329896
  6.424460e+00   5.016749e-18   3.067512e-03   2.171853e-20   22282876
  6.435088e+00   4.890461e-18   3.068899e-03   2.138714e-20   22250692
  6.445715e+00   4.672591e-18   3.066872e-03   2.107540e-20   22194436
  6.456340e+00   4.537573e-18   3.066996e-03   2.074556e-20   22153540
  6.466968e+00   4.381201e-18   3.068722e-03   2.041598e-20   22122584
  6.477597e+00   4.240938e-18   3.067957e-03   2.012473e-20   22073004
  6.488227e+00   4.038621e-18   3.069406e-03   1.983513e-20   22039640
  6.498854e+00   3.956624e-18   3.066107e-03   1.957813e-20   21971624
  6.509482e+00   3.845997e-18   3.070097e-03   1.928902e-20   21955708
  6.520106e+00   3.659863e-18   3.063845e-03   1.901879e-20   21867720
  6.530733e+00   3.587380e-18   3.071600e-03   1.874031e-20   21878900
  6.541363e+00   3.455917e-18   3.065935e-03   1.850279e-20   21794260
  6.551990e+00   3.355329e-18   3.068881e-03   1.825695e-20   21770256
  6.562619e+00   3.270946e-18   3.068010e-03   1.798450e-20   21718124
  6.573247e+00   3.161825e-18   3.067905e-03   1.774872e-20   21671096
  6.583874e+00   3.057815e-18   3.067932e-03   1.752642e-20   21625412
  6.594503e+00   2.951956e-18   3.069070e-03   1.730148e-20   21587284
  6.605129e+00   2.898968e-18   3.066010e-03   1.707345e-20   21519648
  6.615755e+00   2.787532e-18   3.068792e-03   1.685463e-20   21493344
  6.626384e+00   2.701826e-18   3.067812e-03   1.665150e-20   21439360
  6.637013e+00   2.596323e-18   3.068679e-03   1.644048e-20   21398900
  6.647644e+00   2.537880e-18   3.068668e-03   1.621733e-20   21351488
  6.658271e+00   2.477376e-18   3.066526e-03   1.604168e-20   21288012
  6.668898e+00   2.427140e-18   3.068796e-03   1.583358e-20   21255052
  6.679525e+00   2.345642e-18   3.067400e-03   1.565232e-20   21196928
  6.690151e+00   2.317236e-18   3.067431e-03   1.545436e-20   21149036
  6.700778e+00   2.248492e-18   3.068015e-03   1.527014e-20   21105304
  6.711407e+00   2.195856e-18   3.068524e-03   1.508913e-20   21059992
  6.722038e+00   2.142827e-18   3.069263e-03   1.492806e-20   21014904
  6.732667e+00   2.063629e-18   3.067536e-03   1.475109e-20   20953620
  6.743293e+00   2.031295e-18   3.067478e-03   1.458062e-20   20902948
  6.753920e+00   1.959038e-18   3.068064e-03   1.442593e-20   20856528
  6.764548e+00   1.921665e-18   3.068448e-03   1.424275e-20   20808868
  6.775174e+00   1.853410e-18   3.066599e-03   1.409812e-20   20746700
  6.785798e+00   1.826397e-18   3.066925e-03   1.394376e-20   20699040
  6.796428e+00   1.749738e-18   3.069860e-03   1.378331e-20   20667584
  6.807054e+00   1.719920e-18   3.064988e-03   1.364244e-20   20583320
  6.817679e+00   1.685209e-18   3.069606e-03   1.348491e-20   20562728
  6.828310e+00   1.678871e-18   3.067915e-03   1.335232e-20   20499120
  6.838938e+00   1.656512e-18   3.068337e-03   1.321010e-20   20448668
  6.849566e+00   1.593756e-18   3.068077e-03   1.305689e-20   20394408
  6.860195e+00   1.583768e-18   3.068320e-03   1.293441e-20   20344236
  6.870823e+00   1.507928e-18   3.067630e-03   1.281149e-20   20287988
  6.881451e+00   1.527822e-18   3.068044e-03   1.266826e-20   20237280
  6.892077e+00   1.480883e-18   3.067320e-03   1.252969e-20   20178328
  6.902707e+00   1.454121e-18   3.069652e-03   1.240899e-20   20139844
  6.913336e+00   1.422070e-18   3.067174e-03   1.228653e-20   20069748
  6.923962e+00   1.398070e-18   3.067514e-03   1.217359e-20   20016800
  6.934587e+00   1.367750e-18   3.067642e-03   1.203639e-20   19962224
  6.945217e+00   1.326097e-18   3.069885e-03   1.192979e-20   19923568
  6.955848e+00   1.292772e-18   3.067490e-03   1.181178e-20   19854300
  6.966474e+00   1.286446e-18   3.067154e-03   1.168827e-20   19797056
  6.977101e+00   1.254422e-18   3.067706e-03   1.158535e-20   19744940
  6.987728e+00   1.222997e-18   3.068174e-03   1.147634e-20   19691768
  6.998356e+00   1.229504e-18   3.067321e-03   1.136761e-20   19629548
  7.008982e+00   1.196183e-18   3.067740e-03   1.126409e-20   19575480
  7.019610e+00   1.182411e-18   3.068413e-03   1.114718e-20   19523296
  7.030241e+00   1.136752e-18   3.069533e-03   1.105392e-20   19474344
  7.040867e+00   1.127928e-18   3.065611e-03   1.095904e-20   19392868
  7.051493e+00   1.142395e-18   3.069073e-03   1.084749e-20   19356176
  7.062123e+00   1.107751e-18   3.068592e-03   1.074882e-20   19294916
  7.072754e+00   1.093835e-18   3.069110e-03   1.065618e-20   19240856
  7.083382e+00   1.048562e-18   3.067066e-03   1.057109e-20   19170884
  7.094007e+00   1.045644e-18   3.066966e-03   1.047530e-20   19111352
  7.104633e+00   1.045775e-18   3.068278e-03   1.038203e-20   19060016
  7.115261e+00   1.025463e-18   3.067998e-03   1.029328e-20   18999752
  7.125886e+00   1.004189e-18   3.066210e-03   1.020290e-20   18930272
  7.136511e+00   1.000374e-18   3.068009e-03   1.011571e-20   18882340
  7.147141e+00   9.902588e-19   3.069133e-03   1.002857e-20   18829056
  7.157770e+00   9.500715e-19   3.067293e-03   9.949441e-21   18757640
  7.168398e+00   9.472986e-19   3.069197e-03   9.864997e-21   18709036
  7.179027e+00   9.329878e-19   3.067378e-03   9.775893e-21   18637668
  7.189656e+00   9.304704e-19   3.069146e-03   9.701631e-21   18587048
  7.200283e+00   9.130561e-19   3.066626e-03   9.619437e-21   18510972
  7.210909e+00   9.147553e-19   3.067730e-03   9.541054e-21   18456692
  7.221535e+00   8.947157e-19   3.067567e-03   9.471312e-21   18394084
  7.232164e+00   8.894042e-19   3.069110e-03   9.387661e-21   18341352
  7.242794e+00   8.846108e-19   3.068234e-03   9.325229e-21   18273884
  7.253423e+00   8.859919e-19   3.068036e-03   9.247609e-21   18211148
  7.264048e+00   8.802622e-19   3.066171e-03   9.172825e-21   18137692
  7.274674e+00   8.523941e-19   3.069088e-03   9.105660e-21   18091580
  7.285305e+00   8.336023e-19   3.068515e-03   9.031174e-21   18024560
  7.295932e+00   8.414519e-19   3.067362e-03   8.966910e-21   17955116
  7.306559e+00   8.315721e-19   3.067637e-03   8.897847e-21   17893232
  7.317187e+00   8.249293e-19   3.068343e-03   8.829477e-21   17832620
  7.327816e+00   8.189008e-19   3.068327e-03   8.764604e-21   17767864
  7.338445e+00   7.950701e-19   3.068809e-03   8.701342e-21   17706956
  7.349073e+00   7.820606e-19   3.066947e-03   8.637794e-21   17632632
  7.359699e+00   7.913443e-19   3.068061e-03   8.579459e-21   17573524
  7.370327e+00   7.738961e-19   3.067901e-03   8.513946e-21   17506380
  7.380954e+00   7.787347e-19   3.068207e-03   8.456852e-21   17442548
  7.391580e+00   7.624996e-19   3.066528e-03   8.400256e-21   17368556
  7.402208e+00   7.615104e-19   3.069314e-03   8.341428e-21   17318260
  7.412837e+00   7.412818e-19   3.067939e-03   8.286292e-21   17243792
  7.423463e+00   7.548627e-19   3.066549e-03   8.229613e-21   17169716
  7.434088e+00   7.353244e-19   3.067759e-03   8.174972e-21   17109768
  7.444715e+00   7.241955e-19   3.068012e-03   8.116600e-21   17044064
  7.455345e+00   7.375083e-19   3.068894e-03   8.061290e-21   16981560
  7.465972e+00   7.119517e-19   3.066680e-03   8.013846e-21   16902264
  7.476600e+00   7.255669e-19   3.069499e-03   7.954591e-21   16849940
  7.487230e+00   7.002414e-19   3.067461e-03   7.903493e-21   16770600
  7.497858e+00   7.115565e-19   3.068497e-03   7.855061e-21   16707512
  7.508485e+00   7.239183e-19   3.067634e-03   7.807117e-21   16634480
  7.519114e+00   7.016404e-19   3.068242e-03   7.757948e-21   16569424
  7.529741e+00   7.015811e-19   3.067751e-03   7.708901e-21   16497216
  7.540372e+00   6.790167e-19   3.069501e-03   7.659892e-21   16436416
  7.550999e+00   6.916398e-19   3.067032e-03   7.615502e-21   16353532
  7.561624e+00   7.001779e-19   3.067126e-03   7.572972e-21   16284908
  7.572251e+00   6.572024e-19   3.068426e-03   7.526526e-21   16221948
  7.582881e+00   6.921196e-19   3.068614e-03   7.482886e-21   16152552
  7.593510e+00   6.686662e-19   3.068122e-03   7.433422e-21   16078864
  7.604137e+00   6.672318e-19   3.067536e-03   7.396215e-21   16005296
  7.614766e+00   6.717862e-19   3.068300e-03   7.346905e-21   15938220
  7.625392e+00   6.510848e-19   3.066841e-03   7.312619e-21   15858440
  7.636016e+00   6.780800e-19   3.067373e-03   7.275948e-21   15789252
  7.646642e+00   6.695116e-19   3.067548e-03   7.228736e-21   15718944
  7.657269e+00   6.548826e-19   3.067947e-03   7.189850e-21   15648652
  7.667899e+00   6.289148e-19   3.069201e-03   7.153275e-21   15581944
  7.678531e+00   6.508068e-19   3.069010e-03   7.116283e-21   15508744
  7.689158e+00   6.187524e-19   3.066436e-03   7.079684e-21   15422472
  7.699784e+00   6.281209e-19   3.068878e-03   7.041466e-21   15361536
  7.710413e+00   6.200099e-19   3.067494e-03   7.005871e-21   15281048
  7.721038e+00   6.238003e-19   3.067557e-03   6.974300e-21   15207752
  7.731666e+00   6.207031e-19   3.067687e-03   6.929806e-21   15134800
  7.742292e+00   6.024921e-19   3.067594e-03   6.910748e-21   15059664
  7.752920e+00   6.197045e-19   3.068106e-03   6.869658e-21   14987020
  7.763550e+00   5.868278e-19   3.069757e-03   6.840114e-21   14919936
  7.774179e+00   6.098111e-19   3.066979e-03   6.810113e-21   14831776
  7.784807e+00   5.948793e-19   3.069197e-03   6.771139e-21   14767552
  7.795435e+00   5.936771e-19   3.066309e-03   6.748672e-21   14678336
  7.806062e+00   5.827156e-19   3.069079e-03   6.713651e-21   14615044
  7.816690e+00   5.753120e-19   3.067275e-03   6.682622e-21   14530200
  7.827317e+00   5.892281e-19   3.067927e-03   6.656756e-21   14457000
  7.837945e+00   5.894440e-19   3.068558e-03   6.626363e-21   14383440
  7.848573e+00   5.724601e-19   3.067003e-03   6.599808e-21   14299516
  7.859199e+00   5.703206e-19   3.067899e-03   6.573387e-21   14226024
  7.869825e+00   5.647552e-19   3.067223e-03   6.539799e-21   14145048
  7.880455e+00   5.770790e-19   3.070446e-03   6.511330e-21   14082144
  7.891083e+00   5.664986e-19   3.065393e-03   6.494005e-21   13981640
  7.901708e+00   5.659501e-19   3.068688e-03   6.473724e-21   13918460
  7.912338e+00   5.714335e-19   3.068702e-03   6.433296e-21   13839752
  7.922969e+00   5.601890e-19   3.069182e-03   6.414770e-21   13762736
  7.933598e+00   5.571481e-19   3.067868e-03   6.392030e-21   13677980
  7.944225e+00   5.449078e-19   3.067250e-03   6.369605e-21   13596196
  7.954850e+00   5.559739e-19   3.067470e-03   6.345639e-21   13517736
  7.965475e+00   5.359729e-19   3.066448e-03   6.327228e-21   13433184
  7.976100e+00   5.678806e-19   3.068623e-03   6.299947e-21   13362296
  7.986730e+00   5.392370e-19   3.068494e-03   6.278304e-21   13281376
  7.997360e+00   5.447987e-19   3.069113e-03   6.266142e-21   13203336
  8.007987e+00   5.464022e-19   3.066719e-03   6.243616e-21   13113016
  8.018613e+00   5.506529e-19   3.067735e-03   6.227254e-21   13036400
  8.029240e+00   5.355333e-19   3.067468e-03   6.207870e-21   12953648
  8.039869e+00   5.498998e-19   3.069185e-03   6.192109e-21   12879016
  8.050498e+00   5.247900e-19   3.067538e-03   6.168288e-21   12790124
  8.061127e+00   5.563003e-19   3.068996e-03   6.149638e-21   12714152
  8.071753e+00   5.207171e-19   3.066076e-03   6.131482e-21   12619608
  8.082379e+00   5.313903e-19   3.068682e-03   6.112587e-21   12547232
  8.093011e+00   5.204035e-19   3.070245e-03   6.101915e-21   12470568
  8.103638e+00   5.127669e-19   3.065215e-03   6.094613e-21   12368136
  8.114264e+00   5.128290e-19   3.069116e-03   6.069362e-21   12300504
  8.124894e+00   5.110658e-19   3.068128e-03   6.060284e-21   12212172
  8.135522e+00   5.185660e-19   3.067779e-03   6.048841e-21   12126228
  8.146149e+00   5.085115e-19   3.068089e-03   6.030995e-21   12043352
  8.156778e+00   4.906158e-19   3.068301e-03   6.017704e-21   11959896
  8.167401e+00   4.948701e-19   3.065268e-03   6.007024e-21   11863804
  8.178026e+00   4.890077e-19   3.068937e-03   5.994606e-21   11792812
  8.188656e+00   4.935357e-19   3.068597e-03   5.985016e-21   11705392
  8.199283e+00   4.884070e-19   3.066984e-03   5.971251e-21   11613836
  8.209914e+00   5.005676e-19   3.070536e-03   5.953843e-21   11541532
  8.220543e+00   4.947080e-19   3.066346e-03   5.946885e-21   11440232
  8.231170e+00   4.822762e-19   3.068846e-03   5.935249e-21   11363008
  8.241796e+00   4.864728e-19   3.066631e-03   5.930176e-21   11267848
  8.252424e+00   4.878508e-19   3.069306e-03   5.912296e-21   11190640
  8.263054e+00   4.786089e-19   3.068558e-03   5.912013e-21   11101084
  8.273680e+00   4.713570e-19   3.065604e-03   5.903054e-21   11003284
  8.284304e+00   4.714486e-19   3.068360e-03   5.892818e-21   10925424
  8.294932e+00   4.747074e-19   3.067667e-03   5.876990e-21   10834724
  8.305560e+00   4.717801e-19   3.068711e-03   5.872425e-21   10750156
  8.316186e+00   4.682323e-19   3.066587e-03   5.867348e-21   10655280
  8.326811e+00   4.742881e-19   3.067310e-03   5.866706e-21   10569120
  8.337437e+00   4.811969e-19   3.067168e-03   5.855186e-21   10479672
  8.348070e+00   4.612096e-19   3.071527e-03   5.846366e-21   10404504
  8.358704e+00   4.553368e-19   3.068456e-03   5.842972e-21   10304108
  8.369331e+00   4.540287e-19   3.066991e-03   5.839392e-21   10209940
  8.379958e+00   4.606692e-19   3.068937e-03   5.832689e-21   10126584
  8.390585e+00   4.474196e-19   3.066106e-03   5.828167e-21   10027064
  8.401210e+00   4.452915e-19   3.068731e-03   5.825388e-21   9945072
  8.411836e+00   4.468116e-19   3.065849e-03   5.813373e-21   9844764
  8.422464e+00   4.570342e-19   3.070904e-03   5.816995e-21   9769940
  8.433095e+00   4.394698e-19   3.066721e-03   5.814635e-21   9666072
  8.443721e+00   4.378613e-19   3.067629e-03   5.806790e-21   9577112
  8.454348e+00   4.391477e-19   3.067871e-03   5.802433e-21   9485848
  8.464977e+00   4.353609e-19   3.068818e-03   5.801499e-21   9396136
  8.475607e+00   4.263886e-19   3.068947e-03   5.792999e-21   9304408
  8.486231e+00   4.349460e-19   3.064605e-03   5.800104e-21   9199028
  8.496854e+00   4.232419e-19   3.068671e-03   5.788131e-21   9118288
  8.507481e+00   4.276166e-19   3.066868e-03   5.793594e-21   9019624
  8.518111e+00   4.103771e-19   3.070919e-03   5.781022e-21   8937420
  8.528743e+00   4.045181e-19   3.067653e-03   5.780177e-21   8835200
  8.539369e+00   4.092816e-19   3.066847e-03   5.790225e-21   8739332
  8.549995e+00   3.920115e-19   3.067747e-03   5.787600e-21   8648112
  8.560624e+00   3.863593e-19   3.067898e-03   5.779708e-21   8553372
  8.571253e+00   3.869020e-19   3.069319e-03   5.775203e-21   8461944
  8.581883e+00   3.963202e-19   3.068067e-03   5.772048e-21   8363348
  8.592509e+00   3.768763e-19   3.067870e-03   5.769082e-21   8267792
  8.603135e+00   3.880516e-19   3.066599e-03   5.766092e-21   8169380
  8.613762e+00   3.811373e-19   3.069517e-03   5.770739e-21   8081008
  8.624389e+00   3.793384e-19   3.065774e-03   5.759218e-21   7975632
  8.635016e+00   3.726800e-19   3.069603e-03   5.764982e-21   7889116
  8.645643e+00   3.728044e-19   3.066011e-03   5.746080e-21   7784008
  8.656270e+00   3.686023e-19   3.068709e-03   5.753928e-21   7693848
  8.666897e+00   3.397622e-19   3.067011e-03   5.741072e-21   7592468
  8.677525e+00   3.333664e-19   3.068931e-03   5.728448e-21   7499076
  8.688155e+00   3.511395e-19   3.069474e-03   5.734666e-21   7402880
  8.698786e+00   3.335779e-19   3.067607e-03   5.714817e-21   7300768
  8.709411e+00   3.352392e-19   3.067652e-03   5.716835e-21   7203316
  8.720032e+00   3.190466e-19   3.063689e-03   5.699566e-21   7095724
  8.730662e+00   3.248316e-19   3.073665e-03   5.697241e-21   7019608
  8.741295e+00   3.269134e-19   3.065344e-03   5.677468e-21   6901916
  8.751922e+00   3.236427e-19   3.069704e-03   5.675074e-21   6812952
  8.762548e+00   3.145550e-19   3.065523e-03   5.650959e-21   6704548
  8.773175e+00   2.957765e-19   3.068967e-03   5.642025e-21   6612168
  8.783803e+00   2.954965e-19   3.067598e-03   5.615416e-21   6508628
  8.794433e+00   2.771813e-19   3.069277e-03   5.586318e-21   6412072
  8.805059e+00   2.818515e-19   3.066868e-03   5.561471e-21   6306660
  8.815685e+00   2.649997e-19   3.067492e-03   5.532004e-21   6207592
  8.826308e+00   2.568224e-19   3.066222e-03   5.507175e-21   6103860
  8.836934e+00   2.470385e-19   3.068576e-03   5.454916e-21   6007184
  8.847563e+00   2.385947e-19   3.068782e-03   5.421320e-21   5905660
  8.858194e+00   2.308215e-19   3.069160e-03   5.368570e-21   5805132
  8.868823e+00   2.240991e-19   3.067313e-03   5.328634e-21   5700008
  8.879446e+00   2.001233e-19   3.065734e-03   5.254405e-21   5594856
  8.890075e+00   2.012080e-19   3.070306e-03   5.191119e-21   5502341
  8.900707e+00   1.891653e-19   3.068193e-03   5.141772e-21   5404852
  8.911333e+00   1.914560e-19   3.066920e-03   5.105647e-21   5313930
  8.921960e+00   1.716229e-19   3.068151e-03   5.064685e-21   5230396
  8.932587e+00   1.788182e-19   3.067037e-03   5.035132e-21   5145158
  8.943214e+00   1.546144e-19   3.067644e-03   4.991297e-21   5064506
  8.953844e+00   1.620372e-19   3.070354e-03   4.964129e-21   4989464
  8.964475e+00   1.648592e-19   3.067471e-03   4.937971e-21   4907486
  8.975102e+00   1.538022e-19   3.067454e-03   4.905105e-21   4831952
  8.985729e+00   1.614894e-19   3.067333e-03   4.881923e-21   4757392
  8.996357e+00   1.421331e-19   3.068563e-03   4.861483e-21   4685902
  9.006985e+00   1.336116e-19   3.067839e-03   4.831664e-21   4612826
  9.017611e+00   1.335591e-19   3.067647e-03   4.813055e-21   4542436
  9.028240e+00   1.491030e-19   3.068771e-03   4.791605e-21   4475408
  9.038866e+00   1.414743e-19   3.065432e-03   4.774147e-21   4402686
  9.049492e+00   1.314545e-19   3.069222e-03   4.756703e-21   4340854
  9.060123e+00   1.262151e-19   3.068666e-03   4.738577e-21   4273862
  9.070751e+00   1.360402e-19   3.068093e-03   4.716763e-21   4208538
  9.081377e+00   1.183228e-19   3.066329e-03   4.703130e-21   4142584
  9.092002e+00   1.247325e-19   3.067445e-03   4.693729e-21   4081232
  9.102629e+00   1.277268e-19   3.068061e-03   4.680319e-21   4019668
  9.113260e+00   1.287685e-19   3.070507e-03   4.656513e-21   3961416
  9.123892e+00   1.235590e-19   3.068468e-03   4.654075e-21   3898848
  9.134518e+00   1.141036e-19   3.065914e-03   4.638368e-21   3836718
  9.145140e+00   1.101520e-19   3.066518e-03   4.628131e-21   3779272
  9.155765e+00   1.273649e-19   3.066689e-03   4.629172e-21   3721434
  9.166394e+00   1.109605e-19   3.070316e-03   4.609334e-21   3668198
  9.177028e+00   1.160386e-19   3.069776e-03   4.591500e-21   3611346
  9.187656e+00   1.134912e-19   3.066455e-03   4.584407e-21   3552442
  9.198281e+00   1.150579e-19   3.067337e-03   4.577000e-21   3498908
  9.208908e+00   1.123395e-19   3.067980e-03   4.574925e-21   3445382
  9.219536e+00   1.121636e-19   3.068389e-03   4.567884e-21   3392244
  9.230165e+00   1.103512e-19   3.068360e-03   4.573391e-21   3339634
  9.240792e+00   1.143216e-19   3.067248e-03   4.564990e-21   3286752
  9.251416e+00   9.532578e-20   3.065818e-03   4.547803e-21   3234180
  9.262040e+00   1.008897e-19   3.067094e-03   4.556949e-21   3184556
  9.272670e+00   1.124946e-19   3.070362e-03   4.548623e-21   3137238
  9.283304e+00   1.154382e-19   3.070377e-03   4.550658e-21   3087670
  9.293936e+00   1.088317e-19   3.068566e-03   4.539289e-21   3037460
  9.304560e+00   9.490669e-20   3.064548e-03   4.543994e-21   2985736
  9.315180e+00   9.776850e-20   3.066413e-03   4.539461e-21   2939708
  9.325811e+00   9.969962e-20   3.071553e-03   4.541624e-21   2897012
  9.336443e+00   1.039035e-19   3.067620e-03   4.544509e-21   2846890
  9.347067e+00   9.050495e-20   3.065693e-03   4.548795e-21   2799588
  9.357689e+00   1.147245e-19   3.066395e-03   4.542583e-21   2754954
  9.368315e+00   9.461022e-20   3.068270e-03   4.542802e-21   2711500
  9.378948e+00   9.920959e-20   3.070601e-03   4.552837e-21   2669006
  9.389576e+00   9.959879e-20   3.065837e-03   4.554313e-21   2621264
  9.400202e+00   9.542738e-20   3.068913e-03   4.559912e-21   2580726
  9.410830e+00   9.989533e-20   3.067141e-03   4.563843e-21   2536470
  9.421456e+00   1.102852e-19   3.067445e-03   4.572823e-21   2494370
  9.432084e+00   1.010752e-19   3.068834e-03   4.573307e-21   2453556
  9.442716e+00   9.204219e-20   3.070117e-03   4.582156e-21   2413246
  9.453347e+00   1.014277e-19   3.067994e-03   4.589646e-21   2370914
  9.463973e+00   1.117415e-19   3.067217e-03   4.601938e-21   2330126
  9.474601e+00   1.156391e-19   3.068570e-03   4.603629e-21   2291406
  9.485227e+00   1.006433e-19   3.066158e-03   4.618461e-21   2250410
  9.495850e+00   8.588793e-20   3.066006e-03   4.629019e-21   2211486
  9.506474e+00   9.383299e-20   3.067734e-03   4.625120e-21   2174194
  9.517102e+00   1.173552e-19   3.068176e-03   4.646215e-21   2136416
  9.527733e+00   8.710516e-20   3.069929e-03   4.641709e-21   2100070
  9.538360e+00   1.018526e-19   3.065560e-03   4.667329e-21   2060026
  9.548986e+00   8.699311e-20   3.069362e-03   4.665985e-21   2025910
  9.559615e+00   8.686740e-20   3.067530e-03   4.688423e-21   1988576
  9.570241e+00   9.216016e-20   3.067060e-03   4.700028e-21   1952610
  9.580867e+00   1.005629e-19   3.067361e-03   4.714912e-21   1917470
  9.591493e+00   9.102683e-20   3.067399e-03   4.730036e-21   1882484
  9.602120e+00   9.897920e-20   3.068076e-03   4.740447e-21   1848262
  9.612753e+00   9.824351e-20   3.071327e-03   4.766465e-21   1816024
  9.623386e+00   9.708479e-20   3.068076e-03   4.794585e-21   1780418
  9.634012e+00   9.957406e-20   3.067038e-03   4.798084e-21   1746576
  9.644639e+00   1.039853e-19   3.068628e-03   4.816265e-21   1714622
  9.655268e+00   9.932815e-20   3.067669e-03   4.837801e-21   1681692
  9.665895e+00   9.307199e-20   3.067468e-03   4.849300e-21   1649574
  9.676515e+00   8.859592e-20   3.063511e-03   4.884596e-21   1615788
  9.687137e+00   9.664019e-20   3.068656e-03   4.897982e-21   1587064
  9.697769e+00   8.540549e-20   3.069826e-03   4.916033e-21   1556598
  9.708400e+00   9.034493e-20   3.068471e-03   4.947888e-21   1525380
  9.719030e+00   9.301336e-20   3.068670e-03   4.967478e-21   1495360
  9.729656e+00   1.077626e-19   3.066126e-03   5.007339e-21   1464370
  9.740281e+00   9.128287e-20   3.067601e-03   5.023196e-21   1435656
  9.750907e+00   9.316681e-20   3.067002e-03   5.062229e-21   1406304
  9.761532e+00   9.400147e-20   3.067147e-03   5.075264e-21   1377628
  9.772159e+00   8.570372e-20   3.068370e-03   5.096747e-21   1349744
  9.782788e+00   9.880967e-20   3.068343e-03   5.137679e-21   1321682
  9.793418e+00   9.522531e-20   3.069098e-03   5.165561e-21   1294376
  9.804048e+00   9.183538e-20   3.068140e-03   5.212969e-21   1266768
  9.814673e+00   8.658913e-20   3.066275e-03   5.244549e-21   1239172
  9.825295e+00   9.290919e-20   3.065238e-03   5.290346e-21   1212224
  9.835918e+00   9.428885e-20   3.067386e-03   5.303593e-21   1186796
  9.846547e+00   9.361943e-20   3.069034e-03   5.343867e-21   1161432
  9.857176e+00   9.487541e-20   3.067927e-03   5.387697e-21   1135408
  9.867804e+00   1.022599e-19   3.068239e-03   5.426308e-21   1110324
  9.878434e+00   8.943466e-20   3.068926e-03   5.467941e-21   1085680
  9.889062e+00   8.603378e-20   3.066842e-03   5.510373e-21   1060364
  9.899688e+00   9.480625e-20   3.068767e-03   5.561284e-21   1036736
  9.910321e+00   9.669871e-20   3.070562e-03   5.576296e-21   1013388
  9.920951e+00   1.012269e-19   3.066769e-03   5.652194e-21   988656
  9.931575e+00   1.029172e-19   3.066738e-03   5.679065e-21   965530
  9.942197e+00   1.146951e-19   3.064855e-03   5.739765e-21   942100
  9.952819e+00   1.048997e-19   3.066142e-03   5.780109e-21   919888
  9.963442e+00   9.050816e-20   3.066491e-03   5.846083e-21   897628
  9.974067e+00   1.008679e-19   3.067504e-03   5.894236e-21   875856
  9.984696e+00   1.129043e-19   3.069599e-03   5.942951e-21   854736
  9.995330e+00   1.056947e-19   3.070044e-03   5.998322e-21   833510
  1.000596e+01   1.030581e-19   3.068120e-03   6.070792e-21   811976
  1.001659e+01   8.355401e-20   3.066566e-03   6.135546e-21   790844
  1.002721e+01   9.859133e-20   3.066302e-03   6.197846e-21   770320
  1.003784e+01   1.004699e-19   3.069162e-03   6.259881e-21   750838
  1.004847e+01   8.696276e-20   3.068729e-03   6.303826e-21   730864
  1.005909e+01   9.931147e-20   3.067039e-03   6.396758e-21   710984
  1.006972e+01   8.800005e-20   3.067274e-03   6.446340e-21   691894
  1.008035e+01   8.869627e-20   3.066106e-03   6.551475e-21   672776
  1.009097e+01   1.026007e-19   3.067065e-03   6.618898e-21   654372
  1.010160e+01   1.015690e-19   3.065537e-03   6.698786e-21   635682
  1.011222e+01   9.975783e-20   3.064886e-03   6.800891e-21   617460
  1.012284e+01   1.029708e-19   3.066767e-03   6.856731e-21   600024
  1.013346e+01   1.024063e-19   3.068404e-03   6.951623e-21   582830
  1.014410e+01   1.016418e-19   3.070337e-03   7.011278e-21   566000
  1.015473e+01   1.123043e-19   3.066543e-03   7.129569e-21   548458
  1.016535e+01   1.016982e-19   3.067619e-03   7.241861e-21   532084
  1.017598e+01   1.140908e-19   3.065740e-03   7.356838e-21   515440
  1.018660e+01   1.183720e-19   3.064533e-03   7.462621e-21   499174
  1.019722e+01   9.671382e-20   3.064552e-03   7.506624e-21   483368
  1.020784e+01   1.128872e-19   3.067558e-03   7.665061e-21   468270
  1.021847e+01   1.002405e-19   3.071740e-03   7.758711e-21   453568
  1.022911e+01   9.536897e-20   3.068522e-03   7.919185e-21   438106
  1.023974e+01   9.313026e-20   3.068674e-03   8.071521e-21   423508
  1.025036e+01   9.862971e-20   3.065352e-03   8.113111e-21   408754
  1.026098e+01   9.763703e-20   3.064549e-03   8.264838e-21   394612
  1.027160e+01   1.148330e-19   3.064825e-03   8.406825e-21   380826
  1.028223e+01   1.003522e-19   3.063635e-03   8.605622e-21   367086
  1.029285e+01   1.050950e-19   3.065226e-03   8.692038e-21   353904
  1.030347e+01   8.852521e-20   3.067842e-03   8.844290e-21   341046
  1.031410e+01   9.755483e-20   3.067827e-03   9.036238e-21   328144
  1.032473e+01   1.012784e-19   3.068491e-03   9.175498e-21   315598
  1.033536e+01   1.028641e-19   3.070442e-03   9.367648e-21   303466
  1.034599e+01   9.450409e-20   3.070558e-03   9.586590e-21   291456
  1.035662e+01   1.151215e-19   3.069010e-03   9.756975e-21   279614
  1.036725e+01   1.127454e-19   3.062765e-03   1.001806e-20   267680
  1.037786e+01   1.161650e-19   3.061142e-03   1.016788e-20   256438
  1.038848e+01   1.022237e-19   3.062004e-03   1.041725e-20   245618
  1.039909e+01   1.217947e-19   3.058865e-03   1.067161e-20   234708
  1.040970e+01   8.900594e-20   3.057929e-03   1.088521e-20   224210
  1.042032e+01   9.631433e-20   3.058509e-03   1.110905e-20   214046
  1.043093e+01   1.137151e-19   3.059874e-03   1.140947e-20   204152
  1.044155e+01   1.136802e-19   3.062766e-03   1.164743e-20   194558
  1.045217e+01   1.072656e-19   3.062838e-03   1.198947e-20   185018
  1.046279e+01   9.941947e-20   3.066092e-03   1.234913e-20   175918
  1.047341e+01   1.038219e-19   3.068348e-03   1.258519e-20   166992
  1.048404e+01   6.683842e-20   3.070094e-03   1.292663e-20   158294
  1.049468e+01   1.101613e-19   3.071097e-03   1.320899e-20   149842
  1.050531e+01   6.757513e-20   3.068653e-03   1.375881e-20   141530
  1.051593e+01   8.833192e-20   3.060509e-03   1.414897e-20   133284
  1.052654e+01   1.078925e-19   3.057354e-03   1.453285e-20   125546
  1.053715e+01   1.063625e-19   3.051144e-03   1.498336e-20   117950
  1.054776e+01   1.172440e-19   3.048602e-03   1.562875e-20   110746
  1.055836e+01   1.269337e-19   3.039799e-03   1.598395e-20   103572
  1.056895e+01   6.618109e-20   3.036073e-03   1.651946e-20   96818
  1.057954e+01   1.354432e-19   3.031333e-03   1.720654e-20   90262
  1.059013e+01   7.276191e-20   3.027317e-03   1.793274e-20   83970
  1.060072e+01   1.358036e-19   3.019853e-03   1.859795e-20   77846
  1.061129e+01   7.188297e-20   3.012052e-03   1.943424e-20   71984
  1.062186e+01   1.103491e-19   3.005730e-03   2.022684e-20   66398
  1.063243e+01   1.021173e-19   3.000369e-03   2.081971e-20   61058
  1.064300e+01   1.425896e-19   2.995714e-03   2.221200e-20   55958
  1.065357e+01   6.049409e-20   2.990697e-03   2.309868e-20   51082
  1.066413e+01   1.571833e-19   2.981767e-03   2.380183e-20   46398
  1.067469e+01   1.340856e-19   2.970930e-03   2.564146e-20   41954
  1.068524e+01   1.175366e-19   2.955045e-03   2.650406e-20   37718
  1.069578e+01   1.055581e-19   2.938133e-03   2.878673e-20   33736
  1.070631e+01   9.361673e-20   2.922830e-03   3.016272e-20   30006
  1.071684e+01   7.672540e-20   2.912268e-03   3.258809e-20   26522
  1.072739e+01   2.122521e-19   2.905476e-03   3.507498e-20   23254
  1.073793e+01   5.594158e-20   2.895825e-03   3.662900e-20   20178
  1.074848e+01   1.750673e-20   2.890787e-03   3.984514e-20   17342
  1.075903e+01   8.288175e-20   2.886580e-03   4.226321e-20   14714
  1.076959e+01   5.310640e-20   2.887906e-03   4.722682e-20   12310
  1.078015e+01   1.126484e-19   2.880436e-03   5.210081e-20   10098
  1.079071e+01   2.062490e-20   2.879327e-03   5.998614e-20   8126
  1.080127e+01   -3.710499e-20   2.877797e-03   6.906672e-20   6362
  1.081184e+01   8.002698e-20   2.888638e-03   7.875630e-20   4822
  1.082239e+01   2.625184e-19   2.872451e-03   8.626302e-20   3474
  1.083292e+01   1.032577e-19   2.869225e-03   1.115388e-19   2366
  1.084344e+01   -1.817730e-20   2.860034e-03   1.467262e-19   1466
  1.085397e+01   5.167857e-20   2.925135e-03   1.889618e-19   790
  1.086426e+01   -2.081916e-19   2.767211e-03   2.954319e-19   306
  1.087389e+01   -7.320197e-20   2.357714e-03   5.559782e-19   62
