# cross spectrum of phi(z1) and phi(z2)
# redshift z=1.892948
# k              Pk             sigma(k)       sigma(Pk)      count
  7.830312e-03   2.629539e-10   1.198114e-03   5.920237e-11   18
  1.686348e-02   3.117131e-10   2.897918e-03   2.978314e-11   152
  2.725284e-02   1.861851e-10   3.060867e-03   8.705654e-12   416
  3.742835e-02   1.020233e-10   2.912555e-03   3.819052e-12   770
  4.808679e-02   6.407068e-11   3.119650e-03   1.878525e-12   1364
  5.876109e-02   4.207317e-11   3.054550e-03   9.565805e-13   1976
  6.939824e-02   3.208285e-11   3.112555e-03   6.104756e-13   2792
  7.984642e-02   2.339655e-11   2.971805e-03   3.989990e-13   3578
  9.038229e-02   1.686184e-11   3.049521e-03   2.490192e-13   4724
  1.011318e-01   1.247634e-11   3.134595e-03   1.649274e-13   6032
  1.117485e-01   9.760194e-12   3.016599e-03   1.191989e-13   7072
  1.222702e-01   8.218181e-12   3.056387e-03   9.020918e-14   8634
  1.329722e-01   6.981187e-12   3.095256e-03   6.976051e-14   10336
  1.436677e-01   5.648352e-12   3.082009e-03   5.103449e-14   11940
  1.541872e-01   4.543217e-12   3.021465e-03   4.008037e-14   13490
  1.647185e-01   3.770092e-12   3.054444e-03   2.984119e-14   15656
  1.754149e-01   3.191028e-12   3.102608e-03   2.389852e-14   18008
  1.860920e-01   2.819465e-12   3.069464e-03   1.997677e-14   19964
  1.966957e-01   2.460280e-12   3.066093e-03   1.652720e-14   22354
  2.072851e-01   2.101346e-12   3.030819e-03   1.343741e-14   24648
  2.179134e-01   1.814584e-12   3.083109e-03   1.089586e-14   27592
  2.285517e-01   1.584233e-12   3.075318e-03   9.091032e-15   30152
  2.391687e-01   1.403764e-12   3.069056e-03   7.744634e-15   33046
  2.497808e-01   1.278085e-12   3.053846e-03   6.784893e-15   35992
  2.604233e-01   1.150051e-12   3.074764e-03   5.831661e-15   39304
  2.710722e-01   1.043131e-12   3.082145e-03   5.041893e-15   42608
  2.817050e-01   9.217020e-13   3.058267e-03   4.342742e-15   45758
  2.923349e-01   8.244174e-13   3.072286e-03   3.758344e-15   49536
  3.029238e-01   7.503033e-13   3.039208e-03   3.295907e-15   52488
  3.135134e-01   6.940386e-13   3.084628e-03   2.925386e-15   57034
  3.241511e-01   6.200328e-13   3.061146e-03   2.521310e-15   60648
  3.347969e-01   5.750727e-13   3.076329e-03   2.268831e-15   65044
  3.454223e-01   5.313623e-13   3.057760e-03   2.019627e-15   68720
  3.560505e-01   4.836669e-13   3.078281e-03   1.784868e-15   73538
  3.667175e-01   4.462714e-13   3.076939e-03   1.602067e-15   78080
  3.773260e-01   4.158710e-13   3.039859e-03   1.459268e-15   81572
  3.879192e-01   3.867018e-13   3.081238e-03   1.309595e-15   87248
  3.985882e-01   3.574051e-13   3.084591e-03   1.181548e-15   92266
  4.092322e-01   3.338057e-13   3.063169e-03   1.081184e-15   96696
  4.198039e-01   3.101837e-13   3.037602e-03   9.831091e-16   100904
  4.303789e-01   2.898078e-13   3.065517e-03   8.961201e-16   107036
  4.410480e-01   2.724408e-13   3.089487e-03   8.135099e-16   113362
  4.517307e-01   2.541727e-13   3.072092e-03   7.416559e-16   118176
  4.623378e-01   2.396770e-13   3.054661e-03   6.911010e-16   122944
  4.729644e-01   2.254007e-13   3.083007e-03   6.287675e-16   129902
  4.836049e-01   2.098968e-13   3.061727e-03   5.729004e-16   134944
  4.942158e-01   2.001100e-13   3.064979e-03   5.366040e-16   140952
  5.048213e-01   1.870277e-13   3.064662e-03   4.931184e-16   147072
  5.154342e-01   1.772442e-13   3.060800e-03   4.535020e-16   153382
  5.260893e-01   1.687001e-13   3.082622e-03   4.188429e-16   160952
  5.367508e-01   1.590343e-13   3.070294e-03   3.909098e-16   166640
  5.473579e-01   1.512380e-13   3.057153e-03   3.678221e-16   172448
  5.579787e-01   1.433634e-13   3.077577e-03   3.386374e-16   180594
  5.686178e-01   1.361427e-13   3.060710e-03   3.150498e-16   186556
  5.792219e-01   1.296079e-13   3.063394e-03   2.976090e-16   193528
  5.898242e-01   1.240246e-13   3.060684e-03   2.779831e-16   200626
  6.004609e-01   1.177183e-13   3.076604e-03   2.598104e-16   209256
  6.111150e-01   1.128706e-13   3.069663e-03   2.442477e-16   216020
  6.217510e-01   1.077929e-13   3.075746e-03   2.287966e-16   223768
  6.323610e-01   1.022780e-13   3.055783e-03   2.147193e-16   230234
  6.429887e-01   9.818188e-14   3.074922e-03   2.021730e-16   239800
  6.536248e-01   9.403951e-14   3.063054e-03   1.902401e-16   246568
  6.642393e-01   9.036111e-14   3.068328e-03   1.796341e-16   254828
  6.748534e-01   8.626812e-14   3.064424e-03   1.689478e-16   263074
  6.854951e-01   8.255856e-14   3.071509e-03   1.593332e-16   272312
  6.961385e-01   7.935365e-14   3.070197e-03   1.513297e-16   280376
  7.067732e-01   7.649335e-14   3.071500e-03   1.436896e-16   288884
  7.174012e-01   7.312082e-14   3.068501e-03   1.347914e-16   297602
  7.280177e-01   7.096817e-14   3.057614e-03   1.293041e-16   305520
  7.386402e-01   6.796338e-14   3.075198e-03   1.216817e-16   315976
  7.492461e-01   6.529092e-14   3.052723e-03   1.155129e-16   322778
  7.598720e-01   6.339888e-14   3.080021e-03   1.105006e-16   335372
  7.705286e-01   6.065183e-14   3.068318e-03   1.044489e-16   343464
  7.811635e-01   5.840441e-14   3.070705e-03   9.890289e-17   352912
  7.917934e-01   5.651508e-14   3.070498e-03   9.470935e-17   362666
  8.024224e-01   5.488413e-14   3.063690e-03   9.085073e-17   371884
  8.130465e-01   5.272647e-14   3.069929e-03   8.614723e-17   382280
  8.236583e-01   5.101796e-14   3.060755e-03   8.204543e-17   390888
  8.342648e-01   4.930235e-14   3.067168e-03   7.848378e-17   402234
  8.448912e-01   4.797952e-14   3.064832e-03   7.538914e-17   412576
  8.555263e-01   4.608820e-14   3.071788e-03   7.163275e-17   423732
  8.661590e-01   4.477045e-14   3.068142e-03   6.871970e-17   433624
  8.767950e-01   4.332001e-14   3.072203e-03   6.555260e-17   445154
  8.874347e-01   4.193352e-14   3.069139e-03   6.286801e-17   455584
  8.980596e-01   4.061642e-14   3.064716e-03   6.024320e-17   465588
  9.086714e-01   3.926093e-14   3.065163e-03   5.739197e-17   476762
  9.193048e-01   3.822266e-14   3.073106e-03   5.510349e-17   489552
  9.299472e-01   3.716903e-14   3.069632e-03   5.329283e-17   500328
  9.405628e-01   3.607242e-14   3.059261e-03   5.109679e-17   509852
  9.511854e-01   3.495151e-14   3.074339e-03   4.911022e-17   524234
  9.618189e-01   3.397334e-14   3.061952e-03   4.707442e-17   534104
  9.724448e-01   3.295886e-14   3.070528e-03   4.519705e-17   547048
  9.830800e-01   3.210556e-14   3.073862e-03   4.355676e-17   559328
  9.937180e-01   3.121520e-14   3.070866e-03   4.188153e-17   571326
  1.004339e+00   3.041382e-14   3.060367e-03   4.031544e-17   581920
  1.014951e+00   2.950930e-14   3.064588e-03   3.885598e-17   594832
  1.025571e+00   2.878355e-14   3.068054e-03   3.743857e-17   608048
  1.036206e+00   2.796399e-14   3.070252e-03   3.599244e-17   621526
  1.046839e+00   2.720650e-14   3.066112e-03   3.476390e-17   633240
  1.057456e+00   2.654271e-14   3.064953e-03   3.351544e-17   645472
  1.068086e+00   2.592018e-14   3.075342e-03   3.239296e-17   660906
  1.078726e+00   2.527360e-14   3.067576e-03   3.141411e-17   672856
  1.089356e+00   2.456606e-14   3.067094e-03   3.020013e-17   685980
  1.099980e+00   2.395198e-14   3.067978e-03   2.919998e-17   699256
  1.110619e+00   2.335576e-14   3.074976e-03   2.808442e-17   714730
  1.121246e+00   2.275668e-14   3.059348e-03   2.721805e-17   725152
  1.131863e+00   2.220328e-14   3.067634e-03   2.636499e-17   740420
  1.142485e+00   2.164353e-14   3.069089e-03   2.545113e-17   754312
  1.153114e+00   2.113917e-14   3.069897e-03   2.462443e-17   769114
  1.163749e+00   2.075538e-14   3.069209e-03   2.385862e-17   783488
  1.174365e+00   2.017478e-14   3.058900e-03   2.306207e-17   794968
  1.184981e+00   1.976611e-14   3.070107e-03   2.238700e-17   812366
  1.195609e+00   1.930949e-14   3.065134e-03   2.170039e-17   825976
  1.206250e+00   1.886415e-14   3.075220e-03   2.096632e-17   843352
  1.216898e+00   1.846628e-14   3.073224e-03   2.036282e-17   857280
  1.227524e+00   1.808029e-14   3.063189e-03   1.984415e-17   869542
  1.238147e+00   1.765758e-14   3.070752e-03   1.917842e-17   887128
  1.248772e+00   1.727548e-14   3.063166e-03   1.862258e-17   900032
  1.259388e+00   1.684698e-14   3.067377e-03   1.797885e-17   916560
  1.270005e+00   1.646711e-14   3.061783e-03   1.751488e-17   930922
  1.280635e+00   1.614463e-14   3.071795e-03   1.691746e-17   949844
  1.291287e+00   1.581533e-14   3.076939e-03   1.647739e-17   966736
  1.301925e+00   1.549459e-14   3.065819e-03   1.604427e-17   978776
  1.312537e+00   1.518522e-14   3.064137e-03   1.567438e-17   994522
  1.323161e+00   1.483350e-14   3.068907e-03   1.514525e-17   1012420
  1.333794e+00   1.454617e-14   3.071598e-03   1.472750e-17   1029408
  1.344410e+00   1.425728e-14   3.058405e-03   1.434832e-17   1041658
  1.355032e+00   1.395427e-14   3.072381e-03   1.391859e-17   1063520
  1.365659e+00   1.366363e-14   3.060689e-03   1.352917e-17   1075808
  1.376294e+00   1.341905e-14   3.080019e-03   1.318031e-17   1098956
  1.386928e+00   1.315037e-14   3.061670e-03   1.284295e-17   1109810
  1.397545e+00   1.291803e-14   3.065288e-03   1.250887e-17   1128608
  1.408178e+00   1.264689e-14   3.073589e-03   1.213998e-17   1148264
  1.418813e+00   1.238957e-14   3.067917e-03   1.183983e-17   1163252
  1.429436e+00   1.215020e-14   3.067070e-03   1.152400e-17   1181042
  1.440060e+00   1.192792e-14   3.064325e-03   1.122202e-17   1197848
  1.450692e+00   1.169699e-14   3.073737e-03   1.093603e-17   1218848
  1.461323e+00   1.146840e-14   3.064859e-03   1.066646e-17   1232916
  1.471945e+00   1.125588e-14   3.068844e-03   1.034789e-17   1253002
  1.482566e+00   1.102680e-14   3.062284e-03   1.010339e-17   1268576
  1.493191e+00   1.085926e-14   3.071552e-03   9.881274e-18   1290128
  1.503822e+00   1.064952e-14   3.068342e-03   9.642580e-18   1307402
  1.514455e+00   1.044682e-14   3.069122e-03   9.397785e-18   1327028
  1.525083e+00   1.025326e-14   3.064970e-03   9.142059e-18   1343648
  1.535711e+00   1.009617e-14   3.070217e-03   8.956097e-18   1364096
  1.546341e+00   9.909752e-15   3.068950e-03   8.718595e-18   1382730
  1.556974e+00   9.696612e-15   3.068757e-03   8.479677e-18   1402164
  1.567604e+00   9.546608e-15   3.068159e-03   8.318255e-18   1420464
  1.578221e+00   9.367662e-15   3.063798e-03   8.120681e-18   1437368
  1.588847e+00   9.234356e-15   3.072142e-03   7.921615e-18   1461530
  1.599480e+00   9.044732e-15   3.065069e-03   7.716200e-18   1478264
  1.610108e+00   8.901447e-15   3.068902e-03   7.540712e-18   1499356
  1.620732e+00   8.721608e-15   3.065238e-03   7.369770e-18   1517016
  1.631360e+00   8.603019e-15   3.070849e-03   7.215236e-18   1540090
  1.641988e+00   8.445038e-15   3.065366e-03   7.038279e-18   1557360
  1.652609e+00   8.290588e-15   3.066926e-03   6.874582e-18   1577780
  1.663242e+00   8.166403e-15   3.075107e-03   6.721611e-18   1602578
  1.673875e+00   8.027900e-15   3.063542e-03   6.563365e-18   1617672
  1.684498e+00   7.901681e-15   3.069033e-03   6.428653e-18   1641016
  1.695122e+00   7.761666e-15   3.065080e-03   6.292918e-18   1659416
  1.705746e+00   7.629649e-15   3.068431e-03   6.145261e-18   1682670
  1.716382e+00   7.505888e-15   3.070690e-03   5.997464e-18   1705256
  1.727024e+00   7.376258e-15   3.071890e-03   5.876346e-18   1726312
  1.737645e+00   7.257132e-15   3.062639e-03   5.762896e-18   1741880
  1.748261e+00   7.146469e-15   3.067156e-03   5.628387e-18   1766454
  1.758897e+00   7.036101e-15   3.073105e-03   5.492924e-18   1791784
  1.769528e+00   6.929206e-15   3.063894e-03   5.412888e-18   1807712
  1.780139e+00   6.810061e-15   3.062775e-03   5.283595e-18   1829002
  1.790759e+00   6.696624e-15   3.067263e-03   5.168815e-18   1854216
  1.801400e+00   6.599041e-15   3.074631e-03   5.056916e-18   1880156
  1.812037e+00   6.478138e-15   3.068349e-03   4.946110e-18   1897568
  1.822663e+00   6.392902e-15   3.068475e-03   4.846297e-18   1920458
  1.833288e+00   6.290132e-15   3.065997e-03   4.747609e-18   1942208
  1.843915e+00   6.205672e-15   3.067813e-03   4.663134e-18   1965612
  1.854544e+00   6.095938e-15   3.069639e-03   4.547960e-18   1989000
  1.865168e+00   5.997619e-15   3.064465e-03   4.455381e-18   2009114
  1.875791e+00   5.904031e-15   3.067400e-03   4.360311e-18   2034464
  1.886424e+00   5.818824e-15   3.070174e-03   4.279668e-18   2058476
  1.897052e+00   5.728513e-15   3.068039e-03   4.197442e-18   2079648
  1.907673e+00   5.646548e-15   3.065891e-03   4.118314e-18   2102578
  1.918306e+00   5.553952e-15   3.070742e-03   4.024407e-18   2129928
  1.928942e+00   5.476504e-15   3.069733e-03   3.956848e-18   2152096
  1.939563e+00   5.403032e-15   3.062858e-03   3.886579e-18   2171142
  1.950185e+00   5.329208e-15   3.069150e-03   3.803485e-18   2200248
  1.960824e+00   5.226412e-15   3.071017e-03   3.708664e-18   2225216
  1.971460e+00   5.153600e-15   3.070942e-03   3.645232e-18   2248448
  1.982084e+00   5.084124e-15   3.064272e-03   3.580041e-18   2267942
  1.992710e+00   5.013006e-15   3.071051e-03   3.511429e-18   2298072
  2.003337e+00   4.941298e-15   3.064068e-03   3.454553e-18   2317272
  2.013961e+00   4.864800e-15   3.069747e-03   3.376304e-18   2345808
  2.024580e+00   4.785443e-15   3.062469e-03   3.309816e-18   2365650
  2.035206e+00   4.724340e-15   3.069930e-03   3.256004e-18   2396940
  2.045842e+00   4.654451e-15   3.069936e-03   3.185258e-18   2421272
  2.056473e+00   4.593826e-15   3.068399e-03   3.138383e-18   2444576
  2.067102e+00   4.524950e-15   3.069748e-03   3.075135e-18   2471490
  2.077728e+00   4.459642e-15   3.064854e-03   3.016838e-18   2493180
  2.088349e+00   4.397515e-15   3.068019e-03   2.958315e-18   2520952
  2.098972e+00   4.329687e-15   3.065319e-03   2.904452e-18   2544946
  2.109598e+00   4.264898e-15   3.068311e-03   2.848097e-18   2573856
  2.120230e+00   4.211212e-15   3.069026e-03   2.799730e-18   2600016
  2.130862e+00   4.155839e-15   3.069102e-03   2.751563e-18   2625484
  2.141490e+00   4.095139e-15   3.068080e-03   2.699733e-18   2651122
  2.152130e+00   4.037600e-15   3.074348e-03   2.641759e-18   2683488
  2.162754e+00   3.984700e-15   3.059466e-03   2.607871e-18   2696352
  2.173371e+00   3.921780e-15   3.071171e-03   2.551212e-18   2733020
  2.184002e+00   3.869449e-15   3.067530e-03   2.510587e-18   2757378
  2.194631e+00   3.824259e-15   3.067942e-03   2.467687e-18   2784864
  2.205259e+00   3.766627e-15   3.067811e-03   2.420925e-18   2811168
  2.215874e+00   3.716829e-15   3.061061e-03   2.381621e-18   2832274
  2.226505e+00   3.667796e-15   3.075611e-03   2.337383e-18   2873636
  2.237142e+00   3.620312e-15   3.064877e-03   2.300250e-18   2890496
  2.247766e+00   3.566234e-15   3.069851e-03   2.255729e-18   2921800
  2.258399e+00   3.519422e-15   3.071101e-03   2.213676e-18   2951298
  2.269032e+00   3.472324e-15   3.066274e-03   2.181164e-18   2975476
  2.279663e+00   3.423605e-15   3.071375e-03   2.136962e-18   3007728
  2.290285e+00   3.381323e-15   3.061886e-03   2.106633e-18   3025776
  2.300910e+00   3.337500e-15   3.072955e-03   2.069666e-18   3065762
  2.311540e+00   3.288585e-15   3.063208e-03   2.034835e-18   3084856
  2.322162e+00   3.246210e-15   3.068985e-03   1.999444e-18   3118044
  2.332782e+00   3.202310e-15   3.064319e-03   1.965842e-18   3141352
  2.343410e+00   3.164642e-15   3.072036e-03   1.934829e-18   3179274
  2.354046e+00   3.113652e-15   3.067682e-03   1.896174e-18   3204120
  2.364668e+00   3.076877e-15   3.063610e-03   1.871666e-18   3227900
  2.375288e+00   3.041174e-15   3.068722e-03   1.836704e-18   3262394
  2.385925e+00   2.994706e-15   3.071814e-03   1.803463e-18   3295680
  2.396559e+00   2.954356e-15   3.067166e-03   1.772017e-18   3319560
  2.407184e+00   2.921981e-15   3.068070e-03   1.748039e-18   3348972
  2.417810e+00   2.881367e-15   3.068540e-03   1.718059e-18   3379722
  2.428441e+00   2.844717e-15   3.068348e-03   1.689506e-18   3410720
  2.439075e+00   2.808626e-15   3.069517e-03   1.661955e-18   3441504
  2.449697e+00   2.770832e-15   3.063301e-03   1.635538e-18   3463624
  2.460317e+00   2.733274e-15   3.068043e-03   1.606608e-18   3499790
  2.470951e+00   2.698673e-15   3.070702e-03   1.581904e-18   3533560
  2.481588e+00   2.664903e-15   3.069830e-03   1.555887e-18   3561920
  2.492209e+00   2.626843e-15   3.064208e-03   1.532791e-18   3585208
  2.502830e+00   2.596654e-15   3.069185e-03   1.504720e-18   3622518
  2.513468e+00   2.561863e-15   3.072344e-03   1.479531e-18   3657584
  2.524094e+00   2.529442e-15   3.062507e-03   1.461544e-18   3676440
  2.534707e+00   2.496239e-15   3.065232e-03   1.434698e-18   3711282
  2.545334e+00   2.469289e-15   3.068763e-03   1.413221e-18   3747696
  2.555965e+00   2.435778e-15   3.067225e-03   1.390939e-18   3776188
  2.566601e+00   2.405517e-15   3.074483e-03   1.366116e-18   3815304
  2.577232e+00   2.374392e-15   3.064660e-03   1.348272e-18   3835370
  2.587856e+00   2.344541e-15   3.068926e-03   1.324319e-18   3873424
  2.598487e+00   2.316557e-15   3.067978e-03   1.306482e-18   3903420
  2.609117e+00   2.287732e-15   3.070036e-03   1.284247e-18   3937624
  2.619745e+00   2.257667e-15   3.066011e-03   1.265369e-18   3965658
  2.630375e+00   2.229484e-15   3.069802e-03   1.242430e-18   4002984
  2.641001e+00   2.200388e-15   3.065136e-03   1.227795e-18   4027928
  2.651616e+00   2.171102e-15   3.064941e-03   1.205681e-18   4059844
  2.662241e+00   2.150096e-15   3.069945e-03   1.189539e-18   4100338
  2.672876e+00   2.119933e-15   3.069128e-03   1.168661e-18   4132264
  2.683506e+00   2.091357e-15   3.068474e-03   1.150317e-18   4163216
  2.694131e+00   2.067822e-15   3.066146e-03   1.134747e-18   4193350
  2.704761e+00   2.040777e-15   3.071068e-03   1.115614e-18   4234456
  2.715390e+00   2.016589e-15   3.064079e-03   1.100865e-18   4257264
  2.726012e+00   1.993765e-15   3.069774e-03   1.082898e-18   4297352
  2.736640e+00   1.965648e-15   3.067495e-03   1.066725e-18   4328642
  2.747272e+00   1.942575e-15   3.070663e-03   1.049688e-18   4367948
  2.757895e+00   1.917051e-15   3.061799e-03   1.034204e-18   4388384
  2.768519e+00   1.893856e-15   3.072247e-03   1.017757e-18   4436648
  2.779154e+00   1.872623e-15   3.067997e-03   1.003343e-18   4465658
  2.789787e+00   1.850210e-15   3.069677e-03   9.887939e-19   4502948
  2.800413e+00   1.824567e-15   3.064787e-03   9.731830e-19   4528880
  2.811033e+00   1.804947e-15   3.067181e-03   9.599689e-19   4566290
  2.821663e+00   1.782911e-15   3.070655e-03   9.449743e-19   4606856
  2.832293e+00   1.760585e-15   3.066552e-03   9.318468e-19   4635380
  2.842916e+00   1.739945e-15   3.067131e-03   9.185109e-19   4670384
  2.853543e+00   1.716323e-15   3.069161e-03   9.038838e-19   4709258
  2.864179e+00   1.697758e-15   3.070324e-03   8.901289e-19   4747352
  2.874805e+00   1.678601e-15   3.063655e-03   8.787522e-19   4771664
  2.885427e+00   1.655862e-15   3.068600e-03   8.652142e-19   4813532
  2.896058e+00   1.634296e-15   3.070437e-03   8.506397e-19   4852322
  2.906693e+00   1.617626e-15   3.069013e-03   8.398951e-19   4886480
  2.917320e+00   1.596585e-15   3.066289e-03   8.276995e-19   4917248
  2.927939e+00   1.576344e-15   3.065099e-03   8.149650e-19   4950828
  2.938569e+00   1.561126e-15   3.072788e-03   8.041066e-19   5000170
  2.949204e+00   1.539490e-15   3.066857e-03   7.914364e-19   5026952
  2.959825e+00   1.523077e-15   3.064676e-03   7.817805e-19   5058752
  2.970445e+00   1.503432e-15   3.067741e-03   7.692928e-19   5100722
  2.981076e+00   1.485610e-15   3.068979e-03   7.587571e-19   5140124
  2.991706e+00   1.466324e-15   3.067937e-03   7.463476e-19   5174072
  3.002335e+00   1.449950e-15   3.068928e-03   7.366780e-19   5211608
  3.012962e+00   1.432461e-15   3.067917e-03   7.258292e-19   5247794
  3.023589e+00   1.416698e-15   3.066908e-03   7.167774e-19   5284196
  3.034222e+00   1.399020e-15   3.071657e-03   7.058511e-19   5328800
  3.044847e+00   1.380808e-15   3.063109e-03   6.955988e-19   5350872
  3.055470e+00   1.366413e-15   3.069608e-03   6.857084e-19   5400634
  3.066097e+00   1.348208e-15   3.065291e-03   6.758598e-19   5430968
  3.076725e+00   1.333082e-15   3.070185e-03   6.654796e-19   5475908
  3.087355e+00   1.319396e-15   3.068352e-03   6.587735e-19   5510016
  3.097986e+00   1.303430e-15   3.069695e-03   6.489953e-19   5552114
  3.108620e+00   1.287890e-15   3.068841e-03   6.399825e-19   5588944
  3.119249e+00   1.272272e-15   3.067703e-03   6.304772e-19   5623828
  3.129873e+00   1.255394e-15   3.066629e-03   6.211541e-19   5660722
  3.140497e+00   1.242663e-15   3.066422e-03   6.138061e-19   5699896
  3.151124e+00   1.226465e-15   3.068968e-03   6.039841e-19   5741936
  3.161754e+00   1.212792e-15   3.069010e-03   5.962737e-19   5779568
  3.172381e+00   1.199518e-15   3.067639e-03   5.881947e-19   5817222
  3.183006e+00   1.183240e-15   3.066013e-03   5.795085e-19   5854600
  3.193635e+00   1.171393e-15   3.069791e-03   5.724143e-19   5900040
  3.204262e+00   1.157076e-15   3.066501e-03   5.643988e-19   5931976
  3.214890e+00   1.144739e-15   3.070101e-03   5.569474e-19   5979390
  3.225518e+00   1.130538e-15   3.065321e-03   5.487209e-19   6010200
  3.236144e+00   1.116235e-15   3.069327e-03   5.404327e-19   6056496
  3.246769e+00   1.104600e-15   3.066211e-03   5.344026e-19   6089504
  3.257396e+00   1.090950e-15   3.069391e-03   5.261363e-19   6137114
  3.268025e+00   1.079052e-15   3.067201e-03   5.195337e-19   6173332
  3.278652e+00   1.065742e-15   3.067882e-03   5.121737e-19   6214128
  3.289279e+00   1.052879e-15   3.067306e-03   5.050510e-19   6253874
  3.299910e+00   1.040559e-15   3.069629e-03   4.988816e-19   6300104
  3.310539e+00   1.029224e-15   3.066365e-03   4.923142e-19   6332612
  3.321166e+00   1.017262e-15   3.070240e-03   4.855138e-19   6379768
  3.331797e+00   1.004724e-15   3.068597e-03   4.791713e-19   6418218
  3.342427e+00   9.941566e-16   3.068360e-03   4.730533e-19   6459880
  3.353052e+00   9.816022e-16   3.066116e-03   4.669066e-19   6495652
  3.363680e+00   9.703287e-16   3.070231e-03   4.595470e-19   6545296
  3.374311e+00   9.585732e-16   3.067227e-03   4.536898e-19   6581570
  3.384935e+00   9.484734e-16   3.065246e-03   4.478920e-19   6618960
  3.395556e+00   9.371416e-16   3.067158e-03   4.417299e-19   6663352
  3.406178e+00   9.264797e-16   3.065376e-03   4.362657e-19   6701334
  3.416809e+00   9.154180e-16   3.072512e-03   4.297329e-19   6759920
  3.427444e+00   9.045085e-16   3.067179e-03   4.242573e-19   6789696
  3.438073e+00   8.941750e-16   3.069955e-03   4.186457e-19   6837208
  3.448703e+00   8.855084e-16   3.067492e-03   4.138073e-19   6874966
  3.459333e+00   8.722754e-16   3.068613e-03   4.073737e-19   6920864
  3.469960e+00   8.643381e-16   3.066758e-03   4.031259e-19   6957816
  3.480585e+00   8.528065e-16   3.068144e-03   3.969134e-19   7002232
  3.491208e+00   8.447744e-16   3.066540e-03   3.924097e-19   7043114
  3.501840e+00   8.342046e-16   3.070403e-03   3.861128e-19   7096020
  3.512471e+00   8.243095e-16   3.067394e-03   3.819159e-19   7130640
  3.523097e+00   8.154947e-16   3.068276e-03   3.772652e-19   7175472
  3.533723e+00   8.058650e-16   3.067248e-03   3.725667e-19   7217786
  3.544353e+00   7.969589e-16   3.068999e-03   3.673808e-19   7265564
  3.554979e+00   7.867010e-16   3.066319e-03   3.621821e-19   7301288
  3.565600e+00   7.787350e-16   3.066375e-03   3.578370e-19   7345330
  3.576227e+00   7.697114e-16   3.069052e-03   3.529788e-19   7397048
  3.586856e+00   7.617957e-16   3.067039e-03   3.488251e-19   7435920
  3.597485e+00   7.518247e-16   3.069220e-03   3.438795e-19   7484140
  3.608113e+00   7.435068e-16   3.067643e-03   3.395137e-19   7525578
  3.618741e+00   7.355008e-16   3.067518e-03   3.354860e-19   7571376
  3.629371e+00   7.266028e-16   3.068480e-03   3.309276e-19   7617064
  3.640002e+00   7.191406e-16   3.069456e-03   3.269368e-19   7662092
  3.650627e+00   7.103372e-16   3.066324e-03   3.228058e-19   7699658
  3.661254e+00   7.020528e-16   3.068945e-03   3.184557e-19   7752416
  3.671886e+00   6.936224e-16   3.069408e-03   3.145493e-19   7797776
  3.682511e+00   6.865297e-16   3.065176e-03   3.107726e-19   7831720
  3.693136e+00   6.793353e-16   3.069723e-03   3.069423e-19   7889926
  3.703768e+00   6.712136e-16   3.067981e-03   3.029327e-19   7931480
  3.714397e+00   6.623577e-16   3.068251e-03   2.987979e-19   7976688
  3.725016e+00   6.559162e-16   3.062621e-03   2.954175e-19   8007786
  3.735639e+00   6.489176e-16   3.070332e-03   2.917976e-19   8074564
  3.746275e+00   6.403076e-16   3.070085e-03   2.876383e-19   8118904
  3.756904e+00   6.331888e-16   3.066957e-03   2.841802e-19   8155824
  3.767533e+00   6.261530e-16   3.070641e-03   2.807904e-19   8212802
  3.778161e+00   6.188404e-16   3.065118e-03   2.772735e-19   8245268
  3.788791e+00   6.117933e-16   3.071754e-03   2.735517e-19   8308816
  3.799422e+00   6.051500e-16   3.066301e-03   2.704055e-19   8340304
  3.810044e+00   5.981748e-16   3.066222e-03   2.669627e-19   8387738
  3.820668e+00   5.910775e-16   3.067207e-03   2.637233e-19   8437624
  3.831296e+00   5.846665e-16   3.068826e-03   2.604430e-19   8487796
  3.841921e+00   5.777960e-16   3.066430e-03   2.569680e-19   8527936
  3.852549e+00   5.714324e-16   3.069409e-03   2.539200e-19   8585122
  3.863180e+00   5.651150e-16   3.067925e-03   2.507348e-19   8628200
  3.873811e+00   5.589409e-16   3.069670e-03   2.478839e-19   8679484
  3.884439e+00   5.525515e-16   3.067320e-03   2.449963e-19   8721466
  3.895064e+00   5.458510e-16   3.065795e-03   2.417984e-19   8765840
  3.905692e+00   5.401974e-16   3.070355e-03   2.387196e-19   8825136
  3.916320e+00   5.334821e-16   3.066753e-03   2.357943e-19   8861768
  3.926948e+00   5.273214e-16   3.069321e-03   2.328205e-19   8919278
  3.937577e+00   5.216754e-16   3.066595e-03   2.303066e-19   8961008
  3.948205e+00   5.160782e-16   3.068779e-03   2.273064e-19   9014456
  3.958835e+00   5.106154e-16   3.068818e-03   2.245580e-19   9062240
  3.969465e+00   5.042743e-16   3.068277e-03   2.218593e-19   9110510
  3.980091e+00   4.988001e-16   3.066455e-03   2.191694e-19   9154048
  3.990712e+00   4.931135e-16   3.065703e-03   2.167042e-19   9198928
  4.001336e+00   4.874389e-16   3.068826e-03   2.137398e-19   9257194
  4.011967e+00   4.824583e-16   3.069362e-03   2.113892e-19   9310168
  4.022596e+00   4.764454e-16   3.066324e-03   2.088353e-19   9350316
  4.033222e+00   4.717191e-16   3.069210e-03   2.064254e-19   9407120
  4.043852e+00   4.663413e-16   3.068250e-03   2.037993e-19   9454642
  4.054482e+00   4.608954e-16   3.068405e-03   2.010927e-19   9506272
  4.065111e+00   4.557641e-16   3.067355e-03   1.988679e-19   9551228
  4.075735e+00   4.509134e-16   3.067594e-03   1.965550e-19   9600264
  4.086360e+00   4.453554e-16   3.067530e-03   1.940719e-19   9651458
  4.096991e+00   4.403805e-16   3.070122e-03   1.917694e-19   9711488
  4.107620e+00   4.354831e-16   3.066189e-03   1.895180e-19   9749144
  4.118247e+00   4.307698e-16   3.069033e-03   1.872445e-19   9807908
  4.128876e+00   4.253388e-16   3.067607e-03   1.850775e-19   9854786
  4.139508e+00   4.211424e-16   3.070269e-03   1.828766e-19   9914304
  4.150134e+00   4.166580e-16   3.064668e-03   1.812084e-19   9945544
  4.160753e+00   4.116484e-16   3.066794e-03   1.786878e-19   10003414
  4.171379e+00   4.066907e-16   3.068671e-03   1.764450e-19   10062032
  4.182011e+00   4.024446e-16   3.069142e-03   1.742248e-19   10114792
  4.192645e+00   3.978496e-16   3.070449e-03   1.723729e-19   10169936
  4.203267e+00   3.933301e-16   3.062650e-03   1.705434e-19   10196602
  4.213895e+00   3.892154e-16   3.072265e-03   1.682759e-19   10281156
  4.224526e+00   3.841341e-16   3.065688e-03   1.662364e-19   10309376
  4.235150e+00   3.801184e-16   3.068567e-03   1.643311e-19   10369856
  4.245775e+00   3.764131e-16   3.066063e-03   1.626453e-19   10415370
  4.256404e+00   3.718359e-16   3.070045e-03   1.603622e-19   10481988
  4.267039e+00   3.678104e-16   3.069556e-03   1.587619e-19   10531200
  4.277665e+00   3.638871e-16   3.065408e-03   1.570275e-19   10569416
  4.288289e+00   3.599879e-16   3.068216e-03   1.551455e-19   10633066
  4.298919e+00   3.555947e-16   3.068866e-03   1.532345e-19   10687548
  4.309552e+00   3.515824e-16   3.070419e-03   1.515040e-19   10743968
  4.320180e+00   3.480687e-16   3.065849e-03   1.499727e-19   10782130
  4.330801e+00   3.439084e-16   3.066095e-03   1.480815e-19   10837792
  4.341427e+00   3.402952e-16   3.068321e-03   1.464604e-19   10897368
  4.352058e+00   3.363582e-16   3.069642e-03   1.448485e-19   10953940
  4.362687e+00   3.324572e-16   3.067969e-03   1.429957e-19   11003274
  4.373313e+00   3.287582e-16   3.066343e-03   1.415668e-19   11052800
  4.383943e+00   3.251739e-16   3.070099e-03   1.396233e-19   11118176
  4.394573e+00   3.213660e-16   3.067934e-03   1.381603e-19   11162268
  4.405196e+00   3.180924e-16   3.066117e-03   1.365352e-19   11211458
  4.415820e+00   3.144038e-16   3.067310e-03   1.350041e-19   11271888
  4.426448e+00   3.107957e-16   3.068640e-03   1.334143e-19   11329304
  4.437073e+00   3.074718e-16   3.066385e-03   1.320082e-19   11375026
  4.447701e+00   3.043608e-16   3.069261e-03   1.306227e-19   11442532
  4.458330e+00   3.009139e-16   3.066551e-03   1.291588e-19   11487264
  4.468957e+00   2.972584e-16   3.068098e-03   1.275641e-19   11545680
  4.479587e+00   2.940089e-16   3.069842e-03   1.261971e-19   11607058
  4.490221e+00   2.907700e-16   3.069925e-03   1.247518e-19   11664300
  4.500851e+00   2.878831e-16   3.066963e-03   1.234673e-19   11707488
  4.511474e+00   2.844770e-16   3.066617e-03   1.220845e-19   11759536
  4.522104e+00   2.813803e-16   3.071176e-03   1.207039e-19   11833690
  4.532737e+00   2.782317e-16   3.067542e-03   1.193467e-19   11877808
  4.543362e+00   2.753210e-16   3.065778e-03   1.180567e-19   11925836
  4.553987e+00   2.720866e-16   3.068899e-03   1.167130e-19   11992168
  4.564616e+00   2.693052e-16   3.067784e-03   1.154241e-19   12044554
  4.575242e+00   2.660951e-16   3.067168e-03   1.141597e-19   12098976
  4.585865e+00   2.633965e-16   3.066173e-03   1.130117e-19   12149996
  4.596487e+00   2.602873e-16   3.067038e-03   1.116555e-19   12209594
  4.607117e+00   2.575737e-16   3.069983e-03   1.104823e-19   12279272
  4.617752e+00   2.548180e-16   3.070004e-03   1.092141e-19   12336072
  4.628383e+00   2.516303e-16   3.067416e-03   1.079618e-19   12381744
  4.639009e+00   2.492016e-16   3.068068e-03   1.068212e-19   12441590
  4.649637e+00   2.465486e-16   3.067557e-03   1.057031e-19   12497256
  4.660262e+00   2.435529e-16   3.066825e-03   1.044466e-19   12550032
  4.670884e+00   2.411116e-16   3.066185e-03   1.035593e-19   12603936
  4.681508e+00   2.386181e-16   3.068111e-03   1.022795e-19   12671230
  4.692142e+00   2.355864e-16   3.070828e-03   1.011492e-19   12740920
  4.702775e+00   2.332921e-16   3.067767e-03   1.001176e-19   12784560
  4.713398e+00   2.305175e-16   3.065894e-03   9.904179e-20   12834176
  4.724025e+00   2.282978e-16   3.069663e-03   9.801006e-20   12909006
  4.734656e+00   2.256844e-16   3.068089e-03   9.693017e-20   12959680
  4.745283e+00   2.230769e-16   3.067551e-03   9.591452e-20   13014232
  4.755909e+00   2.207836e-16   3.068154e-03   9.490186e-20   13076514
  4.766534e+00   2.185968e-16   3.065684e-03   9.405306e-20   13127112
  4.777164e+00   2.159220e-16   3.070665e-03   9.283015e-20   13205852
  4.787797e+00   2.136400e-16   3.068206e-03   9.193425e-20   13252032
  4.798423e+00   2.114717e-16   3.066967e-03   9.096305e-20   13307450
  4.809051e+00   2.093559e-16   3.068506e-03   9.000376e-20   13374160
  4.819680e+00   2.067088e-16   3.067567e-03   8.904974e-20   13426348
  4.830308e+00   2.047588e-16   3.069633e-03   8.816973e-20   13492760
  4.840934e+00   2.025608e-16   3.066142e-03   8.728839e-20   13539546
  4.851560e+00   2.001804e-16   3.068338e-03   8.633668e-20   13610704
  4.862187e+00   1.980797e-16   3.066835e-03   8.558416e-20   13662024
  4.872813e+00   1.957015e-16   3.068248e-03   8.449585e-20   13727492
  4.883443e+00   1.936656e-16   3.069111e-03   8.359804e-20   13793394
  4.894073e+00   1.917524e-16   3.067154e-03   8.291813e-20   13844456
  4.904699e+00   1.895279e-16   3.067927e-03   8.192640e-20   13905184
  4.915325e+00   1.872768e-16   3.067971e-03   8.102623e-20   13965958
  4.925951e+00   1.858522e-16   3.067148e-03   8.037893e-20   14025192
  4.936580e+00   1.834008e-16   3.068951e-03   7.943767e-20   14093768
  4.947211e+00   1.815909e-16   3.068454e-03   7.868388e-20   14150440
  4.957840e+00   1.798697e-16   3.068630e-03   7.793451e-20   14213450
  4.968468e+00   1.778600e-16   3.066726e-03   7.712961e-20   14267036
  4.979095e+00   1.760634e-16   3.068568e-03   7.632665e-20   14335032
  4.989722e+00   1.739786e-16   3.067092e-03   7.552395e-20   14387664
  5.000347e+00   1.722226e-16   3.068270e-03   7.486039e-20   14455698
  5.010977e+00   1.701327e-16   3.068677e-03   7.405143e-20   14520452
  5.021607e+00   1.686372e-16   3.068497e-03   7.333047e-20   14580272
  5.032232e+00   1.667491e-16   3.065614e-03   7.258850e-20   14628050
  5.042860e+00   1.650334e-16   3.070982e-03   7.187883e-20   14716744
  5.053489e+00   1.632277e-16   3.065407e-03   7.116504e-20   14751712
  5.064115e+00   1.614216e-16   3.069456e-03   7.051431e-20   14831620
  5.074740e+00   1.598159e-16   3.065470e-03   6.986544e-20   14875522
  5.085366e+00   1.581083e-16   3.068961e-03   6.914643e-20   14956720
  5.095994e+00   1.566634e-16   3.066998e-03   6.851010e-20   15008272
  5.106620e+00   1.548579e-16   3.067783e-03   6.782831e-20   15073780
  5.117248e+00   1.534585e-16   3.069002e-03   6.721330e-20   15144866
  5.127883e+00   1.516466e-16   3.070052e-03   6.652740e-20   15213872
  5.138515e+00   1.500018e-16   3.067931e-03   6.584635e-20   15263976
  5.149140e+00   1.483842e-16   3.066723e-03   6.522996e-20   15320236
  5.159767e+00   1.470577e-16   3.069367e-03   6.468839e-20   15398322
  5.170396e+00   1.454927e-16   3.067121e-03   6.404730e-20   15450864
  5.181021e+00   1.440299e-16   3.067373e-03   6.348028e-20   15513888
  5.191645e+00   1.424575e-16   3.066596e-03   6.286661e-20   15574626
  5.202274e+00   1.408842e-16   3.069893e-03   6.221972e-20   15657956
  5.212904e+00   1.395409e-16   3.066736e-03   6.173500e-20   15704248
  5.223531e+00   1.381281e-16   3.068512e-03   6.115141e-20   15774824
  5.234161e+00   1.367714e-16   3.069354e-03   6.054030e-20   15844898
  5.244790e+00   1.353762e-16   3.066994e-03   6.004909e-20   15898956
  5.255415e+00   1.339825e-16   3.067091e-03   5.947795e-20   15961768
  5.266040e+00   1.326671e-16   3.068481e-03   5.895455e-20   16032208
  5.276669e+00   1.312538e-16   3.068464e-03   5.832993e-20   16099530
  5.287295e+00   1.300133e-16   3.065856e-03   5.792026e-20   16152712
  5.297924e+00   1.286622e-16   3.069693e-03   5.734766e-20   16235740
  5.308553e+00   1.273342e-16   3.067725e-03   5.686865e-20   16288856
  5.319183e+00   1.260280e-16   3.069408e-03   5.636591e-20   16365074
  5.329812e+00   1.247550e-16   3.067066e-03   5.591676e-20   16418248
  5.340434e+00   1.234995e-16   3.065573e-03   5.541280e-20   16473180
  5.351058e+00   1.223340e-16   3.069491e-03   5.485722e-20   16560234
  5.361687e+00   1.211290e-16   3.067046e-03   5.443627e-20   16616088
  5.372317e+00   1.198749e-16   3.069133e-03   5.391374e-20   16693264
  5.382948e+00   1.184789e-16   3.068526e-03   5.346205e-20   16753864
  5.393577e+00   1.176466e-16   3.068569e-03   5.304731e-20   16820702
  5.404204e+00   1.163606e-16   3.066887e-03   5.260880e-20   16879288
  5.414832e+00   1.152163e-16   3.068277e-03   5.214632e-20   16951712
  5.425456e+00   1.140071e-16   3.066689e-03   5.170831e-20   17007560
  5.436084e+00   1.128741e-16   3.069534e-03   5.124068e-20   17092086
  5.446713e+00   1.118361e-16   3.067265e-03   5.088967e-20   17148392
  5.457342e+00   1.108505e-16   3.068696e-03   5.042666e-20   17222288
  5.467971e+00   1.095935e-16   3.068089e-03   4.997664e-20   17285096
  5.478597e+00   1.085044e-16   3.066549e-03   4.959747e-20   17344826
  5.489223e+00   1.075469e-16   3.068300e-03   4.916106e-20   17421236
  5.499853e+00   1.065503e-16   3.069479e-03   4.879637e-20   17494160
  5.510478e+00   1.056010e-16   3.065109e-03   4.845412e-20   17538122
  5.521100e+00   1.045737e-16   3.067347e-03   4.805768e-20   17620136
  5.531731e+00   1.035726e-16   3.069687e-03   4.769338e-20   17700428
  5.542362e+00   1.025071e-16   3.068482e-03   4.726704e-20   17760320
  5.552991e+00   1.015782e-16   3.068060e-03   4.697267e-20   17827562
  5.563619e+00   1.007514e-16   3.067912e-03   4.661154e-20   17895488
  5.574247e+00   9.978818e-17   3.068230e-03   4.627460e-20   17963576
  5.584874e+00   9.889091e-17   3.067616e-03   4.594049e-20   18027500
  5.595502e+00   9.786737e-17   3.068831e-03   4.559616e-20   18105650
  5.606129e+00   9.694738e-17   3.066269e-03   4.522833e-20   18160880
  5.616752e+00   9.621255e-17   3.067084e-03   4.493806e-20   18233144
  5.627379e+00   9.526754e-17   3.067872e-03   4.460844e-20   18307310
  5.638008e+00   9.452801e-17   3.068420e-03   4.428011e-20   18381680
  5.648639e+00   9.354742e-17   3.068723e-03   4.397348e-20   18450536
  5.659270e+00   9.266703e-17   3.069549e-03   4.360906e-20   18522128
  5.669897e+00   9.185095e-17   3.067067e-03   4.329124e-20   18578414
  5.680523e+00   9.100109e-17   3.067781e-03   4.299940e-20   18654304
  5.691150e+00   9.017928e-17   3.067639e-03   4.269980e-20   18722304
  5.701780e+00   8.937564e-17   3.069442e-03   4.244254e-20   18802472
  5.712409e+00   8.850779e-17   3.067729e-03   4.211534e-20   18864266
  5.723037e+00   8.790012e-17   3.067347e-03   4.190641e-20   18933260
  5.733662e+00   8.704082e-17   3.066799e-03   4.159641e-20   18997448
  5.744288e+00   8.642405e-17   3.068953e-03   4.129326e-20   19079816
  5.754917e+00   8.562262e-17   3.067744e-03   4.106272e-20   19145330
  5.765545e+00   8.492719e-17   3.067941e-03   4.082831e-20   19218276
  5.776172e+00   8.415194e-17   3.067784e-03   4.055550e-20   19286200
  5.786797e+00   8.346856e-17   3.066457e-03   4.032075e-20   19349738
  5.797427e+00   8.277906e-17   3.070714e-03   4.004162e-20   19450040
  5.808057e+00   8.205276e-17   3.065907e-03   3.983944e-20   19489688
  5.818683e+00   8.147103e-17   3.068803e-03   3.957446e-20   19576868
  5.829310e+00   8.072371e-17   3.067331e-03   3.933303e-20   19640282
  5.839940e+00   8.016889e-17   3.069683e-03   3.911441e-20   19728800
  5.850566e+00   7.939495e-17   3.065237e-03   3.886128e-20   19770152
  5.861190e+00   7.879879e-17   3.068717e-03   3.870277e-20   19863516
  5.871821e+00   7.823708e-17   3.069639e-03   3.852697e-20   19943594
  5.882452e+00   7.753392e-17   3.067597e-03   3.828389e-20   20003440
  5.893081e+00   7.696691e-17   3.068832e-03   3.807233e-20   20081768
  5.903706e+00   7.644666e-17   3.066188e-03   3.791842e-20   20136200
  5.914335e+00   7.583853e-17   3.070449e-03   3.769529e-20   20238094
  5.924964e+00   7.521924e-17   3.066146e-03   3.749288e-20   20282544
  5.935584e+00   7.470354e-17   3.065727e-03   3.733051e-20   20351720
  5.946209e+00   7.415776e-17   3.068474e-03   3.714892e-20   20444714
  5.956838e+00   7.367589e-17   3.067781e-03   3.697041e-20   20515116
  5.967470e+00   7.306416e-17   3.070149e-03   3.680453e-20   20602384
  5.978102e+00   7.262185e-17   3.068165e-03   3.663504e-20   20659872
  5.988728e+00   7.206835e-17   3.067093e-03   3.649444e-20   20727682
  5.999356e+00   7.149903e-17   3.068732e-03   3.628031e-20   20814416
  6.009986e+00   7.096323e-17   3.068153e-03   3.612809e-20   20881100
  6.020612e+00   7.040159e-17   3.068117e-03   3.599414e-20   20953688
  6.031238e+00   7.010078e-17   3.066654e-03   3.589110e-20   21021050
  6.041866e+00   6.970557e-17   3.068891e-03   3.572152e-20   21111632
  6.052496e+00   6.910245e-17   3.068341e-03   3.557587e-20   21179972
  6.063121e+00   6.868195e-17   3.066368e-03   3.546272e-20   21240488
  6.073747e+00   6.832840e-17   3.068419e-03   3.534762e-20   21331418
  6.084375e+00   6.794319e-17   3.067338e-03   3.527290e-20   21397304
  6.095000e+00   6.734410e-17   3.067405e-03   3.503133e-20   21469764
  6.105627e+00   6.693109e-17   3.068819e-03   3.495259e-20   21556122
  6.116254e+00   6.649590e-17   3.066479e-03   3.484597e-20   21618312
  6.126884e+00   6.611762e-17   3.069809e-03   3.472297e-20   21716096
  6.137516e+00   6.573361e-17   3.068719e-03   3.460520e-20   21781352
  6.148144e+00   6.534230e-17   3.067428e-03   3.456913e-20   21848870
  6.158771e+00   6.491805e-17   3.067652e-03   3.441523e-20   21927536
  6.169400e+00   6.467377e-17   3.068795e-03   3.436707e-20   22008944
  6.180028e+00   6.427187e-17   3.067865e-03   3.426076e-20   22076136
  6.190652e+00   6.398476e-17   3.066547e-03   3.426398e-20   22145270
  6.201282e+00   6.358430e-17   3.070373e-03   3.410570e-20   22250960
  6.211913e+00   6.328012e-17   3.066914e-03   3.404731e-20   22300864
  6.222538e+00   6.292208e-17   3.067186e-03   3.390788e-20   22378586
  6.233165e+00   6.258853e-17   3.068261e-03   3.389409e-20   22464104
  6.243795e+00   6.228170e-17   3.068708e-03   3.382793e-20   22542892
  6.254421e+00   6.199126e-17   3.067123e-03   3.378324e-20   22606008
  6.265047e+00   6.165171e-17   3.067919e-03   3.370058e-20   22690002
  6.275673e+00   6.136606e-17   3.066936e-03   3.371328e-20   22762216
  6.286298e+00   6.081820e-17   3.068880e-03   3.341528e-20   22815779
  6.296927e+00   5.978207e-17   3.067733e-03   3.283782e-20   22772312
  6.307555e+00   5.864451e-17   3.067923e-03   3.223368e-20   22733708
  6.318183e+00   5.748459e-17   3.068441e-03   3.162729e-20   22697672
  6.328811e+00   5.648327e-17   3.067507e-03   3.109000e-20   22651460
  6.339438e+00   5.545689e-17   3.068199e-03   3.052506e-20   22616024
  6.350068e+00   5.439149e-17   3.069309e-03   2.999349e-20   22583496
  6.360694e+00   5.335715e-17   3.065960e-03   2.948461e-20   22519252
  6.371317e+00   5.249095e-17   3.067197e-03   2.896865e-20   22488992
  6.381944e+00   5.157039e-17   3.067780e-03   2.849522e-20   22453172
  6.392574e+00   5.061599e-17   3.069105e-03   2.798936e-20   22420584
  6.403204e+00   4.974219e-17   3.068296e-03   2.753516e-20   22371700
  6.413832e+00   4.881446e-17   3.068296e-03   2.704684e-20   22329896
  6.424460e+00   4.793988e-17   3.067512e-03   2.666238e-20   22282876
  6.435088e+00   4.712250e-17   3.068899e-03   2.621974e-20   22250692
  6.445715e+00   4.634807e-17   3.066872e-03   2.585976e-20   22194436
  6.456340e+00   4.550518e-17   3.066996e-03   2.539785e-20   22153540
  6.466968e+00   4.471800e-17   3.068722e-03   2.499540e-20   22122584
  6.477597e+00   4.404734e-17   3.067957e-03   2.463749e-20   22073004
  6.488227e+00   4.328323e-17   3.069406e-03   2.425245e-20   22039640
  6.498854e+00   4.253236e-17   3.066107e-03   2.389141e-20   21971624
  6.509482e+00   4.181576e-17   3.070097e-03   2.354208e-20   21955708
  6.520106e+00   4.107828e-17   3.063845e-03   2.318219e-20   21867720
  6.530733e+00   4.042658e-17   3.071600e-03   2.286199e-20   21878900
  6.541363e+00   3.976882e-17   3.065935e-03   2.253539e-20   21794260
  6.551990e+00   3.908214e-17   3.068881e-03   2.221221e-20   21770256
  6.562619e+00   3.842635e-17   3.068010e-03   2.190067e-20   21718124
  6.573247e+00   3.781437e-17   3.067905e-03   2.158227e-20   21671096
  6.583874e+00   3.720346e-17   3.067932e-03   2.128447e-20   21625412
  6.594503e+00   3.660132e-17   3.069070e-03   2.099819e-20   21587284
  6.605129e+00   3.598661e-17   3.066010e-03   2.070454e-20   21519648
  6.615755e+00   3.540912e-17   3.068792e-03   2.042849e-20   21493344
  6.626384e+00   3.486445e-17   3.067812e-03   2.014976e-20   21439360
  6.637013e+00   3.426858e-17   3.068679e-03   1.989093e-20   21398900
  6.647644e+00   3.377492e-17   3.068668e-03   1.962328e-20   21351488
  6.658271e+00   3.319788e-17   3.066526e-03   1.937961e-20   21288012
  6.668898e+00   3.270075e-17   3.068796e-03   1.912051e-20   21255052
  6.679525e+00   3.213075e-17   3.067400e-03   1.886295e-20   21196928
  6.690151e+00   3.166269e-17   3.067431e-03   1.863824e-20   21149036
  6.700778e+00   3.112362e-17   3.068015e-03   1.840372e-20   21105304
  6.711407e+00   3.067683e-17   3.068524e-03   1.817799e-20   21059992
  6.722038e+00   3.019798e-17   3.069263e-03   1.794780e-20   21014904
  6.732667e+00   2.973407e-17   3.067536e-03   1.772582e-20   20953620
  6.743293e+00   2.925210e-17   3.067478e-03   1.752226e-20   20902948
  6.753920e+00   2.878648e-17   3.068064e-03   1.729907e-20   20856528
  6.764548e+00   2.836094e-17   3.068448e-03   1.708865e-20   20808868
  6.775174e+00   2.790735e-17   3.066599e-03   1.688898e-20   20746700
  6.785798e+00   2.750557e-17   3.066925e-03   1.670450e-20   20699040
  6.796428e+00   2.708699e-17   3.069860e-03   1.647128e-20   20667584
  6.807054e+00   2.666699e-17   3.064988e-03   1.630013e-20   20583320
  6.817679e+00   2.626370e-17   3.069606e-03   1.611308e-20   20562728
  6.828310e+00   2.587174e-17   3.067915e-03   1.592149e-20   20499120
  6.838938e+00   2.544774e-17   3.068337e-03   1.573283e-20   20448668
  6.849566e+00   2.506837e-17   3.068077e-03   1.556944e-20   20394408
  6.860195e+00   2.468955e-17   3.068320e-03   1.539565e-20   20344236
  6.870823e+00   2.437063e-17   3.067630e-03   1.523863e-20   20287988
  6.881451e+00   2.399417e-17   3.068044e-03   1.506085e-20   20237280
  6.892077e+00   2.358325e-17   3.067320e-03   1.488749e-20   20178328
  6.902707e+00   2.327415e-17   3.069652e-03   1.472364e-20   20139844
  6.913336e+00   2.292104e-17   3.067174e-03   1.457638e-20   20069748
  6.923962e+00   2.259729e-17   3.067514e-03   1.440613e-20   20016800
  6.934587e+00   2.226208e-17   3.067642e-03   1.426779e-20   19962224
  6.945217e+00   2.193953e-17   3.069885e-03   1.409256e-20   19923568
  6.955848e+00   2.159275e-17   3.067490e-03   1.396519e-20   19854300
  6.966474e+00   2.130449e-17   3.067154e-03   1.381715e-20   19797056
  6.977101e+00   2.097951e-17   3.067706e-03   1.366874e-20   19744940
  6.987728e+00   2.066155e-17   3.068174e-03   1.353961e-20   19691768
  6.998356e+00   2.038646e-17   3.067321e-03   1.339470e-20   19629548
  7.008982e+00   2.006697e-17   3.067740e-03   1.325335e-20   19575480
  7.019610e+00   1.980521e-17   3.068413e-03   1.312046e-20   19523296
  7.030241e+00   1.952049e-17   3.069533e-03   1.299041e-20   19474344
  7.040867e+00   1.926591e-17   3.065611e-03   1.286734e-20   19392868
  7.051493e+00   1.894954e-17   3.069073e-03   1.271873e-20   19356176
  7.062123e+00   1.869869e-17   3.068592e-03   1.260811e-20   19294916
  7.072754e+00   1.840490e-17   3.069110e-03   1.249505e-20   19240856
  7.083382e+00   1.819393e-17   3.067066e-03   1.238779e-20   19170884
  7.094007e+00   1.790705e-17   3.066966e-03   1.225576e-20   19111352
  7.104633e+00   1.768069e-17   3.068278e-03   1.213861e-20   19060016
  7.115261e+00   1.742919e-17   3.067998e-03   1.203310e-20   18999752
  7.125886e+00   1.716808e-17   3.066210e-03   1.191031e-20   18930272
  7.136511e+00   1.693335e-17   3.068009e-03   1.179995e-20   18882340
  7.147141e+00   1.670844e-17   3.069133e-03   1.169486e-20   18829056
  7.157770e+00   1.647153e-17   3.067293e-03   1.158859e-20   18757640
  7.168398e+00   1.624634e-17   3.069197e-03   1.148674e-20   18709036
  7.179027e+00   1.604516e-17   3.067378e-03   1.138416e-20   18637668
  7.189656e+00   1.579393e-17   3.069146e-03   1.128151e-20   18587048
  7.200283e+00   1.556103e-17   3.066626e-03   1.117527e-20   18510972
  7.210909e+00   1.536623e-17   3.067730e-03   1.108105e-20   18456692
  7.221535e+00   1.517276e-17   3.067567e-03   1.098381e-20   18394084
  7.232164e+00   1.494760e-17   3.069110e-03   1.089024e-20   18341352
  7.242794e+00   1.477998e-17   3.068234e-03   1.079859e-20   18273884
  7.253423e+00   1.456649e-17   3.068036e-03   1.071363e-20   18211148
  7.264048e+00   1.435584e-17   3.066171e-03   1.061624e-20   18137692
  7.274674e+00   1.415437e-17   3.069088e-03   1.052505e-20   18091580
  7.285305e+00   1.397285e-17   3.068515e-03   1.043325e-20   18024560
  7.295932e+00   1.378584e-17   3.067362e-03   1.035950e-20   17955116
  7.306559e+00   1.361622e-17   3.067637e-03   1.027952e-20   17893232
  7.317187e+00   1.340235e-17   3.068343e-03   1.018589e-20   17832620
  7.327816e+00   1.325405e-17   3.068327e-03   1.010026e-20   17767864
  7.338445e+00   1.304580e-17   3.068809e-03   1.002895e-20   17706956
  7.349073e+00   1.289715e-17   3.066947e-03   9.950642e-21   17632632
  7.359699e+00   1.271183e-17   3.068061e-03   9.863868e-21   17573524
  7.370327e+00   1.251976e-17   3.067901e-03   9.790558e-21   17506380
  7.380954e+00   1.241267e-17   3.068207e-03   9.728385e-21   17442548
  7.391580e+00   1.218002e-17   3.066528e-03   9.637199e-21   17368556
  7.402208e+00   1.206385e-17   3.069314e-03   9.560209e-21   17318260
  7.412837e+00   1.191123e-17   3.067939e-03   9.503606e-21   17243792
  7.423463e+00   1.172132e-17   3.066549e-03   9.427320e-21   17169716
  7.434088e+00   1.158411e-17   3.067759e-03   9.358840e-21   17109768
  7.444715e+00   1.145032e-17   3.068012e-03   9.287422e-21   17044064
  7.455345e+00   1.130044e-17   3.068894e-03   9.218614e-21   16981560
  7.465972e+00   1.114080e-17   3.066680e-03   9.155085e-21   16902264
  7.476600e+00   1.101395e-17   3.069499e-03   9.086600e-21   16849940
  7.487230e+00   1.086246e-17   3.067461e-03   9.023028e-21   16770600
  7.497858e+00   1.073392e-17   3.068497e-03   8.954287e-21   16707512
  7.508485e+00   1.060717e-17   3.067634e-03   8.901845e-21   16634480
  7.519114e+00   1.045847e-17   3.068242e-03   8.842871e-21   16569424
  7.529741e+00   1.033733e-17   3.067751e-03   8.777689e-21   16497216
  7.540372e+00   1.018822e-17   3.069501e-03   8.718569e-21   16436416
  7.550999e+00   1.005755e-17   3.067032e-03   8.659091e-21   16353532
  7.561624e+00   9.926956e-18   3.067126e-03   8.598195e-21   16284908
  7.572251e+00   9.832299e-18   3.068426e-03   8.545954e-21   16221948
  7.582881e+00   9.693660e-18   3.068614e-03   8.492673e-21   16152552
  7.593510e+00   9.554706e-18   3.068122e-03   8.433422e-21   16078864
  7.604137e+00   9.448250e-18   3.067536e-03   8.385689e-21   16005296
  7.614766e+00   9.355340e-18   3.068300e-03   8.338004e-21   15938220
  7.625392e+00   9.222363e-18   3.066841e-03   8.282169e-21   15858440
  7.636016e+00   9.111592e-18   3.067373e-03   8.229868e-21   15789252
  7.646642e+00   8.986914e-18   3.067548e-03   8.177092e-21   15718944
  7.657269e+00   8.915166e-18   3.067947e-03   8.137737e-21   15648652
  7.667899e+00   8.767958e-18   3.069201e-03   8.075754e-21   15581944
  7.678531e+00   8.682862e-18   3.069010e-03   8.038759e-21   15508744
  7.689158e+00   8.572872e-18   3.066436e-03   7.986057e-21   15422472
  7.699784e+00   8.465297e-18   3.068878e-03   7.942456e-21   15361536
  7.710413e+00   8.361961e-18   3.067494e-03   7.902900e-21   15281048
  7.721038e+00   8.280835e-18   3.067557e-03   7.851442e-21   15207752
  7.731666e+00   8.147595e-18   3.067687e-03   7.811046e-21   15134800
  7.742292e+00   8.094341e-18   3.067594e-03   7.766140e-21   15059664
  7.752920e+00   7.960168e-18   3.068106e-03   7.721247e-21   14987020
  7.763550e+00   7.892671e-18   3.069757e-03   7.689173e-21   14919936
  7.774179e+00   7.789735e-18   3.066979e-03   7.646123e-21   14831776
  7.784807e+00   7.695131e-18   3.069197e-03   7.607810e-21   14767552
  7.795435e+00   7.578089e-18   3.066309e-03   7.563397e-21   14678336
  7.806062e+00   7.524917e-18   3.069079e-03   7.532462e-21   14615044
  7.816690e+00   7.403496e-18   3.067275e-03   7.483783e-21   14530200
  7.827317e+00   7.331592e-18   3.067927e-03   7.456457e-21   14457000
  7.837945e+00   7.255301e-18   3.068558e-03   7.415724e-21   14383440
  7.848573e+00   7.167951e-18   3.067003e-03   7.391210e-21   14299516
  7.859199e+00   7.084374e-18   3.067899e-03   7.350404e-21   14226024
  7.869825e+00   7.008212e-18   3.067223e-03   7.308662e-21   14145048
  7.880455e+00   6.919882e-18   3.070446e-03   7.270591e-21   14082144
  7.891083e+00   6.836747e-18   3.065393e-03   7.247545e-21   13981640
  7.901708e+00   6.777167e-18   3.068688e-03   7.221691e-21   13918460
  7.912338e+00   6.698675e-18   3.068702e-03   7.181262e-21   13839752
  7.922969e+00   6.616934e-18   3.069182e-03   7.154567e-21   13762736
  7.933598e+00   6.532886e-18   3.067868e-03   7.123959e-21   13677980
  7.944225e+00   6.482230e-18   3.067250e-03   7.095037e-21   13596196
  7.954850e+00   6.414193e-18   3.067470e-03   7.068674e-21   13517736
  7.965475e+00   6.328898e-18   3.066448e-03   7.045171e-21   13433184
  7.976100e+00   6.263183e-18   3.068623e-03   7.018235e-21   13362296
  7.986730e+00   6.184838e-18   3.068494e-03   6.985291e-21   13281376
  7.997360e+00   6.114970e-18   3.069113e-03   6.955901e-21   13203336
  8.007987e+00   6.048828e-18   3.066719e-03   6.934086e-21   13113016
  8.018613e+00   5.981133e-18   3.067735e-03   6.906960e-21   13036400
  8.029240e+00   5.924172e-18   3.067468e-03   6.884722e-21   12953648
  8.039869e+00   5.860332e-18   3.069185e-03   6.860844e-21   12879016
  8.050498e+00   5.796434e-18   3.067538e-03   6.835661e-21   12790124
  8.061127e+00   5.743114e-18   3.068996e-03   6.812055e-21   12714152
  8.071753e+00   5.665375e-18   3.066076e-03   6.795337e-21   12619608
  8.082379e+00   5.623165e-18   3.068682e-03   6.778068e-21   12547232
  8.093011e+00   5.552338e-18   3.070245e-03   6.744519e-21   12470568
  8.103638e+00   5.502652e-18   3.065215e-03   6.730507e-21   12368136
  8.114264e+00   5.429776e-18   3.069116e-03   6.707892e-21   12300504
  8.124894e+00   5.379586e-18   3.068128e-03   6.691350e-21   12212172
  8.135522e+00   5.314091e-18   3.067779e-03   6.673696e-21   12126228
  8.146149e+00   5.267551e-18   3.068089e-03   6.661677e-21   12043352
  8.156778e+00   5.207144e-18   3.068301e-03   6.641397e-21   11959896
  8.167401e+00   5.161075e-18   3.065268e-03   6.621978e-21   11863804
  8.178026e+00   5.098991e-18   3.068937e-03   6.601194e-21   11792812
  8.188656e+00   5.066139e-18   3.068597e-03   6.591534e-21   11705392
  8.199283e+00   4.997476e-18   3.066984e-03   6.579841e-21   11613836
  8.209914e+00   4.932385e-18   3.070536e-03   6.551879e-21   11541532
  8.220543e+00   4.891545e-18   3.066346e-03   6.546844e-21   11440232
  8.231170e+00   4.826053e-18   3.068846e-03   6.536150e-21   11363008
  8.241796e+00   4.793231e-18   3.066631e-03   6.516814e-21   11267848
  8.252424e+00   4.717589e-18   3.069306e-03   6.499733e-21   11190640
  8.263054e+00   4.707305e-18   3.068558e-03   6.489197e-21   11101084
  8.273680e+00   4.647587e-18   3.065604e-03   6.477763e-21   11003284
  8.284304e+00   4.582361e-18   3.068360e-03   6.473129e-21   10925424
  8.294932e+00   4.545696e-18   3.067667e-03   6.448309e-21   10834724
  8.305560e+00   4.513814e-18   3.068711e-03   6.451773e-21   10750156
  8.316186e+00   4.453156e-18   3.066587e-03   6.429854e-21   10655280
  8.326811e+00   4.431206e-18   3.067310e-03   6.436301e-21   10569120
  8.337437e+00   4.355457e-18   3.067168e-03   6.415422e-21   10479672
  8.348070e+00   4.339722e-18   3.071527e-03   6.404905e-21   10404504
  8.358704e+00   4.285424e-18   3.068456e-03   6.391340e-21   10304108
  8.369331e+00   4.235146e-18   3.066991e-03   6.382249e-21   10209940
  8.379958e+00   4.199561e-18   3.068937e-03   6.383195e-21   10126584
  8.390585e+00   4.150784e-18   3.066106e-03   6.370940e-21   10027064
  8.401210e+00   4.128590e-18   3.068731e-03   6.374833e-21   9945072
  8.411836e+00   4.064464e-18   3.065849e-03   6.365982e-21   9844764
  8.422464e+00   4.038938e-18   3.070904e-03   6.359180e-21   9769940
  8.433095e+00   3.989246e-18   3.066721e-03   6.350489e-21   9666072
  8.443721e+00   3.949117e-18   3.067629e-03   6.344941e-21   9577112
  8.454348e+00   3.919571e-18   3.067871e-03   6.336878e-21   9485848
  8.464977e+00   3.872822e-18   3.068818e-03   6.330762e-21   9396136
  8.475607e+00   3.842016e-18   3.068947e-03   6.322769e-21   9304408
  8.486231e+00   3.798179e-18   3.064605e-03   6.324482e-21   9199028
  8.496854e+00   3.761695e-18   3.068671e-03   6.318797e-21   9118288
  8.507481e+00   3.727247e-18   3.066868e-03   6.323092e-21   9019624
  8.518111e+00   3.669730e-18   3.070919e-03   6.302775e-21   8937420
  8.528743e+00   3.621200e-18   3.067653e-03   6.303077e-21   8835200
  8.539369e+00   3.599910e-18   3.066847e-03   6.302605e-21   8739332
  8.549995e+00   3.576402e-18   3.067747e-03   6.294016e-21   8648112
  8.560624e+00   3.518454e-18   3.067898e-03   6.302593e-21   8553372
  8.571253e+00   3.495137e-18   3.069319e-03   6.296800e-21   8461944
  8.581883e+00   3.443325e-18   3.068067e-03   6.289191e-21   8363348
  8.592509e+00   3.398291e-18   3.067870e-03   6.283996e-21   8267792
  8.603135e+00   3.364708e-18   3.066599e-03   6.268878e-21   8169380
  8.613762e+00   3.335859e-18   3.069517e-03   6.269437e-21   8081008
  8.624389e+00   3.296709e-18   3.065774e-03   6.257103e-21   7975632
  8.635016e+00   3.251310e-18   3.069603e-03   6.268117e-21   7889116
  8.645643e+00   3.216438e-18   3.066011e-03   6.254880e-21   7784008
  8.656270e+00   3.196979e-18   3.068709e-03   6.251636e-21   7693848
  8.666897e+00   3.140657e-18   3.067011e-03   6.252219e-21   7592468
  8.677525e+00   3.099245e-18   3.068931e-03   6.236713e-21   7499076
  8.688155e+00   3.058873e-18   3.069474e-03   6.231306e-21   7402880
  8.698786e+00   3.027477e-18   3.067607e-03   6.202664e-21   7300768
  8.709411e+00   3.002514e-18   3.067652e-03   6.220253e-21   7203316
  8.720032e+00   2.928652e-18   3.063689e-03   6.189371e-21   7095724
  8.730662e+00   2.898852e-18   3.073665e-03   6.187689e-21   7019608
  8.741295e+00   2.863794e-18   3.065344e-03   6.170076e-21   6901916
  8.751922e+00   2.827090e-18   3.069704e-03   6.169930e-21   6812952
  8.762548e+00   2.773863e-18   3.065523e-03   6.129688e-21   6704548
  8.773175e+00   2.747439e-18   3.068967e-03   6.117488e-21   6612168
  8.783803e+00   2.689922e-18   3.067598e-03   6.086286e-21   6508628
  8.794433e+00   2.649633e-18   3.069277e-03   6.070505e-21   6412072
  8.805059e+00   2.619933e-18   3.066868e-03   6.049403e-21   6306660
  8.815685e+00   2.566169e-18   3.067492e-03   6.010297e-21   6207592
  8.826308e+00   2.526960e-18   3.066222e-03   5.960600e-21   6103860
  8.836934e+00   2.466377e-18   3.068576e-03   5.916337e-21   6007184
  8.847563e+00   2.426385e-18   3.068782e-03   5.898047e-21   5905660
  8.858194e+00   2.364773e-18   3.069160e-03   5.828617e-21   5805132
  8.868823e+00   2.326866e-18   3.067313e-03   5.783541e-21   5700008
  8.879446e+00   2.251688e-18   3.065734e-03   5.714916e-21   5594856
  8.890075e+00   2.216380e-18   3.070306e-03   5.645685e-21   5502341
  8.900707e+00   2.159402e-18   3.068193e-03   5.585954e-21   5404852
  8.911333e+00   2.118607e-18   3.066920e-03   5.550791e-21   5313930
  8.921960e+00   2.075054e-18   3.068151e-03   5.500572e-21   5230396
  8.932587e+00   2.051884e-18   3.067037e-03   5.465969e-21   5145158
  8.943214e+00   1.993345e-18   3.067644e-03   5.413392e-21   5064506
  8.953844e+00   1.958449e-18   3.070354e-03   5.392919e-21   4989464
  8.964475e+00   1.931447e-18   3.067471e-03   5.361611e-21   4907486
  8.975102e+00   1.900178e-18   3.067454e-03   5.322414e-21   4831952
  8.985729e+00   1.862664e-18   3.067333e-03   5.295526e-21   4757392
  8.996357e+00   1.834255e-18   3.068563e-03   5.275996e-21   4685902
  9.006985e+00   1.796102e-18   3.067839e-03   5.241964e-21   4612826
  9.017611e+00   1.777948e-18   3.067647e-03   5.226142e-21   4542436
  9.028240e+00   1.757851e-18   3.068771e-03   5.193925e-21   4475408
  9.038866e+00   1.728700e-18   3.065432e-03   5.179710e-21   4402686
  9.049492e+00   1.704330e-18   3.069222e-03   5.166617e-21   4340854
  9.060123e+00   1.687028e-18   3.068666e-03   5.134220e-21   4273862
  9.070751e+00   1.637965e-18   3.068093e-03   5.121856e-21   4208538
  9.081377e+00   1.613591e-18   3.066329e-03   5.098058e-21   4142584
  9.092002e+00   1.605676e-18   3.067445e-03   5.076638e-21   4081232
  9.102629e+00   1.576026e-18   3.068061e-03   5.067740e-21   4019668
  9.113260e+00   1.535530e-18   3.070507e-03   5.043225e-21   3961416
  9.123892e+00   1.514174e-18   3.068468e-03   5.035013e-21   3898848
  9.134518e+00   1.506106e-18   3.065914e-03   5.026329e-21   3836718
  9.145140e+00   1.481885e-18   3.066518e-03   5.014275e-21   3779272
  9.155765e+00   1.457900e-18   3.066689e-03   4.997520e-21   3721434
  9.166394e+00   1.442222e-18   3.070316e-03   4.977097e-21   3668198
  9.177028e+00   1.430837e-18   3.069776e-03   4.969567e-21   3611346
  9.187656e+00   1.391453e-18   3.066455e-03   4.957211e-21   3552442
  9.198281e+00   1.377895e-18   3.067337e-03   4.947729e-21   3498908
  9.208908e+00   1.372469e-18   3.067980e-03   4.943285e-21   3445382
  9.219536e+00   1.326277e-18   3.068389e-03   4.939333e-21   3392244
  9.230165e+00   1.319783e-18   3.068360e-03   4.933798e-21   3339634
  9.240792e+00   1.308574e-18   3.067248e-03   4.928626e-21   3286752
  9.251416e+00   1.282604e-18   3.065818e-03   4.912749e-21   3234180
  9.262040e+00   1.272886e-18   3.067094e-03   4.911230e-21   3184556
  9.272670e+00   1.261473e-18   3.070362e-03   4.909794e-21   3137238
  9.283304e+00   1.250730e-18   3.070377e-03   4.900404e-21   3087670
  9.293936e+00   1.217151e-18   3.068566e-03   4.902152e-21   3037460
  9.304560e+00   1.213919e-18   3.064548e-03   4.897651e-21   2985736
  9.315180e+00   1.193048e-18   3.066413e-03   4.893915e-21   2939708
  9.325811e+00   1.174939e-18   3.071553e-03   4.892110e-21   2897012
  9.336443e+00   1.167968e-18   3.067620e-03   4.898514e-21   2846890
  9.347067e+00   1.140682e-18   3.065693e-03   4.895365e-21   2799588
  9.357689e+00   1.130665e-18   3.066395e-03   4.890556e-21   2754954
  9.368315e+00   1.123823e-18   3.068270e-03   4.882677e-21   2711500
  9.378948e+00   1.112546e-18   3.070601e-03   4.900927e-21   2669006
  9.389576e+00   1.093582e-18   3.065837e-03   4.899140e-21   2621264
  9.400202e+00   1.086599e-18   3.068913e-03   4.898191e-21   2580726
  9.410830e+00   1.067230e-18   3.067141e-03   4.902546e-21   2536470
  9.421456e+00   1.045481e-18   3.067445e-03   4.905299e-21   2494370
  9.432084e+00   1.050302e-18   3.068834e-03   4.907985e-21   2453556
  9.442716e+00   1.027613e-18   3.070117e-03   4.916239e-21   2413246
  9.453347e+00   1.020577e-18   3.067994e-03   4.916207e-21   2370914
  9.463973e+00   1.005080e-18   3.067217e-03   4.934095e-21   2330126
  9.474601e+00   9.974008e-19   3.068570e-03   4.940116e-21   2291406
  9.485227e+00   9.949048e-19   3.066158e-03   4.943421e-21   2250410
  9.495850e+00   9.810157e-19   3.066006e-03   4.957484e-21   2211486
  9.506474e+00   9.613872e-19   3.067734e-03   4.965812e-21   2174194
  9.517102e+00   9.637585e-19   3.068176e-03   4.976745e-21   2136416
  9.527733e+00   9.590179e-19   3.069929e-03   4.982870e-21   2100070
  9.538360e+00   9.289468e-19   3.065560e-03   4.987541e-21   2060026
  9.548986e+00   9.156214e-19   3.069362e-03   5.009786e-21   2025910
  9.559615e+00   9.212265e-19   3.067530e-03   5.017109e-21   1988576
  9.570241e+00   9.077236e-19   3.067060e-03   5.030197e-21   1952610
  9.580867e+00   8.890069e-19   3.067361e-03   5.051779e-21   1917470
  9.591493e+00   8.780575e-19   3.067399e-03   5.056850e-21   1882484
  9.602120e+00   8.673574e-19   3.068076e-03   5.058758e-21   1848262
  9.612753e+00   8.738355e-19   3.071327e-03   5.098494e-21   1816024
  9.623386e+00   8.558748e-19   3.068076e-03   5.103061e-21   1780418
  9.634012e+00   8.529485e-19   3.067038e-03   5.124746e-21   1746576
  9.644639e+00   8.267512e-19   3.068628e-03   5.150006e-21   1714622
  9.655268e+00   8.345380e-19   3.067669e-03   5.168053e-21   1681692
  9.665895e+00   8.218656e-19   3.067468e-03   5.179426e-21   1649574
  9.676515e+00   8.181669e-19   3.063511e-03   5.208295e-21   1615788
  9.687137e+00   8.124315e-19   3.068656e-03   5.209958e-21   1587064
  9.697769e+00   8.044355e-19   3.069826e-03   5.256496e-21   1556598
  9.708400e+00   7.915771e-19   3.068471e-03   5.279399e-21   1525380
  9.719030e+00   7.856922e-19   3.068670e-03   5.299363e-21   1495360
  9.729656e+00   7.856479e-19   3.066126e-03   5.327285e-21   1464370
  9.740281e+00   7.858309e-19   3.067601e-03   5.348341e-21   1435656
  9.750907e+00   7.617716e-19   3.067002e-03   5.364674e-21   1406304
  9.761532e+00   7.664076e-19   3.067147e-03   5.407362e-21   1377628
  9.772159e+00   7.535534e-19   3.068370e-03   5.444506e-21   1349744
  9.782788e+00   7.467743e-19   3.068343e-03   5.448284e-21   1321682
  9.793418e+00   7.332057e-19   3.069098e-03   5.499771e-21   1294376
  9.804048e+00   7.264910e-19   3.068140e-03   5.540312e-21   1266768
  9.814673e+00   7.252801e-19   3.066275e-03   5.567392e-21   1239172
  9.825295e+00   7.233641e-19   3.065238e-03   5.608841e-21   1212224
  9.835918e+00   7.155881e-19   3.067386e-03   5.631706e-21   1186796
  9.846547e+00   7.218804e-19   3.069034e-03   5.669209e-21   1161432
  9.857176e+00   6.978828e-19   3.067927e-03   5.726721e-21   1135408
  9.867804e+00   6.879994e-19   3.068239e-03   5.750018e-21   1110324
  9.878434e+00   6.886483e-19   3.068926e-03   5.771766e-21   1085680
  9.889062e+00   6.973448e-19   3.066842e-03   5.829561e-21   1060364
  9.899688e+00   6.897033e-19   3.068767e-03   5.871143e-21   1036736
  9.910321e+00   6.710917e-19   3.070562e-03   5.933803e-21   1013388
  9.920951e+00   6.729987e-19   3.066769e-03   5.969471e-21   988656
  9.931575e+00   6.683231e-19   3.066738e-03   6.017169e-21   965530
  9.942197e+00   6.465246e-19   3.064855e-03   6.076638e-21   942100
  9.952819e+00   6.395090e-19   3.066142e-03   6.112333e-21   919888
  9.963442e+00   6.422487e-19   3.066491e-03   6.178577e-21   897628
  9.974067e+00   6.426204e-19   3.067504e-03   6.217729e-21   875856
  9.984696e+00   6.380151e-19   3.069599e-03   6.278428e-21   854736
  9.995330e+00   6.344170e-19   3.070044e-03   6.347354e-21   833510
  1.000596e+01   6.440482e-19   3.068120e-03   6.433949e-21   811976
  1.001659e+01   6.170777e-19   3.066566e-03   6.448473e-21   790844
  1.002721e+01   6.138565e-19   3.066302e-03   6.528849e-21   770320
  1.003784e+01   6.298426e-19   3.069162e-03   6.598487e-21   750838
  1.004847e+01   5.990839e-19   3.068729e-03   6.659574e-21   730864
  1.005909e+01   5.897307e-19   3.067039e-03   6.728336e-21   710984
  1.006972e+01   6.049088e-19   3.067274e-03   6.798907e-21   691894
  1.008035e+01   6.120587e-19   3.066106e-03   6.888179e-21   672776
  1.009097e+01   5.880149e-19   3.067065e-03   6.960966e-21   654372
  1.010160e+01   6.086701e-19   3.065537e-03   7.058236e-21   635682
  1.011222e+01   5.923810e-19   3.064886e-03   7.136359e-21   617460
  1.012284e+01   5.944453e-19   3.066767e-03   7.211174e-21   600024
  1.013346e+01   5.853121e-19   3.068404e-03   7.310193e-21   582830
  1.014410e+01   5.904323e-19   3.070337e-03   7.393101e-21   566000
  1.015473e+01   5.818849e-19   3.066543e-03   7.480275e-21   548458
  1.016535e+01   5.751733e-19   3.067619e-03   7.609365e-21   532084
  1.017598e+01   5.852507e-19   3.065740e-03   7.716385e-21   515440
  1.018660e+01   5.609610e-19   3.064533e-03   7.779994e-21   499174
  1.019722e+01   5.587688e-19   3.064552e-03   7.884169e-21   483368
  1.020784e+01   5.460881e-19   3.067558e-03   8.015040e-21   468270
  1.021847e+01   5.560136e-19   3.071740e-03   8.159527e-21   453568
  1.022911e+01   5.667320e-19   3.068522e-03   8.235507e-21   438106
  1.023974e+01   5.274731e-19   3.068674e-03   8.390761e-21   423508
  1.025036e+01   5.591351e-19   3.065352e-03   8.493389e-21   408754
  1.026098e+01   5.441135e-19   3.064549e-03   8.653456e-21   394612
  1.027160e+01   5.491901e-19   3.064825e-03   8.802900e-21   380826
  1.028223e+01   5.509542e-19   3.063635e-03   8.960514e-21   367086
  1.029285e+01   5.508347e-19   3.065226e-03   9.159978e-21   353904
  1.030347e+01   5.320839e-19   3.067842e-03   9.253485e-21   341046
  1.031410e+01   5.188958e-19   3.067827e-03   9.448309e-21   328144
  1.032473e+01   5.339248e-19   3.068491e-03   9.608041e-21   315598
  1.033536e+01   5.188482e-19   3.070442e-03   9.793411e-21   303466
  1.034599e+01   5.558562e-19   3.070558e-03   1.000151e-20   291456
  1.035662e+01   5.661403e-19   3.069010e-03   1.022313e-20   279614
  1.036725e+01   5.206234e-19   3.062765e-03   1.041924e-20   267680
  1.037786e+01   5.541679e-19   3.061142e-03   1.057059e-20   256438
  1.038848e+01   5.475808e-19   3.062004e-03   1.087309e-20   245618
  1.039909e+01   5.255850e-19   3.058865e-03   1.111424e-20   234708
  1.040970e+01   5.420484e-19   3.057929e-03   1.139418e-20   224210
  1.042032e+01   5.234612e-19   3.058509e-03   1.157990e-20   214046
  1.043093e+01   5.527264e-19   3.059874e-03   1.187880e-20   204152
  1.044155e+01   5.369877e-19   3.062766e-03   1.215167e-20   194558
  1.045217e+01   5.317163e-19   3.062838e-03   1.248722e-20   185018
  1.046279e+01   5.397418e-19   3.066092e-03   1.283988e-20   175918
  1.047341e+01   5.465262e-19   3.068348e-03   1.320159e-20   166992
  1.048404e+01   5.023586e-19   3.070094e-03   1.344403e-20   158294
  1.049468e+01   5.252348e-19   3.071097e-03   1.388645e-20   149842
  1.050531e+01   5.572466e-19   3.068653e-03   1.434399e-20   141530
  1.051593e+01   5.033433e-19   3.060509e-03   1.464386e-20   133284
  1.052654e+01   5.288374e-19   3.057354e-03   1.519263e-20   125546
  1.053715e+01   5.123876e-19   3.051144e-03   1.563510e-20   117950
  1.054776e+01   5.324905e-19   3.048602e-03   1.618899e-20   110746
  1.055836e+01   4.787362e-19   3.039799e-03   1.663132e-20   103572
  1.056895e+01   5.188608e-19   3.036073e-03   1.729548e-20   96818
  1.057954e+01   5.113854e-19   3.031333e-03   1.815665e-20   90262
  1.059013e+01   5.444274e-19   3.027317e-03   1.859848e-20   83970
  1.060072e+01   5.872312e-19   3.019853e-03   1.940826e-20   77846
  1.061129e+01   5.022957e-19   3.012052e-03   2.026114e-20   71984
  1.062186e+01   5.041607e-19   3.005730e-03   2.103422e-20   66398
  1.063243e+01   5.251109e-19   3.000369e-03   2.221191e-20   61058
  1.064300e+01   5.131574e-19   2.995714e-03   2.323023e-20   55958
  1.065357e+01   4.887027e-19   2.990697e-03   2.427953e-20   51082
  1.066413e+01   4.981344e-19   2.981767e-03   2.559738e-20   46398
  1.067469e+01   5.238554e-19   2.970930e-03   2.656885e-20   41954
  1.068524e+01   4.990980e-19   2.955045e-03   2.833499e-20   37718
  1.069578e+01   5.205884e-19   2.938133e-03   2.950108e-20   33736
  1.070631e+01   5.425920e-19   2.922830e-03   3.205002e-20   30006
  1.071684e+01   5.373381e-19   2.912268e-03   3.388757e-20   26522
  1.072739e+01   4.074790e-19   2.905476e-03   3.533018e-20   23254
  1.073793e+01   4.859996e-19   2.895825e-03   3.847601e-20   20178
  1.074848e+01   4.939098e-19   2.890787e-03   4.200902e-20   17342
  1.075903e+01   4.807830e-19   2.886580e-03   4.519505e-20   14714
  1.076959e+01   4.706448e-19   2.887906e-03   4.962428e-20   12310
  1.078015e+01   4.674106e-19   2.880436e-03   5.650155e-20   10098
  1.079071e+01   4.264619e-19   2.879327e-03   6.085576e-20   8126
  1.080127e+01   6.380511e-19   2.877797e-03   7.043911e-20   6362
  1.081184e+01   5.876760e-19   2.888638e-03   8.066839e-20   4822
  1.082239e+01   5.822829e-19   2.872451e-03   9.249475e-20   3474
  1.083292e+01   5.785332e-19   2.869225e-03   1.188531e-19   2366
  1.084344e+01   5.606321e-19   2.860034e-03   1.535499e-19   1466
  1.085397e+01   6.776839e-19   2.925135e-03   2.065703e-19   790
  1.086426e+01   3.017311e-20   2.767211e-03   3.263715e-19   306
  1.087389e+01   1.321381e-18   2.357714e-03   6.332546e-19   62
