# cross spectrum of phi(z1) and phi(z2)
# redshift z=1.692244
# k              Pk             sigma(k)       sigma(Pk)      count
  7.830312e-03   2.604182e-10   1.198114e-03   5.863016e-11   18
  1.686348e-02   3.086181e-10   2.897918e-03   2.948489e-11   152
  2.725284e-02   1.843668e-10   3.060867e-03   8.621060e-12   416
  3.742835e-02   1.010151e-10   2.912555e-03   3.782477e-12   770
  4.808679e-02   6.340101e-11   3.119650e-03   1.859310e-12   1364
  5.876109e-02   4.165903e-11   3.054550e-03   9.474140e-13   1976
  6.939824e-02   3.174622e-11   3.112555e-03   6.039237e-13   2792
  7.984642e-02   2.316583e-11   2.971805e-03   3.944359e-13   3578
  9.038229e-02   1.668564e-11   3.049521e-03   2.462347e-13   4724
  1.011318e-01   1.236341e-11   3.134595e-03   1.633169e-13   6032
  1.117485e-01   9.665779e-12   3.016599e-03   1.181979e-13   7072
  1.222702e-01   8.149685e-12   3.056387e-03   8.946007e-14   8634
  1.329722e-01   6.918746e-12   3.095256e-03   6.920314e-14   10336
  1.436677e-01   5.605661e-12   3.082009e-03   5.064929e-14   11940
  1.541872e-01   4.517489e-12   3.021465e-03   3.985281e-14   13490
  1.647185e-01   3.758642e-12   3.054444e-03   2.975156e-14   15656
  1.754149e-01   3.181758e-12   3.102608e-03   2.379259e-14   18008
  1.860920e-01   2.811324e-12   3.069464e-03   1.990390e-14   19964
  1.966957e-01   2.454518e-12   3.066093e-03   1.649486e-14   22354
  2.072851e-01   2.097849e-12   3.030819e-03   1.339815e-14   24648
  2.179134e-01   1.815512e-12   3.083109e-03   1.088262e-14   27592
  2.285517e-01   1.590451e-12   3.075318e-03   9.138702e-15   30152
  2.391687e-01   1.409961e-12   3.069056e-03   7.789219e-15   33046
  2.497808e-01   1.283558e-12   3.053846e-03   6.802955e-15   35992
  2.604233e-01   1.156820e-12   3.074764e-03   5.867611e-15   39304
  2.710722e-01   1.049654e-12   3.082145e-03   5.071298e-15   42608
  2.817050e-01   9.311109e-13   3.058267e-03   4.377991e-15   45758
  2.923349e-01   8.335646e-13   3.072286e-03   3.796737e-15   49536
  3.029238e-01   7.600032e-13   3.039208e-03   3.327874e-15   52488
  3.135134e-01   7.044026e-13   3.084628e-03   2.963248e-15   57034
  3.241511e-01   6.296256e-13   3.061146e-03   2.556301e-15   60648
  3.347969e-01   5.851155e-13   3.076329e-03   2.302861e-15   65044
  3.454223e-01   5.411395e-13   3.057760e-03   2.053192e-15   68720
  3.560505e-01   4.933813e-13   3.078281e-03   1.818022e-15   73538
  3.667175e-01   4.560474e-13   3.076939e-03   1.635264e-15   78080
  3.773260e-01   4.255739e-13   3.039859e-03   1.492136e-15   81572
  3.879192e-01   3.965118e-13   3.081238e-03   1.341350e-15   87248
  3.985882e-01   3.669700e-13   3.084591e-03   1.209972e-15   92266
  4.092322e-01   3.433237e-13   3.063169e-03   1.110947e-15   96696
  4.198039e-01   3.190726e-13   3.037602e-03   1.009504e-15   100904
  4.303789e-01   2.991721e-13   3.065517e-03   9.222598e-16   107036
  4.410480e-01   2.817139e-13   3.089487e-03   8.396691e-16   113362
  4.517307e-01   2.631291e-13   3.072092e-03   7.641234e-16   118176
  4.623378e-01   2.483896e-13   3.054661e-03   7.150236e-16   122944
  4.729644e-01   2.340370e-13   3.083007e-03   6.523660e-16   129902
  4.836049e-01   2.183753e-13   3.061727e-03   5.947559e-16   134944
  4.942158e-01   2.085814e-13   3.064979e-03   5.578500e-16   140952
  5.048213e-01   1.952542e-13   3.064662e-03   5.127318e-16   147072
  5.154342e-01   1.853452e-13   3.060800e-03   4.726703e-16   153382
  5.260893e-01   1.766730e-13   3.082622e-03   4.369401e-16   160952
  5.367508e-01   1.665925e-13   3.070294e-03   4.085517e-16   166640
  5.473579e-01   1.590534e-13   3.057153e-03   3.849713e-16   172448
  5.579787e-01   1.507163e-13   3.077577e-03   3.551880e-16   180594
  5.686178e-01   1.434777e-13   3.060710e-03   3.308587e-16   186556
  5.792219e-01   1.367566e-13   3.063394e-03   3.122314e-16   193528
  5.898242e-01   1.310415e-13   3.060684e-03   2.923764e-16   200626
  6.004609e-01   1.246050e-13   3.076604e-03   2.738674e-16   209256
  6.111150e-01   1.195667e-13   3.069663e-03   2.577224e-16   216020
  6.217510e-01   1.144925e-13   3.075746e-03   2.420613e-16   223768
  6.323610e-01   1.087907e-13   3.055783e-03   2.276557e-16   230234
  6.429887e-01   1.046033e-13   3.074922e-03   2.142262e-16   239800
  6.536248e-01   1.004347e-13   3.063054e-03   2.022182e-16   246568
  6.642393e-01   9.662257e-14   3.068328e-03   1.912345e-16   254828
  6.748534e-01   9.224502e-14   3.064424e-03   1.796472e-16   263074
  6.854951e-01   8.847774e-14   3.071509e-03   1.697941e-16   272312
  6.961385e-01   8.520723e-14   3.070197e-03   1.616487e-16   280376
  7.067732e-01   8.223610e-14   3.071500e-03   1.535107e-16   288884
  7.174012e-01   7.880439e-14   3.068501e-03   1.443889e-16   297602
  7.280177e-01   7.657558e-14   3.057614e-03   1.386925e-16   305520
  7.386402e-01   7.336962e-14   3.075198e-03   1.304823e-16   315976
  7.492461e-01   7.070966e-14   3.052723e-03   1.240278e-16   322778
  7.598720e-01   6.868833e-14   3.080021e-03   1.188238e-16   335372
  7.705286e-01   6.586660e-14   3.068318e-03   1.126161e-16   343464
  7.811635e-01   6.351539e-14   3.070705e-03   1.070180e-16   352912
  7.917934e-01   6.148538e-14   3.070498e-03   1.021860e-16   362666
  8.024224e-01   5.981795e-14   3.063690e-03   9.838822e-17   371884
  8.130465e-01   5.759468e-14   3.069929e-03   9.329986e-17   382280
  8.236583e-01   5.577095e-14   3.060755e-03   8.897280e-17   390888
  8.342648e-01   5.396798e-14   3.067168e-03   8.520216e-17   402234
  8.448912e-01   5.267026e-14   3.064832e-03   8.206288e-17   412576
  8.555263e-01   5.061595e-14   3.071788e-03   7.800798e-17   423732
  8.661590e-01   4.921942e-14   3.068142e-03   7.484325e-17   433624
  8.767950e-01   4.771229e-14   3.072203e-03   7.149936e-17   445154
  8.874347e-01   4.633648e-14   3.069139e-03   6.886569e-17   455584
  8.980596e-01   4.491376e-14   3.064716e-03   6.602373e-17   465588
  9.086714e-01   4.348972e-14   3.065163e-03   6.302330e-17   476762
  9.193048e-01   4.236566e-14   3.073106e-03   6.051302e-17   489552
  9.299472e-01   4.128047e-14   3.069632e-03   5.856281e-17   500328
  9.405628e-01   4.013587e-14   3.059261e-03   5.631235e-17   509852
  9.511854e-01   3.891767e-14   3.074339e-03   5.407856e-17   524234
  9.618189e-01   3.784966e-14   3.061952e-03   5.188000e-17   534104
  9.724448e-01   3.683722e-14   3.070528e-03   4.996040e-17   547048
  9.830800e-01   3.587083e-14   3.073862e-03   4.802167e-17   559328
  9.937180e-01   3.496021e-14   3.070866e-03   4.640466e-17   571326
  1.004339e+00   3.408011e-14   3.060367e-03   4.466824e-17   581920
  1.014951e+00   3.314506e-14   3.064588e-03   4.309711e-17   594832
  1.025571e+00   3.233662e-14   3.068054e-03   4.161754e-17   608048
  1.036206e+00   3.150695e-14   3.070252e-03   4.007213e-17   621526
  1.046839e+00   3.070558e-14   3.066112e-03   3.885511e-17   633240
  1.057456e+00   2.996053e-14   3.064953e-03   3.735814e-17   645472
  1.068086e+00   2.927155e-14   3.075342e-03   3.613590e-17   660906
  1.078726e+00   2.859689e-14   3.067576e-03   3.505961e-17   672856
  1.089356e+00   2.786271e-14   3.067094e-03   3.374279e-17   685980
  1.099980e+00   2.717777e-14   3.067978e-03   3.266243e-17   699256
  1.110619e+00   2.658536e-14   3.074976e-03   3.150574e-17   714730
  1.121246e+00   2.592740e-14   3.059348e-03   3.057842e-17   725152
  1.131863e+00   2.532153e-14   3.067634e-03   2.962032e-17   740420
  1.142485e+00   2.470054e-14   3.069089e-03   2.862251e-17   754312
  1.153114e+00   2.414815e-14   3.069897e-03   2.770918e-17   769114
  1.163749e+00   2.374807e-14   3.069209e-03   2.693476e-17   783488
  1.174365e+00   2.311652e-14   3.058900e-03   2.604684e-17   794968
  1.184981e+00   2.266470e-14   3.070107e-03   2.524798e-17   812366
  1.195609e+00   2.219230e-14   3.065134e-03   2.452861e-17   825976
  1.206250e+00   2.169418e-14   3.075220e-03   2.373559e-17   843352
  1.216898e+00   2.123876e-14   3.073224e-03   2.302366e-17   857280
  1.227524e+00   2.085322e-14   3.063189e-03   2.247905e-17   869542
  1.238147e+00   2.038979e-14   3.070752e-03   2.176772e-17   887128
  1.248772e+00   1.997488e-14   3.063166e-03   2.113360e-17   900032
  1.259388e+00   1.952084e-14   3.067377e-03   2.045390e-17   916560
  1.270005e+00   1.908202e-14   3.061783e-03   1.991897e-17   930922
  1.280635e+00   1.874384e-14   3.071795e-03   1.928552e-17   949844
  1.291287e+00   1.839333e-14   3.076939e-03   1.879230e-17   966736
  1.301925e+00   1.802110e-14   3.065819e-03   1.832183e-17   978776
  1.312537e+00   1.768521e-14   3.064137e-03   1.788646e-17   994522
  1.323161e+00   1.731863e-14   3.068907e-03   1.731651e-17   1012420
  1.333794e+00   1.696939e-14   3.071598e-03   1.680597e-17   1029408
  1.344410e+00   1.667225e-14   3.058405e-03   1.643538e-17   1041658
  1.355032e+00   1.635092e-14   3.072381e-03   1.595948e-17   1063520
  1.365659e+00   1.603550e-14   3.060689e-03   1.554877e-17   1075808
  1.376294e+00   1.576007e-14   3.080019e-03   1.514287e-17   1098956
  1.386928e+00   1.547433e-14   3.061670e-03   1.476522e-17   1109810
  1.397545e+00   1.521337e-14   3.065288e-03   1.439944e-17   1128608
  1.408178e+00   1.490835e-14   3.073589e-03   1.395126e-17   1148264
  1.418813e+00   1.462274e-14   3.067917e-03   1.363266e-17   1163252
  1.429436e+00   1.434765e-14   3.067070e-03   1.330195e-17   1181042
  1.440060e+00   1.412355e-14   3.064325e-03   1.295421e-17   1197848
  1.450692e+00   1.385201e-14   3.073737e-03   1.263738e-17   1218848
  1.461323e+00   1.360573e-14   3.064859e-03   1.233592e-17   1232916
  1.471945e+00   1.335842e-14   3.068844e-03   1.199206e-17   1253002
  1.482566e+00   1.311651e-14   3.062284e-03   1.170581e-17   1268576
  1.493191e+00   1.292893e-14   3.071552e-03   1.146559e-17   1290128
  1.503822e+00   1.267796e-14   3.068342e-03   1.117370e-17   1307402
  1.514455e+00   1.247579e-14   3.069122e-03   1.092192e-17   1327028
  1.525083e+00   1.225857e-14   3.064970e-03   1.064571e-17   1343648
  1.535711e+00   1.207858e-14   3.070217e-03   1.042469e-17   1364096
  1.546341e+00   1.186998e-14   3.068950e-03   1.015886e-17   1382730
  1.556974e+00   1.162313e-14   3.068757e-03   9.887864e-18   1402164
  1.567604e+00   1.145565e-14   3.068159e-03   9.681666e-18   1420464
  1.578221e+00   1.126705e-14   3.063798e-03   9.480015e-18   1437368
  1.588847e+00   1.111393e-14   3.072142e-03   9.250251e-18   1461530
  1.599480e+00   1.089739e-14   3.065069e-03   9.042040e-18   1478264
  1.610108e+00   1.074693e-14   3.068902e-03   8.829013e-18   1499356
  1.620732e+00   1.054971e-14   3.065238e-03   8.633956e-18   1517016
  1.631360e+00   1.040836e-14   3.070849e-03   8.449152e-18   1540090
  1.641988e+00   1.022637e-14   3.065366e-03   8.262777e-18   1557360
  1.652609e+00   1.005686e-14   3.066926e-03   8.064140e-18   1577780
  1.663242e+00   9.911747e-15   3.075107e-03   7.879356e-18   1602578
  1.673875e+00   9.761612e-15   3.063542e-03   7.728994e-18   1617672
  1.684498e+00   9.612090e-15   3.069033e-03   7.567299e-18   1641016
  1.695122e+00   9.457584e-15   3.065080e-03   7.407037e-18   1659416
  1.705746e+00   9.308093e-15   3.068431e-03   7.242289e-18   1682670
  1.716382e+00   9.169380e-15   3.070690e-03   7.066553e-18   1705256
  1.727024e+00   9.016983e-15   3.071890e-03   6.931688e-18   1726312
  1.737645e+00   8.885267e-15   3.062639e-03   6.807310e-18   1741880
  1.748261e+00   8.759886e-15   3.067156e-03   6.648044e-18   1766454
  1.758897e+00   8.631611e-15   3.073105e-03   6.501950e-18   1791784
  1.769528e+00   8.513607e-15   3.063894e-03   6.402868e-18   1807712
  1.780139e+00   8.373148e-15   3.062775e-03   6.258511e-18   1829002
  1.790759e+00   8.255552e-15   3.067263e-03   6.129251e-18   1854216
  1.801400e+00   8.147281e-15   3.074631e-03   6.005290e-18   1880156
  1.812037e+00   8.001954e-15   3.068349e-03   5.876548e-18   1897568
  1.822663e+00   7.892654e-15   3.068475e-03   5.762412e-18   1920458
  1.833288e+00   7.785592e-15   3.065997e-03   5.637656e-18   1942208
  1.843915e+00   7.678807e-15   3.067813e-03   5.540876e-18   1965612
  1.854544e+00   7.556007e-15   3.069639e-03   5.412330e-18   1989000
  1.865168e+00   7.446004e-15   3.064465e-03   5.297981e-18   2009114
  1.875791e+00   7.335470e-15   3.067400e-03   5.190778e-18   2034464
  1.886424e+00   7.241376e-15   3.070174e-03   5.100474e-18   2058476
  1.897052e+00   7.135377e-15   3.068039e-03   5.006055e-18   2079648
  1.907673e+00   7.037402e-15   3.065891e-03   4.922116e-18   2102578
  1.918306e+00   6.927180e-15   3.070742e-03   4.802982e-18   2129928
  1.928942e+00   6.843873e-15   3.069733e-03   4.725734e-18   2152096
  1.939563e+00   6.757370e-15   3.062858e-03   4.646530e-18   2171142
  1.950185e+00   6.671144e-15   3.069150e-03   4.545898e-18   2200248
  1.960824e+00   6.554259e-15   3.071017e-03   4.444326e-18   2225216
  1.971460e+00   6.477369e-15   3.070942e-03   4.369956e-18   2248448
  1.982084e+00   6.388882e-15   3.064272e-03   4.293007e-18   2267942
  1.992710e+00   6.308790e-15   3.071051e-03   4.213972e-18   2298072
  2.003337e+00   6.229145e-15   3.064068e-03   4.147591e-18   2317272
  2.013961e+00   6.136696e-15   3.069747e-03   4.058392e-18   2345808
  2.024580e+00   6.046008e-15   3.062469e-03   3.975749e-18   2365650
  2.035206e+00   5.970704e-15   3.069930e-03   3.907700e-18   2396940
  2.045842e+00   5.892149e-15   3.069936e-03   3.838025e-18   2421272
  2.056473e+00   5.822722e-15   3.068399e-03   3.778351e-18   2444576
  2.067102e+00   5.738772e-15   3.069748e-03   3.700931e-18   2471490
  2.077728e+00   5.663164e-15   3.064854e-03   3.636997e-18   2493180
  2.088349e+00   5.588920e-15   3.068019e-03   3.566970e-18   2520952
  2.098972e+00   5.507354e-15   3.065319e-03   3.499979e-18   2544946
  2.109598e+00   5.429219e-15   3.068311e-03   3.436537e-18   2573856
  2.120230e+00   5.368228e-15   3.069026e-03   3.378891e-18   2600016
  2.130862e+00   5.303655e-15   3.069102e-03   3.318782e-18   2625484
  2.141490e+00   5.232096e-15   3.068080e-03   3.259955e-18   2651122
  2.152130e+00   5.167038e-15   3.074348e-03   3.194782e-18   2683488
  2.162754e+00   5.104967e-15   3.059466e-03   3.155436e-18   2696352
  2.173371e+00   5.029787e-15   3.071171e-03   3.082443e-18   2733020
  2.184002e+00   4.967909e-15   3.067530e-03   3.037354e-18   2757378
  2.194631e+00   4.910025e-15   3.067942e-03   2.988768e-18   2784864
  2.205259e+00   4.845307e-15   3.067811e-03   2.934022e-18   2811168
  2.215874e+00   4.784364e-15   3.061061e-03   2.882973e-18   2832274
  2.226505e+00   4.731748e-15   3.075611e-03   2.833477e-18   2873636
  2.237142e+00   4.670441e-15   3.064877e-03   2.793344e-18   2890496
  2.247766e+00   4.612083e-15   3.069851e-03   2.739563e-18   2921800
  2.258399e+00   4.547679e-15   3.071101e-03   2.684771e-18   2951298
  2.269032e+00   4.499544e-15   3.066274e-03   2.653953e-18   2975476
  2.279663e+00   4.434275e-15   3.071375e-03   2.599661e-18   3007728
  2.290285e+00   4.385578e-15   3.061886e-03   2.559944e-18   3025776
  2.300910e+00   4.336862e-15   3.072955e-03   2.518957e-18   3065762
  2.311540e+00   4.273484e-15   3.063208e-03   2.474406e-18   3084856
  2.322162e+00   4.229879e-15   3.068985e-03   2.437682e-18   3118044
  2.332782e+00   4.172049e-15   3.064319e-03   2.394547e-18   3141352
  2.343410e+00   4.127633e-15   3.072036e-03   2.358168e-18   3179274
  2.354046e+00   4.069038e-15   3.067682e-03   2.314319e-18   3204120
  2.364668e+00   4.021417e-15   3.063610e-03   2.281605e-18   3227900
  2.375288e+00   3.980482e-15   3.068722e-03   2.242811e-18   3262394
  2.385925e+00   3.928792e-15   3.071814e-03   2.207064e-18   3295680
  2.396559e+00   3.878794e-15   3.067166e-03   2.168884e-18   3319560
  2.407184e+00   3.835558e-15   3.068070e-03   2.135412e-18   3348972
  2.417810e+00   3.788754e-15   3.068540e-03   2.100706e-18   3379722
  2.428441e+00   3.744296e-15   3.068348e-03   2.066711e-18   3410720
  2.439075e+00   3.700106e-15   3.069517e-03   2.034098e-18   3441504
  2.449697e+00   3.656637e-15   3.063301e-03   2.002232e-18   3463624
  2.460317e+00   3.613622e-15   3.068043e-03   1.971690e-18   3499790
  2.470951e+00   3.573379e-15   3.070702e-03   1.941966e-18   3533560
  2.481588e+00   3.530563e-15   3.069830e-03   1.908718e-18   3561920
  2.492209e+00   3.482471e-15   3.064208e-03   1.877266e-18   3585208
  2.502830e+00   3.448658e-15   3.069185e-03   1.849990e-18   3622518
  2.513468e+00   3.404070e-15   3.072344e-03   1.817717e-18   3657584
  2.524094e+00   3.367683e-15   3.062507e-03   1.795566e-18   3676440
  2.534707e+00   3.328297e-15   3.065232e-03   1.764057e-18   3711282
  2.545334e+00   3.290899e-15   3.068763e-03   1.736364e-18   3747696
  2.555965e+00   3.250798e-15   3.067225e-03   1.710314e-18   3776188
  2.566601e+00   3.212360e-15   3.074483e-03   1.680532e-18   3815304
  2.577232e+00   3.177302e-15   3.064660e-03   1.657397e-18   3835370
  2.587856e+00   3.139901e-15   3.068926e-03   1.630699e-18   3873424
  2.598487e+00   3.107125e-15   3.067978e-03   1.609697e-18   3903420
  2.609117e+00   3.068933e-15   3.070036e-03   1.581110e-18   3937624
  2.619745e+00   3.034309e-15   3.066011e-03   1.558874e-18   3965658
  2.630375e+00   2.998218e-15   3.069802e-03   1.533892e-18   4002984
  2.641001e+00   2.965846e-15   3.065136e-03   1.513245e-18   4027928
  2.651616e+00   2.928536e-15   3.064941e-03   1.488708e-18   4059844
  2.662241e+00   2.900706e-15   3.069945e-03   1.467068e-18   4100338
  2.672876e+00   2.866974e-15   3.069128e-03   1.443863e-18   4132264
  2.683506e+00   2.832918e-15   3.068474e-03   1.422730e-18   4163216
  2.694131e+00   2.802255e-15   3.066146e-03   1.402416e-18   4193350
  2.704761e+00   2.768274e-15   3.071068e-03   1.380480e-18   4234456
  2.715390e+00   2.738289e-15   3.064079e-03   1.360511e-18   4257264
  2.726012e+00   2.709176e-15   3.069774e-03   1.341214e-18   4297352
  2.736640e+00   2.678406e-15   3.067495e-03   1.321012e-18   4328642
  2.747272e+00   2.645908e-15   3.070663e-03   1.298223e-18   4367948
  2.757895e+00   2.617920e-15   3.061799e-03   1.281351e-18   4388384
  2.768519e+00   2.587373e-15   3.072247e-03   1.260375e-18   4436648
  2.779154e+00   2.561828e-15   3.067997e-03   1.244969e-18   4465658
  2.789787e+00   2.533369e-15   3.069677e-03   1.225876e-18   4502948
  2.800413e+00   2.502026e-15   3.064787e-03   1.206311e-18   4528880
  2.811033e+00   2.477897e-15   3.067181e-03   1.191180e-18   4566290
  2.821663e+00   2.446164e-15   3.070655e-03   1.171093e-18   4606856
  2.832293e+00   2.421545e-15   3.066552e-03   1.156307e-18   4635380
  2.842916e+00   2.395923e-15   3.067131e-03   1.139278e-18   4670384
  2.853543e+00   2.368225e-15   3.069161e-03   1.122454e-18   4709258
  2.864179e+00   2.344080e-15   3.070324e-03   1.107050e-18   4747352
  2.874805e+00   2.318253e-15   3.063655e-03   1.092039e-18   4771664
  2.885427e+00   2.291670e-15   3.068600e-03   1.075048e-18   4813532
  2.896058e+00   2.265495e-15   3.070437e-03   1.058250e-18   4852322
  2.906693e+00   2.242272e-15   3.069013e-03   1.042980e-18   4886480
  2.917320e+00   2.217692e-15   3.066289e-03   1.030302e-18   4917248
  2.927939e+00   2.191242e-15   3.065099e-03   1.014708e-18   4950828
  2.938569e+00   2.171932e-15   3.072788e-03   9.995858e-19   5000170
  2.949204e+00   2.146025e-15   3.066857e-03   9.863521e-19   5026952
  2.959825e+00   2.123097e-15   3.064676e-03   9.728373e-19   5058752
  2.970445e+00   2.100238e-15   3.067741e-03   9.591138e-19   5100722
  2.981076e+00   2.076385e-15   3.068979e-03   9.447643e-19   5140124
  2.991706e+00   2.053875e-15   3.067937e-03   9.320353e-19   5174072
  3.002335e+00   2.032256e-15   3.068928e-03   9.184416e-19   5211608
  3.012962e+00   2.011092e-15   3.067917e-03   9.069050e-19   5247794
  3.023589e+00   1.991500e-15   3.066908e-03   8.944863e-19   5284196
  3.034222e+00   1.968432e-15   3.071657e-03   8.806759e-19   5328800
  3.044847e+00   1.945185e-15   3.063109e-03   8.692140e-19   5350872
  3.055470e+00   1.926470e-15   3.069608e-03   8.557939e-19   5400634
  3.066097e+00   1.904768e-15   3.065291e-03   8.443671e-19   5430968
  3.076725e+00   1.883894e-15   3.070185e-03   8.326393e-19   5475908
  3.087355e+00   1.867788e-15   3.068352e-03   8.222941e-19   5510016
  3.097986e+00   1.847147e-15   3.069695e-03   8.110624e-19   5552114
  3.108620e+00   1.826757e-15   3.068841e-03   8.000683e-19   5588944
  3.119249e+00   1.807776e-15   3.067703e-03   7.887998e-19   5623828
  3.129873e+00   1.788638e-15   3.066629e-03   7.787318e-19   5660722
  3.140497e+00   1.768280e-15   3.066422e-03   7.671740e-19   5699896
  3.151124e+00   1.749463e-15   3.068968e-03   7.561372e-19   5741936
  3.161754e+00   1.731498e-15   3.069010e-03   7.474697e-19   5779568
  3.172381e+00   1.713291e-15   3.067639e-03   7.362397e-19   5817222
  3.183006e+00   1.693002e-15   3.066013e-03   7.257239e-19   5854600
  3.193635e+00   1.677443e-15   3.069791e-03   7.171614e-19   5900040
  3.204262e+00   1.660616e-15   3.066501e-03   7.079835e-19   5931976
  3.214890e+00   1.644044e-15   3.070101e-03   6.975084e-19   5979390
  3.225518e+00   1.624255e-15   3.065321e-03   6.871785e-19   6010200
  3.236144e+00   1.608621e-15   3.069327e-03   6.786454e-19   6056496
  3.246769e+00   1.592429e-15   3.066211e-03   6.704719e-19   6089504
  3.257396e+00   1.573808e-15   3.069391e-03   6.601482e-19   6137114
  3.268025e+00   1.559417e-15   3.067201e-03   6.522699e-19   6173332
  3.278652e+00   1.542288e-15   3.067882e-03   6.438704e-19   6214128
  3.289279e+00   1.525700e-15   3.067306e-03   6.340330e-19   6253874
  3.299910e+00   1.510301e-15   3.069629e-03   6.263543e-19   6300104
  3.310539e+00   1.493988e-15   3.066365e-03   6.178030e-19   6332612
  3.321166e+00   1.479707e-15   3.070240e-03   6.105750e-19   6379768
  3.331797e+00   1.464074e-15   3.068597e-03   6.020021e-19   6418218
  3.342427e+00   1.449310e-15   3.068360e-03   5.941411e-19   6459880
  3.353052e+00   1.433305e-15   3.066116e-03   5.858342e-19   6495652
  3.363680e+00   1.418149e-15   3.070231e-03   5.776893e-19   6545296
  3.374311e+00   1.404704e-15   3.067227e-03   5.707879e-19   6581570
  3.384935e+00   1.389005e-15   3.065246e-03   5.631823e-19   6618960
  3.395556e+00   1.375879e-15   3.067158e-03   5.564221e-19   6663352
  3.406178e+00   1.361828e-15   3.065376e-03   5.489047e-19   6701334
  3.416809e+00   1.346225e-15   3.072512e-03   5.403217e-19   6759920
  3.427444e+00   1.333352e-15   3.067179e-03   5.340209e-19   6789696
  3.438073e+00   1.319824e-15   3.069955e-03   5.275815e-19   6837208
  3.448703e+00   1.307186e-15   3.067492e-03   5.209099e-19   6874966
  3.459333e+00   1.291974e-15   3.068613e-03   5.136176e-19   6920864
  3.469960e+00   1.280044e-15   3.066758e-03   5.074760e-19   6957816
  3.480585e+00   1.265466e-15   3.068144e-03   4.998494e-19   7002232
  3.491208e+00   1.253586e-15   3.066540e-03   4.941755e-19   7043114
  3.501840e+00   1.240841e-15   3.070403e-03   4.873543e-19   7096020
  3.512471e+00   1.226771e-15   3.067394e-03   4.813047e-19   7130640
  3.523097e+00   1.214179e-15   3.068276e-03   4.747989e-19   7175472
  3.533723e+00   1.203395e-15   3.067248e-03   4.689030e-19   7217786
  3.544353e+00   1.191688e-15   3.068999e-03   4.636230e-19   7265564
  3.554979e+00   1.178238e-15   3.066319e-03   4.572983e-19   7301288
  3.565600e+00   1.166482e-15   3.066375e-03   4.518279e-19   7345330
  3.576227e+00   1.155674e-15   3.069052e-03   4.460474e-19   7397048
  3.586856e+00   1.141833e-15   3.067039e-03   4.394160e-19   7435920
  3.597485e+00   1.131144e-15   3.069220e-03   4.339595e-19   7484140
  3.608113e+00   1.120574e-15   3.067643e-03   4.289940e-19   7525578
  3.618741e+00   1.109903e-15   3.067518e-03   4.238940e-19   7571376
  3.629371e+00   1.097508e-15   3.068480e-03   4.178464e-19   7617064
  3.640002e+00   1.086417e-15   3.069456e-03   4.129350e-19   7662092
  3.650627e+00   1.076538e-15   3.066324e-03   4.088893e-19   7699658
  3.661254e+00   1.064327e-15   3.068945e-03   4.022463e-19   7752416
  3.671886e+00   1.054042e-15   3.069408e-03   3.975213e-19   7797776
  3.682511e+00   1.043824e-15   3.065176e-03   3.927770e-19   7831720
  3.693136e+00   1.035006e-15   3.069723e-03   3.881105e-19   7889926
  3.703768e+00   1.022841e-15   3.067981e-03   3.829562e-19   7931480
  3.714397e+00   1.012404e-15   3.068251e-03   3.782917e-19   7976688
  3.725016e+00   1.002643e-15   3.062621e-03   3.737620e-19   8007786
  3.735639e+00   9.931036e-16   3.070332e-03   3.690032e-19   8074564
  3.746275e+00   9.825748e-16   3.070085e-03   3.641343e-19   8118904
  3.756904e+00   9.724200e-16   3.066957e-03   3.598439e-19   8155824
  3.767533e+00   9.632741e-16   3.070641e-03   3.554661e-19   8212802
  3.778161e+00   9.534862e-16   3.065118e-03   3.509250e-19   8245268
  3.788791e+00   9.441477e-16   3.071754e-03   3.461828e-19   8308816
  3.799422e+00   9.356014e-16   3.066301e-03   3.427028e-19   8340304
  3.810044e+00   9.257725e-16   3.066222e-03   3.386006e-19   8387738
  3.820668e+00   9.152994e-16   3.067207e-03   3.335560e-19   8437624
  3.831296e+00   9.068013e-16   3.068826e-03   3.296737e-19   8487796
  3.841921e+00   8.983943e-16   3.066430e-03   3.255843e-19   8527936
  3.852549e+00   8.891578e-16   3.069409e-03   3.217650e-19   8585122
  3.863180e+00   8.805226e-16   3.067925e-03   3.180988e-19   8628200
  3.873811e+00   8.706114e-16   3.069670e-03   3.135073e-19   8679484
  3.884439e+00   8.627386e-16   3.067320e-03   3.101943e-19   8721466
  3.895064e+00   8.533481e-16   3.065795e-03   3.058541e-19   8765840
  3.905692e+00   8.457933e-16   3.070355e-03   3.024583e-19   8825136
  3.916320e+00   8.369551e-16   3.066753e-03   2.988255e-19   8861768
  3.926948e+00   8.285296e-16   3.069321e-03   2.951126e-19   8919278
  3.937577e+00   8.203826e-16   3.066595e-03   2.915125e-19   8961008
  3.948205e+00   8.131095e-16   3.068779e-03   2.881245e-19   9014456
  3.958835e+00   8.045287e-16   3.068818e-03   2.844772e-19   9062240
  3.969465e+00   7.966401e-16   3.068277e-03   2.809501e-19   9110510
  3.980091e+00   7.887185e-16   3.066455e-03   2.776851e-19   9154048
  3.990712e+00   7.820798e-16   3.065703e-03   2.752316e-19   9198928
  4.001336e+00   7.737401e-16   3.068826e-03   2.714103e-19   9257194
  4.011967e+00   7.665410e-16   3.069362e-03   2.683642e-19   9310168
  4.022596e+00   7.582355e-16   3.066324e-03   2.649239e-19   9350316
  4.033222e+00   7.511008e-16   3.069210e-03   2.617011e-19   9407120
  4.043852e+00   7.443556e-16   3.068250e-03   2.585152e-19   9454642
  4.054482e+00   7.366931e-16   3.068405e-03   2.554088e-19   9506272
  4.065111e+00   7.295232e-16   3.067355e-03   2.523886e-19   9551228
  4.075735e+00   7.222616e-16   3.067594e-03   2.493023e-19   9600264
  4.086360e+00   7.151922e-16   3.067530e-03   2.466594e-19   9651458
  4.096991e+00   7.082998e-16   3.070122e-03   2.435098e-19   9711488
  4.107620e+00   7.012408e-16   3.066189e-03   2.406287e-19   9749144
  4.118247e+00   6.946368e-16   3.069033e-03   2.378077e-19   9807908
  4.128876e+00   6.874599e-16   3.067607e-03   2.350650e-19   9854786
  4.139508e+00   6.822513e-16   3.070269e-03   2.326092e-19   9914304
  4.150134e+00   6.748212e-16   3.064668e-03   2.298472e-19   9945544
  4.160753e+00   6.679225e-16   3.066794e-03   2.272315e-19   10003414
  4.171379e+00   6.613898e-16   3.068671e-03   2.242197e-19   10062032
  4.182011e+00   6.554955e-16   3.069142e-03   2.216326e-19   10114792
  4.192645e+00   6.490069e-16   3.070449e-03   2.189302e-19   10169936
  4.203267e+00   6.427373e-16   3.062650e-03   2.168061e-19   10196602
  4.213895e+00   6.362984e-16   3.072265e-03   2.137443e-19   10281156
  4.224526e+00   6.302664e-16   3.065688e-03   2.115774e-19   10309376
  4.235150e+00   6.240510e-16   3.068567e-03   2.089222e-19   10369856
  4.245775e+00   6.185108e-16   3.066063e-03   2.068545e-19   10415370
  4.256404e+00   6.119181e-16   3.070045e-03   2.040719e-19   10481988
  4.267039e+00   6.064322e-16   3.069556e-03   2.019363e-19   10531200
  4.277665e+00   6.000194e-16   3.065408e-03   1.994873e-19   10569416
  4.288289e+00   5.950836e-16   3.068216e-03   1.974093e-19   10633066
  4.298919e+00   5.888163e-16   3.068866e-03   1.947904e-19   10687548
  4.309552e+00   5.837353e-16   3.070419e-03   1.929279e-19   10743968
  4.320180e+00   5.777474e-16   3.065849e-03   1.907766e-19   10782130
  4.330801e+00   5.724277e-16   3.066095e-03   1.884037e-19   10837792
  4.341427e+00   5.673721e-16   3.068321e-03   1.865614e-19   10897368
  4.352058e+00   5.618416e-16   3.069642e-03   1.843230e-19   10953940
  4.362687e+00   5.560436e-16   3.067969e-03   1.820220e-19   11003274
  4.373313e+00   5.512537e-16   3.066343e-03   1.801594e-19   11052800
  4.383943e+00   5.453037e-16   3.070099e-03   1.776846e-19   11118176
  4.394573e+00   5.399160e-16   3.067934e-03   1.757262e-19   11162268
  4.405196e+00   5.351814e-16   3.066117e-03   1.738733e-19   11211458
  4.415820e+00   5.302754e-16   3.067310e-03   1.718350e-19   11271888
  4.426448e+00   5.250028e-16   3.068640e-03   1.698904e-19   11329304
  4.437073e+00   5.201930e-16   3.066385e-03   1.681048e-19   11375026
  4.447701e+00   5.149272e-16   3.069261e-03   1.660957e-19   11442532
  4.458330e+00   5.104344e-16   3.066551e-03   1.643618e-19   11487264
  4.468957e+00   5.052357e-16   3.068098e-03   1.624639e-19   11545680
  4.479587e+00   5.006157e-16   3.069842e-03   1.605378e-19   11607058
  4.490221e+00   4.960463e-16   3.069925e-03   1.588110e-19   11664300
  4.500851e+00   4.910703e-16   3.066963e-03   1.571353e-19   11707488
  4.511474e+00   4.865304e-16   3.066617e-03   1.554657e-19   11759536
  4.522104e+00   4.820579e-16   3.071176e-03   1.534398e-19   11833690
  4.532737e+00   4.779160e-16   3.067542e-03   1.520397e-19   11877808
  4.543362e+00   4.726156e-16   3.065778e-03   1.501616e-19   11925836
  4.553987e+00   4.688433e-16   3.068899e-03   1.484708e-19   11992168
  4.564616e+00   4.642785e-16   3.067784e-03   1.469018e-19   12044554
  4.575242e+00   4.598393e-16   3.067168e-03   1.453634e-19   12098976
  4.585865e+00   4.556807e-16   3.066173e-03   1.438017e-19   12149996
  4.596487e+00   4.514524e-16   3.067038e-03   1.421780e-19   12209594
  4.607117e+00   4.472805e-16   3.069983e-03   1.407608e-19   12279272
  4.617752e+00   4.429417e-16   3.070004e-03   1.391802e-19   12336072
  4.628383e+00   4.388066e-16   3.067416e-03   1.376272e-19   12381744
  4.639009e+00   4.348813e-16   3.068068e-03   1.361598e-19   12441590
  4.649637e+00   4.312781e-16   3.067557e-03   1.348297e-19   12497256
  4.660262e+00   4.268109e-16   3.066825e-03   1.331806e-19   12550032
  4.670884e+00   4.228559e-16   3.066185e-03   1.318721e-19   12603936
  4.681508e+00   4.189322e-16   3.068111e-03   1.303275e-19   12671230
  4.692142e+00   4.151166e-16   3.070828e-03   1.288887e-19   12740920
  4.702775e+00   4.115996e-16   3.067767e-03   1.276612e-19   12784560
  4.713398e+00   4.072462e-16   3.065894e-03   1.262117e-19   12834176
  4.724025e+00   4.040939e-16   3.069663e-03   1.248977e-19   12909006
  4.734656e+00   4.000112e-16   3.068089e-03   1.234910e-19   12959680
  4.745283e+00   3.963374e-16   3.067551e-03   1.222739e-19   13014232
  4.755909e+00   3.923962e-16   3.068154e-03   1.207763e-19   13076514
  4.766534e+00   3.892109e-16   3.065684e-03   1.197971e-19   13127112
  4.777164e+00   3.852597e-16   3.070665e-03   1.182602e-19   13205852
  4.787797e+00   3.815621e-16   3.068206e-03   1.169608e-19   13252032
  4.798423e+00   3.784456e-16   3.066967e-03   1.158804e-19   13307450
  4.809051e+00   3.751273e-16   3.068506e-03   1.146837e-19   13374160
  4.819680e+00   3.714626e-16   3.067567e-03   1.134630e-19   13426348
  4.830308e+00   3.682825e-16   3.069633e-03   1.122452e-19   13492760
  4.840934e+00   3.653238e-16   3.066142e-03   1.112632e-19   13539546
  4.851560e+00   3.616319e-16   3.068338e-03   1.099628e-19   13610704
  4.862187e+00   3.586534e-16   3.066835e-03   1.090093e-19   13662024
  4.872813e+00   3.551669e-16   3.068248e-03   1.077757e-19   13727492
  4.883443e+00   3.519410e-16   3.069111e-03   1.065863e-19   13793394
  4.894073e+00   3.490834e-16   3.067154e-03   1.055482e-19   13844456
  4.904699e+00   3.456852e-16   3.067927e-03   1.044595e-19   13905184
  4.915325e+00   3.423607e-16   3.067971e-03   1.033197e-19   13965958
  4.925951e+00   3.395215e-16   3.067148e-03   1.023339e-19   14025192
  4.936580e+00   3.363098e-16   3.068951e-03   1.012316e-19   14093768
  4.947211e+00   3.336040e-16   3.068454e-03   1.003341e-19   14150440
  4.957840e+00   3.306502e-16   3.068630e-03   9.933717e-20   14213450
  4.968468e+00   3.276489e-16   3.066726e-03   9.832506e-20   14267036
  4.979095e+00   3.248354e-16   3.068568e-03   9.731343e-20   14335032
  4.989722e+00   3.216407e-16   3.067092e-03   9.626235e-20   14387664
  5.000347e+00   3.190921e-16   3.068270e-03   9.551792e-20   14455698
  5.010977e+00   3.160407e-16   3.068677e-03   9.441090e-20   14520452
  5.021607e+00   3.132180e-16   3.068497e-03   9.342926e-20   14580272
  5.032232e+00   3.104829e-16   3.065614e-03   9.250578e-20   14628050
  5.042860e+00   3.078915e-16   3.070982e-03   9.155800e-20   14716744
  5.053489e+00   3.052408e-16   3.065407e-03   9.077264e-20   14751712
  5.064115e+00   3.024314e-16   3.069456e-03   8.975773e-20   14831620
  5.074740e+00   2.998733e-16   3.065470e-03   8.901846e-20   14875522
  5.085366e+00   2.972943e-16   3.068961e-03   8.822382e-20   14956720
  5.095994e+00   2.944513e-16   3.066998e-03   8.720809e-20   15008272
  5.106620e+00   2.921577e-16   3.067783e-03   8.642893e-20   15073780
  5.117248e+00   2.898626e-16   3.069002e-03   8.568434e-20   15144866
  5.127883e+00   2.871151e-16   3.070052e-03   8.484027e-20   15213872
  5.138515e+00   2.846355e-16   3.067931e-03   8.396722e-20   15263976
  5.149140e+00   2.819706e-16   3.066723e-03   8.312168e-20   15320236
  5.159767e+00   2.800138e-16   3.069367e-03   8.244175e-20   15398322
  5.170396e+00   2.773306e-16   3.067121e-03   8.154667e-20   15450864
  5.181021e+00   2.749588e-16   3.067373e-03   8.083051e-20   15513888
  5.191645e+00   2.725366e-16   3.066596e-03   8.011258e-20   15574626
  5.202274e+00   2.704522e-16   3.069893e-03   7.932710e-20   15657956
  5.212904e+00   2.680533e-16   3.066736e-03   7.867364e-20   15704248
  5.223531e+00   2.656671e-16   3.068512e-03   7.790258e-20   15774824
  5.234161e+00   2.635331e-16   3.069354e-03   7.712148e-20   15844898
  5.244790e+00   2.611606e-16   3.066994e-03   7.645816e-20   15898956
  5.255415e+00   2.589989e-16   3.067091e-03   7.575589e-20   15961768
  5.266040e+00   2.569675e-16   3.068481e-03   7.507719e-20   16032208
  5.276669e+00   2.548422e-16   3.068464e-03   7.441387e-20   16099530
  5.287295e+00   2.529017e-16   3.065856e-03   7.388121e-20   16152712
  5.297924e+00   2.506167e-16   3.069693e-03   7.306470e-20   16235740
  5.308553e+00   2.484853e-16   3.067725e-03   7.245757e-20   16288856
  5.319183e+00   2.464960e-16   3.069408e-03   7.177527e-20   16365074
  5.329812e+00   2.445888e-16   3.067066e-03   7.120406e-20   16418248
  5.340434e+00   2.424838e-16   3.065573e-03   7.062930e-20   16473180
  5.351058e+00   2.406830e-16   3.069491e-03   6.995178e-20   16560234
  5.361687e+00   2.384584e-16   3.067046e-03   6.928727e-20   16616088
  5.372317e+00   2.366365e-16   3.069133e-03   6.870546e-20   16693264
  5.382948e+00   2.346842e-16   3.068526e-03   6.815925e-20   16753864
  5.393577e+00   2.327446e-16   3.068569e-03   6.755378e-20   16820702
  5.404204e+00   2.309898e-16   3.066887e-03   6.697731e-20   16879288
  5.414832e+00   2.292721e-16   3.068277e-03   6.650833e-20   16951712
  5.425456e+00   2.272345e-16   3.066689e-03   6.595022e-20   17007560
  5.436084e+00   2.254835e-16   3.069534e-03   6.536280e-20   17092086
  5.446713e+00   2.238235e-16   3.067265e-03   6.486931e-20   17148392
  5.457342e+00   2.219312e-16   3.068696e-03   6.429863e-20   17222288
  5.467971e+00   2.202504e-16   3.068089e-03   6.375748e-20   17285096
  5.478597e+00   2.184469e-16   3.066549e-03   6.326489e-20   17344826
  5.489223e+00   2.168055e-16   3.068300e-03   6.272006e-20   17421236
  5.499853e+00   2.151654e-16   3.069479e-03   6.219832e-20   17494160
  5.510478e+00   2.135000e-16   3.065109e-03   6.177743e-20   17538122
  5.521100e+00   2.118732e-16   3.067347e-03   6.125979e-20   17620136
  5.531731e+00   2.102541e-16   3.069687e-03   6.079242e-20   17700428
  5.542362e+00   2.086304e-16   3.068482e-03   6.031257e-20   17760320
  5.552991e+00   2.071790e-16   3.068060e-03   5.984694e-20   17827562
  5.563619e+00   2.055775e-16   3.067912e-03   5.945473e-20   17895488
  5.574247e+00   2.040454e-16   3.068230e-03   5.898615e-20   17963576
  5.584874e+00   2.025271e-16   3.067616e-03   5.856990e-20   18027500
  5.595502e+00   2.009452e-16   3.068831e-03   5.808314e-20   18105650
  5.606129e+00   1.994214e-16   3.066269e-03   5.770527e-20   18160880
  5.616752e+00   1.980358e-16   3.067084e-03   5.731648e-20   18233144
  5.627379e+00   1.965921e-16   3.067872e-03   5.686495e-20   18307310
  5.638008e+00   1.952082e-16   3.068420e-03   5.647514e-20   18381680
  5.648639e+00   1.937870e-16   3.068723e-03   5.610898e-20   18450536
  5.659270e+00   1.922452e-16   3.069549e-03   5.562925e-20   18522128
  5.669897e+00   1.909053e-16   3.067067e-03   5.525389e-20   18578414
  5.680523e+00   1.896503e-16   3.067781e-03   5.488531e-20   18654304
  5.691150e+00   1.882335e-16   3.067639e-03   5.453632e-20   18722304
  5.701780e+00   1.869310e-16   3.069442e-03   5.413047e-20   18802472
  5.712409e+00   1.856515e-16   3.067729e-03   5.379267e-20   18864266
  5.723037e+00   1.842545e-16   3.067347e-03   5.345874e-20   18933260
  5.733662e+00   1.830698e-16   3.066799e-03   5.313995e-20   18997448
  5.744288e+00   1.818355e-16   3.068953e-03   5.277476e-20   19079816
  5.754917e+00   1.805448e-16   3.067744e-03   5.246792e-20   19145330
  5.765545e+00   1.793463e-16   3.067941e-03   5.212506e-20   19218276
  5.776172e+00   1.782830e-16   3.067784e-03   5.182931e-20   19286200
  5.786797e+00   1.770274e-16   3.066457e-03   5.147804e-20   19349738
  5.797427e+00   1.759094e-16   3.070714e-03   5.122589e-20   19450040
  5.808057e+00   1.748521e-16   3.065907e-03   5.098878e-20   19489688
  5.818683e+00   1.736154e-16   3.068803e-03   5.062794e-20   19576868
  5.829310e+00   1.724786e-16   3.067331e-03   5.033971e-20   19640282
  5.839940e+00   1.715055e-16   3.069683e-03   5.007980e-20   19728800
  5.850566e+00   1.703433e-16   3.065237e-03   4.978968e-20   19770152
  5.861190e+00   1.691493e-16   3.068717e-03   4.946981e-20   19863516
  5.871821e+00   1.682198e-16   3.069639e-03   4.927103e-20   19943594
  5.882452e+00   1.672859e-16   3.067597e-03   4.907510e-20   20003440
  5.893081e+00   1.661848e-16   3.068832e-03   4.878277e-20   20081768
  5.903706e+00   1.651496e-16   3.066188e-03   4.854775e-20   20136200
  5.914335e+00   1.641077e-16   3.070449e-03   4.824120e-20   20238094
  5.924964e+00   1.630251e-16   3.066146e-03   4.799071e-20   20282544
  5.935584e+00   1.621808e-16   3.065727e-03   4.777811e-20   20351720
  5.946209e+00   1.613494e-16   3.068474e-03   4.764594e-20   20444714
  5.956838e+00   1.603841e-16   3.067781e-03   4.739924e-20   20515116
  5.967470e+00   1.594596e-16   3.070149e-03   4.718095e-20   20602384
  5.978102e+00   1.585505e-16   3.068165e-03   4.699556e-20   20659872
  5.988728e+00   1.577152e-16   3.067093e-03   4.680472e-20   20727682
  5.999356e+00   1.567359e-16   3.068732e-03   4.654874e-20   20814416
  6.009986e+00   1.559679e-16   3.068153e-03   4.640773e-20   20881100
  6.020612e+00   1.550436e-16   3.068117e-03   4.619976e-20   20953688
  6.031238e+00   1.543329e-16   3.066654e-03   4.606336e-20   21021050
  6.041866e+00   1.535455e-16   3.068891e-03   4.589596e-20   21111632
  6.052496e+00   1.527286e-16   3.068341e-03   4.569127e-20   21179972
  6.063121e+00   1.518552e-16   3.066368e-03   4.552319e-20   21240488
  6.073747e+00   1.512711e-16   3.068419e-03   4.542131e-20   21331418
  6.084375e+00   1.505627e-16   3.067338e-03   4.533395e-20   21397304
  6.095000e+00   1.497505e-16   3.067405e-03   4.514103e-20   21469764
  6.105627e+00   1.490604e-16   3.068819e-03   4.505046e-20   21556122
  6.116254e+00   1.483429e-16   3.066479e-03   4.491319e-20   21618312
  6.126884e+00   1.475368e-16   3.069809e-03   4.473016e-20   21716096
  6.137516e+00   1.469410e-16   3.068719e-03   4.462971e-20   21781352
  6.148144e+00   1.463826e-16   3.067428e-03   4.460322e-20   21848870
  6.158771e+00   1.456775e-16   3.067652e-03   4.448444e-20   21927536
  6.169400e+00   1.450053e-16   3.068795e-03   4.431310e-20   22008944
  6.180028e+00   1.443758e-16   3.067865e-03   4.423200e-20   22076136
  6.190652e+00   1.438821e-16   3.066547e-03   4.417063e-20   22145270
  6.201282e+00   1.432220e-16   3.070373e-03   4.411641e-20   22250960
  6.211913e+00   1.426410e-16   3.066914e-03   4.401187e-20   22300864
  6.222538e+00   1.420877e-16   3.067186e-03   4.393338e-20   22378586
  6.233165e+00   1.416611e-16   3.068261e-03   4.392390e-20   22464104
  6.243795e+00   1.410941e-16   3.068708e-03   4.381300e-20   22542892
  6.254421e+00   1.405151e-16   3.067123e-03   4.376833e-20   22606008
  6.265047e+00   1.398902e-16   3.067919e-03   4.367521e-20   22690002
  6.275673e+00   1.396046e-16   3.066936e-03   4.375414e-20   22762216
  6.286298e+00   1.384137e-16   3.068880e-03   4.332952e-20   22815779
  6.296927e+00   1.363929e-16   3.067733e-03   4.260613e-20   22772312
  6.307555e+00   1.343470e-16   3.067923e-03   4.181737e-20   22733708
  6.318183e+00   1.321780e-16   3.068441e-03   4.099684e-20   22697672
  6.328811e+00   1.302757e-16   3.067507e-03   4.032941e-20   22651460
  6.339438e+00   1.282480e-16   3.068199e-03   3.957736e-20   22616024
  6.350068e+00   1.263049e-16   3.069309e-03   3.884944e-20   22583496
  6.360694e+00   1.243939e-16   3.065960e-03   3.815130e-20   22519252
  6.371317e+00   1.225578e-16   3.067197e-03   3.747747e-20   22488992
  6.381944e+00   1.207919e-16   3.067780e-03   3.691993e-20   22453172
  6.392574e+00   1.189246e-16   3.069105e-03   3.619771e-20   22420584
  6.403204e+00   1.172910e-16   3.068296e-03   3.566398e-20   22371700
  6.413832e+00   1.155318e-16   3.068296e-03   3.500736e-20   22329896
  6.424460e+00   1.138432e-16   3.067512e-03   3.444732e-20   22282876
  6.435088e+00   1.122788e-16   3.068899e-03   3.388051e-20   22250692
  6.445715e+00   1.106776e-16   3.066872e-03   3.339731e-20   22194436
  6.456340e+00   1.091060e-16   3.066996e-03   3.281535e-20   22153540
  6.466968e+00   1.076027e-16   3.068722e-03   3.229276e-20   22122584
  6.477597e+00   1.061769e-16   3.067957e-03   3.182400e-20   22073004
  6.488227e+00   1.046426e-16   3.069406e-03   3.129278e-20   22039640
  6.498854e+00   1.031061e-16   3.066107e-03   3.080917e-20   21971624
  6.509482e+00   1.017414e-16   3.070097e-03   3.035611e-20   21955708
  6.520106e+00   1.002777e-16   3.063845e-03   2.988562e-20   21867720
  6.530733e+00   9.893173e-17   3.071600e-03   2.943729e-20   21878900
  6.541363e+00   9.762475e-17   3.065935e-03   2.900473e-20   21794260
  6.551990e+00   9.627068e-17   3.068881e-03   2.858313e-20   21770256
  6.562619e+00   9.502412e-17   3.068010e-03   2.818466e-20   21718124
  6.573247e+00   9.368531e-17   3.067905e-03   2.773630e-20   21671096
  6.583874e+00   9.255126e-17   3.067932e-03   2.738086e-20   21625412
  6.594503e+00   9.127943e-17   3.069070e-03   2.697604e-20   21587284
  6.605129e+00   9.003318e-17   3.066010e-03   2.656832e-20   21519648
  6.615755e+00   8.887185e-17   3.068792e-03   2.620208e-20   21493344
  6.626384e+00   8.774848e-17   3.067812e-03   2.585823e-20   21439360
  6.637013e+00   8.661577e-17   3.068679e-03   2.551573e-20   21398900
  6.647644e+00   8.539436e-17   3.068668e-03   2.513417e-20   21351488
  6.658271e+00   8.433246e-17   3.066526e-03   2.481850e-20   21288012
  6.668898e+00   8.325805e-17   3.068796e-03   2.448219e-20   21255052
  6.679525e+00   8.225508e-17   3.067400e-03   2.417402e-20   21196928
  6.690151e+00   8.120015e-17   3.067431e-03   2.383280e-20   21149036
  6.700778e+00   8.012038e-17   3.068015e-03   2.352140e-20   21105304
  6.711407e+00   7.911983e-17   3.068524e-03   2.322550e-20   21059992
  6.722038e+00   7.812278e-17   3.069263e-03   2.291205e-20   21014904
  6.732667e+00   7.715013e-17   3.067536e-03   2.261445e-20   20953620
  6.743293e+00   7.617005e-17   3.067478e-03   2.233454e-20   20902948
  6.753920e+00   7.525926e-17   3.068064e-03   2.206713e-20   20856528
  6.764548e+00   7.428270e-17   3.068448e-03   2.177647e-20   20808868
  6.775174e+00   7.342318e-17   3.066599e-03   2.152590e-20   20746700
  6.785798e+00   7.249992e-17   3.066925e-03   2.122734e-20   20699040
  6.796428e+00   7.160203e-17   3.069860e-03   2.097939e-20   20667584
  6.807054e+00   7.067823e-17   3.064988e-03   2.072582e-20   20583320
  6.817679e+00   6.984156e-17   3.069606e-03   2.045823e-20   20562728
  6.828310e+00   6.899845e-17   3.067915e-03   2.021881e-20   20499120
  6.838938e+00   6.818660e-17   3.068337e-03   1.999935e-20   20448668
  6.849566e+00   6.733220e-17   3.068077e-03   1.974076e-20   20394408
  6.860195e+00   6.653981e-17   3.068320e-03   1.951410e-20   20344236
  6.870823e+00   6.576560e-17   3.067630e-03   1.928925e-20   20287988
  6.881451e+00   6.502216e-17   3.068044e-03   1.907702e-20   20237280
  6.892077e+00   6.417516e-17   3.067320e-03   1.883960e-20   20178328
  6.902707e+00   6.339568e-17   3.069652e-03   1.860645e-20   20139844
  6.913336e+00   6.266127e-17   3.067174e-03   1.841138e-20   20069748
  6.923962e+00   6.199240e-17   3.067514e-03   1.822826e-20   20016800
  6.934587e+00   6.122719e-17   3.067642e-03   1.799702e-20   19962224
  6.945217e+00   6.049424e-17   3.069885e-03   1.779088e-20   19923568
  6.955848e+00   5.979204e-17   3.067490e-03   1.759862e-20   19854300
  6.966474e+00   5.912821e-17   3.067154e-03   1.741553e-20   19797056
  6.977101e+00   5.845585e-17   3.067706e-03   1.722242e-20   19744940
  6.987728e+00   5.774311e-17   3.068174e-03   1.702758e-20   19691768
  6.998356e+00   5.713727e-17   3.067321e-03   1.686479e-20   19629548
  7.008982e+00   5.644667e-17   3.067740e-03   1.667845e-20   19575480
  7.019610e+00   5.580437e-17   3.068413e-03   1.650230e-20   19523296
  7.030241e+00   5.517866e-17   3.069533e-03   1.632069e-20   19474344
  7.040867e+00   5.455667e-17   3.065611e-03   1.616771e-20   19392868
  7.051493e+00   5.394677e-17   3.069073e-03   1.599823e-20   19356176
  7.062123e+00   5.334853e-17   3.068592e-03   1.583696e-20   19294916
  7.072754e+00   5.274126e-17   3.069110e-03   1.565916e-20   19240856
  7.083382e+00   5.218312e-17   3.067066e-03   1.552048e-20   19170884
  7.094007e+00   5.155357e-17   3.066966e-03   1.535204e-20   19111352
  7.104633e+00   5.099045e-17   3.068278e-03   1.518901e-20   19060016
  7.115261e+00   5.045181e-17   3.067998e-03   1.505692e-20   18999752
  7.125886e+00   4.992420e-17   3.066210e-03   1.492012e-20   18930272
  7.136511e+00   4.937889e-17   3.068009e-03   1.475919e-20   18882340
  7.147141e+00   4.883075e-17   3.069133e-03   1.462080e-20   18829056
  7.157770e+00   4.828657e-17   3.067293e-03   1.448123e-20   18757640
  7.168398e+00   4.776889e-17   3.069197e-03   1.433383e-20   18709036
  7.179027e+00   4.724009e-17   3.067378e-03   1.419792e-20   18637668
  7.189656e+00   4.674871e-17   3.069146e-03   1.406650e-20   18587048
  7.200283e+00   4.625658e-17   3.066626e-03   1.393883e-20   18510972
  7.210909e+00   4.574776e-17   3.067730e-03   1.379936e-20   18456692
  7.221535e+00   4.525721e-17   3.067567e-03   1.367498e-20   18394084
  7.232164e+00   4.476860e-17   3.069110e-03   1.354683e-20   18341352
  7.242794e+00   4.428184e-17   3.068234e-03   1.341457e-20   18273884
  7.253423e+00   4.383450e-17   3.068036e-03   1.330706e-20   18211148
  7.264048e+00   4.335983e-17   3.066171e-03   1.318348e-20   18137692
  7.274674e+00   4.290127e-17   3.069088e-03   1.306747e-20   18091580
  7.285305e+00   4.242675e-17   3.068515e-03   1.294768e-20   18024560
  7.295932e+00   4.202350e-17   3.067362e-03   1.283909e-20   17955116
  7.306559e+00   4.159283e-17   3.067637e-03   1.272834e-20   17893232
  7.317187e+00   4.113903e-17   3.068343e-03   1.259526e-20   17832620
  7.327816e+00   4.069310e-17   3.068327e-03   1.250079e-20   17767864
  7.338445e+00   4.031497e-17   3.068809e-03   1.240695e-20   17706956
  7.349073e+00   3.988652e-17   3.066947e-03   1.229685e-20   17632632
  7.359699e+00   3.948016e-17   3.068061e-03   1.218995e-20   17573524
  7.370327e+00   3.907650e-17   3.067901e-03   1.209870e-20   17506380
  7.380954e+00   3.869423e-17   3.068207e-03   1.200503e-20   17442548
  7.391580e+00   3.830768e-17   3.066528e-03   1.189797e-20   17368556
  7.402208e+00   3.790547e-17   3.069314e-03   1.179191e-20   17318260
  7.412837e+00   3.755686e-17   3.067939e-03   1.172436e-20   17243792
  7.423463e+00   3.715941e-17   3.066549e-03   1.161794e-20   17169716
  7.434088e+00   3.680899e-17   3.067759e-03   1.153435e-20   17109768
  7.444715e+00   3.642420e-17   3.068012e-03   1.144054e-20   17044064
  7.455345e+00   3.607760e-17   3.068894e-03   1.134747e-20   16981560
  7.465972e+00   3.571005e-17   3.066680e-03   1.126211e-20   16902264
  7.476600e+00   3.536894e-17   3.069499e-03   1.116682e-20   16849940
  7.487230e+00   3.501321e-17   3.067461e-03   1.108978e-20   16770600
  7.497858e+00   3.465822e-17   3.068497e-03   1.100432e-20   16707512
  7.508485e+00   3.430711e-17   3.067634e-03   1.091840e-20   16634480
  7.519114e+00   3.400951e-17   3.068242e-03   1.085266e-20   16569424
  7.529741e+00   3.368705e-17   3.067751e-03   1.077196e-20   16497216
  7.540372e+00   3.335397e-17   3.069501e-03   1.068732e-20   16436416
  7.550999e+00   3.302974e-17   3.067032e-03   1.061541e-20   16353532
  7.561624e+00   3.271882e-17   3.067126e-03   1.053040e-20   16284908
  7.572251e+00   3.241778e-17   3.068426e-03   1.046529e-20   16221948
  7.582881e+00   3.207437e-17   3.068614e-03   1.038441e-20   16152552
  7.593510e+00   3.179048e-17   3.068122e-03   1.031834e-20   16078864
  7.604137e+00   3.146201e-17   3.067536e-03   1.023222e-20   16005296
  7.614766e+00   3.120146e-17   3.068300e-03   1.018333e-20   15938220
  7.625392e+00   3.091473e-17   3.066841e-03   1.011897e-20   15858440
  7.636016e+00   3.061012e-17   3.067373e-03   1.004463e-20   15789252
  7.646642e+00   3.033031e-17   3.067548e-03   9.982209e-21   15718944
  7.657269e+00   3.004339e-17   3.067947e-03   9.909455e-21   15648652
  7.667899e+00   2.980484e-17   3.069201e-03   9.866610e-21   15581944
  7.678531e+00   2.951513e-17   3.069010e-03   9.802509e-21   15508744
  7.689158e+00   2.924449e-17   3.066436e-03   9.736829e-21   15422472
  7.699784e+00   2.896882e-17   3.068878e-03   9.674739e-21   15361536
  7.710413e+00   2.871382e-17   3.067494e-03   9.614822e-21   15281048
  7.721038e+00   2.845084e-17   3.067557e-03   9.555254e-21   15207752
  7.731666e+00   2.820271e-17   3.067687e-03   9.507414e-21   15134800
  7.742292e+00   2.794486e-17   3.067594e-03   9.446634e-21   15059664
  7.752920e+00   2.768315e-17   3.068106e-03   9.382717e-21   14987020
  7.763550e+00   2.745772e-17   3.069757e-03   9.338459e-21   14919936
  7.774179e+00   2.721911e-17   3.066979e-03   9.283962e-21   14831776
  7.784807e+00   2.696469e-17   3.069197e-03   9.232632e-21   14767552
  7.795435e+00   2.669855e-17   3.066309e-03   9.173101e-21   14678336
  7.806062e+00   2.650787e-17   3.069079e-03   9.145157e-21   14615044
  7.816690e+00   2.623376e-17   3.067275e-03   9.079304e-21   14530200
  7.827317e+00   2.600179e-17   3.067927e-03   9.028528e-21   14457000
  7.837945e+00   2.579771e-17   3.068558e-03   8.988161e-21   14383440
  7.848573e+00   2.557012e-17   3.067003e-03   8.945524e-21   14299516
  7.859199e+00   2.536774e-17   3.067899e-03   8.896748e-21   14226024
  7.869825e+00   2.513802e-17   3.067223e-03   8.852612e-21   14145048
  7.880455e+00   2.492481e-17   3.070446e-03   8.805138e-21   14082144
  7.891083e+00   2.472269e-17   3.065393e-03   8.771099e-21   13981640
  7.901708e+00   2.449586e-17   3.068688e-03   8.720555e-21   13918460
  7.912338e+00   2.427963e-17   3.068702e-03   8.679947e-21   13839752
  7.922969e+00   2.410829e-17   3.069182e-03   8.645103e-21   13762736
  7.933598e+00   2.390503e-17   3.067868e-03   8.610652e-21   13677980
  7.944225e+00   2.371071e-17   3.067250e-03   8.581936e-21   13596196
  7.954850e+00   2.350433e-17   3.067470e-03   8.537647e-21   13517736
  7.965475e+00   2.330594e-17   3.066448e-03   8.501024e-21   13433184
  7.976100e+00   2.313269e-17   3.068623e-03   8.467446e-21   13362296
  7.986730e+00   2.291436e-17   3.068494e-03   8.423848e-21   13281376
  7.997360e+00   2.272738e-17   3.069113e-03   8.379343e-21   13203336
  8.007987e+00   2.254381e-17   3.066719e-03   8.353298e-21   13113016
  8.018613e+00   2.237718e-17   3.067735e-03   8.315104e-21   13036400
  8.029240e+00   2.217997e-17   3.067468e-03   8.287326e-21   12953648
  8.039869e+00   2.199856e-17   3.069185e-03   8.253524e-21   12879016
  8.050498e+00   2.183679e-17   3.067538e-03   8.233048e-21   12790124
  8.061127e+00   2.163405e-17   3.068996e-03   8.193118e-21   12714152
  8.071753e+00   2.146171e-17   3.066076e-03   8.163803e-21   12619608
  8.082379e+00   2.128819e-17   3.068682e-03   8.136865e-21   12547232
  8.093011e+00   2.112485e-17   3.070245e-03   8.108479e-21   12470568
  8.103638e+00   2.096123e-17   3.065215e-03   8.087690e-21   12368136
  8.114264e+00   2.080822e-17   3.069116e-03   8.066333e-21   12300504
  8.124894e+00   2.063816e-17   3.068128e-03   8.038162e-21   12212172
  8.135522e+00   2.046915e-17   3.067779e-03   8.011365e-21   12126228
  8.146149e+00   2.032534e-17   3.068089e-03   7.988710e-21   12043352
  8.156778e+00   2.015697e-17   3.068301e-03   7.967457e-21   11959896
  8.167401e+00   2.002066e-17   3.065268e-03   7.954699e-21   11863804
  8.178026e+00   1.986351e-17   3.068937e-03   7.932439e-21   11792812
  8.188656e+00   1.969579e-17   3.068597e-03   7.896981e-21   11705392
  8.199283e+00   1.954545e-17   3.066984e-03   7.883647e-21   11613836
  8.209914e+00   1.940634e-17   3.070536e-03   7.864977e-21   11541532
  8.220543e+00   1.925549e-17   3.066346e-03   7.851446e-21   11440232
  8.231170e+00   1.911729e-17   3.068846e-03   7.838857e-21   11363008
  8.241796e+00   1.896507e-17   3.066631e-03   7.814818e-21   11267848
  8.252424e+00   1.882588e-17   3.069306e-03   7.797785e-21   11190640
  8.263054e+00   1.868674e-17   3.068558e-03   7.782787e-21   11101084
  8.273680e+00   1.851597e-17   3.065604e-03   7.766406e-21   11003284
  8.284304e+00   1.841704e-17   3.068360e-03   7.758078e-21   10925424
  8.294932e+00   1.826619e-17   3.067667e-03   7.743676e-21   10834724
  8.305560e+00   1.811144e-17   3.068711e-03   7.722711e-21   10750156
  8.316186e+00   1.797278e-17   3.066587e-03   7.708507e-21   10655280
  8.326811e+00   1.788161e-17   3.067310e-03   7.705891e-21   10569120
  8.337437e+00   1.772577e-17   3.067168e-03   7.680754e-21   10479672
  8.348070e+00   1.759899e-17   3.071527e-03   7.676042e-21   10404504
  8.358704e+00   1.744993e-17   3.068456e-03   7.659223e-21   10304108
  8.369331e+00   1.730922e-17   3.066991e-03   7.651620e-21   10209940
  8.379958e+00   1.721780e-17   3.068937e-03   7.650271e-21   10126584
  8.390585e+00   1.705935e-17   3.066106e-03   7.637896e-21   10027064
  8.401210e+00   1.694582e-17   3.068731e-03   7.630785e-21   9945072
  8.411836e+00   1.679418e-17   3.065849e-03   7.611189e-21   9844764
  8.422464e+00   1.669963e-17   3.070904e-03   7.624518e-21   9769940
  8.433095e+00   1.654768e-17   3.066721e-03   7.601828e-21   9666072
  8.443721e+00   1.644490e-17   3.067629e-03   7.605383e-21   9577112
  8.454348e+00   1.630864e-17   3.067871e-03   7.589301e-21   9485848
  8.464977e+00   1.617689e-17   3.068818e-03   7.585986e-21   9396136
  8.475607e+00   1.604229e-17   3.068947e-03   7.571266e-21   9304408
  8.486231e+00   1.594695e-17   3.064605e-03   7.589895e-21   9199028
  8.496854e+00   1.581844e-17   3.068671e-03   7.569317e-21   9118288
  8.507481e+00   1.569182e-17   3.066868e-03   7.565194e-21   9019624
  8.518111e+00   1.558520e-17   3.070919e-03   7.570780e-21   8937420
  8.528743e+00   1.544281e-17   3.067653e-03   7.558134e-21   8835200
  8.539369e+00   1.532858e-17   3.066847e-03   7.553789e-21   8739332
  8.549995e+00   1.520595e-17   3.067747e-03   7.552787e-21   8648112
  8.560624e+00   1.509112e-17   3.067898e-03   7.552497e-21   8553372
  8.571253e+00   1.497344e-17   3.069319e-03   7.543395e-21   8461944
  8.581883e+00   1.481252e-17   3.068067e-03   7.523663e-21   8363348
  8.592509e+00   1.471724e-17   3.067870e-03   7.536926e-21   8267792
  8.603135e+00   1.457163e-17   3.066599e-03   7.514530e-21   8169380
  8.613762e+00   1.444402e-17   3.069517e-03   7.517176e-21   8081008
  8.624389e+00   1.434396e-17   3.065774e-03   7.524749e-21   7975632
  8.635016e+00   1.424274e-17   3.069603e-03   7.520202e-21   7889116
  8.645643e+00   1.408588e-17   3.066011e-03   7.501938e-21   7784008
  8.656270e+00   1.397338e-17   3.068709e-03   7.511802e-21   7693848
  8.666897e+00   1.383353e-17   3.067011e-03   7.501045e-21   7592468
  8.677525e+00   1.370813e-17   3.068931e-03   7.484529e-21   7499076
  8.688155e+00   1.358628e-17   3.069474e-03   7.476276e-21   7402880
  8.698786e+00   1.343726e-17   3.067607e-03   7.459146e-21   7300768
  8.709411e+00   1.331904e-17   3.067652e-03   7.463465e-21   7203316
  8.720032e+00   1.316547e-17   3.063689e-03   7.430666e-21   7095724
  8.730662e+00   1.305777e-17   3.073665e-03   7.439203e-21   7019608
  8.741295e+00   1.288259e-17   3.065344e-03   7.399492e-21   6901916
  8.751922e+00   1.276479e-17   3.069704e-03   7.395373e-21   6812952
  8.762548e+00   1.260173e-17   3.065523e-03   7.369186e-21   6704548
  8.773175e+00   1.247630e-17   3.068967e-03   7.361652e-21   6612168
  8.783803e+00   1.227053e-17   3.067598e-03   7.297683e-21   6508628
  8.794433e+00   1.215681e-17   3.069277e-03   7.291226e-21   6412072
  8.805059e+00   1.197300e-17   3.066868e-03   7.238050e-21   6306660
  8.815685e+00   1.183145e-17   3.067492e-03   7.201245e-21   6207592
  8.826308e+00   1.165161e-17   3.066222e-03   7.148512e-21   6103860
  8.836934e+00   1.148004e-17   3.068576e-03   7.094853e-21   6007184
  8.847563e+00   1.132932e-17   3.068782e-03   7.062083e-21   5905660
  8.858194e+00   1.113248e-17   3.069160e-03   6.960119e-21   5805132
  8.868823e+00   1.095513e-17   3.067313e-03   6.907355e-21   5700008
  8.879446e+00   1.073722e-17   3.065734e-03   6.799395e-21   5594856
  8.890075e+00   1.055845e-17   3.070306e-03   6.704666e-21   5502341
  8.900707e+00   1.038431e-17   3.068193e-03   6.639179e-21   5404852
  8.911333e+00   1.024159e-17   3.066920e-03   6.587642e-21   5313930
  8.921960e+00   1.008168e-17   3.068151e-03   6.507341e-21   5230396
  8.932587e+00   9.954397e-18   3.067037e-03   6.473958e-21   5145158
  8.943214e+00   9.791794e-18   3.067644e-03   6.404542e-21   5064506
  8.953844e+00   9.680885e-18   3.070354e-03   6.368506e-21   4989464
  8.964475e+00   9.545001e-18   3.067471e-03   6.312210e-21   4907486
  8.975102e+00   9.443017e-18   3.067454e-03   6.283872e-21   4831952
  8.985729e+00   9.300892e-18   3.067333e-03   6.226077e-21   4757392
  8.996357e+00   9.209863e-18   3.068563e-03   6.207253e-21   4685902
  9.006985e+00   9.083834e-18   3.067839e-03   6.156821e-21   4612826
  9.017611e+00   8.981084e-18   3.067647e-03   6.120896e-21   4542436
  9.028240e+00   8.865066e-18   3.068771e-03   6.087215e-21   4475408
  9.038866e+00   8.764971e-18   3.065432e-03   6.057724e-21   4402686
  9.049492e+00   8.688328e-18   3.069222e-03   6.040947e-21   4340854
  9.060123e+00   8.560449e-18   3.068666e-03   5.984874e-21   4273862
  9.070751e+00   8.483640e-18   3.068093e-03   5.976512e-21   4208538
  9.081377e+00   8.371217e-18   3.066329e-03   5.935588e-21   4142584
  9.092002e+00   8.269355e-18   3.067445e-03   5.904946e-21   4081232
  9.102629e+00   8.201096e-18   3.068061e-03   5.894376e-21   4019668
  9.113260e+00   8.099437e-18   3.070507e-03   5.869764e-21   3961416
  9.123892e+00   8.016565e-18   3.068468e-03   5.850423e-21   3898848
  9.134518e+00   7.935999e-18   3.065914e-03   5.827923e-21   3836718
  9.145140e+00   7.850704e-18   3.066518e-03   5.806697e-21   3779272
  9.155765e+00   7.773520e-18   3.066689e-03   5.792478e-21   3721434
  9.166394e+00   7.703629e-18   3.070316e-03   5.774206e-21   3668198
  9.177028e+00   7.618598e-18   3.069776e-03   5.760831e-21   3611346
  9.187656e+00   7.523007e-18   3.066455e-03   5.725615e-21   3552442
  9.198281e+00   7.464728e-18   3.067337e-03   5.724347e-21   3498908
  9.208908e+00   7.384533e-18   3.067980e-03   5.708880e-21   3445382
  9.219536e+00   7.309342e-18   3.068389e-03   5.692790e-21   3392244
  9.230165e+00   7.237157e-18   3.068360e-03   5.668415e-21   3339634
  9.240792e+00   7.153923e-18   3.067248e-03   5.648402e-21   3286752
  9.251416e+00   7.102778e-18   3.065818e-03   5.645352e-21   3234180
  9.262040e+00   7.030382e-18   3.067094e-03   5.639863e-21   3184556
  9.272670e+00   6.946783e-18   3.070362e-03   5.622843e-21   3137238
  9.283304e+00   6.914247e-18   3.070377e-03   5.629536e-21   3087670
  9.293936e+00   6.844348e-18   3.068566e-03   5.615790e-21   3037460
  9.304560e+00   6.767388e-18   3.064548e-03   5.591582e-21   2985736
  9.315180e+00   6.706128e-18   3.066413e-03   5.601218e-21   2939708
  9.325811e+00   6.664977e-18   3.071553e-03   5.597170e-21   2897012
  9.336443e+00   6.608425e-18   3.067620e-03   5.596384e-21   2846890
  9.347067e+00   6.546161e-18   3.065693e-03   5.601300e-21   2799588
  9.357689e+00   6.481629e-18   3.066395e-03   5.583357e-21   2754954
  9.368315e+00   6.417943e-18   3.068270e-03   5.575443e-21   2711500
  9.378948e+00   6.374023e-18   3.070601e-03   5.583825e-21   2669006
  9.389576e+00   6.310924e-18   3.065837e-03   5.575768e-21   2621264
  9.400202e+00   6.270124e-18   3.068913e-03   5.576475e-21   2580726
  9.410830e+00   6.206915e-18   3.067141e-03   5.569302e-21   2536470
  9.421456e+00   6.168179e-18   3.067445e-03   5.583009e-21   2494370
  9.432084e+00   6.099662e-18   3.068834e-03   5.569358e-21   2453556
  9.442716e+00   6.065422e-18   3.070117e-03   5.588251e-21   2413246
  9.453347e+00   6.011234e-18   3.067994e-03   5.578788e-21   2370914
  9.463973e+00   5.955720e-18   3.067217e-03   5.586638e-21   2330126
  9.474601e+00   5.928628e-18   3.068570e-03   5.597729e-21   2291406
  9.485227e+00   5.859635e-18   3.066158e-03   5.599552e-21   2250410
  9.495850e+00   5.822572e-18   3.066006e-03   5.598917e-21   2211486
  9.506474e+00   5.771916e-18   3.067734e-03   5.599120e-21   2174194
  9.517102e+00   5.734109e-18   3.068176e-03   5.619839e-21   2136416
  9.527733e+00   5.675957e-18   3.069929e-03   5.618405e-21   2100070
  9.538360e+00   5.644302e-18   3.065560e-03   5.620794e-21   2060026
  9.548986e+00   5.616331e-18   3.069362e-03   5.632317e-21   2025910
  9.559615e+00   5.572402e-18   3.067530e-03   5.658477e-21   1988576
  9.570241e+00   5.518453e-18   3.067060e-03   5.655922e-21   1952610
  9.580867e+00   5.487270e-18   3.067361e-03   5.677046e-21   1917470
  9.591493e+00   5.441346e-18   3.067399e-03   5.685040e-21   1882484
  9.602120e+00   5.399011e-18   3.068076e-03   5.687924e-21   1848262
  9.612753e+00   5.362468e-18   3.071327e-03   5.719280e-21   1816024
  9.623386e+00   5.328444e-18   3.068076e-03   5.741104e-21   1780418
  9.634012e+00   5.287233e-18   3.067038e-03   5.729341e-21   1746576
  9.644639e+00   5.251575e-18   3.068628e-03   5.753696e-21   1714622
  9.655268e+00   5.190248e-18   3.067669e-03   5.766687e-21   1681692
  9.665895e+00   5.188279e-18   3.067468e-03   5.810917e-21   1649574
  9.676515e+00   5.137578e-18   3.063511e-03   5.809166e-21   1615788
  9.687137e+00   5.111100e-18   3.068656e-03   5.828512e-21   1587064
  9.697769e+00   5.082859e-18   3.069826e-03   5.862654e-21   1556598
  9.708400e+00   5.037216e-18   3.068471e-03   5.877791e-21   1525380
  9.719030e+00   5.014732e-18   3.068670e-03   5.911046e-21   1495360
  9.729656e+00   4.983655e-18   3.066126e-03   5.917220e-21   1464370
  9.740281e+00   4.947439e-18   3.067601e-03   5.958959e-21   1435656
  9.750907e+00   4.915872e-18   3.067002e-03   5.976431e-21   1406304
  9.761532e+00   4.900218e-18   3.067147e-03   6.018698e-21   1377628
  9.772159e+00   4.863390e-18   3.068370e-03   6.035072e-21   1349744
  9.782788e+00   4.845007e-18   3.068343e-03   6.081195e-21   1321682
  9.793418e+00   4.795573e-18   3.069098e-03   6.104278e-21   1294376
  9.804048e+00   4.794363e-18   3.068140e-03   6.140297e-21   1266768
  9.814673e+00   4.758744e-18   3.066275e-03   6.169459e-21   1239172
  9.825295e+00   4.727486e-18   3.065238e-03   6.218979e-21   1212224
  9.835918e+00   4.692306e-18   3.067386e-03   6.234801e-21   1186796
  9.846547e+00   4.676869e-18   3.069034e-03   6.292570e-21   1161432
  9.857176e+00   4.642881e-18   3.067927e-03   6.309836e-21   1135408
  9.867804e+00   4.605248e-18   3.068239e-03   6.354297e-21   1110324
  9.878434e+00   4.593261e-18   3.068926e-03   6.390017e-21   1085680
  9.889062e+00   4.560029e-18   3.066842e-03   6.441193e-21   1060364
  9.899688e+00   4.551450e-18   3.068767e-03   6.486437e-21   1036736
  9.910321e+00   4.514362e-18   3.070562e-03   6.517231e-21   1013388
  9.920951e+00   4.489942e-18   3.066769e-03   6.570230e-21   988656
  9.931575e+00   4.484719e-18   3.066738e-03   6.644642e-21   965530
  9.942197e+00   4.451441e-18   3.064855e-03   6.676075e-21   942100
  9.952819e+00   4.453031e-18   3.066142e-03   6.747452e-21   919888
  9.963442e+00   4.408867e-18   3.066491e-03   6.782377e-21   897628
  9.974067e+00   4.415320e-18   3.067504e-03   6.851171e-21   875856
  9.984696e+00   4.387192e-18   3.069599e-03   6.915097e-21   854736
  9.995330e+00   4.365925e-18   3.070044e-03   6.995954e-21   833510
  1.000596e+01   4.321476e-18   3.068120e-03   7.005233e-21   811976
  1.001659e+01   4.314308e-18   3.066566e-03   7.071549e-21   790844
  1.002721e+01   4.302056e-18   3.066302e-03   7.173388e-21   770320
  1.003784e+01   4.289645e-18   3.069162e-03   7.235827e-21   750838
  1.004847e+01   4.264091e-18   3.068729e-03   7.291000e-21   730864
  1.005909e+01   4.258811e-18   3.067039e-03   7.359948e-21   710984
  1.006972e+01   4.231699e-18   3.067274e-03   7.458410e-21   691894
  1.008035e+01   4.228146e-18   3.066106e-03   7.531651e-21   672776
  1.009097e+01   4.197923e-18   3.067065e-03   7.599161e-21   654372
  1.010160e+01   4.172103e-18   3.065537e-03   7.695209e-21   635682
  1.011222e+01   4.177774e-18   3.064886e-03   7.825359e-21   617460
  1.012284e+01   4.137873e-18   3.066767e-03   7.854063e-21   600024
  1.013346e+01   4.156486e-18   3.068404e-03   7.972211e-21   582830
  1.014410e+01   4.124108e-18   3.070337e-03   8.060203e-21   566000
  1.015473e+01   4.099765e-18   3.066543e-03   8.136132e-21   548458
  1.016535e+01   4.098632e-18   3.067619e-03   8.272792e-21   532084
  1.017598e+01   4.112349e-18   3.065740e-03   8.410196e-21   515440
  1.018660e+01   4.078070e-18   3.064533e-03   8.510272e-21   499174
  1.019722e+01   4.069875e-18   3.064552e-03   8.649226e-21   483368
  1.020784e+01   4.044742e-18   3.067558e-03   8.745964e-21   468270
  1.021847e+01   4.020362e-18   3.071740e-03   8.829419e-21   453568
  1.022911e+01   4.013499e-18   3.068522e-03   9.003526e-21   438106
  1.023974e+01   4.009861e-18   3.068674e-03   9.121274e-21   423508
  1.025036e+01   4.007387e-18   3.065352e-03   9.276172e-21   408754
  1.026098e+01   4.004832e-18   3.064549e-03   9.417200e-21   394612
  1.027160e+01   4.005234e-18   3.064825e-03   9.568837e-21   380826
  1.028223e+01   3.959063e-18   3.063635e-03   9.725495e-21   367086
  1.029285e+01   3.989646e-18   3.065226e-03   9.937587e-21   353904
  1.030347e+01   3.983267e-18   3.067842e-03   1.008179e-20   341046
  1.031410e+01   3.957367e-18   3.067827e-03   1.021142e-20   328144
  1.032473e+01   3.936312e-18   3.068491e-03   1.043880e-20   315598
  1.033536e+01   3.963538e-18   3.070442e-03   1.065755e-20   303466
  1.034599e+01   3.926040e-18   3.070558e-03   1.086060e-20   291456
  1.035662e+01   3.944573e-18   3.069010e-03   1.106757e-20   279614
  1.036725e+01   3.943620e-18   3.062765e-03   1.131477e-20   267680
  1.037786e+01   3.883293e-18   3.061142e-03   1.146393e-20   256438
  1.038848e+01   3.897616e-18   3.062004e-03   1.169903e-20   245618
  1.039909e+01   3.907412e-18   3.058865e-03   1.199482e-20   234708
  1.040970e+01   3.906284e-18   3.057929e-03   1.230316e-20   224210
  1.042032e+01   3.883403e-18   3.058509e-03   1.257930e-20   214046
  1.043093e+01   3.875451e-18   3.059874e-03   1.292263e-20   204152
  1.044155e+01   3.895998e-18   3.062766e-03   1.323224e-20   194558
  1.045217e+01   3.880445e-18   3.062838e-03   1.344978e-20   185018
  1.046279e+01   3.919314e-18   3.066092e-03   1.393270e-20   175918
  1.047341e+01   3.907936e-18   3.068348e-03   1.428313e-20   166992
  1.048404e+01   3.869798e-18   3.070094e-03   1.450064e-20   158294
  1.049468e+01   3.856510e-18   3.071097e-03   1.489673e-20   149842
  1.050531e+01   3.879195e-18   3.068653e-03   1.542524e-20   141530
  1.051593e+01   3.815096e-18   3.060509e-03   1.566888e-20   133284
  1.052654e+01   3.878686e-18   3.057354e-03   1.638591e-20   125546
  1.053715e+01   3.876832e-18   3.051144e-03   1.682955e-20   117950
  1.054776e+01   3.866846e-18   3.048602e-03   1.749410e-20   110746
  1.055836e+01   3.864099e-18   3.039799e-03   1.790609e-20   103572
  1.056895e+01   3.834072e-18   3.036073e-03   1.852328e-20   96818
  1.057954e+01   3.907155e-18   3.031333e-03   1.952464e-20   90262
  1.059013e+01   3.904855e-18   3.027317e-03   2.007952e-20   83970
  1.060072e+01   3.892831e-18   3.019853e-03   2.080323e-20   77846
  1.061129e+01   3.888891e-18   3.012052e-03   2.148975e-20   71984
  1.062186e+01   3.924888e-18   3.005730e-03   2.287948e-20   66398
  1.063243e+01   3.873452e-18   3.000369e-03   2.347573e-20   61058
  1.064300e+01   3.917458e-18   2.995714e-03   2.481178e-20   55958
  1.065357e+01   3.874350e-18   2.990697e-03   2.573396e-20   51082
  1.066413e+01   3.916526e-18   2.981767e-03   2.749669e-20   46398
  1.067469e+01   3.886591e-18   2.970930e-03   2.859775e-20   41954
  1.068524e+01   3.868972e-18   2.955045e-03   2.994717e-20   37718
  1.069578e+01   3.885747e-18   2.938133e-03   3.174855e-20   33736
  1.070631e+01   3.960290e-18   2.922830e-03   3.377644e-20   30006
  1.071684e+01   3.943074e-18   2.912268e-03   3.614005e-20   26522
  1.072739e+01   3.998887e-18   2.905476e-03   3.966317e-20   23254
  1.073793e+01   3.890560e-18   2.895825e-03   4.076788e-20   20178
  1.074848e+01   3.910026e-18   2.890787e-03   4.482657e-20   17342
  1.075903e+01   3.927155e-18   2.886580e-03   4.896619e-20   14714
  1.076959e+01   3.965315e-18   2.887906e-03   5.379501e-20   12310
  1.078015e+01   3.926794e-18   2.880436e-03   5.977150e-20   10098
  1.079071e+01   3.963637e-18   2.879327e-03   6.569001e-20   8126
  1.080127e+01   4.008485e-18   2.877797e-03   7.510087e-20   6362
  1.081184e+01   4.067646e-18   2.888638e-03   8.595720e-20   4822
  1.082239e+01   3.942830e-18   2.872451e-03   9.993106e-20   3474
  1.083292e+01   3.864094e-18   2.869225e-03   1.121718e-19   2366
  1.084344e+01   4.268904e-18   2.860034e-03   1.639800e-19   1466
  1.085397e+01   3.788747e-18   2.925135e-03   2.035954e-19   790
  1.086426e+01   4.414255e-18   2.767211e-03   3.630972e-19   306
  1.087389e+01   5.362853e-18   2.357714e-03   7.086435e-19   62
