# cross spectrum of phi(z1) and phi(z2)
# redshift z=0.298315
# k              Pk             sigma(k)       sigma(Pk)      count
  7.830312e-03   2.330040e-10   1.198114e-03   5.245956e-11   18
  1.686348e-02   2.757045e-10   2.897918e-03   2.633511e-11   152
  2.725284e-02   1.646335e-10   3.060867e-03   7.702425e-12   416
  3.742835e-02   8.999564e-11   2.912555e-03   3.377360e-12   770
  4.808679e-02   5.622628e-11   3.119650e-03   1.653811e-12   1364
  5.876109e-02   3.688361e-11   3.054550e-03   8.425615e-13   1976
  6.939824e-02   2.792513e-11   3.112555e-03   5.338744e-13   2792
  7.984642e-02   2.031640e-11   2.971805e-03   3.471360e-13   3578
  9.038229e-02   1.449169e-11   3.049521e-03   2.160545e-13   4724
  1.011318e-01   1.070731e-11   3.134595e-03   1.435917e-13   6032
  1.117485e-01   8.277252e-12   3.016599e-03   1.039714e-13   7072
  1.222702e-01   6.950749e-12   3.056387e-03   7.834225e-14   8634
  1.329722e-01   5.821789e-12   3.095256e-03   6.036479e-14   10336
  1.436677e-01   4.693952e-12   3.082009e-03   4.410983e-14   11940
  1.541872e-01   3.751462e-12   3.021465e-03   3.465307e-14   13490
  1.647185e-01   3.112702e-12   3.054444e-03   2.603329e-14   15656
  1.754149e-01   2.593542e-12   3.102608e-03   2.055803e-14   18008
  1.860920e-01   2.253787e-12   3.069464e-03   1.714153e-14   19964
  1.966957e-01   1.943607e-12   3.066093e-03   1.421617e-14   22354
  2.072851e-01   1.632449e-12   3.030819e-03   1.143617e-14   24648
  2.179134e-01   1.392969e-12   3.083109e-03   9.224820e-15   27592
  2.285517e-01   1.211009e-12   3.075318e-03   7.905792e-15   30152
  2.391687e-01   1.053886e-12   3.069056e-03   6.674684e-15   33046
  2.497808e-01   9.397926e-13   3.053846e-03   5.735094e-15   35992
  2.604233e-01   8.323638e-13   3.074764e-03   4.961077e-15   39304
  2.710722e-01   7.373222e-13   3.082145e-03   4.226706e-15   42608
  2.817050e-01   6.462098e-13   3.058267e-03   3.650359e-15   45758
  2.923349e-01   5.631346e-13   3.072286e-03   3.151955e-15   49536
  3.029238e-01   5.042015e-13   3.039208e-03   2.750156e-15   52488
  3.135134e-01   4.564573e-13   3.084628e-03   2.442142e-15   57034
  3.241511e-01   3.967210e-13   3.061146e-03   2.099173e-15   60648
  3.347969e-01   3.624300e-13   3.076329e-03   1.891049e-15   65044
  3.454223e-01   3.258007e-13   3.057760e-03   1.679274e-15   68720
  3.560505e-01   2.889409e-13   3.078281e-03   1.485735e-15   73538
  3.667175e-01   2.610666e-13   3.076939e-03   1.335337e-15   78080
  3.773260e-01   2.377575e-13   3.039859e-03   1.214483e-15   81572
  3.879192e-01   2.132856e-13   3.081238e-03   1.086943e-15   87248
  3.985882e-01   1.905739e-13   3.084591e-03   9.710950e-16   92266
  4.092322e-01   1.743914e-13   3.063169e-03   8.899648e-16   96696
  4.198039e-01   1.556319e-13   3.037602e-03   8.057662e-16   100904
  4.303789e-01   1.425948e-13   3.065517e-03   7.320756e-16   107036
  4.410480e-01   1.301094e-13   3.089487e-03   6.622409e-16   113362
  4.517307e-01   1.172827e-13   3.072092e-03   6.047713e-16   118176
  4.623378e-01   1.062094e-13   3.054661e-03   5.638438e-16   122944
  4.729644e-01   9.689214e-14   3.083007e-03   5.164533e-16   129902
  4.836049e-01   8.705342e-14   3.061727e-03   4.712164e-16   134944
  4.942158e-01   8.069236e-14   3.064979e-03   4.389705e-16   140952
  5.048213e-01   7.192013e-14   3.064662e-03   4.046486e-16   147072
  5.154342e-01   6.559096e-14   3.060800e-03   3.733967e-16   153382
  5.260893e-01   5.950466e-14   3.082622e-03   3.450224e-16   160952
  5.367508e-01   5.421692e-14   3.070294e-03   3.214590e-16   166640
  5.473579e-01   5.079721e-14   3.057153e-03   3.014554e-16   172448
  5.579787e-01   4.548290e-14   3.077577e-03   2.804829e-16   180594
  5.686178e-01   4.170302e-14   3.060710e-03   2.620398e-16   186556
  5.792219e-01   3.812827e-14   3.063394e-03   2.438843e-16   193528
  5.898242e-01   3.426236e-14   3.060684e-03   2.291489e-16   200626
  6.004609e-01   3.162592e-14   3.076604e-03   2.132295e-16   209256
  6.111150e-01   2.877780e-14   3.069663e-03   2.015279e-16   216020
  6.217510e-01   2.639831e-14   3.075746e-03   1.900067e-16   223768
  6.323610e-01   2.378373e-14   3.055783e-03   1.794643e-16   230234
  6.429887e-01   2.187196e-14   3.074922e-03   1.680934e-16   239800
  6.536248e-01   2.016087e-14   3.063054e-03   1.591711e-16   246568
  6.642393e-01   1.868292e-14   3.068328e-03   1.517924e-16   254828
  6.748534e-01   1.682578e-14   3.064424e-03   1.421186e-16   263074
  6.854951e-01   1.509260e-14   3.071509e-03   1.344769e-16   272312
  6.961385e-01   1.415539e-14   3.070197e-03   1.280080e-16   280376
  7.067732e-01   1.285541e-14   3.071500e-03   1.215080e-16   288884
  7.174012e-01   1.143995e-14   3.068501e-03   1.147354e-16   297602
  7.280177e-01   1.091663e-14   3.057614e-03   1.098714e-16   305520
  7.386402e-01   9.988642e-15   3.075198e-03   1.038444e-16   315976
  7.492461e-01   8.730292e-15   3.052723e-03   9.979236e-17   322778
  7.598720e-01   8.229806e-15   3.080021e-03   9.467757e-17   335372
  7.705286e-01   7.491405e-15   3.068318e-03   8.976980e-17   343464
  7.811635e-01   6.963797e-15   3.070705e-03   8.575492e-17   352912
  7.917934e-01   6.312938e-15   3.070498e-03   8.218385e-17   362666
  8.024224e-01   5.865990e-15   3.063690e-03   7.825874e-17   371884
  8.130465e-01   5.233786e-15   3.069929e-03   7.475037e-17   382280
  8.236583e-01   4.880344e-15   3.060755e-03   7.181510e-17   390888
  8.342648e-01   4.454330e-15   3.067168e-03   6.880258e-17   402234
  8.448912e-01   3.831607e-15   3.064832e-03   6.591539e-17   412576
  8.555263e-01   3.691515e-15   3.071788e-03   6.280579e-17   423732
  8.661590e-01   3.307291e-15   3.068142e-03   6.051203e-17   433624
  8.767950e-01   3.096366e-15   3.072203e-03   5.778433e-17   445154
  8.874347e-01   2.851914e-15   3.069139e-03   5.542209e-17   455584
  8.980596e-01   2.555311e-15   3.064716e-03   5.345027e-17   465588
  9.086714e-01   2.399976e-15   3.065163e-03   5.118683e-17   476762
  9.193048e-01   2.192223e-15   3.073106e-03   4.931660e-17   489552
  9.299472e-01   2.097356e-15   3.069632e-03   4.749528e-17   500328
  9.405628e-01   1.905973e-15   3.059261e-03   4.559762e-17   509852
  9.511854e-01   1.728730e-15   3.074339e-03   4.377780e-17   524234
  9.618189e-01   1.536319e-15   3.061952e-03   4.226605e-17   534104
  9.724448e-01   1.477933e-15   3.070528e-03   4.048140e-17   547048
  9.830800e-01   1.189451e-15   3.073862e-03   3.917809e-17   559328
  9.937180e-01   1.226339e-15   3.070866e-03   3.775328e-17   571326
  1.004339e+00   1.112786e-15   3.060367e-03   3.659773e-17   581920
  1.014951e+00   9.763773e-16   3.064588e-03   3.522324e-17   594832
  1.025571e+00   9.536013e-16   3.068054e-03   3.404159e-17   608048
  1.036206e+00   8.876798e-16   3.070252e-03   3.276260e-17   621526
  1.046839e+00   8.016794e-16   3.066112e-03   3.161411e-17   633240
  1.057456e+00   7.989371e-16   3.064953e-03   3.063773e-17   645472
  1.068086e+00   7.037244e-16   3.075342e-03   2.955412e-17   660906
  1.078726e+00   6.738410e-16   3.067576e-03   2.867191e-17   672856
  1.089356e+00   5.923982e-16   3.067094e-03   2.756321e-17   685980
  1.099980e+00   5.823431e-16   3.067978e-03   2.672112e-17   699256
  1.110619e+00   5.368471e-16   3.074976e-03   2.575771e-17   714730
  1.121246e+00   5.605380e-16   3.059348e-03   2.506920e-17   725152
  1.131863e+00   4.850147e-16   3.067634e-03   2.416468e-17   740420
  1.142485e+00   3.894287e-16   3.069089e-03   2.348017e-17   754312
  1.153114e+00   3.484432e-16   3.069897e-03   2.274956e-17   769114
  1.163749e+00   3.577979e-16   3.069209e-03   2.199613e-17   783488
  1.174365e+00   3.647759e-16   3.058900e-03   2.130192e-17   794968
  1.184981e+00   3.504790e-16   3.070107e-03   2.066713e-17   812366
  1.195609e+00   2.959066e-16   3.065134e-03   2.007567e-17   825976
  1.206250e+00   2.653934e-16   3.075220e-03   1.946037e-17   843352
  1.216898e+00   2.131002e-16   3.073224e-03   1.890875e-17   857280
  1.227524e+00   2.722784e-16   3.063189e-03   1.837805e-17   869542
  1.238147e+00   2.210840e-16   3.070752e-03   1.775689e-17   887128
  1.248772e+00   2.499187e-16   3.063166e-03   1.730971e-17   900032
  1.259388e+00   2.046600e-16   3.067377e-03   1.675023e-17   916560
  1.270005e+00   1.737092e-16   3.061783e-03   1.629895e-17   930922
  1.280635e+00   1.902173e-16   3.071795e-03   1.576434e-17   949844
  1.291287e+00   2.199889e-16   3.076939e-03   1.534503e-17   966736
  1.301925e+00   1.485474e-16   3.065819e-03   1.494988e-17   978776
  1.312537e+00   1.544182e-16   3.064137e-03   1.451652e-17   994522
  1.323161e+00   1.397871e-16   3.068907e-03   1.413005e-17   1012420
  1.333794e+00   1.267506e-16   3.071598e-03   1.374065e-17   1029408
  1.344410e+00   1.401933e-16   3.058405e-03   1.338894e-17   1041658
  1.355032e+00   1.671763e-16   3.072381e-03   1.296498e-17   1063520
  1.365659e+00   1.429804e-16   3.060689e-03   1.266571e-17   1075808
  1.376294e+00   1.327325e-16   3.080019e-03   1.229180e-17   1098956
  1.386928e+00   1.268329e-16   3.061670e-03   1.198591e-17   1109810
  1.397545e+00   1.185971e-16   3.065288e-03   1.164172e-17   1128608
  1.408178e+00   8.764609e-17   3.073589e-03   1.138544e-17   1148264
  1.418813e+00   1.092794e-16   3.067917e-03   1.106954e-17   1163252
  1.429436e+00   1.000060e-16   3.067070e-03   1.077365e-17   1181042
  1.440060e+00   9.161730e-17   3.064325e-03   1.048903e-17   1197848
  1.450692e+00   8.665927e-17   3.073737e-03   1.024163e-17   1218848
  1.461323e+00   9.448821e-17   3.064859e-03   9.977764e-18   1232916
  1.471945e+00   9.723007e-17   3.068844e-03   9.712616e-18   1253002
  1.482566e+00   8.853577e-17   3.062284e-03   9.472398e-18   1268576
  1.493191e+00   5.796585e-17   3.071552e-03   9.256455e-18   1290128
  1.503822e+00   8.076936e-17   3.068342e-03   9.033782e-18   1307402
  1.514455e+00   9.459623e-17   3.069122e-03   8.757680e-18   1327028
  1.525083e+00   7.887974e-17   3.064970e-03   8.606557e-18   1343648
  1.535711e+00   5.723789e-17   3.070217e-03   8.370718e-18   1364096
  1.546341e+00   6.625885e-17   3.068950e-03   8.170281e-18   1382730
  1.556974e+00   6.130422e-17   3.068757e-03   7.977792e-18   1402164
  1.567604e+00   6.199467e-17   3.068159e-03   7.767422e-18   1420464
  1.578221e+00   5.878199e-17   3.063798e-03   7.597184e-18   1437368
  1.588847e+00   3.285957e-17   3.072142e-03   7.405239e-18   1461530
  1.599480e+00   5.424157e-17   3.065069e-03   7.221342e-18   1478264
  1.610108e+00   4.695314e-17   3.068902e-03   7.076192e-18   1499356
  1.620732e+00   7.703601e-17   3.065238e-03   6.876740e-18   1517016
  1.631360e+00   3.002350e-17   3.070849e-03   6.734206e-18   1540090
  1.641988e+00   3.046490e-17   3.065366e-03   6.590039e-18   1557360
  1.652609e+00   4.074195e-17   3.066926e-03   6.413994e-18   1577780
  1.663242e+00   4.475838e-17   3.075107e-03   6.271001e-18   1602578
  1.673875e+00   6.061186e-17   3.063542e-03   6.150634e-18   1617672
  1.684498e+00   3.820910e-17   3.069033e-03   6.007758e-18   1641016
  1.695122e+00   4.069968e-17   3.065080e-03   5.876695e-18   1659416
  1.705746e+00   5.035794e-17   3.068431e-03   5.732501e-18   1682670
  1.716382e+00   3.831871e-17   3.070690e-03   5.610484e-18   1705256
  1.727024e+00   3.143157e-17   3.071890e-03   5.472451e-18   1726312
  1.737645e+00   3.938596e-17   3.062639e-03   5.357507e-18   1741880
  1.748261e+00   3.635979e-17   3.067156e-03   5.239343e-18   1766454
  1.758897e+00   4.048693e-17   3.073105e-03   5.131664e-18   1791784
  1.769528e+00   2.789556e-17   3.063894e-03   5.022729e-18   1807712
  1.780139e+00   2.120261e-17   3.062775e-03   4.919009e-18   1829002
  1.790759e+00   2.389161e-17   3.067263e-03   4.794719e-18   1854216
  1.801400e+00   2.638020e-17   3.074631e-03   4.698296e-18   1880156
  1.812037e+00   1.909771e-17   3.068349e-03   4.599115e-18   1897568
  1.822663e+00   2.884035e-17   3.068475e-03   4.504875e-18   1920458
  1.833288e+00   3.041867e-17   3.065997e-03   4.405538e-18   1942208
  1.843915e+00   2.851930e-17   3.067813e-03   4.314643e-18   1965612
  1.854544e+00   2.639662e-17   3.069639e-03   4.213447e-18   1989000
  1.865168e+00   2.158675e-17   3.064465e-03   4.132604e-18   2009114
  1.875791e+00   1.965217e-17   3.067400e-03   4.041260e-18   2034464
  1.886424e+00   2.194447e-17   3.070174e-03   3.965437e-18   2058476
  1.897052e+00   1.847877e-17   3.068039e-03   3.877451e-18   2079648
  1.907673e+00   3.272787e-17   3.065891e-03   3.796310e-18   2102578
  1.918306e+00   2.343590e-17   3.070742e-03   3.721543e-18   2129928
  1.928942e+00   2.690307e-17   3.069733e-03   3.645086e-18   2152096
  1.939563e+00   2.449912e-17   3.062858e-03   3.583679e-18   2171142
  1.950185e+00   2.394932e-17   3.069150e-03   3.501046e-18   2200248
  1.960824e+00   2.303133e-17   3.071017e-03   3.428498e-18   2225216
  1.971460e+00   2.319017e-17   3.070942e-03   3.363032e-18   2248448
  1.982084e+00   1.292496e-17   3.064272e-03   3.296292e-18   2267942
  1.992710e+00   1.851861e-17   3.071051e-03   3.235414e-18   2298072
  2.003337e+00   1.417912e-17   3.064068e-03   3.163506e-18   2317272
  2.013961e+00   2.191266e-17   3.069747e-03   3.106273e-18   2345808
  2.024580e+00   1.684992e-17   3.062469e-03   3.046092e-18   2365650
  2.035206e+00   1.525469e-17   3.069930e-03   2.980718e-18   2396940
  2.045842e+00   1.220227e-17   3.069936e-03   2.924132e-18   2421272
  2.056473e+00   2.335325e-17   3.068399e-03   2.874103e-18   2444576
  2.067102e+00   1.802232e-17   3.069748e-03   2.811349e-18   2471490
  2.077728e+00   1.873383e-17   3.064854e-03   2.764306e-18   2493180
  2.088349e+00   1.363175e-17   3.068019e-03   2.706636e-18   2520952
  2.098972e+00   2.284870e-17   3.065319e-03   2.655626e-18   2544946
  2.109598e+00   1.255527e-17   3.068311e-03   2.597477e-18   2573856
  2.120230e+00   1.709949e-17   3.069026e-03   2.550424e-18   2600016
  2.130862e+00   1.618693e-17   3.069102e-03   2.507415e-18   2625484
  2.141490e+00   1.744033e-17   3.068080e-03   2.456763e-18   2651122
  2.152130e+00   1.702647e-17   3.074348e-03   2.407753e-18   2683488
  2.162754e+00   1.559750e-17   3.059466e-03   2.367895e-18   2696352
  2.173371e+00   1.604993e-17   3.071171e-03   2.321233e-18   2733020
  2.184002e+00   1.632002e-17   3.067530e-03   2.276803e-18   2757378
  2.194631e+00   1.893064e-17   3.067942e-03   2.237643e-18   2784864
  2.205259e+00   2.026787e-17   3.067811e-03   2.196955e-18   2811168
  2.215874e+00   1.183463e-17   3.061061e-03   2.157279e-18   2832274
  2.226505e+00   1.435706e-17   3.075611e-03   2.111840e-18   2873636
  2.237142e+00   1.708094e-17   3.064877e-03   2.075424e-18   2890496
  2.247766e+00   9.517432e-18   3.069851e-03   2.038964e-18   2921800
  2.258399e+00   1.676747e-17   3.071101e-03   2.002502e-18   2951298
  2.269032e+00   1.666943e-17   3.066274e-03   1.968218e-18   2975476
  2.279663e+00   1.914919e-17   3.071375e-03   1.928523e-18   3007728
  2.290285e+00   1.035832e-17   3.061886e-03   1.896863e-18   3025776
  2.300910e+00   1.328181e-17   3.072955e-03   1.859002e-18   3065762
  2.311540e+00   1.575576e-17   3.063208e-03   1.828587e-18   3084856
  2.322162e+00   1.096979e-17   3.068985e-03   1.795985e-18   3118044
  2.332782e+00   1.245820e-17   3.064319e-03   1.765000e-18   3141352
  2.343410e+00   1.249442e-17   3.072036e-03   1.733135e-18   3179274
  2.354046e+00   9.562783e-18   3.067682e-03   1.702144e-18   3204120
  2.364668e+00   1.549498e-17   3.063610e-03   1.672490e-18   3227900
  2.375288e+00   1.377538e-17   3.068722e-03   1.644657e-18   3262394
  2.385925e+00   1.405771e-17   3.071814e-03   1.613237e-18   3295680
  2.396559e+00   1.068506e-17   3.067166e-03   1.586875e-18   3319560
  2.407184e+00   1.358086e-17   3.068070e-03   1.559363e-18   3348972
  2.417810e+00   1.036204e-17   3.068540e-03   1.532482e-18   3379722
  2.428441e+00   1.532646e-17   3.068348e-03   1.503674e-18   3410720
  2.439075e+00   1.415765e-17   3.069517e-03   1.478851e-18   3441504
  2.449697e+00   1.392800e-17   3.063301e-03   1.454334e-18   3463624
  2.460317e+00   1.077502e-17   3.068043e-03   1.431391e-18   3499790
  2.470951e+00   7.886157e-18   3.070702e-03   1.403234e-18   3533560
  2.481588e+00   1.169163e-17   3.069830e-03   1.379620e-18   3561920
  2.492209e+00   8.772335e-18   3.064208e-03   1.358194e-18   3585208
  2.502830e+00   9.485180e-18   3.069185e-03   1.331927e-18   3622518
  2.513468e+00   1.059438e-17   3.072344e-03   1.310744e-18   3657584
  2.524094e+00   1.055319e-17   3.062507e-03   1.290357e-18   3676440
  2.534707e+00   7.920427e-18   3.065232e-03   1.269150e-18   3711282
  2.545334e+00   9.792693e-18   3.068763e-03   1.247442e-18   3747696
  2.555965e+00   1.023851e-17   3.067225e-03   1.227169e-18   3776188
  2.566601e+00   7.387577e-18   3.074483e-03   1.205290e-18   3815304
  2.577232e+00   6.708109e-18   3.064660e-03   1.185615e-18   3835370
  2.587856e+00   9.597113e-18   3.068926e-03   1.166771e-18   3873424
  2.598487e+00   7.592537e-18   3.067978e-03   1.147232e-18   3903420
  2.609117e+00   1.000955e-17   3.070036e-03   1.129504e-18   3937624
  2.619745e+00   1.110997e-17   3.066011e-03   1.110107e-18   3965658
  2.630375e+00   9.635563e-18   3.069802e-03   1.090280e-18   4002984
  2.641001e+00   8.355159e-18   3.065136e-03   1.073553e-18   4027928
  2.651616e+00   9.401562e-18   3.064941e-03   1.056045e-18   4059844
  2.662241e+00   7.671801e-18   3.069945e-03   1.039613e-18   4100338
  2.672876e+00   7.048586e-18   3.069128e-03   1.022124e-18   4132264
  2.683506e+00   5.674406e-18   3.068474e-03   1.003865e-18   4163216
  2.694131e+00   6.940004e-18   3.066146e-03   9.889433e-19   4193350
  2.704761e+00   7.974017e-18   3.071068e-03   9.735024e-19   4234456
  2.715390e+00   3.846341e-18   3.064079e-03   9.590415e-19   4257264
  2.726012e+00   9.131537e-18   3.069774e-03   9.415934e-19   4297352
  2.736640e+00   8.648037e-18   3.067495e-03   9.283150e-19   4328642
  2.747272e+00   7.653140e-18   3.070663e-03   9.130046e-19   4367948
  2.757895e+00   6.351860e-18   3.061799e-03   8.989661e-19   4388384
  2.768519e+00   4.006717e-18   3.072247e-03   8.831798e-19   4436648
  2.779154e+00   6.976401e-18   3.067997e-03   8.700044e-19   4465658
  2.789787e+00   4.775818e-18   3.069677e-03   8.555858e-19   4502948
  2.800413e+00   6.584436e-18   3.064787e-03   8.427088e-19   4528880
  2.811033e+00   5.051385e-18   3.067181e-03   8.300940e-19   4566290
  2.821663e+00   6.367561e-18   3.070655e-03   8.167996e-19   4606856
  2.832293e+00   7.211325e-18   3.066552e-03   8.048195e-19   4635380
  2.842916e+00   5.906005e-18   3.067131e-03   7.929545e-19   4670384
  2.853543e+00   5.150822e-18   3.069161e-03   7.789607e-19   4709258
  2.864179e+00   5.224130e-18   3.070324e-03   7.673140e-19   4747352
  2.874805e+00   7.829430e-18   3.063655e-03   7.575316e-19   4771664
  2.885427e+00   5.315468e-18   3.068600e-03   7.445168e-19   4813532
  2.896058e+00   7.167881e-18   3.070437e-03   7.325802e-19   4852322
  2.906693e+00   6.599044e-18   3.069013e-03   7.210655e-19   4886480
  2.917320e+00   5.940303e-18   3.066289e-03   7.106559e-19   4917248
  2.927939e+00   4.504298e-18   3.065099e-03   6.995724e-19   4950828
  2.938569e+00   4.635449e-18   3.072788e-03   6.895139e-19   5000170
  2.949204e+00   6.320087e-18   3.066857e-03   6.797452e-19   5026952
  2.959825e+00   6.447609e-18   3.064676e-03   6.691496e-19   5058752
  2.970445e+00   6.016808e-18   3.067741e-03   6.580596e-19   5100722
  2.981076e+00   4.716154e-18   3.068979e-03   6.484119e-19   5140124
  2.991706e+00   3.969953e-18   3.067937e-03   6.379454e-19   5174072
  3.002335e+00   3.312209e-18   3.068928e-03   6.293400e-19   5211608
  3.012962e+00   5.220471e-18   3.067917e-03   6.202969e-19   5247794
  3.023589e+00   6.627250e-18   3.066908e-03   6.098594e-19   5284196
  3.034222e+00   5.137976e-18   3.071657e-03   6.013621e-19   5328800
  3.044847e+00   5.782637e-18   3.063109e-03   5.930325e-19   5350872
  3.055470e+00   5.610938e-18   3.069608e-03   5.844085e-19   5400634
  3.066097e+00   4.972385e-18   3.065291e-03   5.758827e-19   5430968
  3.076725e+00   4.710321e-18   3.070185e-03   5.664751e-19   5475908
  3.087355e+00   4.093657e-18   3.068352e-03   5.583433e-19   5510016
  3.097986e+00   4.325928e-18   3.069695e-03   5.499837e-19   5552114
  3.108620e+00   5.209168e-18   3.068841e-03   5.417660e-19   5588944
  3.119249e+00   3.154607e-18   3.067703e-03   5.342494e-19   5623828
  3.129873e+00   4.278452e-18   3.066629e-03   5.262541e-19   5660722
  3.140497e+00   4.628606e-18   3.066422e-03   5.190648e-19   5699896
  3.151124e+00   4.878968e-18   3.068968e-03   5.109247e-19   5741936
  3.161754e+00   4.600947e-18   3.069010e-03   5.035853e-19   5779568
  3.172381e+00   5.246388e-18   3.067639e-03   4.963941e-19   5817222
  3.183006e+00   4.387141e-18   3.066013e-03   4.893267e-19   5854600
  3.193635e+00   3.340599e-18   3.069791e-03   4.818229e-19   5900040
  3.204262e+00   3.242380e-18   3.066501e-03   4.749016e-19   5931976
  3.214890e+00   2.634809e-18   3.070101e-03   4.681245e-19   5979390
  3.225518e+00   3.453780e-18   3.065321e-03   4.618689e-19   6010200
  3.236144e+00   2.858830e-18   3.069327e-03   4.550799e-19   6056496
  3.246769e+00   3.377170e-18   3.066211e-03   4.493373e-19   6089504
  3.257396e+00   4.483472e-18   3.069391e-03   4.418524e-19   6137114
  3.268025e+00   4.126435e-18   3.067201e-03   4.361782e-19   6173332
  3.278652e+00   3.096830e-18   3.067882e-03   4.296673e-19   6214128
  3.289279e+00   2.813094e-18   3.067306e-03   4.239364e-19   6253874
  3.299910e+00   4.328088e-18   3.069629e-03   4.179120e-19   6300104
  3.310539e+00   3.297804e-18   3.066365e-03   4.115583e-19   6332612
  3.321166e+00   2.436365e-18   3.070240e-03   4.060599e-19   6379768
  3.331797e+00   2.301848e-18   3.068597e-03   4.003472e-19   6418218
  3.342427e+00   3.308264e-18   3.068360e-03   3.948181e-19   6459880
  3.353052e+00   3.839432e-18   3.066116e-03   3.891354e-19   6495652
  3.363680e+00   3.274760e-18   3.070231e-03   3.830851e-19   6545296
  3.374311e+00   2.600329e-18   3.067227e-03   3.785178e-19   6581570
  3.384935e+00   2.045303e-18   3.065246e-03   3.727126e-19   6618960
  3.395556e+00   3.105195e-18   3.067158e-03   3.681368e-19   6663352
  3.406178e+00   3.747439e-18   3.065376e-03   3.627247e-19   6701334
  3.416809e+00   1.917270e-18   3.072512e-03   3.576921e-19   6759920
  3.427444e+00   2.301224e-18   3.067179e-03   3.530105e-19   6789696
  3.438073e+00   3.235384e-18   3.069955e-03   3.481030e-19   6837208
  3.448703e+00   2.206093e-18   3.067492e-03   3.433575e-19   6874966
  3.459333e+00   2.374246e-18   3.068613e-03   3.384742e-19   6920864
  3.469960e+00   2.039068e-18   3.066758e-03   3.340548e-19   6957816
  3.480585e+00   1.618581e-18   3.068144e-03   3.292870e-19   7002232
  3.491208e+00   2.900492e-18   3.066540e-03   3.250641e-19   7043114
  3.501840e+00   2.381180e-18   3.070403e-03   3.205192e-19   7096020
  3.512471e+00   1.963758e-18   3.067394e-03   3.161509e-19   7130640
  3.523097e+00   1.725965e-18   3.068276e-03   3.117974e-19   7175472
  3.533723e+00   2.694151e-18   3.067248e-03   3.074604e-19   7217786
  3.544353e+00   1.638142e-18   3.068999e-03   3.036284e-19   7265564
  3.554979e+00   1.916141e-18   3.066319e-03   2.993149e-19   7301288
  3.565600e+00   2.766488e-18   3.066375e-03   2.953471e-19   7345330
  3.576227e+00   2.732990e-18   3.069052e-03   2.914200e-19   7397048
  3.586856e+00   2.282793e-18   3.067039e-03   2.875241e-19   7435920
  3.597485e+00   1.925271e-18   3.069220e-03   2.840245e-19   7484140
  3.608113e+00   2.109306e-18   3.067643e-03   2.801151e-19   7525578
  3.618741e+00   2.172119e-18   3.067518e-03   2.762332e-19   7571376
  3.629371e+00   2.949183e-18   3.068480e-03   2.722508e-19   7617064
  3.640002e+00   2.042627e-18   3.069456e-03   2.685076e-19   7662092
  3.650627e+00   2.516811e-18   3.066324e-03   2.652465e-19   7699658
  3.661254e+00   9.777303e-19   3.068945e-03   2.617059e-19   7752416
  3.671886e+00   1.815181e-18   3.069408e-03   2.585223e-19   7797776
  3.682511e+00   1.457666e-18   3.065176e-03   2.550308e-19   7831720
  3.693136e+00   1.943096e-18   3.069723e-03   2.514943e-19   7889926
  3.703768e+00   1.158790e-18   3.067981e-03   2.481172e-19   7931480
  3.714397e+00   2.097912e-18   3.068251e-03   2.450027e-19   7976688
  3.725016e+00   1.954046e-18   3.062621e-03   2.418557e-19   8007786
  3.735639e+00   1.194836e-18   3.070332e-03   2.388258e-19   8074564
  3.746275e+00   1.868844e-18   3.070085e-03   2.354929e-19   8118904
  3.756904e+00   1.130805e-18   3.066957e-03   2.325988e-19   8155824
  3.767533e+00   1.752238e-18   3.070641e-03   2.293032e-19   8212802
  3.778161e+00   1.998169e-18   3.065118e-03   2.264955e-19   8245268
  3.788791e+00   1.378420e-18   3.071754e-03   2.233493e-19   8308816
  3.799422e+00   1.267757e-18   3.066301e-03   2.207457e-19   8340304
  3.810044e+00   1.827373e-18   3.066222e-03   2.180897e-19   8387738
  3.820668e+00   1.432165e-18   3.067207e-03   2.148975e-19   8437624
  3.831296e+00   1.760483e-18   3.068826e-03   2.124965e-19   8487796
  3.841921e+00   1.307290e-18   3.066430e-03   2.096005e-19   8527936
  3.852549e+00   1.457009e-18   3.069409e-03   2.068716e-19   8585122
  3.863180e+00   1.617969e-18   3.067925e-03   2.039794e-19   8628200
  3.873811e+00   1.602774e-18   3.069670e-03   2.015699e-19   8679484
  3.884439e+00   1.005663e-18   3.067320e-03   1.992376e-19   8721466
  3.895064e+00   1.686794e-18   3.065795e-03   1.964678e-19   8765840
  3.905692e+00   1.324012e-18   3.070355e-03   1.939852e-19   8825136
  3.916320e+00   1.765677e-18   3.066753e-03   1.917260e-19   8861768
  3.926948e+00   1.620210e-18   3.069321e-03   1.891484e-19   8919278
  3.937577e+00   2.031736e-18   3.066595e-03   1.868818e-19   8961008
  3.948205e+00   1.532327e-18   3.068779e-03   1.843032e-19   9014456
  3.958835e+00   1.114950e-18   3.068818e-03   1.821624e-19   9062240
  3.969465e+00   1.201005e-18   3.068277e-03   1.797601e-19   9110510
  3.980091e+00   1.008158e-18   3.066455e-03   1.775394e-19   9154048
  3.990712e+00   1.585891e-18   3.065703e-03   1.752816e-19   9198928
  4.001336e+00   9.568645e-19   3.068826e-03   1.732127e-19   9257194
  4.011967e+00   1.299198e-18   3.069362e-03   1.708589e-19   9310168
  4.022596e+00   1.154035e-18   3.066324e-03   1.688264e-19   9350316
  4.033222e+00   1.560313e-18   3.069210e-03   1.666785e-19   9407120
  4.043852e+00   1.156616e-18   3.068250e-03   1.645760e-19   9454642
  4.054482e+00   9.647616e-19   3.068405e-03   1.626331e-19   9506272
  4.065111e+00   9.735620e-19   3.067355e-03   1.606211e-19   9551228
  4.075735e+00   1.138931e-18   3.067594e-03   1.586709e-19   9600264
  4.086360e+00   1.017336e-18   3.067530e-03   1.567267e-19   9651458
  4.096991e+00   1.238132e-18   3.070122e-03   1.547492e-19   9711488
  4.107620e+00   1.167828e-18   3.066189e-03   1.527982e-19   9749144
  4.118247e+00   1.793272e-18   3.069033e-03   1.508772e-19   9807908
  4.128876e+00   1.674012e-18   3.067607e-03   1.490145e-19   9854786
  4.139508e+00   6.819678e-19   3.070269e-03   1.472129e-19   9914304
  4.150134e+00   1.406962e-18   3.064668e-03   1.456219e-19   9945544
  4.160753e+00   1.019876e-18   3.066794e-03   1.438148e-19   10003414
  4.171379e+00   1.076615e-18   3.068671e-03   1.418666e-19   10062032
  4.182011e+00   9.933505e-19   3.069142e-03   1.402601e-19   10114792
  4.192645e+00   1.064049e-18   3.070449e-03   1.384572e-19   10169936
  4.203267e+00   1.440018e-18   3.062650e-03   1.370597e-19   10196602
  4.213895e+00   1.047675e-18   3.072265e-03   1.352286e-19   10281156
  4.224526e+00   1.056761e-18   3.065688e-03   1.335501e-19   10309376
  4.235150e+00   1.201393e-18   3.068567e-03   1.319527e-19   10369856
  4.245775e+00   1.054529e-18   3.066063e-03   1.302738e-19   10415370
  4.256404e+00   1.110348e-18   3.070045e-03   1.287310e-19   10481988
  4.267039e+00   1.066887e-18   3.069556e-03   1.272475e-19   10531200
  4.277665e+00   1.016106e-18   3.065408e-03   1.258549e-19   10569416
  4.288289e+00   9.053762e-19   3.068216e-03   1.242832e-19   10633066
  4.298919e+00   9.405493e-19   3.068866e-03   1.227418e-19   10687548
  4.309552e+00   1.074356e-18   3.070419e-03   1.212942e-19   10743968
  4.320180e+00   9.422380e-19   3.065849e-03   1.199486e-19   10782130
  4.330801e+00   1.130609e-18   3.066095e-03   1.185634e-19   10837792
  4.341427e+00   9.757391e-19   3.068321e-03   1.171150e-19   10897368
  4.352058e+00   9.896202e-19   3.069642e-03   1.155670e-19   10953940
  4.362687e+00   8.798219e-19   3.067969e-03   1.143581e-19   11003274
  4.373313e+00   9.984570e-19   3.066343e-03   1.130290e-19   11052800
  4.383943e+00   8.499023e-19   3.070099e-03   1.116111e-19   11118176
  4.394573e+00   1.146067e-18   3.067934e-03   1.102877e-19   11162268
  4.405196e+00   7.578221e-19   3.066117e-03   1.089494e-19   11211458
  4.415820e+00   1.174265e-18   3.067310e-03   1.077545e-19   11271888
  4.426448e+00   1.244285e-18   3.068640e-03   1.065068e-19   11329304
  4.437073e+00   5.851899e-19   3.066385e-03   1.053082e-19   11375026
  4.447701e+00   8.824698e-19   3.069261e-03   1.041003e-19   11442532
  4.458330e+00   7.292116e-19   3.066551e-03   1.029422e-19   11487264
  4.468957e+00   9.583201e-19   3.068098e-03   1.015615e-19   11545680
  4.479587e+00   9.948759e-19   3.069842e-03   1.005304e-19   11607058
  4.490221e+00   7.490804e-19   3.069925e-03   9.921692e-20   11664300
  4.500851e+00   8.544762e-19   3.066963e-03   9.825839e-20   11707488
  4.511474e+00   7.952924e-19   3.066617e-03   9.712937e-20   11759536
  4.522104e+00   8.477090e-19   3.071176e-03   9.593793e-20   11833690
  4.532737e+00   8.129316e-19   3.067542e-03   9.473954e-20   11877808
  4.543362e+00   9.362485e-19   3.065778e-03   9.378118e-20   11925836
  4.553987e+00   8.100769e-19   3.068899e-03   9.263680e-20   11992168
  4.564616e+00   8.698451e-19   3.067784e-03   9.165409e-20   12044554
  4.575242e+00   8.702992e-19   3.067168e-03   9.062358e-20   12098976
  4.585865e+00   9.650628e-19   3.066173e-03   8.963013e-20   12149996
  4.596487e+00   1.003870e-18   3.067038e-03   8.864448e-20   12209594
  4.607117e+00   7.681131e-19   3.069983e-03   8.748906e-20   12279272
  4.617752e+00   5.628438e-19   3.070004e-03   8.655075e-20   12336072
  4.628383e+00   8.461869e-19   3.067416e-03   8.567644e-20   12381744
  4.639009e+00   8.316123e-19   3.068068e-03   8.464618e-20   12441590
  4.649637e+00   9.383607e-19   3.067557e-03   8.371958e-20   12497256
  4.660262e+00   1.028320e-18   3.066825e-03   8.290347e-20   12550032
  4.670884e+00   7.503124e-19   3.066185e-03   8.185121e-20   12603936
  4.681508e+00   5.779289e-19   3.068111e-03   8.102531e-20   12671230
  4.692142e+00   1.000941e-18   3.070828e-03   8.004348e-20   12740920
  4.702775e+00   6.147181e-19   3.067767e-03   7.916863e-20   12784560
  4.713398e+00   8.042787e-19   3.065894e-03   7.828169e-20   12834176
  4.724025e+00   8.758812e-19   3.069663e-03   7.749758e-20   12909006
  4.734656e+00   7.928075e-19   3.068089e-03   7.658075e-20   12959680
  4.745283e+00   8.494336e-19   3.067551e-03   7.572668e-20   13014232
  4.755909e+00   7.766826e-19   3.068154e-03   7.487064e-20   13076514
  4.766534e+00   6.962220e-19   3.065684e-03   7.416287e-20   13127112
  4.777164e+00   6.812810e-19   3.070665e-03   7.324160e-20   13205852
  4.787797e+00   7.857490e-19   3.068206e-03   7.250609e-20   13252032
  4.798423e+00   7.118503e-19   3.066967e-03   7.172146e-20   13307450
  4.809051e+00   6.740678e-19   3.068506e-03   7.097598e-20   13374160
  4.819680e+00   6.812083e-19   3.067567e-03   7.022193e-20   13426348
  4.830308e+00   6.261916e-19   3.069633e-03   6.942546e-20   13492760
  4.840934e+00   7.096483e-19   3.066142e-03   6.866907e-20   13539546
  4.851560e+00   6.189473e-19   3.068338e-03   6.790015e-20   13610704
  4.862187e+00   5.925536e-19   3.066835e-03   6.725855e-20   13662024
  4.872813e+00   6.412801e-19   3.068248e-03   6.644404e-20   13727492
  4.883443e+00   7.195788e-19   3.069111e-03   6.583065e-20   13793394
  4.894073e+00   6.848627e-19   3.067154e-03   6.508376e-20   13844456
  4.904699e+00   6.309972e-19   3.067927e-03   6.442140e-20   13905184
  4.915325e+00   6.743635e-19   3.067971e-03   6.372726e-20   13965958
  4.925951e+00   6.068118e-19   3.067148e-03   6.304457e-20   14025192
  4.936580e+00   6.147472e-19   3.068951e-03   6.237586e-20   14093768
  4.947211e+00   6.454990e-19   3.068454e-03   6.177648e-20   14150440
  4.957840e+00   7.094956e-19   3.068630e-03   6.113673e-20   14213450
  4.968468e+00   5.434239e-19   3.066726e-03   6.047293e-20   14267036
  4.979095e+00   7.193871e-19   3.068568e-03   5.988627e-20   14335032
  4.989722e+00   6.298827e-19   3.067092e-03   5.916594e-20   14387664
  5.000347e+00   6.199240e-19   3.068270e-03   5.862250e-20   14455698
  5.010977e+00   6.833836e-19   3.068677e-03   5.799137e-20   14520452
  5.021607e+00   7.289982e-19   3.068497e-03   5.742768e-20   14580272
  5.032232e+00   5.592799e-19   3.065614e-03   5.683438e-20   14628050
  5.042860e+00   5.399563e-19   3.070982e-03   5.625758e-20   14716744
  5.053489e+00   6.405588e-19   3.065407e-03   5.569953e-20   14751712
  5.064115e+00   5.606130e-19   3.069456e-03   5.511563e-20   14831620
  5.074740e+00   6.789356e-19   3.065470e-03   5.458454e-20   14875522
  5.085366e+00   5.035708e-19   3.068961e-03   5.402360e-20   14956720
  5.095994e+00   5.175505e-19   3.066998e-03   5.346384e-20   15008272
  5.106620e+00   6.928114e-19   3.067783e-03   5.296158e-20   15073780
  5.117248e+00   5.823861e-19   3.069002e-03   5.243004e-20   15144866
  5.127883e+00   6.376963e-19   3.070052e-03   5.189889e-20   15213872
  5.138515e+00   6.736850e-19   3.067931e-03   5.132589e-20   15263976
  5.149140e+00   5.576430e-19   3.066723e-03   5.088192e-20   15320236
  5.159767e+00   6.393834e-19   3.069367e-03   5.034385e-20   15398322
  5.170396e+00   5.390966e-19   3.067121e-03   4.991964e-20   15450864
  5.181021e+00   5.134627e-19   3.067373e-03   4.943477e-20   15513888
  5.191645e+00   5.312399e-19   3.066596e-03   4.893577e-20   15574626
  5.202274e+00   3.735236e-19   3.069893e-03   4.841511e-20   15657956
  5.212904e+00   5.131314e-19   3.066736e-03   4.800337e-20   15704248
  5.223531e+00   5.223838e-19   3.068512e-03   4.755307e-20   15774824
  5.234161e+00   5.322807e-19   3.069354e-03   4.705509e-20   15844898
  5.244790e+00   5.897355e-19   3.066994e-03   4.662013e-20   15898956
  5.255415e+00   4.237810e-19   3.067091e-03   4.620764e-20   15961768
  5.266040e+00   6.154195e-19   3.068481e-03   4.572505e-20   16032208
  5.276669e+00   5.251156e-19   3.068464e-03   4.528881e-20   16099530
  5.287295e+00   5.699096e-19   3.065856e-03   4.491086e-20   16152712
  5.297924e+00   5.502836e-19   3.069693e-03   4.447489e-20   16235740
  5.308553e+00   5.253076e-19   3.067725e-03   4.402744e-20   16288856
  5.319183e+00   5.917862e-19   3.069408e-03   4.362743e-20   16365074
  5.329812e+00   4.330396e-19   3.067066e-03   4.325591e-20   16418248
  5.340434e+00   4.343407e-19   3.065573e-03   4.285628e-20   16473180
  5.351058e+00   5.974224e-19   3.069491e-03   4.241467e-20   16560234
  5.361687e+00   6.165052e-19   3.067046e-03   4.207769e-20   16616088
  5.372317e+00   5.747225e-19   3.069133e-03   4.168041e-20   16693264
  5.382948e+00   5.697091e-19   3.068526e-03   4.131047e-20   16753864
  5.393577e+00   5.644138e-19   3.068569e-03   4.095571e-20   16820702
  5.404204e+00   6.367693e-19   3.066887e-03   4.055804e-20   16879288
  5.414832e+00   5.089304e-19   3.068277e-03   4.021730e-20   16951712
  5.425456e+00   5.175113e-19   3.066689e-03   3.987506e-20   17007560
  5.436084e+00   4.645831e-19   3.069534e-03   3.951475e-20   17092086
  5.446713e+00   5.468833e-19   3.067265e-03   3.916099e-20   17148392
  5.457342e+00   5.249839e-19   3.068696e-03   3.880313e-20   17222288
  5.467971e+00   6.708847e-19   3.068089e-03   3.847083e-20   17285096
  5.478597e+00   6.198245e-19   3.066549e-03   3.817539e-20   17344826
  5.489223e+00   4.346703e-19   3.068300e-03   3.782690e-20   17421236
  5.499853e+00   5.891958e-19   3.069479e-03   3.750028e-20   17494160
  5.510478e+00   4.951369e-19   3.065109e-03   3.719707e-20   17538122
  5.521100e+00   5.443225e-19   3.067347e-03   3.690306e-20   17620136
  5.531731e+00   4.927468e-19   3.069687e-03   3.654880e-20   17700428
  5.542362e+00   4.386234e-19   3.068482e-03   3.624576e-20   17760320
  5.552991e+00   5.158886e-19   3.068060e-03   3.597976e-20   17827562
  5.563619e+00   5.217748e-19   3.067912e-03   3.568675e-20   17895488
  5.574247e+00   5.150113e-19   3.068230e-03   3.543263e-20   17963576
  5.584874e+00   4.639287e-19   3.067616e-03   3.509272e-20   18027500
  5.595502e+00   5.048572e-19   3.068831e-03   3.485951e-20   18105650
  5.606129e+00   4.698667e-19   3.066269e-03   3.456968e-20   18160880
  5.616752e+00   5.852673e-19   3.067084e-03   3.430116e-20   18233144
  5.627379e+00   5.261009e-19   3.067872e-03   3.402212e-20   18307310
  5.638008e+00   4.312385e-19   3.068420e-03   3.379014e-20   18381680
  5.648639e+00   4.653443e-19   3.068723e-03   3.351277e-20   18450536
  5.659270e+00   4.897219e-19   3.069549e-03   3.323672e-20   18522128
  5.669897e+00   5.660612e-19   3.067067e-03   3.300947e-20   18578414
  5.680523e+00   4.422068e-19   3.067781e-03   3.274638e-20   18654304
  5.691150e+00   5.668709e-19   3.067639e-03   3.247243e-20   18722304
  5.701780e+00   4.572213e-19   3.069442e-03   3.226670e-20   18802472
  5.712409e+00   4.556748e-19   3.067729e-03   3.204815e-20   18864266
  5.723037e+00   4.223929e-19   3.067347e-03   3.183115e-20   18933260
  5.733662e+00   5.148052e-19   3.066799e-03   3.157123e-20   18997448
  5.744288e+00   5.533464e-19   3.068953e-03   3.135646e-20   19079816
  5.754917e+00   5.214696e-19   3.067744e-03   3.116448e-20   19145330
  5.765545e+00   4.978313e-19   3.067941e-03   3.093262e-20   19218276
  5.776172e+00   4.335107e-19   3.067784e-03   3.070158e-20   19286200
  5.786797e+00   4.349359e-19   3.066457e-03   3.053011e-20   19349738
  5.797427e+00   4.525307e-19   3.070714e-03   3.032537e-20   19450040
  5.808057e+00   4.790860e-19   3.065907e-03   3.013066e-20   19489688
  5.818683e+00   4.449458e-19   3.068803e-03   2.991568e-20   19576868
  5.829310e+00   4.431370e-19   3.067331e-03   2.974331e-20   19640282
  5.839940e+00   4.881735e-19   3.069683e-03   2.953676e-20   19728800
  5.850566e+00   4.752194e-19   3.065237e-03   2.935917e-20   19770152
  5.861190e+00   4.173473e-19   3.068717e-03   2.915701e-20   19863516
  5.871821e+00   4.551392e-19   3.069639e-03   2.897904e-20   19943594
  5.882452e+00   4.663671e-19   3.067597e-03   2.879618e-20   20003440
  5.893081e+00   5.619007e-19   3.068832e-03   2.862635e-20   20081768
  5.903706e+00   4.267978e-19   3.066188e-03   2.846016e-20   20136200
  5.914335e+00   4.566476e-19   3.070449e-03   2.828094e-20   20238094
  5.924964e+00   4.175433e-19   3.066146e-03   2.814188e-20   20282544
  5.935584e+00   4.689054e-19   3.065727e-03   2.799356e-20   20351720
  5.946209e+00   4.919228e-19   3.068474e-03   2.780300e-20   20444714
  5.956838e+00   5.119538e-19   3.067781e-03   2.771915e-20   20515116
  5.967470e+00   4.657878e-19   3.070149e-03   2.754907e-20   20602384
  5.978102e+00   4.929716e-19   3.068165e-03   2.740159e-20   20659872
  5.988728e+00   4.492620e-19   3.067093e-03   2.725336e-20   20727682
  5.999356e+00   5.024196e-19   3.068732e-03   2.713558e-20   20814416
  6.009986e+00   5.077450e-19   3.068153e-03   2.697634e-20   20881100
  6.020612e+00   3.904156e-19   3.068117e-03   2.682454e-20   20953688
  6.031238e+00   3.847488e-19   3.066654e-03   2.673170e-20   21021050
  6.041866e+00   5.032974e-19   3.068891e-03   2.658198e-20   21111632
  6.052496e+00   4.710856e-19   3.068341e-03   2.649838e-20   21179972
  6.063121e+00   5.148122e-19   3.066368e-03   2.635570e-20   21240488
  6.073747e+00   4.625610e-19   3.068419e-03   2.626149e-20   21331418
  6.084375e+00   3.753839e-19   3.067338e-03   2.614173e-20   21397304
  6.095000e+00   4.954588e-19   3.067405e-03   2.602531e-20   21469764
  6.105627e+00   4.615940e-19   3.068819e-03   2.591383e-20   21556122
  6.116254e+00   4.551467e-19   3.066479e-03   2.585123e-20   21618312
  6.126884e+00   4.734183e-19   3.069809e-03   2.570918e-20   21716096
  6.137516e+00   4.385179e-19   3.068719e-03   2.562548e-20   21781352
  6.148144e+00   5.158368e-19   3.067428e-03   2.550745e-20   21848870
  6.158771e+00   5.151549e-19   3.067652e-03   2.546036e-20   21927536
  6.169400e+00   4.597441e-19   3.068795e-03   2.536438e-20   22008944
  6.180028e+00   4.782807e-19   3.067865e-03   2.526703e-20   22076136
  6.190652e+00   4.221084e-19   3.066547e-03   2.521340e-20   22145270
  6.201282e+00   4.749977e-19   3.070373e-03   2.509583e-20   22250960
  6.211913e+00   4.683653e-19   3.066914e-03   2.505296e-20   22300864
  6.222538e+00   5.520313e-19   3.067186e-03   2.496280e-20   22378586
  6.233165e+00   4.492955e-19   3.068261e-03   2.492431e-20   22464104
  6.243795e+00   4.340603e-19   3.068708e-03   2.484776e-20   22542892
  6.254421e+00   4.627642e-19   3.067123e-03   2.479053e-20   22606008
  6.265047e+00   5.067310e-19   3.067919e-03   2.471528e-20   22690002
  6.275673e+00   4.516283e-19   3.066936e-03   2.469934e-20   22762216
  6.286298e+00   4.266950e-19   3.068880e-03   2.448810e-20   22815779
  6.296927e+00   3.441195e-19   3.067733e-03   2.409104e-20   22772312
  6.307555e+00   2.436514e-19   3.067923e-03   2.368210e-20   22733708
  6.318183e+00   2.355191e-19   3.068441e-03   2.326267e-20   22697672
  6.328811e+00   1.822785e-19   3.067507e-03   2.287917e-20   22651460
  6.339438e+00   2.187296e-19   3.068199e-03   2.248544e-20   22616024
  6.350068e+00   2.350620e-19   3.069309e-03   2.211229e-20   22583496
  6.360694e+00   2.066214e-19   3.065960e-03   2.175107e-20   22519252
  6.371317e+00   1.622427e-19   3.067197e-03   2.139426e-20   22488992
  6.381944e+00   1.693496e-19   3.067780e-03   2.104394e-20   22453172
  6.392574e+00   1.688474e-19   3.069105e-03   2.072017e-20   22420584
  6.403204e+00   1.749880e-19   3.068296e-03   2.039090e-20   22371700
  6.413832e+00   1.886637e-19   3.068296e-03   2.007742e-20   22329896
  6.424460e+00   1.129196e-19   3.067512e-03   1.978555e-20   22282876
  6.435088e+00   1.842968e-19   3.068899e-03   1.947296e-20   22250692
  6.445715e+00   1.513435e-19   3.066872e-03   1.918767e-20   22194436
  6.456340e+00   1.438256e-19   3.066996e-03   1.889746e-20   22153540
  6.466968e+00   1.697417e-19   3.068722e-03   1.861173e-20   22122584
  6.477597e+00   1.721516e-19   3.067957e-03   1.834071e-20   22073004
  6.488227e+00   1.374936e-19   3.069406e-03   1.805147e-20   22039640
  6.498854e+00   1.338437e-19   3.066107e-03   1.781790e-20   21971624
  6.509482e+00   1.079668e-19   3.070097e-03   1.753546e-20   21955708
  6.520106e+00   1.009206e-19   3.063845e-03   1.732596e-20   21867720
  6.530733e+00   1.539664e-19   3.071600e-03   1.705016e-20   21878900
  6.541363e+00   9.253912e-20   3.065935e-03   1.683574e-20   21794260
  6.551990e+00   1.090860e-19   3.068881e-03   1.659471e-20   21770256
  6.562619e+00   1.467631e-19   3.068010e-03   1.635434e-20   21718124
  6.573247e+00   7.907109e-20   3.067905e-03   1.614775e-20   21671096
  6.583874e+00   1.195592e-19   3.067932e-03   1.592420e-20   21625412
  6.594503e+00   1.064986e-19   3.069070e-03   1.572049e-20   21587284
  6.605129e+00   7.475697e-20   3.066010e-03   1.550244e-20   21519648
  6.615755e+00   8.078772e-20   3.068792e-03   1.529939e-20   21493344
  6.626384e+00   1.055615e-19   3.067812e-03   1.510792e-20   21439360
  6.637013e+00   6.328092e-20   3.068679e-03   1.490637e-20   21398900
  6.647644e+00   1.224855e-19   3.068668e-03   1.471363e-20   21351488
  6.658271e+00   1.145585e-19   3.066526e-03   1.452700e-20   21288012
  6.668898e+00   8.906746e-20   3.068796e-03   1.434090e-20   21255052
  6.679525e+00   8.917678e-20   3.067400e-03   1.416470e-20   21196928
  6.690151e+00   7.357465e-20   3.067431e-03   1.397643e-20   21149036
  6.700778e+00   8.188900e-20   3.068015e-03   1.382749e-20   21105304
  6.711407e+00   9.901962e-20   3.068524e-03   1.364769e-20   21059992
  6.722038e+00   9.764255e-20   3.069263e-03   1.347979e-20   21014904
  6.732667e+00   1.022194e-19   3.067536e-03   1.333124e-20   20953620
  6.743293e+00   7.323620e-20   3.067478e-03   1.316097e-20   20902948
  6.753920e+00   7.651941e-20   3.068064e-03   1.299639e-20   20856528
  6.764548e+00   7.996435e-20   3.068448e-03   1.285558e-20   20808868
  6.775174e+00   9.700123e-20   3.066599e-03   1.268776e-20   20746700
  6.785798e+00   8.239874e-20   3.066925e-03   1.255395e-20   20699040
  6.796428e+00   6.531299e-20   3.069860e-03   1.241880e-20   20667584
  6.807054e+00   9.362807e-20   3.064988e-03   1.226830e-20   20583320
  6.817679e+00   1.208909e-19   3.069606e-03   1.211565e-20   20562728
  6.828310e+00   9.342566e-20   3.067915e-03   1.198926e-20   20499120
  6.838938e+00   8.728976e-20   3.068337e-03   1.186042e-20   20448668
  6.849566e+00   8.286370e-20   3.068077e-03   1.171600e-20   20394408
  6.860195e+00   9.873765e-20   3.068320e-03   1.159039e-20   20344236
  6.870823e+00   4.554590e-20   3.067630e-03   1.145454e-20   20287988
  6.881451e+00   8.023765e-20   3.068044e-03   1.132949e-20   20237280
  6.892077e+00   7.118656e-20   3.067320e-03   1.121343e-20   20178328
  6.902707e+00   4.999516e-20   3.069652e-03   1.108034e-20   20139844
  6.913336e+00   7.471599e-20   3.067174e-03   1.097282e-20   20069748
  6.923962e+00   9.732623e-20   3.067514e-03   1.085179e-20   20016800
  6.934587e+00   7.401403e-20   3.067642e-03   1.074175e-20   19962224
  6.945217e+00   5.989141e-20   3.069885e-03   1.062329e-20   19923568
  6.955848e+00   1.015893e-19   3.067490e-03   1.051634e-20   19854300
  6.966474e+00   6.616107e-20   3.067154e-03   1.039898e-20   19797056
  6.977101e+00   7.861163e-20   3.067706e-03   1.029363e-20   19744940
  6.987728e+00   5.949414e-20   3.068174e-03   1.018602e-20   19691768
  6.998356e+00   6.036668e-20   3.067321e-03   1.009213e-20   19629548
  7.008982e+00   7.835419e-20   3.067740e-03   9.982284e-21   19575480
  7.019610e+00   8.344918e-20   3.068413e-03   9.882087e-21   19523296
  7.030241e+00   5.402446e-20   3.069533e-03   9.789764e-21   19474344
  7.040867e+00   6.617400e-20   3.065611e-03   9.689835e-21   19392868
  7.051493e+00   7.217423e-20   3.069073e-03   9.583548e-21   19356176
  7.062123e+00   6.712650e-20   3.068592e-03   9.489084e-21   19294916
  7.072754e+00   7.837480e-20   3.069110e-03   9.394925e-21   19240856
  7.083382e+00   7.179682e-20   3.067066e-03   9.312586e-21   19170884
  7.094007e+00   6.903885e-20   3.066966e-03   9.219728e-21   19111352
  7.104633e+00   3.924129e-20   3.068278e-03   9.136109e-21   19060016
  7.115261e+00   3.438224e-20   3.067998e-03   9.048308e-21   18999752
  7.125886e+00   8.506886e-20   3.066210e-03   8.959534e-21   18930272
  7.136511e+00   7.420883e-20   3.068009e-03   8.881219e-21   18882340
  7.147141e+00   6.986340e-20   3.069133e-03   8.790648e-21   18829056
  7.157770e+00   8.186560e-20   3.067293e-03   8.715082e-21   18757640
  7.168398e+00   6.482808e-20   3.069197e-03   8.632656e-21   18709036
  7.179027e+00   5.964445e-20   3.067378e-03   8.553565e-21   18637668
  7.189656e+00   8.616722e-20   3.069146e-03   8.474040e-21   18587048
  7.200283e+00   7.777291e-20   3.066626e-03   8.399302e-21   18510972
  7.210909e+00   6.923967e-20   3.067730e-03   8.319616e-21   18456692
  7.221535e+00   6.839127e-20   3.067567e-03   8.245540e-21   18394084
  7.232164e+00   4.878978e-20   3.069110e-03   8.178700e-21   18341352
  7.242794e+00   6.760465e-20   3.068234e-03   8.099594e-21   18273884
  7.253423e+00   6.610616e-20   3.068036e-03   8.027278e-21   18211148
  7.264048e+00   5.283087e-20   3.066171e-03   7.963852e-21   18137692
  7.274674e+00   5.223999e-20   3.069088e-03   7.891396e-21   18091580
  7.285305e+00   3.593342e-20   3.068515e-03   7.825144e-21   18024560
  7.295932e+00   6.172854e-20   3.067362e-03   7.761215e-21   17955116
  7.306559e+00   7.245192e-20   3.067637e-03   7.692324e-21   17893232
  7.317187e+00   6.765644e-20   3.068343e-03   7.625678e-21   17832620
  7.327816e+00   5.022396e-20   3.068327e-03   7.569040e-21   17767864
  7.338445e+00   5.328442e-20   3.068809e-03   7.503444e-21   17706956
  7.349073e+00   5.311123e-20   3.066947e-03   7.447837e-21   17632632
  7.359699e+00   6.378506e-20   3.068061e-03   7.389559e-21   17573524
  7.370327e+00   5.483785e-20   3.067901e-03   7.317298e-21   17506380
  7.380954e+00   5.830247e-20   3.068207e-03   7.262212e-21   17442548
  7.391580e+00   5.847345e-20   3.066528e-03   7.213469e-21   17368556
  7.402208e+00   6.525260e-20   3.069314e-03   7.149966e-21   17318260
  7.412837e+00   6.114212e-20   3.067939e-03   7.097377e-21   17243792
  7.423463e+00   5.049115e-20   3.066549e-03   7.047409e-21   17169716
  7.434088e+00   4.268194e-20   3.067759e-03   6.986239e-21   17109768
  7.444715e+00   4.934560e-20   3.068012e-03   6.935861e-21   17044064
  7.455345e+00   3.717424e-20   3.068894e-03   6.881650e-21   16981560
  7.465972e+00   5.135653e-20   3.066680e-03   6.829218e-21   16902264
  7.476600e+00   4.583415e-20   3.069499e-03   6.774332e-21   16849940
  7.487230e+00   5.705385e-20   3.067461e-03   6.728785e-21   16770600
  7.497858e+00   5.857094e-20   3.068497e-03   6.670589e-21   16707512
  7.508485e+00   5.083051e-20   3.067634e-03   6.630794e-21   16634480
  7.519114e+00   4.423520e-20   3.068242e-03   6.581237e-21   16569424
  7.529741e+00   4.074375e-20   3.067751e-03   6.537454e-21   16497216
  7.540372e+00   4.946773e-20   3.069501e-03   6.485663e-21   16436416
  7.550999e+00   5.730259e-20   3.067032e-03   6.443555e-21   16353532
  7.561624e+00   3.869691e-20   3.067126e-03   6.396114e-21   16284908
  7.572251e+00   4.021235e-20   3.068426e-03   6.355949e-21   16221948
  7.582881e+00   4.985847e-20   3.068614e-03   6.307058e-21   16152552
  7.593510e+00   3.063419e-20   3.068122e-03   6.267813e-21   16078864
  7.604137e+00   3.767465e-20   3.067536e-03   6.217362e-21   16005296
  7.614766e+00   4.709733e-20   3.068300e-03   6.180855e-21   15938220
  7.625392e+00   6.296490e-20   3.066841e-03   6.148350e-21   15858440
  7.636016e+00   4.539537e-20   3.067373e-03   6.105315e-21   15789252
  7.646642e+00   5.002852e-20   3.067548e-03   6.062750e-21   15718944
  7.657269e+00   3.698502e-20   3.067947e-03   6.022553e-21   15648652
  7.667899e+00   3.617715e-20   3.069201e-03   5.988413e-21   15581944
  7.678531e+00   3.183009e-20   3.069010e-03   5.952450e-21   15508744
  7.689158e+00   5.015691e-20   3.066436e-03   5.910937e-21   15422472
  7.699784e+00   4.801850e-20   3.068878e-03   5.878108e-21   15361536
  7.710413e+00   3.031480e-20   3.067494e-03   5.839391e-21   15281048
  7.721038e+00   4.091626e-20   3.067557e-03   5.807319e-21   15207752
  7.731666e+00   1.703087e-20   3.067687e-03   5.768990e-21   15134800
  7.742292e+00   4.813729e-20   3.067594e-03   5.736440e-21   15059664
  7.752920e+00   4.722283e-20   3.068106e-03   5.702053e-21   14987020
  7.763550e+00   3.928201e-20   3.069757e-03   5.670823e-21   14919936
  7.774179e+00   2.802003e-20   3.066979e-03   5.637462e-21   14831776
  7.784807e+00   4.402935e-20   3.069197e-03   5.608361e-21   14767552
  7.795435e+00   4.920679e-20   3.066309e-03   5.579059e-21   14678336
  7.806062e+00   2.725214e-20   3.069079e-03   5.542699e-21   14615044
  7.816690e+00   4.315636e-20   3.067275e-03   5.514160e-21   14530200
  7.827317e+00   4.307393e-20   3.067927e-03   5.485255e-21   14457000
  7.837945e+00   3.432385e-20   3.068558e-03   5.453977e-21   14383440
  7.848573e+00   3.374183e-20   3.067003e-03   5.430673e-21   14299516
  7.859199e+00   3.147899e-20   3.067899e-03   5.397865e-21   14226024
  7.869825e+00   3.500232e-20   3.067223e-03   5.369351e-21   14145048
  7.880455e+00   4.089075e-20   3.070446e-03   5.344079e-21   14082144
  7.891083e+00   3.971389e-20   3.065393e-03   5.326363e-21   13981640
  7.901708e+00   3.113375e-20   3.068688e-03   5.294498e-21   13918460
  7.912338e+00   2.039223e-20   3.068702e-03   5.267913e-21   13839752
  7.922969e+00   3.572398e-20   3.069182e-03   5.240328e-21   13762736
  7.933598e+00   2.903846e-20   3.067868e-03   5.214480e-21   13677980
  7.944225e+00   3.865473e-20   3.067250e-03   5.194873e-21   13596196
  7.954850e+00   3.092190e-20   3.067470e-03   5.170880e-21   13517736
  7.965475e+00   2.786427e-20   3.066448e-03   5.147336e-21   13433184
  7.976100e+00   3.258575e-20   3.068623e-03   5.122668e-21   13362296
  7.986730e+00   2.980817e-20   3.068494e-03   5.104609e-21   13281376
  7.997360e+00   2.615441e-20   3.069113e-03   5.077380e-21   13203336
  8.007987e+00   3.406227e-20   3.066719e-03   5.062253e-21   13113016
  8.018613e+00   2.518609e-20   3.067735e-03   5.039327e-21   13036400
  8.029240e+00   4.171576e-20   3.067468e-03   5.021859e-21   12953648
  8.039869e+00   2.913808e-20   3.069185e-03   4.999284e-21   12879016
  8.050498e+00   3.162608e-20   3.067538e-03   4.980592e-21   12790124
  8.061127e+00   4.417673e-20   3.068996e-03   4.964002e-21   12714152
  8.071753e+00   2.692986e-20   3.066076e-03   4.948550e-21   12619608
  8.082379e+00   3.731813e-20   3.068682e-03   4.918138e-21   12547232
  8.093011e+00   3.013967e-20   3.070245e-03   4.903348e-21   12470568
  8.103638e+00   2.284996e-20   3.065215e-03   4.893128e-21   12368136
  8.114264e+00   3.509686e-20   3.069116e-03   4.871062e-21   12300504
  8.124894e+00   3.267886e-20   3.068128e-03   4.852768e-21   12212172
  8.135522e+00   1.198053e-20   3.067779e-03   4.839968e-21   12126228
  8.146149e+00   4.131292e-20   3.068089e-03   4.826450e-21   12043352
  8.156778e+00   4.417774e-20   3.068301e-03   4.804279e-21   11959896
  8.167401e+00   3.212730e-20   3.065268e-03   4.801124e-21   11863804
  8.178026e+00   2.355789e-20   3.068937e-03   4.774312e-21   11792812
  8.188656e+00   3.581051e-20   3.068597e-03   4.765391e-21   11705392
  8.199283e+00   3.979805e-20   3.066984e-03   4.756604e-21   11613836
  8.209914e+00   2.181866e-20   3.070536e-03   4.738206e-21   11541532
  8.220543e+00   3.882104e-20   3.066346e-03   4.733925e-21   11440232
  8.231170e+00   3.477154e-20   3.068846e-03   4.716331e-21   11363008
  8.241796e+00   2.833260e-20   3.066631e-03   4.704009e-21   11267848
  8.252424e+00   3.301758e-20   3.069306e-03   4.687808e-21   11190640
  8.263054e+00   3.244783e-20   3.068558e-03   4.677976e-21   11101084
  8.273680e+00   2.844640e-20   3.065604e-03   4.668445e-21   11003284
  8.284304e+00   3.251381e-20   3.068360e-03   4.657760e-21   10925424
  8.294932e+00   2.746921e-20   3.067667e-03   4.646962e-21   10834724
  8.305560e+00   2.982686e-20   3.068711e-03   4.637684e-21   10750156
  8.316186e+00   2.445170e-20   3.066587e-03   4.620425e-21   10655280
  8.326811e+00   1.815893e-20   3.067310e-03   4.623968e-21   10569120
  8.337437e+00   3.212563e-20   3.067168e-03   4.608596e-21   10479672
  8.348070e+00   1.694501e-20   3.071527e-03   4.596093e-21   10404504
  8.358704e+00   1.810350e-20   3.068456e-03   4.591712e-21   10304108
  8.369331e+00   2.635972e-20   3.066991e-03   4.583869e-21   10209940
  8.379958e+00   2.439241e-20   3.068937e-03   4.575186e-21   10126584
  8.390585e+00   2.790991e-20   3.066106e-03   4.565922e-21   10027064
  8.401210e+00   4.452778e-21   3.068731e-03   4.565788e-21   9945072
  8.411836e+00   2.218960e-20   3.065849e-03   4.553127e-21   9844764
  8.422464e+00   2.972998e-20   3.070904e-03   4.543826e-21   9769940
  8.433095e+00   2.262644e-20   3.066721e-03   4.541736e-21   9666072
  8.443721e+00   2.933829e-20   3.067629e-03   4.536509e-21   9577112
  8.454348e+00   2.859310e-20   3.067871e-03   4.531145e-21   9485848
  8.464977e+00   1.999940e-20   3.068818e-03   4.524355e-21   9396136
  8.475607e+00   3.568511e-20   3.068947e-03   4.517879e-21   9304408
  8.486231e+00   2.278174e-20   3.064605e-03   4.518565e-21   9199028
  8.496854e+00   2.513429e-20   3.068671e-03   4.509345e-21   9118288
  8.507481e+00   2.616998e-20   3.066868e-03   4.504459e-21   9019624
  8.518111e+00   2.956702e-20   3.070919e-03   4.497290e-21   8937420
  8.528743e+00   2.650607e-20   3.067653e-03   4.490851e-21   8835200
  8.539369e+00   1.004676e-20   3.066847e-03   4.493279e-21   8739332
  8.549995e+00   1.683949e-20   3.067747e-03   4.486458e-21   8648112
  8.560624e+00   1.821750e-20   3.067898e-03   4.482151e-21   8553372
  8.571253e+00   2.865169e-20   3.069319e-03   4.478425e-21   8461944
  8.581883e+00   2.620690e-20   3.068067e-03   4.473047e-21   8363348
  8.592509e+00   3.018049e-20   3.067870e-03   4.467872e-21   8267792
  8.603135e+00   2.940668e-20   3.066599e-03   4.464025e-21   8169380
  8.613762e+00   2.972510e-20   3.069517e-03   4.459253e-21   8081008
  8.624389e+00   1.441628e-20   3.065774e-03   4.451933e-21   7975632
  8.635016e+00   2.548688e-20   3.069603e-03   4.452192e-21   7889116
  8.645643e+00   2.687832e-20   3.066011e-03   4.443539e-21   7784008
  8.656270e+00   2.405130e-20   3.068709e-03   4.437480e-21   7693848
  8.666897e+00   2.492990e-20   3.067011e-03   4.431478e-21   7592468
  8.677525e+00   2.630795e-20   3.068931e-03   4.423873e-21   7499076
  8.688155e+00   2.289558e-20   3.069474e-03   4.409162e-21   7402880
  8.698786e+00   1.256857e-20   3.067607e-03   4.411489e-21   7300768
  8.709411e+00   2.723489e-20   3.067652e-03   4.402848e-21   7203316
  8.720032e+00   1.675643e-20   3.063689e-03   4.386965e-21   7095724
  8.730662e+00   2.566905e-20   3.073665e-03   4.382017e-21   7019608
  8.741295e+00   8.898362e-21   3.065344e-03   4.366122e-21   6901916
  8.751922e+00   1.165657e-20   3.069704e-03   4.365156e-21   6812952
  8.762548e+00   2.070849e-20   3.065523e-03   4.336073e-21   6704548
  8.773175e+00   4.594069e-21   3.068967e-03   4.334687e-21   6612168
  8.783803e+00   1.733858e-20   3.067598e-03   4.310631e-21   6508628
  8.794433e+00   1.488700e-20   3.069277e-03   4.293260e-21   6412072
  8.805059e+00   1.302481e-20   3.066868e-03   4.269416e-21   6306660
  8.815685e+00   1.075662e-20   3.067492e-03   4.250062e-21   6207592
  8.826308e+00   1.091571e-21   3.066222e-03   4.224375e-21   6103860
  8.836934e+00   1.143343e-20   3.068576e-03   4.190671e-21   6007184
  8.847563e+00   9.620048e-21   3.068782e-03   4.166851e-21   5905660
  8.858194e+00   1.434042e-20   3.069160e-03   4.117107e-21   5805132
  8.868823e+00   4.333427e-22   3.067313e-03   4.089293e-21   5700008
  8.879446e+00   1.681834e-20   3.065734e-03   4.036793e-21   5594856
  8.890075e+00   1.723144e-20   3.070306e-03   3.989080e-21   5502341
  8.900707e+00   9.110170e-21   3.068193e-03   3.950895e-21   5404852
  8.911333e+00   1.744090e-20   3.066920e-03   3.918153e-21   5313930
  8.921960e+00   1.029185e-20   3.068151e-03   3.891451e-21   5230396
  8.932587e+00   7.311026e-21   3.067037e-03   3.858384e-21   5145158
  8.943214e+00   1.407958e-21   3.067644e-03   3.829768e-21   5064506
  8.953844e+00   1.274686e-20   3.070354e-03   3.811215e-21   4989464
  8.964475e+00   7.980427e-21   3.067471e-03   3.788092e-21   4907486
  8.975102e+00   9.619407e-21   3.067454e-03   3.769738e-21   4831952
  8.985729e+00   1.120998e-20   3.067333e-03   3.738401e-21   4757392
  8.996357e+00   1.215782e-20   3.068563e-03   3.730043e-21   4685902
  9.006985e+00   7.781712e-21   3.067839e-03   3.710150e-21   4612826
  9.017611e+00   1.222428e-20   3.067647e-03   3.686716e-21   4542436
  9.028240e+00   1.288781e-20   3.068771e-03   3.672205e-21   4475408
  9.038866e+00   1.231676e-20   3.065432e-03   3.654155e-21   4402686
  9.049492e+00   1.037405e-20   3.069222e-03   3.639859e-21   4340854
  9.060123e+00   7.234541e-21   3.068666e-03   3.618410e-21   4273862
  9.070751e+00   6.256357e-21   3.068093e-03   3.607226e-21   4208538
  9.081377e+00   2.100128e-21   3.066329e-03   3.596620e-21   4142584
  9.092002e+00   6.943419e-21   3.067445e-03   3.587080e-21   4081232
  9.102629e+00   7.522338e-21   3.068061e-03   3.565769e-21   4019668
  9.113260e+00   9.496384e-21   3.070507e-03   3.552437e-21   3961416
  9.123892e+00   1.073013e-20   3.068468e-03   3.548536e-21   3898848
  9.134518e+00   1.550319e-20   3.065914e-03   3.534926e-21   3836718
  9.145140e+00   6.427777e-21   3.066518e-03   3.524111e-21   3779272
  9.155765e+00   3.446046e-21   3.066689e-03   3.510771e-21   3721434
  9.166394e+00   9.442003e-21   3.070316e-03   3.507733e-21   3668198
  9.177028e+00   1.232166e-20   3.069776e-03   3.501030e-21   3611346
  9.187656e+00   1.427179e-20   3.066455e-03   3.483599e-21   3552442
  9.198281e+00   1.399211e-20   3.067337e-03   3.486567e-21   3498908
  9.208908e+00   2.221915e-20   3.067980e-03   3.477075e-21   3445382
  9.219536e+00   4.808950e-21   3.068389e-03   3.465849e-21   3392244
  9.230165e+00   1.468672e-20   3.068360e-03   3.456611e-21   3339634
  9.240792e+00   -4.315978e-22   3.067248e-03   3.450493e-21   3286752
  9.251416e+00   1.048085e-20   3.065818e-03   3.445076e-21   3234180
  9.262040e+00   2.057114e-20   3.067094e-03   3.438979e-21   3184556
  9.272670e+00   1.118344e-20   3.070362e-03   3.442668e-21   3137238
  9.283304e+00   1.239071e-20   3.070377e-03   3.431513e-21   3087670
  9.293936e+00   1.457737e-20   3.068566e-03   3.426185e-21   3037460
  9.304560e+00   6.813618e-21   3.064548e-03   3.419326e-21   2985736
  9.315180e+00   5.616434e-21   3.066413e-03   3.419623e-21   2939708
  9.325811e+00   1.262518e-20   3.071553e-03   3.418724e-21   2897012
  9.336443e+00   7.474735e-21   3.067620e-03   3.412305e-21   2846890
  9.347067e+00   9.745991e-21   3.065693e-03   3.413602e-21   2799588
  9.357689e+00   1.565431e-20   3.066395e-03   3.417434e-21   2754954
  9.368315e+00   1.221891e-20   3.068270e-03   3.409816e-21   2711500
  9.378948e+00   8.025646e-21   3.070601e-03   3.411845e-21   2669006
  9.389576e+00   8.440896e-21   3.065837e-03   3.415917e-21   2621264
  9.400202e+00   1.393937e-20   3.068913e-03   3.403818e-21   2580726
  9.410830e+00   7.453007e-21   3.067141e-03   3.402091e-21   2536470
  9.421456e+00   -2.798804e-22   3.067445e-03   3.410601e-21   2494370
  9.432084e+00   8.705238e-21   3.068834e-03   3.411613e-21   2453556
  9.442716e+00   2.543799e-20   3.070117e-03   3.411542e-21   2413246
  9.453347e+00   7.440870e-21   3.067994e-03   3.411616e-21   2370914
  9.463973e+00   9.638795e-21   3.067217e-03   3.420738e-21   2330126
  9.474601e+00   4.305257e-21   3.068570e-03   3.427545e-21   2291406
  9.485227e+00   1.398470e-20   3.066158e-03   3.427060e-21   2250410
  9.495850e+00   6.989789e-21   3.066006e-03   3.432466e-21   2211486
  9.506474e+00   1.283068e-20   3.067734e-03   3.430661e-21   2174194
  9.517102e+00   7.575581e-21   3.068176e-03   3.439567e-21   2136416
  9.527733e+00   7.315490e-21   3.069929e-03   3.445616e-21   2100070
  9.538360e+00   3.744044e-21   3.065560e-03   3.459253e-21   2060026
  9.548986e+00   1.462563e-20   3.069362e-03   3.455383e-21   2025910
  9.559615e+00   1.028860e-20   3.067530e-03   3.460130e-21   1988576
  9.570241e+00   7.282664e-21   3.067060e-03   3.468412e-21   1952610
  9.580867e+00   9.655687e-21   3.067361e-03   3.480079e-21   1917470
  9.591493e+00   1.023584e-20   3.067399e-03   3.497707e-21   1882484
  9.602120e+00   8.119785e-21   3.068076e-03   3.488601e-21   1848262
  9.612753e+00   8.374075e-21   3.071327e-03   3.505531e-21   1816024
  9.623386e+00   2.367904e-21   3.068076e-03   3.513726e-21   1780418
  9.634012e+00   4.637895e-22   3.067038e-03   3.531264e-21   1746576
  9.644639e+00   -3.807974e-21   3.068628e-03   3.540072e-21   1714622
  9.655268e+00   -1.221072e-21   3.067669e-03   3.545873e-21   1681692
  9.665895e+00   1.656969e-21   3.067468e-03   3.564541e-21   1649574
  9.676515e+00   9.573885e-21   3.063511e-03   3.577956e-21   1615788
  9.687137e+00   -3.732864e-22   3.068656e-03   3.585406e-21   1587064
  9.697769e+00   1.681354e-20   3.069826e-03   3.597099e-21   1556598
  9.708400e+00   1.292253e-20   3.068471e-03   3.607611e-21   1525380
  9.719030e+00   9.115701e-21   3.068670e-03   3.628256e-21   1495360
  9.729656e+00   6.911515e-21   3.066126e-03   3.644536e-21   1464370
  9.740281e+00   1.507118e-20   3.067601e-03   3.652735e-21   1435656
  9.750907e+00   1.405366e-20   3.067002e-03   3.669366e-21   1406304
  9.761532e+00   5.698167e-21   3.067147e-03   3.699116e-21   1377628
  9.772159e+00   -9.588652e-21   3.068370e-03   3.712656e-21   1349744
  9.782788e+00   1.548718e-20   3.068343e-03   3.725770e-21   1321682
  9.793418e+00   1.360070e-20   3.069098e-03   3.749985e-21   1294376
  9.804048e+00   6.730589e-21   3.068140e-03   3.768674e-21   1266768
  9.814673e+00   4.725790e-21   3.066275e-03   3.800378e-21   1239172
  9.825295e+00   1.314809e-20   3.065238e-03   3.817560e-21   1212224
  9.835918e+00   8.311363e-21   3.067386e-03   3.832387e-21   1186796
  9.846547e+00   2.581119e-21   3.069034e-03   3.860463e-21   1161432
  9.857176e+00   1.537940e-20   3.067927e-03   3.882949e-21   1135408
  9.867804e+00   8.759954e-21   3.068239e-03   3.912907e-21   1110324
  9.878434e+00   1.398479e-20   3.068926e-03   3.939077e-21   1085680
  9.889062e+00   5.563736e-21   3.066842e-03   3.960577e-21   1060364
  9.899688e+00   1.759722e-20   3.068767e-03   3.978223e-21   1036736
  9.910321e+00   1.039231e-20   3.070562e-03   4.007924e-21   1013388
  9.920951e+00   1.007096e-20   3.066769e-03   4.045042e-21   988656
  9.931575e+00   4.868145e-24   3.066738e-03   4.074602e-21   965530
  9.942197e+00   -1.318795e-21   3.064855e-03   4.108132e-21   942100
  9.952819e+00   1.532107e-21   3.066142e-03   4.137488e-21   919888
  9.963442e+00   8.869832e-21   3.066491e-03   4.173342e-21   897628
  9.974067e+00   2.528727e-21   3.067504e-03   4.206286e-21   875856
  9.984696e+00   4.563899e-21   3.069599e-03   4.238518e-21   854736
  9.995330e+00   3.628453e-21   3.070044e-03   4.277445e-21   833510
  1.000596e+01   3.923113e-21   3.068120e-03   4.315641e-21   811976
  1.001659e+01   -9.561614e-22   3.066566e-03   4.370058e-21   790844
  1.002721e+01   5.374693e-21   3.066302e-03   4.403416e-21   770320
  1.003784e+01   2.776035e-21   3.069162e-03   4.435869e-21   750838
  1.004847e+01   3.416684e-21   3.068729e-03   4.474146e-21   730864
  1.005909e+01   9.774551e-21   3.067039e-03   4.522650e-21   710984
  1.006972e+01   2.745764e-21   3.067274e-03   4.564498e-21   691894
  1.008035e+01   8.044399e-21   3.066106e-03   4.645526e-21   672776
  1.009097e+01   5.916227e-21   3.067065e-03   4.681562e-21   654372
  1.010160e+01   -4.574362e-22   3.065537e-03   4.719958e-21   635682
  1.011222e+01   8.825775e-21   3.064886e-03   4.782029e-21   617460
  1.012284e+01   9.042970e-21   3.066767e-03   4.854509e-21   600024
  1.013346e+01   8.178979e-21   3.068404e-03   4.895818e-21   582830
  1.014410e+01   1.145400e-20   3.070337e-03   4.964220e-21   566000
  1.015473e+01   1.392108e-20   3.066543e-03   5.020375e-21   548458
  1.016535e+01   3.686470e-21   3.067619e-03   5.095740e-21   532084
  1.017598e+01   8.505074e-21   3.065740e-03   5.157041e-21   515440
  1.018660e+01   4.056849e-21   3.064533e-03   5.233687e-21   499174
  1.019722e+01   1.318904e-20   3.064552e-03   5.304572e-21   483368
  1.020784e+01   1.767225e-20   3.067558e-03   5.370227e-21   468270
  1.021847e+01   5.657821e-21   3.071740e-03   5.453275e-21   453568
  1.022911e+01   -4.926560e-21   3.068522e-03   5.539787e-21   438106
  1.023974e+01   6.777460e-21   3.068674e-03   5.586568e-21   423508
  1.025036e+01   -1.683690e-21   3.065352e-03   5.707492e-21   408754
  1.026098e+01   1.429392e-20   3.064549e-03   5.818731e-21   394612
  1.027160e+01   -6.338510e-21   3.064825e-03   5.904335e-21   380826
  1.028223e+01   -4.380887e-21   3.063635e-03   5.975724e-21   367086
  1.029285e+01   1.149612e-20   3.065226e-03   6.050969e-21   353904
  1.030347e+01   4.648117e-21   3.067842e-03   6.197428e-21   341046
  1.031410e+01   1.297352e-22   3.067827e-03   6.319144e-21   328144
  1.032473e+01   -7.646964e-21   3.068491e-03   6.391229e-21   315598
  1.033536e+01   8.374621e-21   3.070442e-03   6.508161e-21   303466
  1.034599e+01   -7.174720e-22   3.070558e-03   6.650649e-21   291456
  1.035662e+01   2.248984e-21   3.069010e-03   6.820726e-21   279614
  1.036725e+01   8.815914e-21   3.062765e-03   6.913002e-21   267680
  1.037786e+01   8.932877e-21   3.061142e-03   7.057590e-21   256438
  1.038848e+01   5.630778e-21   3.062004e-03   7.194424e-21   245618
  1.039909e+01   1.858228e-20   3.058865e-03   7.327988e-21   234708
  1.040970e+01   6.277420e-22   3.057929e-03   7.525356e-21   224210
  1.042032e+01   1.775251e-20   3.058509e-03   7.715839e-21   214046
  1.043093e+01   2.474665e-20   3.059874e-03   7.874349e-21   204152
  1.044155e+01   5.993355e-21   3.062766e-03   8.080613e-21   194558
  1.045217e+01   -1.407001e-21   3.062838e-03   8.246168e-21   185018
  1.046279e+01   -7.171661e-21   3.066092e-03   8.475490e-21   175918
  1.047341e+01   -3.110439e-21   3.068348e-03   8.723611e-21   166992
  1.048404e+01   7.192739e-21   3.070094e-03   8.997939e-21   158294
  1.049468e+01   9.674159e-21   3.071097e-03   9.236507e-21   149842
  1.050531e+01   -1.683510e-20   3.068653e-03   9.438103e-21   141530
  1.051593e+01   1.777977e-20   3.060509e-03   9.738810e-21   133284
  1.052654e+01   1.074995e-20   3.057354e-03   9.976947e-21   125546
  1.053715e+01   -5.425472e-21   3.051144e-03   1.040234e-20   117950
  1.054776e+01   -1.247959e-20   3.048602e-03   1.067076e-20   110746
  1.055836e+01   5.710670e-21   3.039799e-03   1.106279e-20   103572
  1.056895e+01   1.880136e-22   3.036073e-03   1.157171e-20   96818
  1.057954e+01   1.307471e-20   3.031333e-03   1.193518e-20   90262
  1.059013e+01   5.988108e-21   3.027317e-03   1.242242e-20   83970
  1.060072e+01   7.652548e-21   3.019853e-03   1.296011e-20   77846
  1.061129e+01   -2.100773e-20   3.012052e-03   1.336302e-20   71984
  1.062186e+01   1.367110e-20   3.005730e-03   1.384135e-20   66398
  1.063243e+01   4.003442e-20   3.000369e-03   1.436710e-20   61058
  1.064300e+01   2.603289e-20   2.995714e-03   1.504610e-20   55958
  1.065357e+01   2.518905e-20   2.990697e-03   1.605042e-20   51082
  1.066413e+01   2.336626e-20   2.981767e-03   1.699432e-20   46398
  1.067469e+01   -2.301329e-22   2.970930e-03   1.764415e-20   41954
  1.068524e+01   -3.551607e-20   2.955045e-03   1.841159e-20   37718
  1.069578e+01   -3.666008e-20   2.938133e-03   1.941508e-20   33736
  1.070631e+01   6.014704e-20   2.922830e-03   2.072853e-20   30006
  1.071684e+01   2.814065e-20   2.912268e-03   2.229668e-20   26522
  1.072739e+01   3.722993e-20   2.905476e-03   2.377741e-20   23254
  1.073793e+01   8.816541e-20   2.895825e-03   2.587744e-20   20178
  1.074848e+01   2.240563e-20   2.890787e-03   2.692521e-20   17342
  1.075903e+01   1.911002e-21   2.886580e-03   2.991728e-20   14714
  1.076959e+01   8.745003e-20   2.887906e-03   3.278889e-20   12310
  1.078015e+01   -4.086160e-21   2.880436e-03   3.642641e-20   10098
  1.079071e+01   -3.634495e-20   2.879327e-03   3.990856e-20   8126
  1.080127e+01   3.475328e-20   2.877797e-03   4.430130e-20   6362
  1.081184e+01   7.023047e-20   2.888638e-03   5.027654e-20   4822
  1.082239e+01   7.690045e-20   2.872451e-03   6.458760e-20   3474
  1.083292e+01   2.423221e-19   2.869225e-03   7.447969e-20   2366
  1.084344e+01   2.364681e-20   2.860034e-03   9.327490e-20   1466
  1.085397e+01   1.687253e-19   2.925135e-03   1.287501e-19   790
  1.086426e+01   -1.894253e-20   2.767211e-03   2.460446e-19   306
  1.087389e+01   3.533756e-19   2.357714e-03   6.273716e-19   62
