# cross spectrum of phi(z1) and phi(z2)
# redshift z=2.885851
# k              Pk             sigma(k)       sigma(Pk)      count
  7.830312e-03   2.691392e-10   1.198114e-03   6.060499e-11   18
  1.686348e-02   3.193760e-10   2.897918e-03   3.052824e-11   152
  2.725284e-02   1.905304e-10   3.060867e-03   8.907548e-12   416
  3.742835e-02   1.044013e-10   2.912555e-03   3.903223e-12   770
  4.808679e-02   6.571368e-11   3.119650e-03   1.925017e-12   1364
  5.876109e-02   4.300426e-11   3.054550e-03   9.766298e-13   1976
  6.939824e-02   3.286266e-11   3.112555e-03   6.267995e-13   2792
  7.984642e-02   2.387394e-11   2.971805e-03   4.107364e-13   3578
  9.038229e-02   1.724074e-11   3.049521e-03   2.561259e-13   4724
  1.011318e-01   1.266967e-11   3.134595e-03   1.681475e-13   6032
  1.117485e-01   9.925797e-12   3.016599e-03   1.208487e-13   7072
  1.222702e-01   8.293095e-12   3.056387e-03   9.136820e-14   8634
  1.329722e-01   7.051603e-12   3.095256e-03   7.057311e-14   10336
  1.436677e-01   5.667691e-12   3.082009e-03   5.150499e-14   11940
  1.541872e-01   4.511382e-12   3.021465e-03   4.004734e-14   13490
  1.647185e-01   3.697518e-12   3.054444e-03   2.948762e-14   15656
  1.754149e-01   3.119811e-12   3.102608e-03   2.375408e-14   18008
  1.860920e-01   2.750620e-12   3.069464e-03   1.982335e-14   19964
  1.966957e-01   2.390545e-12   3.066093e-03   1.623526e-14   22354
  2.072851e-01   2.029874e-12   3.030819e-03   1.323841e-14   24648
  2.179134e-01   1.730979e-12   3.083109e-03   1.063480e-14   27592
  2.285517e-01   1.487399e-12   3.075318e-03   8.672479e-15   30152
  2.391687e-01   1.308785e-12   3.069056e-03   7.363065e-15   33046
  2.497808e-01   1.186790e-12   3.053846e-03   6.488454e-15   35992
  2.604233e-01   1.058908e-12   3.074764e-03   5.504048e-15   39304
  2.710722e-01   9.546484e-13   3.082145e-03   4.747393e-15   42608
  2.817050e-01   8.253844e-13   3.058267e-03   4.041152e-15   45758
  2.923349e-01   7.330644e-13   3.072286e-03   3.450727e-15   49536
  3.029238e-01   6.604188e-13   3.039208e-03   3.044818e-15   52488
  3.135134e-01   6.010013e-13   3.084628e-03   2.651194e-15   57034
  3.241511e-01   5.342433e-13   3.061146e-03   2.276090e-15   60648
  3.347969e-01   4.905163e-13   3.076329e-03   2.041403e-15   65044
  3.454223e-01   4.484650e-13   3.057760e-03   1.798718e-15   68720
  3.560505e-01   4.035579e-13   3.078281e-03   1.574717e-15   73538
  3.667175e-01   3.666751e-13   3.076939e-03   1.393364e-15   78080
  3.773260e-01   3.385707e-13   3.039859e-03   1.264104e-15   81572
  3.879192e-01   3.088686e-13   3.081238e-03   1.123496e-15   87248
  3.985882e-01   2.825719e-13   3.084591e-03   1.003994e-15   92266
  4.092322e-01   2.607467e-13   3.063169e-03   9.087815e-16   96696
  4.198039e-01   2.396309e-13   3.037602e-03   8.237669e-16   100904
  4.303789e-01   2.197619e-13   3.065517e-03   7.407443e-16   107036
  4.410480e-01   2.032079e-13   3.089487e-03   6.611247e-16   113362
  4.517307e-01   1.876594e-13   3.072092e-03   6.041931e-16   118176
  4.623378e-01   1.751403e-13   3.054661e-03   5.567610e-16   122944
  4.729644e-01   1.626126e-13   3.083007e-03   5.009275e-16   129902
  4.836049e-01   1.491168e-13   3.061727e-03   4.548406e-16   134944
  4.942158e-01   1.393177e-13   3.064979e-03   4.180301e-16   140952
  5.048213e-01   1.288103e-13   3.064662e-03   3.834420e-16   147072
  5.154342e-01   1.203917e-13   3.060800e-03   3.498258e-16   153382
  5.260893e-01   1.119437e-13   3.082622e-03   3.204939e-16   160952
  5.367508e-01   1.044500e-13   3.070294e-03   2.939164e-16   166640
  5.473579e-01   9.762051e-14   3.057153e-03   2.745976e-16   172448
  5.579787e-01   9.147994e-14   3.077577e-03   2.500593e-16   180594
  5.686178e-01   8.566184e-14   3.060710e-03   2.325485e-16   186556
  5.792219e-01   8.002956e-14   3.063394e-03   2.160616e-16   193528
  5.898242e-01   7.541965e-14   3.060684e-03   2.016391e-16   200626
  6.004609e-01   7.020427e-14   3.076604e-03   1.851853e-16   209256
  6.111150e-01   6.626414e-14   3.069663e-03   1.720107e-16   216020
  6.217510e-01   6.246098e-14   3.075746e-03   1.610065e-16   223768
  6.323610e-01   5.828746e-14   3.055783e-03   1.496791e-16   230234
  6.429887e-01   5.485426e-14   3.074922e-03   1.389348e-16   239800
  6.536248e-01   5.119924e-14   3.063054e-03   1.291569e-16   246568
  6.642393e-01   4.877609e-14   3.068328e-03   1.215082e-16   254828
  6.748534e-01   4.585441e-14   3.064424e-03   1.126397e-16   263074
  6.854951e-01   4.331060e-14   3.071509e-03   1.058557e-16   272312
  6.961385e-01   4.067591e-14   3.070197e-03   9.895165e-17   280376
  7.067732e-01   3.827200e-14   3.071500e-03   9.304660e-17   288884
  7.174012e-01   3.604714e-14   3.068501e-03   8.692714e-17   297602
  7.280177e-01   3.416099e-14   3.057614e-03   8.200431e-17   305520
  7.386402e-01   3.229358e-14   3.075198e-03   7.680144e-17   315976
  7.492461e-01   3.039251e-14   3.052723e-03   7.247969e-17   322778
  7.598720e-01   2.905394e-14   3.080021e-03   6.836171e-17   335372
  7.705286e-01   2.719924e-14   3.068318e-03   6.427447e-17   343464
  7.811635e-01   2.577236e-14   3.070705e-03   6.010350e-17   352912
  7.917934e-01   2.443374e-14   3.070498e-03   5.711437e-17   362666
  8.024224e-01   2.318574e-14   3.063690e-03   5.409738e-17   371884
  8.130465e-01   2.196122e-14   3.069929e-03   5.118055e-17   382280
  8.236583e-01   2.090366e-14   3.060755e-03   4.844269e-17   390888
  8.342648e-01   1.962318e-14   3.067168e-03   4.545859e-17   402234
  8.448912e-01   1.855967e-14   3.064832e-03   4.302846e-17   412576
  8.555263e-01   1.767597e-14   3.071788e-03   4.079596e-17   423732
  8.661590e-01   1.679980e-14   3.068142e-03   3.890043e-17   433624
  8.767950e-01   1.589590e-14   3.072203e-03   3.669089e-17   445154
  8.874347e-01   1.505913e-14   3.069139e-03   3.498752e-17   455584
  8.980596e-01   1.429557e-14   3.064716e-03   3.315487e-17   465588
  9.086714e-01   1.357047e-14   3.065163e-03   3.144257e-17   476762
  9.193048e-01   1.289705e-14   3.073106e-03   2.991178e-17   489552
  9.299472e-01   1.226703e-14   3.069632e-03   2.853300e-17   500328
  9.405628e-01   1.165476e-14   3.059261e-03   2.730919e-17   509852
  9.511854e-01   1.104365e-14   3.074339e-03   2.583499e-17   524234
  9.618189e-01   1.058895e-14   3.061952e-03   2.475892e-17   534104
  9.724448e-01   9.978015e-15   3.070528e-03   2.360032e-17   547048
  9.830800e-01   9.540049e-15   3.073862e-03   2.251333e-17   559328
  9.937180e-01   9.066272e-15   3.070866e-03   2.152129e-17   571326
  1.004339e+00   8.584601e-15   3.060367e-03   2.055408e-17   581920
  1.014951e+00   8.164238e-15   3.064588e-03   1.960332e-17   594832
  1.025571e+00   7.775435e-15   3.068054e-03   1.875462e-17   608048
  1.036206e+00   7.439934e-15   3.070252e-03   1.788245e-17   621526
  1.046839e+00   7.057353e-15   3.066112e-03   1.716206e-17   633240
  1.057456e+00   6.671680e-15   3.064953e-03   1.644615e-17   645472
  1.068086e+00   6.447932e-15   3.075342e-03   1.582431e-17   660906
  1.078726e+00   6.072931e-15   3.067576e-03   1.510640e-17   672856
  1.089356e+00   5.782146e-15   3.067094e-03   1.451371e-17   685980
  1.099980e+00   5.534633e-15   3.067978e-03   1.389148e-17   699256
  1.110619e+00   5.219838e-15   3.074976e-03   1.328958e-17   714730
  1.121246e+00   5.010492e-15   3.059348e-03   1.279606e-17   725152
  1.131863e+00   4.764644e-15   3.067634e-03   1.228909e-17   740420
  1.142485e+00   4.544758e-15   3.069089e-03   1.179491e-17   754312
  1.153114e+00   4.323780e-15   3.069897e-03   1.135483e-17   769114
  1.163749e+00   4.107799e-15   3.069209e-03   1.089947e-17   783488
  1.174365e+00   3.928541e-15   3.058900e-03   1.051010e-17   794968
  1.184981e+00   3.766057e-15   3.070107e-03   1.014895e-17   812366
  1.195609e+00   3.576661e-15   3.065134e-03   9.701818e-18   825976
  1.206250e+00   3.413241e-15   3.075220e-03   9.358778e-18   843352
  1.216898e+00   3.252526e-15   3.073224e-03   9.020874e-18   857280
  1.227524e+00   3.081905e-15   3.063189e-03   8.687078e-18   869542
  1.238147e+00   2.946346e-15   3.070752e-03   8.385685e-18   887128
  1.248772e+00   2.785666e-15   3.063166e-03   8.072073e-18   900032
  1.259388e+00   2.673762e-15   3.067377e-03   7.784838e-18   916560
  1.270005e+00   2.543925e-15   3.061783e-03   7.521175e-18   930922
  1.280635e+00   2.429678e-15   3.071795e-03   7.266673e-18   949844
  1.291287e+00   2.308939e-15   3.076939e-03   7.011822e-18   966736
  1.301925e+00   2.200621e-15   3.065819e-03   6.775351e-18   978776
  1.312537e+00   2.100287e-15   3.064137e-03   6.558140e-18   994522
  1.323161e+00   1.994062e-15   3.068907e-03   6.330975e-18   1012420
  1.333794e+00   1.908544e-15   3.071598e-03   6.125718e-18   1029408
  1.344410e+00   1.820064e-15   3.058405e-03   5.923877e-18   1041658
  1.355032e+00   1.735615e-15   3.072381e-03   5.723639e-18   1063520
  1.365659e+00   1.665693e-15   3.060689e-03   5.559643e-18   1075808
  1.376294e+00   1.588893e-15   3.080019e-03   5.358575e-18   1098956
  1.386928e+00   1.503845e-15   3.061670e-03   5.184325e-18   1109810
  1.397545e+00   1.454121e-15   3.065288e-03   5.031839e-18   1128608
  1.408178e+00   1.373929e-15   3.073589e-03   4.874711e-18   1148264
  1.418813e+00   1.317161e-15   3.067917e-03   4.733082e-18   1163252
  1.429436e+00   1.238557e-15   3.067070e-03   4.575440e-18   1181042
  1.440060e+00   1.187458e-15   3.064325e-03   4.437077e-18   1197848
  1.450692e+00   1.123722e-15   3.073737e-03   4.286725e-18   1218848
  1.461323e+00   1.070220e-15   3.064859e-03   4.162833e-18   1232916
  1.471945e+00   1.032371e-15   3.068844e-03   4.053306e-18   1253002
  1.482566e+00   9.879189e-16   3.062284e-03   3.928120e-18   1268576
  1.493191e+00   9.361264e-16   3.071552e-03   3.812784e-18   1290128
  1.503822e+00   8.939333e-16   3.068342e-03   3.704685e-18   1307402
  1.514455e+00   8.558384e-16   3.069122e-03   3.587820e-18   1327028
  1.525083e+00   8.186790e-16   3.064970e-03   3.480267e-18   1343648
  1.535711e+00   7.847631e-16   3.070217e-03   3.384819e-18   1364096
  1.546341e+00   7.333297e-16   3.068950e-03   3.291845e-18   1382730
  1.556974e+00   7.065580e-16   3.068757e-03   3.203054e-18   1402164
  1.567604e+00   6.712192e-16   3.068159e-03   3.107619e-18   1420464
  1.578221e+00   6.404396e-16   3.063798e-03   3.021928e-18   1437368
  1.588847e+00   6.137507e-16   3.072142e-03   2.936294e-18   1461530
  1.599480e+00   5.776117e-16   3.065069e-03   2.855416e-18   1478264
  1.610108e+00   5.502476e-16   3.068902e-03   2.782142e-18   1499356
  1.620732e+00   5.265709e-16   3.065238e-03   2.706015e-18   1517016
  1.631360e+00   5.063230e-16   3.070849e-03   2.636856e-18   1540090
  1.641988e+00   4.858828e-16   3.065366e-03   2.559541e-18   1557360
  1.652609e+00   4.620438e-16   3.066926e-03   2.495648e-18   1577780
  1.663242e+00   4.382197e-16   3.075107e-03   2.427612e-18   1602578
  1.673875e+00   4.146727e-16   3.063542e-03   2.371690e-18   1617672
  1.684498e+00   3.954785e-16   3.069033e-03   2.307017e-18   1641016
  1.695122e+00   3.767355e-16   3.065080e-03   2.244562e-18   1659416
  1.705746e+00   3.587084e-16   3.068431e-03   2.187764e-18   1682670
  1.716382e+00   3.423015e-16   3.070690e-03   2.124869e-18   1705256
  1.727024e+00   3.277717e-16   3.071890e-03   2.074435e-18   1726312
  1.737645e+00   3.107616e-16   3.062639e-03   2.024124e-18   1741880
  1.748261e+00   2.964239e-16   3.067156e-03   1.975882e-18   1766454
  1.758897e+00   2.823381e-16   3.073105e-03   1.926891e-18   1791784
  1.769528e+00   2.674524e-16   3.063894e-03   1.876338e-18   1807712
  1.780139e+00   2.554541e-16   3.062775e-03   1.832343e-18   1829002
  1.790759e+00   2.441475e-16   3.067263e-03   1.785006e-18   1854216
  1.801400e+00   2.354532e-16   3.074631e-03   1.740871e-18   1880156
  1.812037e+00   2.254183e-16   3.068349e-03   1.699726e-18   1897568
  1.822663e+00   2.116985e-16   3.068475e-03   1.659468e-18   1920458
  1.833288e+00   1.986460e-16   3.065997e-03   1.617925e-18   1942208
  1.843915e+00   1.894148e-16   3.067813e-03   1.578237e-18   1965612
  1.854544e+00   1.830569e-16   3.069639e-03   1.544436e-18   1989000
  1.865168e+00   1.741377e-16   3.064465e-03   1.507539e-18   2009114
  1.875791e+00   1.681383e-16   3.067400e-03   1.472060e-18   2034464
  1.886424e+00   1.606112e-16   3.070174e-03   1.436528e-18   2058476
  1.897052e+00   1.506397e-16   3.068039e-03   1.404603e-18   2079648
  1.907673e+00   1.435845e-16   3.065891e-03   1.372079e-18   2102578
  1.918306e+00   1.371336e-16   3.070742e-03   1.338575e-18   2129928
  1.928942e+00   1.352730e-16   3.069733e-03   1.311216e-18   2152096
  1.939563e+00   1.270483e-16   3.062858e-03   1.283380e-18   2171142
  1.950185e+00   1.209888e-16   3.069150e-03   1.250574e-18   2200248
  1.960824e+00   1.112706e-16   3.071017e-03   1.220239e-18   2225216
  1.971460e+00   1.083261e-16   3.070942e-03   1.195688e-18   2248448
  1.982084e+00   1.026941e-16   3.064272e-03   1.170436e-18   2267942
  1.992710e+00   9.915447e-17   3.071051e-03   1.143842e-18   2298072
  2.003337e+00   9.235426e-17   3.064068e-03   1.118163e-18   2317272
  2.013961e+00   9.073225e-17   3.069747e-03   1.094231e-18   2345808
  2.024580e+00   8.650930e-17   3.062469e-03   1.071466e-18   2365650
  2.035206e+00   7.994173e-17   3.069930e-03   1.046961e-18   2396940
  2.045842e+00   7.862064e-17   3.069936e-03   1.022570e-18   2421272
  2.056473e+00   7.148592e-17   3.068399e-03   1.003275e-18   2444576
  2.067102e+00   7.081654e-17   3.069748e-03   9.793224e-19   2471490
  2.077728e+00   6.988867e-17   3.064854e-03   9.592820e-19   2493180
  2.088349e+00   6.447413e-17   3.068019e-03   9.400583e-19   2520952
  2.098972e+00   6.268060e-17   3.065319e-03   9.195688e-19   2544946
  2.109598e+00   5.847009e-17   3.068311e-03   9.001165e-19   2573856
  2.120230e+00   5.614315e-17   3.069026e-03   8.814533e-19   2600016
  2.130862e+00   5.583674e-17   3.069102e-03   8.626469e-19   2625484
  2.141490e+00   5.204610e-17   3.068080e-03   8.456628e-19   2651122
  2.152130e+00   4.824528e-17   3.074348e-03   8.264746e-19   2683488
  2.162754e+00   4.699881e-17   3.059466e-03   8.119260e-19   2696352
  2.173371e+00   4.619532e-17   3.071171e-03   7.935182e-19   2733020
  2.184002e+00   4.677723e-17   3.067530e-03   7.779585e-19   2757378
  2.194631e+00   4.077901e-17   3.067942e-03   7.630076e-19   2784864
  2.205259e+00   3.933699e-17   3.067811e-03   7.479060e-19   2811168
  2.215874e+00   3.809628e-17   3.061061e-03   7.332854e-19   2832274
  2.226505e+00   3.510146e-17   3.075611e-03   7.173128e-19   2873636
  2.237142e+00   3.282666e-17   3.064877e-03   7.038986e-19   2890496
  2.247766e+00   3.146517e-17   3.069851e-03   6.888393e-19   2921800
  2.258399e+00   3.195881e-17   3.071101e-03   6.755743e-19   2951298
  2.269032e+00   2.973803e-17   3.066274e-03   6.625569e-19   2975476
  2.279663e+00   2.814538e-17   3.071375e-03   6.497255e-19   3007728
  2.290285e+00   2.796275e-17   3.061886e-03   6.374731e-19   3025776
  2.300910e+00   2.669809e-17   3.072955e-03   6.238928e-19   3065762
  2.311540e+00   2.548997e-17   3.063208e-03   6.135537e-19   3084856
  2.322162e+00   2.500141e-17   3.068985e-03   6.004922e-19   3118044
  2.332782e+00   2.403975e-17   3.064319e-03   5.898010e-19   3141352
  2.343410e+00   2.274075e-17   3.072036e-03   5.776039e-19   3179274
  2.354046e+00   2.214044e-17   3.067682e-03   5.671998e-19   3204120
  2.364668e+00   1.992213e-17   3.063610e-03   5.571424e-19   3227900
  2.375288e+00   2.036618e-17   3.068722e-03   5.451466e-19   3262394
  2.385925e+00   1.832722e-17   3.071814e-03   5.354841e-19   3295680
  2.396559e+00   1.774044e-17   3.067166e-03   5.263425e-19   3319560
  2.407184e+00   1.713591e-17   3.068070e-03   5.152339e-19   3348972
  2.417810e+00   1.583552e-17   3.068540e-03   5.071762e-19   3379722
  2.428441e+00   1.575114e-17   3.068348e-03   4.967109e-19   3410720
  2.439075e+00   1.568970e-17   3.069517e-03   4.879712e-19   3441504
  2.449697e+00   1.456746e-17   3.063301e-03   4.797447e-19   3463624
  2.460317e+00   1.338473e-17   3.068043e-03   4.706595e-19   3499790
  2.470951e+00   1.356145e-17   3.070702e-03   4.611541e-19   3533560
  2.481588e+00   1.336808e-17   3.069830e-03   4.532840e-19   3561920
  2.492209e+00   1.378312e-17   3.064208e-03   4.446947e-19   3585208
  2.502830e+00   1.210125e-17   3.069185e-03   4.369661e-19   3622518
  2.513468e+00   1.272680e-17   3.072344e-03   4.288936e-19   3657584
  2.524094e+00   1.122606e-17   3.062507e-03   4.221405e-19   3676440
  2.534707e+00   1.030085e-17   3.065232e-03   4.141476e-19   3711282
  2.545334e+00   1.082586e-17   3.068763e-03   4.062080e-19   3747696
  2.555965e+00   1.128334e-17   3.067225e-03   3.997724e-19   3776188
  2.566601e+00   1.104032e-17   3.074483e-03   3.926276e-19   3815304
  2.577232e+00   9.479494e-18   3.064660e-03   3.857916e-19   3835370
  2.587856e+00   9.745841e-18   3.068926e-03   3.787304e-19   3873424
  2.598487e+00   9.752334e-18   3.067978e-03   3.726217e-19   3903420
  2.609117e+00   9.004991e-18   3.070036e-03   3.659393e-19   3937624
  2.619745e+00   8.826836e-18   3.066011e-03   3.597679e-19   3965658
  2.630375e+00   8.426758e-18   3.069802e-03   3.537160e-19   4002984
  2.641001e+00   7.152600e-18   3.065136e-03   3.478259e-19   4027928
  2.651616e+00   7.458634e-18   3.064941e-03   3.411469e-19   4059844
  2.662241e+00   8.139021e-18   3.069945e-03   3.355675e-19   4100338
  2.672876e+00   8.034585e-18   3.069128e-03   3.299254e-19   4132264
  2.683506e+00   7.981282e-18   3.068474e-03   3.241182e-19   4163216
  2.694131e+00   7.057839e-18   3.066146e-03   3.192556e-19   4193350
  2.704761e+00   6.992060e-18   3.071068e-03   3.136995e-19   4234456
  2.715390e+00   7.485637e-18   3.064079e-03   3.083281e-19   4257264
  2.726012e+00   6.664120e-18   3.069774e-03   3.032160e-19   4297352
  2.736640e+00   6.382353e-18   3.067495e-03   2.981946e-19   4328642
  2.747272e+00   5.605670e-18   3.070663e-03   2.928186e-19   4367948
  2.757895e+00   6.247951e-18   3.061799e-03   2.887555e-19   4388384
  2.768519e+00   6.169667e-18   3.072247e-03   2.831209e-19   4436648
  2.779154e+00   5.611769e-18   3.067997e-03   2.790450e-19   4465658
  2.789787e+00   5.908156e-18   3.069677e-03   2.741358e-19   4502948
  2.800413e+00   5.756090e-18   3.064787e-03   2.696585e-19   4528880
  2.811033e+00   5.280927e-18   3.067181e-03   2.654988e-19   4566290
  2.821663e+00   5.010548e-18   3.070655e-03   2.610908e-19   4606856
  2.832293e+00   4.900351e-18   3.066552e-03   2.570547e-19   4635380
  2.842916e+00   5.658115e-18   3.067131e-03   2.530194e-19   4670384
  2.853543e+00   5.199574e-18   3.069161e-03   2.487191e-19   4709258
  2.864179e+00   4.995809e-18   3.070324e-03   2.443949e-19   4747352
  2.874805e+00   5.107757e-18   3.063655e-03   2.412274e-19   4771664
  2.885427e+00   4.552651e-18   3.068600e-03   2.367220e-19   4813532
  2.896058e+00   5.402777e-18   3.070437e-03   2.329700e-19   4852322
  2.906693e+00   4.946604e-18   3.069013e-03   2.296302e-19   4886480
  2.917320e+00   4.918791e-18   3.066289e-03   2.258657e-19   4917248
  2.927939e+00   4.300505e-18   3.065099e-03   2.223149e-19   4950828
  2.938569e+00   4.513776e-18   3.072788e-03   2.187662e-19   5000170
  2.949204e+00   4.649742e-18   3.066857e-03   2.156094e-19   5026952
  2.959825e+00   4.060913e-18   3.064676e-03   2.121466e-19   5058752
  2.970445e+00   4.501886e-18   3.067741e-03   2.085298e-19   5100722
  2.981076e+00   4.342072e-18   3.068979e-03   2.055244e-19   5140124
  2.991706e+00   4.371764e-18   3.067937e-03   2.024336e-19   5174072
  3.002335e+00   3.987845e-18   3.068928e-03   1.994633e-19   5211608
  3.012962e+00   3.828272e-18   3.067917e-03   1.962879e-19   5247794
  3.023589e+00   4.131983e-18   3.066908e-03   1.932556e-19   5284196
  3.034222e+00   4.144937e-18   3.071657e-03   1.901103e-19   5328800
  3.044847e+00   3.640504e-18   3.063109e-03   1.874951e-19   5350872
  3.055470e+00   3.623149e-18   3.069608e-03   1.845696e-19   5400634
  3.066097e+00   3.431864e-18   3.065291e-03   1.819512e-19   5430968
  3.076725e+00   3.974087e-18   3.070185e-03   1.790279e-19   5475908
  3.087355e+00   3.366474e-18   3.068352e-03   1.763675e-19   5510016
  3.097986e+00   3.103646e-18   3.069695e-03   1.735133e-19   5552114
  3.108620e+00   3.530793e-18   3.068841e-03   1.711352e-19   5588944
  3.119249e+00   3.081092e-18   3.067703e-03   1.690390e-19   5623828
  3.129873e+00   3.180820e-18   3.066629e-03   1.663833e-19   5660722
  3.140497e+00   3.425003e-18   3.066422e-03   1.639456e-19   5699896
  3.151124e+00   3.432871e-18   3.068968e-03   1.611995e-19   5741936
  3.161754e+00   3.305103e-18   3.069010e-03   1.587203e-19   5779568
  3.172381e+00   3.047956e-18   3.067639e-03   1.565178e-19   5817222
  3.183006e+00   3.162686e-18   3.066013e-03   1.542933e-19   5854600
  3.193635e+00   3.155177e-18   3.069791e-03   1.519932e-19   5900040
  3.204262e+00   3.524217e-18   3.066501e-03   1.498655e-19   5931976
  3.214890e+00   3.064119e-18   3.070101e-03   1.477818e-19   5979390
  3.225518e+00   3.390472e-18   3.065321e-03   1.454603e-19   6010200
  3.236144e+00   3.119114e-18   3.069327e-03   1.433528e-19   6056496
  3.246769e+00   3.199623e-18   3.066211e-03   1.415130e-19   6089504
  3.257396e+00   2.690505e-18   3.069391e-03   1.394036e-19   6137114
  3.268025e+00   3.177341e-18   3.067201e-03   1.374219e-19   6173332
  3.278652e+00   2.650855e-18   3.067882e-03   1.355247e-19   6214128
  3.289279e+00   2.955535e-18   3.067306e-03   1.334847e-19   6253874
  3.299910e+00   3.191439e-18   3.069629e-03   1.317361e-19   6300104
  3.310539e+00   2.858221e-18   3.066365e-03   1.296819e-19   6332612
  3.321166e+00   2.676006e-18   3.070240e-03   1.278474e-19   6379768
  3.331797e+00   2.791376e-18   3.068597e-03   1.261700e-19   6418218
  3.342427e+00   2.695081e-18   3.068360e-03   1.244863e-19   6459880
  3.353052e+00   2.528553e-18   3.066116e-03   1.226237e-19   6495652
  3.363680e+00   2.472620e-18   3.070231e-03   1.207993e-19   6545296
  3.374311e+00   2.730289e-18   3.067227e-03   1.192188e-19   6581570
  3.384935e+00   2.446232e-18   3.065246e-03   1.174851e-19   6618960
  3.395556e+00   2.730405e-18   3.067158e-03   1.159830e-19   6663352
  3.406178e+00   2.469998e-18   3.065376e-03   1.143242e-19   6701334
  3.416809e+00   2.426033e-18   3.072512e-03   1.126074e-19   6759920
  3.427444e+00   2.631133e-18   3.067179e-03   1.110849e-19   6789696
  3.438073e+00   2.486765e-18   3.069955e-03   1.096999e-19   6837208
  3.448703e+00   2.423241e-18   3.067492e-03   1.083613e-19   6874966
  3.459333e+00   2.308817e-18   3.068613e-03   1.067126e-19   6920864
  3.469960e+00   2.338402e-18   3.066758e-03   1.052468e-19   6957816
  3.480585e+00   2.575418e-18   3.068144e-03   1.038162e-19   7002232
  3.491208e+00   2.368968e-18   3.066540e-03   1.024308e-19   7043114
  3.501840e+00   2.816036e-18   3.070403e-03   1.009043e-19   7096020
  3.512471e+00   2.381615e-18   3.067394e-03   9.972905e-20   7130640
  3.523097e+00   2.136128e-18   3.068276e-03   9.836962e-20   7175472
  3.533723e+00   2.373719e-18   3.067248e-03   9.717570e-20   7217786
  3.544353e+00   2.247582e-18   3.068999e-03   9.573577e-20   7265564
  3.554979e+00   1.998132e-18   3.066319e-03   9.460419e-20   7301288
  3.565600e+00   2.291315e-18   3.066375e-03   9.319413e-20   7345330
  3.576227e+00   2.388839e-18   3.069052e-03   9.200512e-20   7397048
  3.586856e+00   2.100665e-18   3.067039e-03   9.081058e-20   7435920
  3.597485e+00   2.374150e-18   3.069220e-03   8.969637e-20   7484140
  3.608113e+00   2.223516e-18   3.067643e-03   8.843809e-20   7525578
  3.618741e+00   2.166637e-18   3.067518e-03   8.726899e-20   7571376
  3.629371e+00   2.067124e-18   3.068480e-03   8.615461e-20   7617064
  3.640002e+00   2.058407e-18   3.069456e-03   8.507514e-20   7662092
  3.650627e+00   2.343065e-18   3.066324e-03   8.407219e-20   7699658
  3.661254e+00   2.169354e-18   3.068945e-03   8.275744e-20   7752416
  3.671886e+00   2.089091e-18   3.069408e-03   8.177346e-20   7797776
  3.682511e+00   1.961969e-18   3.065176e-03   8.082673e-20   7831720
  3.693136e+00   2.089164e-18   3.069723e-03   7.965132e-20   7889926
  3.703768e+00   2.212752e-18   3.067981e-03   7.860395e-20   7931480
  3.714397e+00   1.858515e-18   3.068251e-03   7.771141e-20   7976688
  3.725016e+00   2.009400e-18   3.062621e-03   7.677166e-20   8007786
  3.735639e+00   1.845412e-18   3.070332e-03   7.570308e-20   8074564
  3.746275e+00   1.984040e-18   3.070085e-03   7.466300e-20   8118904
  3.756904e+00   2.143649e-18   3.066957e-03   7.377219e-20   8155824
  3.767533e+00   1.856925e-18   3.070641e-03   7.282636e-20   8212802
  3.778161e+00   1.766933e-18   3.065118e-03   7.195427e-20   8245268
  3.788791e+00   1.848178e-18   3.071754e-03   7.099950e-20   8308816
  3.799422e+00   1.749612e-18   3.066301e-03   7.020189e-20   8340304
  3.810044e+00   1.609383e-18   3.066222e-03   6.935917e-20   8387738
  3.820668e+00   1.729084e-18   3.067207e-03   6.844097e-20   8437624
  3.831296e+00   1.876398e-18   3.068826e-03   6.746153e-20   8487796
  3.841921e+00   1.857297e-18   3.066430e-03   6.674942e-20   8527936
  3.852549e+00   1.756229e-18   3.069409e-03   6.592154e-20   8585122
  3.863180e+00   1.869618e-18   3.067925e-03   6.506014e-20   8628200
  3.873811e+00   1.679935e-18   3.069670e-03   6.427554e-20   8679484
  3.884439e+00   1.876128e-18   3.067320e-03   6.352323e-20   8721466
  3.895064e+00   1.717497e-18   3.065795e-03   6.273077e-20   8765840
  3.905692e+00   1.744343e-18   3.070355e-03   6.192493e-20   8825136
  3.916320e+00   1.504861e-18   3.066753e-03   6.121283e-20   8861768
  3.926948e+00   1.597787e-18   3.069321e-03   6.048717e-20   8919278
  3.937577e+00   1.622824e-18   3.066595e-03   5.975022e-20   8961008
  3.948205e+00   1.655546e-18   3.068779e-03   5.905540e-20   9014456
  3.958835e+00   1.620581e-18   3.068818e-03   5.829473e-20   9062240
  3.969465e+00   1.539433e-18   3.068277e-03   5.761693e-20   9110510
  3.980091e+00   1.676388e-18   3.066455e-03   5.694491e-20   9154048
  3.990712e+00   1.476619e-18   3.065703e-03   5.624215e-20   9198928
  4.001336e+00   1.494481e-18   3.068826e-03   5.559908e-20   9257194
  4.011967e+00   1.397799e-18   3.069362e-03   5.492758e-20   9310168
  4.022596e+00   1.455602e-18   3.066324e-03   5.425353e-20   9350316
  4.033222e+00   1.547547e-18   3.069210e-03   5.365857e-20   9407120
  4.043852e+00   1.478704e-18   3.068250e-03   5.295194e-20   9454642
  4.054482e+00   1.459076e-18   3.068405e-03   5.237428e-20   9506272
  4.065111e+00   1.399543e-18   3.067355e-03   5.174891e-20   9551228
  4.075735e+00   1.451013e-18   3.067594e-03   5.117899e-20   9600264
  4.086360e+00   1.398973e-18   3.067530e-03   5.053122e-20   9651458
  4.096991e+00   1.466638e-18   3.070122e-03   4.993538e-20   9711488
  4.107620e+00   1.317947e-18   3.066189e-03   4.941674e-20   9749144
  4.118247e+00   1.478447e-18   3.069033e-03   4.878178e-20   9807908
  4.128876e+00   1.454439e-18   3.067607e-03   4.821388e-20   9854786
  4.139508e+00   1.284579e-18   3.070269e-03   4.762007e-20   9914304
  4.150134e+00   1.297087e-18   3.064668e-03   4.714440e-20   9945544
  4.160753e+00   1.303866e-18   3.066794e-03   4.662345e-20   10003414
  4.171379e+00   1.432687e-18   3.068671e-03   4.605236e-20   10062032
  4.182011e+00   1.315832e-18   3.069142e-03   4.555275e-20   10114792
  4.192645e+00   1.303763e-18   3.070449e-03   4.498327e-20   10169936
  4.203267e+00   1.258784e-18   3.062650e-03   4.462831e-20   10196602
  4.213895e+00   1.061386e-18   3.072265e-03   4.396926e-20   10281156
  4.224526e+00   1.212874e-18   3.065688e-03   4.351828e-20   10309376
  4.235150e+00   1.200377e-18   3.068567e-03   4.300772e-20   10369856
  4.245775e+00   1.214551e-18   3.066063e-03   4.254451e-20   10415370
  4.256404e+00   1.202918e-18   3.070045e-03   4.204066e-20   10481988
  4.267039e+00   1.090986e-18   3.069556e-03   4.156608e-20   10531200
  4.277665e+00   1.156042e-18   3.065408e-03   4.114499e-20   10569416
  4.288289e+00   1.201942e-18   3.068216e-03   4.069416e-20   10633066
  4.298919e+00   1.146401e-18   3.068866e-03   4.024494e-20   10687548
  4.309552e+00   1.054369e-18   3.070419e-03   3.974894e-20   10743968
  4.320180e+00   1.140378e-18   3.065849e-03   3.937356e-20   10782130
  4.330801e+00   1.091751e-18   3.066095e-03   3.894285e-20   10837792
  4.341427e+00   9.703064e-19   3.068321e-03   3.847346e-20   10897368
  4.352058e+00   1.005579e-18   3.069642e-03   3.806803e-20   10953940
  4.362687e+00   1.028960e-18   3.067969e-03   3.767115e-20   11003274
  4.373313e+00   9.835986e-19   3.066343e-03   3.728869e-20   11052800
  4.383943e+00   8.968170e-19   3.070099e-03   3.684776e-20   11118176
  4.394573e+00   9.335095e-19   3.067934e-03   3.647327e-20   11162268
  4.405196e+00   9.572322e-19   3.066117e-03   3.607703e-20   11211458
  4.415820e+00   8.530998e-19   3.067310e-03   3.569083e-20   11271888
  4.426448e+00   9.425366e-19   3.068640e-03   3.531904e-20   11329304
  4.437073e+00   9.938070e-19   3.066385e-03   3.495791e-20   11375026
  4.447701e+00   8.209065e-19   3.069261e-03   3.455855e-20   11442532
  4.458330e+00   7.579685e-19   3.066551e-03   3.420998e-20   11487264
  4.468957e+00   8.530500e-19   3.068098e-03   3.384144e-20   11545680
  4.479587e+00   7.186879e-19   3.069842e-03   3.348248e-20   11607058
  4.490221e+00   8.351820e-19   3.069925e-03   3.315147e-20   11664300
  4.500851e+00   7.963810e-19   3.066963e-03   3.277822e-20   11707488
  4.511474e+00   7.254570e-19   3.066617e-03   3.246616e-20   11759536
  4.522104e+00   7.725615e-19   3.071176e-03   3.207743e-20   11833690
  4.532737e+00   7.536424e-19   3.067542e-03   3.183686e-20   11877808
  4.543362e+00   8.283459e-19   3.065778e-03   3.145039e-20   11925836
  4.553987e+00   6.426763e-19   3.068899e-03   3.111569e-20   11992168
  4.564616e+00   6.756484e-19   3.067784e-03   3.082909e-20   12044554
  4.575242e+00   7.132679e-19   3.067168e-03   3.055019e-20   12098976
  4.585865e+00   6.245097e-19   3.066173e-03   3.017459e-20   12149996
  4.596487e+00   5.618181e-19   3.067038e-03   2.987223e-20   12209594
  4.607117e+00   6.234472e-19   3.069983e-03   2.958661e-20   12279272
  4.617752e+00   6.315527e-19   3.070004e-03   2.926299e-20   12336072
  4.628383e+00   6.194758e-19   3.067416e-03   2.897913e-20   12381744
  4.639009e+00   5.735597e-19   3.068068e-03   2.870615e-20   12441590
  4.649637e+00   5.968117e-19   3.067557e-03   2.841268e-20   12497256
  4.660262e+00   5.101097e-19   3.066825e-03   2.813833e-20   12550032
  4.670884e+00   4.398629e-19   3.066185e-03   2.780431e-20   12603936
  4.681508e+00   4.039964e-19   3.068111e-03   2.758457e-20   12671230
  4.692142e+00   5.231510e-19   3.070828e-03   2.728540e-20   12740920
  4.702775e+00   4.921661e-19   3.067767e-03   2.704168e-20   12784560
  4.713398e+00   4.077699e-19   3.065894e-03   2.673684e-20   12834176
  4.724025e+00   4.474562e-19   3.069663e-03   2.652613e-20   12909006
  4.734656e+00   4.020457e-19   3.068089e-03   2.625426e-20   12959680
  4.745283e+00   4.129411e-19   3.067551e-03   2.600783e-20   13014232
  4.755909e+00   3.591552e-19   3.068154e-03   2.572257e-20   13076514
  4.766534e+00   3.504926e-19   3.065684e-03   2.554418e-20   13127112
  4.777164e+00   3.418006e-19   3.070665e-03   2.523086e-20   13205852
  4.787797e+00   3.411686e-19   3.068206e-03   2.500521e-20   13252032
  4.798423e+00   2.628631e-19   3.066967e-03   2.478844e-20   13307450
  4.809051e+00   3.168555e-19   3.068506e-03   2.453211e-20   13374160
  4.819680e+00   1.849410e-19   3.067567e-03   2.434924e-20   13426348
  4.830308e+00   3.296318e-19   3.069633e-03   2.405496e-20   13492760
  4.840934e+00   2.170829e-19   3.066142e-03   2.385277e-20   13539546
  4.851560e+00   1.888500e-19   3.068338e-03   2.363023e-20   13610704
  4.862187e+00   1.572976e-19   3.066835e-03   2.345000e-20   13662024
  4.872813e+00   2.049504e-19   3.068248e-03   2.319165e-20   13727492
  4.883443e+00   1.684427e-19   3.069111e-03   2.297010e-20   13793394
  4.894073e+00   9.921991e-20   3.067154e-03   2.280393e-20   13844456
  4.904699e+00   1.115843e-19   3.067927e-03   2.256519e-20   13905184
  4.915325e+00   1.829755e-19   3.067971e-03   2.234520e-20   13965958
  4.925951e+00   1.077995e-19   3.067148e-03   2.213571e-20   14025192
  4.936580e+00   1.216285e-19   3.068951e-03   2.197724e-20   14093768
  4.947211e+00   7.633068e-20   3.068454e-03   2.174235e-20   14150440
  4.957840e+00   -4.185119e-21   3.068630e-03   2.158209e-20   14213450
  4.968468e+00   3.189673e-20   3.066726e-03   2.142726e-20   14267036
  4.979095e+00   3.752525e-21   3.068568e-03   2.118761e-20   14335032
  4.989722e+00   2.227549e-20   3.067092e-03   2.099971e-20   14387664
  5.000347e+00   -4.995532e-20   3.068270e-03   2.082425e-20   14455698
  5.010977e+00   -9.070247e-20   3.068677e-03   2.065424e-20   14520452
  5.021607e+00   -8.029414e-20   3.068497e-03   2.046785e-20   14580272
  5.032232e+00   -1.026791e-19   3.065614e-03   2.026747e-20   14628050
  5.042860e+00   -1.366964e-19   3.070982e-03   2.009926e-20   14716744
  5.053489e+00   -1.327799e-19   3.065407e-03   1.996878e-20   14751712
  5.064115e+00   -1.572562e-19   3.069456e-03   1.974142e-20   14831620
  5.074740e+00   -1.800796e-19   3.065470e-03   1.961417e-20   14875522
  5.085366e+00   -2.159475e-19   3.068961e-03   1.945195e-20   14956720
  5.095994e+00   -1.886834e-19   3.066998e-03   1.927057e-20   15008272
  5.106620e+00   -2.716370e-19   3.067783e-03   1.910329e-20   15073780
  5.117248e+00   -2.162378e-19   3.069002e-03   1.894030e-20   15144866
  5.127883e+00   -3.547931e-19   3.070052e-03   1.879584e-20   15213872
  5.138515e+00   -3.151524e-19   3.067931e-03   1.862289e-20   15263976
  5.149140e+00   -2.770757e-19   3.066723e-03   1.846705e-20   15320236
  5.159767e+00   -2.536299e-19   3.069367e-03   1.833976e-20   15398322
  5.170396e+00   -3.051256e-19   3.067121e-03   1.817613e-20   15450864
  5.181021e+00   -3.918752e-19   3.067373e-03   1.805043e-20   15513888
  5.191645e+00   -3.959511e-19   3.066596e-03   1.789013e-20   15574626
  5.202274e+00   -4.142559e-19   3.069893e-03   1.775876e-20   15657956
  5.212904e+00   -3.732304e-19   3.066736e-03   1.762659e-20   15704248
  5.223531e+00   -4.221326e-19   3.068512e-03   1.748283e-20   15774824
  5.234161e+00   -4.826360e-19   3.069354e-03   1.732898e-20   15844898
  5.244790e+00   -5.099208e-19   3.066994e-03   1.723897e-20   15898956
  5.255415e+00   -4.849354e-19   3.067091e-03   1.707739e-20   15961768
  5.266040e+00   -5.175426e-19   3.068481e-03   1.694427e-20   16032208
  5.276669e+00   -5.352960e-19   3.068464e-03   1.682881e-20   16099530
  5.287295e+00   -5.485453e-19   3.065856e-03   1.669899e-20   16152712
  5.297924e+00   -5.941640e-19   3.069693e-03   1.654802e-20   16235740
  5.308553e+00   -5.806120e-19   3.067725e-03   1.641296e-20   16288856
  5.319183e+00   -6.152518e-19   3.069408e-03   1.630677e-20   16365074
  5.329812e+00   -6.337758e-19   3.067066e-03   1.620696e-20   16418248
  5.340434e+00   -6.335846e-19   3.065573e-03   1.608651e-20   16473180
  5.351058e+00   -6.602893e-19   3.069491e-03   1.594565e-20   16560234
  5.361687e+00   -6.730365e-19   3.067046e-03   1.584040e-20   16616088
  5.372317e+00   -7.100356e-19   3.069133e-03   1.572851e-20   16693264
  5.382948e+00   -7.400829e-19   3.068526e-03   1.559202e-20   16753864
  5.393577e+00   -7.511831e-19   3.068569e-03   1.550513e-20   16820702
  5.404204e+00   -7.551914e-19   3.066887e-03   1.538818e-20   16879288
  5.414832e+00   -7.583976e-19   3.068277e-03   1.527241e-20   16951712
  5.425456e+00   -7.840184e-19   3.066689e-03   1.517733e-20   17007560
  5.436084e+00   -7.608317e-19   3.069534e-03   1.507462e-20   17092086
  5.446713e+00   -7.979067e-19   3.067265e-03   1.497123e-20   17148392
  5.457342e+00   -8.229195e-19   3.068696e-03   1.485949e-20   17222288
  5.467971e+00   -8.762414e-19   3.068089e-03   1.475876e-20   17285096
  5.478597e+00   -9.010435e-19   3.066549e-03   1.467923e-20   17344826
  5.489223e+00   -9.186463e-19   3.068300e-03   1.456832e-20   17421236
  5.499853e+00   -9.202356e-19   3.069479e-03   1.446824e-20   17494160
  5.510478e+00   -9.424563e-19   3.065109e-03   1.440497e-20   17538122
  5.521100e+00   -9.635979e-19   3.067347e-03   1.430682e-20   17620136
  5.531731e+00   -9.728843e-19   3.069687e-03   1.420240e-20   17700428
  5.542362e+00   -9.812913e-19   3.068482e-03   1.409718e-20   17760320
  5.552991e+00   -1.017915e-18   3.068060e-03   1.400434e-20   17827562
  5.563619e+00   -9.895426e-19   3.067912e-03   1.395530e-20   17895488
  5.574247e+00   -1.019702e-18   3.068230e-03   1.384875e-20   17963576
  5.584874e+00   -1.053250e-18   3.067616e-03   1.376418e-20   18027500
  5.595502e+00   -1.059829e-18   3.068831e-03   1.371722e-20   18105650
  5.606129e+00   -1.088707e-18   3.066269e-03   1.360117e-20   18160880
  5.616752e+00   -1.136524e-18   3.067084e-03   1.352145e-20   18233144
  5.627379e+00   -1.131169e-18   3.067872e-03   1.343795e-20   18307310
  5.638008e+00   -1.152011e-18   3.068420e-03   1.335139e-20   18381680
  5.648639e+00   -1.129360e-18   3.068723e-03   1.330628e-20   18450536
  5.659270e+00   -1.208381e-18   3.069549e-03   1.320333e-20   18522128
  5.669897e+00   -1.229292e-18   3.067067e-03   1.313539e-20   18578414
  5.680523e+00   -1.240261e-18   3.067781e-03   1.309107e-20   18654304
  5.691150e+00   -1.231937e-18   3.067639e-03   1.301713e-20   18722304
  5.701780e+00   -1.280580e-18   3.069442e-03   1.293798e-20   18802472
  5.712409e+00   -1.300771e-18   3.067729e-03   1.286405e-20   18864266
  5.723037e+00   -1.286857e-18   3.067347e-03   1.280035e-20   18933260
  5.733662e+00   -1.288895e-18   3.066799e-03   1.272541e-20   18997448
  5.744288e+00   -1.295064e-18   3.068953e-03   1.265639e-20   19079816
  5.754917e+00   -1.344473e-18   3.067744e-03   1.261821e-20   19145330
  5.765545e+00   -1.350346e-18   3.067941e-03   1.254091e-20   19218276
  5.776172e+00   -1.380686e-18   3.067784e-03   1.248491e-20   19286200
  5.786797e+00   -1.373277e-18   3.066457e-03   1.242003e-20   19349738
  5.797427e+00   -1.367346e-18   3.070714e-03   1.235364e-20   19450040
  5.808057e+00   -1.391828e-18   3.065907e-03   1.232465e-20   19489688
  5.818683e+00   -1.409264e-18   3.068803e-03   1.226510e-20   19576868
  5.829310e+00   -1.445079e-18   3.067331e-03   1.220020e-20   19640282
  5.839940e+00   -1.489452e-18   3.069683e-03   1.215803e-20   19728800
  5.850566e+00   -1.443328e-18   3.065237e-03   1.210651e-20   19770152
  5.861190e+00   -1.495668e-18   3.068717e-03   1.202466e-20   19863516
  5.871821e+00   -1.488846e-18   3.069639e-03   1.198386e-20   19943594
  5.882452e+00   -1.503044e-18   3.067597e-03   1.196778e-20   20003440
  5.893081e+00   -1.558893e-18   3.068832e-03   1.190434e-20   20081768
  5.903706e+00   -1.513897e-18   3.066188e-03   1.184799e-20   20136200
  5.914335e+00   -1.551559e-18   3.070449e-03   1.181202e-20   20238094
  5.924964e+00   -1.570100e-18   3.066146e-03   1.176096e-20   20282544
  5.935584e+00   -1.618087e-18   3.065727e-03   1.171340e-20   20351720
  5.946209e+00   -1.590505e-18   3.068474e-03   1.165779e-20   20444714
  5.956838e+00   -1.611337e-18   3.067781e-03   1.164104e-20   20515116
  5.967470e+00   -1.615742e-18   3.070149e-03   1.159488e-20   20602384
  5.978102e+00   -1.637863e-18   3.068165e-03   1.154389e-20   20659872
  5.988728e+00   -1.649552e-18   3.067093e-03   1.153371e-20   20727682
  5.999356e+00   -1.628523e-18   3.068732e-03   1.149060e-20   20814416
  6.009986e+00   -1.681457e-18   3.068153e-03   1.143970e-20   20881100
  6.020612e+00   -1.667244e-18   3.068117e-03   1.140534e-20   20953688
  6.031238e+00   -1.705184e-18   3.066654e-03   1.138393e-20   21021050
  6.041866e+00   -1.726052e-18   3.068891e-03   1.135547e-20   21111632
  6.052496e+00   -1.696042e-18   3.068341e-03   1.131763e-20   21179972
  6.063121e+00   -1.714821e-18   3.066368e-03   1.128170e-20   21240488
  6.073747e+00   -1.745404e-18   3.068419e-03   1.127550e-20   21331418
  6.084375e+00   -1.746730e-18   3.067338e-03   1.123865e-20   21397304
  6.095000e+00   -1.749969e-18   3.067405e-03   1.120104e-20   21469764
  6.105627e+00   -1.740188e-18   3.068819e-03   1.116297e-20   21556122
  6.116254e+00   -1.762602e-18   3.066479e-03   1.118831e-20   21618312
  6.126884e+00   -1.779463e-18   3.069809e-03   1.115713e-20   21716096
  6.137516e+00   -1.776419e-18   3.068719e-03   1.111715e-20   21781352
  6.148144e+00   -1.817646e-18   3.067428e-03   1.110238e-20   21848870
  6.158771e+00   -1.804599e-18   3.067652e-03   1.108067e-20   21927536
  6.169400e+00   -1.805553e-18   3.068795e-03   1.106065e-20   22008944
  6.180028e+00   -1.825983e-18   3.067865e-03   1.103584e-20   22076136
  6.190652e+00   -1.848022e-18   3.066547e-03   1.103317e-20   22145270
  6.201282e+00   -1.833359e-18   3.070373e-03   1.101292e-20   22250960
  6.211913e+00   -1.806749e-18   3.066914e-03   1.097883e-20   22300864
  6.222538e+00   -1.848995e-18   3.067186e-03   1.098727e-20   22378586
  6.233165e+00   -1.867677e-18   3.068261e-03   1.098354e-20   22464104
  6.243795e+00   -1.875722e-18   3.068708e-03   1.096277e-20   22542892
  6.254421e+00   -1.880540e-18   3.067123e-03   1.093697e-20   22606008
  6.265047e+00   -1.879984e-18   3.067919e-03   1.094920e-20   22690002
  6.275673e+00   -1.873899e-18   3.066936e-03   1.094793e-20   22762216
  6.286298e+00   -1.805107e-18   3.068880e-03   1.079263e-20   22815779
  6.296927e+00   -1.591692e-18   3.067733e-03   1.049152e-20   22772312
  6.307555e+00   -1.431875e-18   3.067923e-03   1.016219e-20   22733708
  6.318183e+00   -1.223317e-18   3.068441e-03   9.828042e-21   22697672
  6.328811e+00   -1.064591e-18   3.067507e-03   9.536941e-21   22651460
  6.339438e+00   -9.366082e-19   3.068199e-03   9.249920e-21   22616024
  6.350068e+00   -8.446293e-19   3.069309e-03   8.976758e-21   22583496
  6.360694e+00   -6.972836e-19   3.065960e-03   8.739840e-21   22519252
  6.371317e+00   -6.154471e-19   3.067197e-03   8.488459e-21   22488992
  6.381944e+00   -5.407068e-19   3.067780e-03   8.244579e-21   22453172
  6.392574e+00   -4.742415e-19   3.069105e-03   8.030424e-21   22420584
  6.403204e+00   -3.976606e-19   3.068296e-03   7.813159e-21   22371700
  6.413832e+00   -3.843275e-19   3.068296e-03   7.611486e-21   22329896
  6.424460e+00   -3.227977e-19   3.067512e-03   7.419351e-21   22282876
  6.435088e+00   -2.887669e-19   3.068899e-03   7.230547e-21   22250692
  6.445715e+00   -2.395520e-19   3.066872e-03   7.041767e-21   22194436
  6.456340e+00   -2.158587e-19   3.066996e-03   6.882876e-21   22153540
  6.466968e+00   -1.842699e-19   3.068722e-03   6.706223e-21   22122584
  6.477597e+00   -1.515619e-19   3.067957e-03   6.550954e-21   22073004
  6.488227e+00   -1.445500e-19   3.069406e-03   6.392812e-21   22039640
  6.498854e+00   -1.268595e-19   3.066107e-03   6.253368e-21   21971624
  6.509482e+00   -1.123189e-19   3.070097e-03   6.108071e-21   21955708
  6.520106e+00   -1.039526e-19   3.063845e-03   5.967408e-21   21867720
  6.530733e+00   -8.307248e-20   3.071600e-03   5.831738e-21   21878900
  6.541363e+00   -6.764659e-20   3.065935e-03   5.708200e-21   21794260
  6.551990e+00   -6.401469e-20   3.068881e-03   5.584345e-21   21770256
  6.562619e+00   -3.904992e-20   3.068010e-03   5.463192e-21   21718124
  6.573247e+00   -4.677094e-20   3.067905e-03   5.338917e-21   21671096
  6.583874e+00   -3.543314e-20   3.067932e-03   5.238911e-21   21625412
  6.594503e+00   -3.415539e-20   3.069070e-03   5.121076e-21   21587284
  6.605129e+00   -2.103894e-20   3.066010e-03   5.025650e-21   21519648
  6.615755e+00   -2.664028e-20   3.068792e-03   4.912919e-21   21493344
  6.626384e+00   -2.102773e-20   3.067812e-03   4.814542e-21   21439360
  6.637013e+00   -2.657145e-20   3.068679e-03   4.727819e-21   21398900
  6.647644e+00   -1.417203e-20   3.068668e-03   4.628852e-21   21351488
  6.658271e+00   -6.179819e-21   3.066526e-03   4.545862e-21   21288012
  6.668898e+00   -1.009119e-20   3.068796e-03   4.460392e-21   21255052
  6.679525e+00   -1.712229e-20   3.067400e-03   4.376821e-21   21196928
  6.690151e+00   -8.088651e-21   3.067431e-03   4.290285e-21   21149036
  6.700778e+00   -6.759442e-21   3.068015e-03   4.213683e-21   21105304
  6.711407e+00   -1.467140e-20   3.068524e-03   4.138699e-21   21059992
  6.722038e+00   -1.879217e-21   3.069263e-03   4.068622e-21   21014904
  6.732667e+00   -1.699624e-21   3.067536e-03   3.994916e-21   20953620
  6.743293e+00   -1.422135e-20   3.067478e-03   3.921432e-21   20902948
  6.753920e+00   7.962854e-22   3.068064e-03   3.855170e-21   20856528
  6.764548e+00   3.610862e-22   3.068448e-03   3.789666e-21   20808868
  6.775174e+00   8.835073e-21   3.066599e-03   3.726896e-21   20746700
  6.785798e+00   6.630333e-21   3.066925e-03   3.664654e-21   20699040
  6.796428e+00   -8.804850e-22   3.069860e-03   3.604428e-21   20667584
  6.807054e+00   7.006709e-21   3.064988e-03   3.543698e-21   20583320
  6.817679e+00   -9.212552e-21   3.069606e-03   3.488061e-21   20562728
  6.828310e+00   6.042689e-21   3.067915e-03   3.433213e-21   20499120
  6.838938e+00   -3.948956e-21   3.068337e-03   3.373670e-21   20448668
  6.849566e+00   5.981986e-21   3.068077e-03   3.321983e-21   20394408
  6.860195e+00   6.049520e-21   3.068320e-03   3.274026e-21   20344236
  6.870823e+00   -7.093151e-21   3.067630e-03   3.224324e-21   20287988
  6.881451e+00   1.037103e-20   3.068044e-03   3.173900e-21   20237280
  6.892077e+00   1.191485e-21   3.067320e-03   3.127736e-21   20178328
  6.902707e+00   2.398755e-21   3.069652e-03   3.077074e-21   20139844
  6.913336e+00   -2.633208e-21   3.067174e-03   3.033673e-21   20069748
  6.923962e+00   2.378902e-21   3.067514e-03   2.994183e-21   20016800
  6.934587e+00   -3.846718e-21   3.067642e-03   2.952471e-21   19962224
  6.945217e+00   5.700624e-21   3.069885e-03   2.907752e-21   19923568
  6.955848e+00   -1.274662e-21   3.067490e-03   2.869758e-21   19854300
  6.966474e+00   -5.382233e-21   3.067154e-03   2.830055e-21   19797056
  6.977101e+00   -4.172630e-21   3.067706e-03   2.792095e-21   19744940
  6.987728e+00   3.215149e-22   3.068174e-03   2.758041e-21   19691768
  6.998356e+00   -7.866640e-21   3.067321e-03   2.718023e-21   19629548
  7.008982e+00   1.115770e-21   3.067740e-03   2.681502e-21   19575480
  7.019610e+00   -1.122012e-21   3.068413e-03   2.645128e-21   19523296
  7.030241e+00   1.569074e-21   3.069533e-03   2.613532e-21   19474344
  7.040867e+00   -2.866508e-21   3.065611e-03   2.581678e-21   19392868
  7.051493e+00   3.669999e-21   3.069073e-03   2.545910e-21   19356176
  7.062123e+00   -5.425328e-21   3.068592e-03   2.516054e-21   19294916
  7.072754e+00   3.983402e-21   3.069110e-03   2.486522e-21   19240856
  7.083382e+00   -3.325947e-21   3.067066e-03   2.455860e-21   19170884
  7.094007e+00   1.520587e-21   3.066966e-03   2.427614e-21   19111352
  7.104633e+00   -3.199758e-21   3.068278e-03   2.397122e-21   19060016
  7.115261e+00   1.948440e-21   3.067998e-03   2.368022e-21   18999752
  7.125886e+00   5.523406e-22   3.066210e-03   2.341130e-21   18930272
  7.136511e+00   2.477694e-21   3.068009e-03   2.314421e-21   18882340
  7.147141e+00   -1.433644e-21   3.069133e-03   2.286590e-21   18829056
  7.157770e+00   3.044523e-21   3.067293e-03   2.263547e-21   18757640
  7.168398e+00   2.434242e-21   3.069197e-03   2.238855e-21   18709036
  7.179027e+00   2.990540e-21   3.067378e-03   2.213200e-21   18637668
  7.189656e+00   -5.883774e-21   3.069146e-03   2.188414e-21   18587048
  7.200283e+00   1.903459e-21   3.066626e-03   2.166131e-21   18510972
  7.210909e+00   6.601844e-22   3.067730e-03   2.142968e-21   18456692
  7.221535e+00   -6.522743e-22   3.067567e-03   2.120684e-21   18394084
  7.232164e+00   2.495520e-21   3.069110e-03   2.097709e-21   18341352
  7.242794e+00   -2.288870e-21   3.068234e-03   2.076720e-21   18273884
  7.253423e+00   -1.678793e-23   3.068036e-03   2.055572e-21   18211148
  7.264048e+00   9.154997e-23   3.066171e-03   2.036497e-21   18137692
  7.274674e+00   4.697076e-22   3.069088e-03   2.015923e-21   18091580
  7.285305e+00   2.787134e-21   3.068515e-03   1.995122e-21   18024560
  7.295932e+00   6.620745e-22   3.067362e-03   1.977026e-21   17955116
  7.306559e+00   2.960478e-21   3.067637e-03   1.958655e-21   17893232
  7.317187e+00   1.094381e-21   3.068343e-03   1.939087e-21   17832620
  7.327816e+00   5.651527e-22   3.068327e-03   1.919857e-21   17767864
  7.338445e+00   3.021677e-21   3.068809e-03   1.902245e-21   17706956
  7.349073e+00   -1.354164e-21   3.066947e-03   1.885576e-21   17632632
  7.359699e+00   -1.936935e-21   3.068061e-03   1.870573e-21   17573524
  7.370327e+00   1.729959e-21   3.067901e-03   1.853297e-21   17506380
  7.380954e+00   -1.727830e-22   3.068207e-03   1.837851e-21   17442548
  7.391580e+00   -2.577038e-21   3.066528e-03   1.823526e-21   17368556
  7.402208e+00   -1.624272e-21   3.069314e-03   1.805653e-21   17318260
  7.412837e+00   1.437779e-21   3.067939e-03   1.792143e-21   17243792
  7.423463e+00   -1.869058e-21   3.066549e-03   1.777234e-21   17169716
  7.434088e+00   -2.115602e-21   3.067759e-03   1.761860e-21   17109768
  7.444715e+00   -3.149903e-22   3.068012e-03   1.746681e-21   17044064
  7.455345e+00   2.950987e-21   3.068894e-03   1.733929e-21   16981560
  7.465972e+00   2.921364e-21   3.066680e-03   1.719554e-21   16902264
  7.476600e+00   2.138479e-21   3.069499e-03   1.705498e-21   16849940
  7.487230e+00   -6.811328e-22   3.067461e-03   1.692703e-21   16770600
  7.497858e+00   2.891319e-21   3.068497e-03   1.679464e-21   16707512
  7.508485e+00   -4.523148e-22   3.067634e-03   1.667546e-21   16634480
  7.519114e+00   2.208594e-21   3.068242e-03   1.655185e-21   16569424
  7.529741e+00   1.369590e-21   3.067751e-03   1.643534e-21   16497216
  7.540372e+00   2.477164e-21   3.069501e-03   1.629687e-21   16436416
  7.550999e+00   1.660560e-21   3.067032e-03   1.620583e-21   16353532
  7.561624e+00   8.711348e-22   3.067126e-03   1.608384e-21   16284908
  7.572251e+00   1.992224e-21   3.068426e-03   1.595744e-21   16221948
  7.582881e+00   4.685067e-21   3.068614e-03   1.585361e-21   16152552
  7.593510e+00   5.160298e-21   3.068122e-03   1.577023e-21   16078864
  7.604137e+00   -5.884954e-22   3.067536e-03   1.565364e-21   16005296
  7.614766e+00   7.351222e-22   3.068300e-03   1.554541e-21   15938220
  7.625392e+00   3.496113e-21   3.066841e-03   1.545354e-21   15858440
  7.636016e+00   3.346604e-21   3.067373e-03   1.534469e-21   15789252
  7.646642e+00   1.027138e-21   3.067548e-03   1.525964e-21   15718944
  7.657269e+00   4.644565e-21   3.067947e-03   1.516745e-21   15648652
  7.667899e+00   4.573264e-21   3.069201e-03   1.509718e-21   15581944
  7.678531e+00   5.131728e-21   3.069010e-03   1.499114e-21   15508744
  7.689158e+00   4.316360e-21   3.066436e-03   1.491208e-21   15422472
  7.699784e+00   5.416759e-21   3.068878e-03   1.482094e-21   15361536
  7.710413e+00   3.117411e-22   3.067494e-03   1.473740e-21   15281048
  7.721038e+00   2.245791e-21   3.067557e-03   1.465829e-21   15207752
  7.731666e+00   9.351384e-21   3.067687e-03   1.457084e-21   15134800
  7.742292e+00   5.854577e-21   3.067594e-03   1.450851e-21   15059664
  7.752920e+00   6.284185e-21   3.068106e-03   1.443485e-21   14987020
  7.763550e+00   7.816250e-21   3.069757e-03   1.435263e-21   14919936
  7.774179e+00   4.548326e-21   3.066979e-03   1.428352e-21   14831776
  7.784807e+00   9.767930e-21   3.069197e-03   1.420876e-21   14767552
  7.795435e+00   9.998221e-21   3.066309e-03   1.413560e-21   14678336
  7.806062e+00   8.045764e-21   3.069079e-03   1.407792e-21   14615044
  7.816690e+00   8.145007e-21   3.067275e-03   1.399981e-21   14530200
  7.827317e+00   9.087785e-21   3.067927e-03   1.393256e-21   14457000
  7.837945e+00   6.127272e-21   3.068558e-03   1.386301e-21   14383440
  7.848573e+00   1.155666e-20   3.067003e-03   1.381080e-21   14299516
  7.859199e+00   7.181817e-21   3.067899e-03   1.376643e-21   14226024
  7.869825e+00   9.990499e-21   3.067223e-03   1.368576e-21   14145048
  7.880455e+00   7.639469e-21   3.070446e-03   1.363255e-21   14082144
  7.891083e+00   8.730275e-21   3.065393e-03   1.358470e-21   13981640
  7.901708e+00   1.107738e-20   3.068688e-03   1.354985e-21   13918460
  7.912338e+00   9.754419e-21   3.068702e-03   1.348125e-21   13839752
  7.922969e+00   9.280253e-21   3.069182e-03   1.342048e-21   13762736
  7.933598e+00   1.140925e-20   3.067868e-03   1.336147e-21   13677980
  7.944225e+00   6.562566e-21   3.067250e-03   1.332741e-21   13596196
  7.954850e+00   9.451157e-21   3.067470e-03   1.327384e-21   13517736
  7.965475e+00   1.371889e-20   3.066448e-03   1.323120e-21   13433184
  7.976100e+00   1.103117e-20   3.068623e-03   1.318276e-21   13362296
  7.986730e+00   1.140216e-20   3.068494e-03   1.313769e-21   13281376
  7.997360e+00   1.039846e-20   3.069113e-03   1.311166e-21   13203336
  8.007987e+00   1.077965e-20   3.066719e-03   1.306068e-21   13113016
  8.018613e+00   1.433388e-20   3.067735e-03   1.301334e-21   13036400
  8.029240e+00   1.199259e-20   3.067468e-03   1.298807e-21   12953648
  8.039869e+00   1.258918e-20   3.069185e-03   1.295888e-21   12879016
  8.050498e+00   1.112748e-20   3.067538e-03   1.289586e-21   12790124
  8.061127e+00   1.275529e-20   3.068996e-03   1.288323e-21   12714152
  8.071753e+00   1.457997e-20   3.066076e-03   1.284909e-21   12619608
  8.082379e+00   1.447070e-20   3.068682e-03   1.280234e-21   12547232
  8.093011e+00   1.455236e-20   3.070245e-03   1.276722e-21   12470568
  8.103638e+00   1.340973e-20   3.065215e-03   1.275051e-21   12368136
  8.114264e+00   1.583091e-20   3.069116e-03   1.270752e-21   12300504
  8.124894e+00   1.458003e-20   3.068128e-03   1.266722e-21   12212172
  8.135522e+00   1.492481e-20   3.067779e-03   1.265611e-21   12126228
  8.146149e+00   1.345500e-20   3.068089e-03   1.264542e-21   12043352
  8.156778e+00   1.246273e-20   3.068301e-03   1.260466e-21   11959896
  8.167401e+00   2.122006e-20   3.065268e-03   1.258425e-21   11863804
  8.178026e+00   1.336145e-20   3.068937e-03   1.257329e-21   11792812
  8.188656e+00   1.512259e-20   3.068597e-03   1.253690e-21   11705392
  8.199283e+00   1.474139e-20   3.066984e-03   1.250447e-21   11613836
  8.209914e+00   1.411648e-20   3.070536e-03   1.251198e-21   11541532
  8.220543e+00   1.290548e-20   3.066346e-03   1.247566e-21   11440232
  8.231170e+00   1.570686e-20   3.068846e-03   1.246088e-21   11363008
  8.241796e+00   1.811918e-20   3.066631e-03   1.243047e-21   11267848
  8.252424e+00   1.335443e-20   3.069306e-03   1.242437e-21   11190640
  8.263054e+00   1.717846e-20   3.068558e-03   1.241587e-21   11101084
  8.273680e+00   1.473100e-20   3.065604e-03   1.239061e-21   11003284
  8.284304e+00   1.888111e-20   3.068360e-03   1.237167e-21   10925424
  8.294932e+00   1.577491e-20   3.067667e-03   1.234487e-21   10834724
  8.305560e+00   1.856433e-20   3.068711e-03   1.235851e-21   10750156
  8.316186e+00   1.485085e-20   3.066587e-03   1.234470e-21   10655280
  8.326811e+00   1.799930e-20   3.067310e-03   1.232586e-21   10569120
  8.337437e+00   1.629257e-20   3.067168e-03   1.231953e-21   10479672
  8.348070e+00   1.862280e-20   3.071527e-03   1.229286e-21   10404504
  8.358704e+00   1.877516e-20   3.068456e-03   1.228197e-21   10304108
  8.369331e+00   1.827477e-20   3.066991e-03   1.227207e-21   10209940
  8.379958e+00   1.697971e-20   3.068937e-03   1.227778e-21   10126584
  8.390585e+00   1.522961e-20   3.066106e-03   1.225208e-21   10027064
  8.401210e+00   1.850869e-20   3.068731e-03   1.227369e-21   9945072
  8.411836e+00   1.758788e-20   3.065849e-03   1.224409e-21   9844764
  8.422464e+00   1.867891e-20   3.070904e-03   1.225699e-21   9769940
  8.433095e+00   1.916019e-20   3.066721e-03   1.224382e-21   9666072
  8.443721e+00   1.867875e-20   3.067629e-03   1.223447e-21   9577112
  8.454348e+00   1.849975e-20   3.067871e-03   1.223578e-21   9485848
  8.464977e+00   1.676725e-20   3.068818e-03   1.222026e-21   9396136
  8.475607e+00   1.506580e-20   3.068947e-03   1.221061e-21   9304408
  8.486231e+00   1.391778e-20   3.064605e-03   1.220252e-21   9199028
  8.496854e+00   1.902970e-20   3.068671e-03   1.218972e-21   9118288
  8.507481e+00   1.636254e-20   3.066868e-03   1.219295e-21   9019624
  8.518111e+00   1.613676e-20   3.070919e-03   1.219696e-21   8937420
  8.528743e+00   1.877197e-20   3.067653e-03   1.218383e-21   8835200
  8.539369e+00   1.647316e-20   3.066847e-03   1.218382e-21   8739332
  8.549995e+00   1.448042e-20   3.067747e-03   1.217567e-21   8648112
  8.560624e+00   1.727539e-20   3.067898e-03   1.216692e-21   8553372
  8.571253e+00   1.412670e-20   3.069319e-03   1.215326e-21   8461944
  8.581883e+00   1.437457e-20   3.068067e-03   1.213335e-21   8363348
  8.592509e+00   1.641094e-20   3.067870e-03   1.212067e-21   8267792
  8.603135e+00   1.464108e-20   3.066599e-03   1.210113e-21   8169380
  8.613762e+00   1.582464e-20   3.069517e-03   1.211720e-21   8081008
  8.624389e+00   1.579116e-20   3.065774e-03   1.208346e-21   7975632
  8.635016e+00   1.523118e-20   3.069603e-03   1.206226e-21   7889116
  8.645643e+00   1.754675e-20   3.066011e-03   1.204831e-21   7784008
  8.656270e+00   1.400432e-20   3.068709e-03   1.202862e-21   7693848
  8.666897e+00   1.249927e-20   3.067011e-03   1.201749e-21   7592468
  8.677525e+00   1.508717e-20   3.068931e-03   1.198145e-21   7499076
  8.688155e+00   1.256929e-20   3.069474e-03   1.197263e-21   7402880
  8.698786e+00   1.461113e-20   3.067607e-03   1.192907e-21   7300768
  8.709411e+00   1.266105e-20   3.067652e-03   1.191818e-21   7203316
  8.720032e+00   1.291115e-20   3.063689e-03   1.185916e-21   7095724
  8.730662e+00   1.323696e-20   3.073665e-03   1.183351e-21   7019608
  8.741295e+00   1.286862e-20   3.065344e-03   1.173082e-21   6901916
  8.751922e+00   1.329377e-20   3.069704e-03   1.174520e-21   6812952
  8.762548e+00   8.448859e-21   3.065523e-03   1.164908e-21   6704548
  8.773175e+00   7.375648e-21   3.068967e-03   1.161853e-21   6612168
  8.783803e+00   1.057044e-20   3.067598e-03   1.154752e-21   6508628
  8.794433e+00   9.281905e-21   3.069277e-03   1.145113e-21   6412072
  8.805059e+00   6.710538e-21   3.066868e-03   1.136087e-21   6306660
  8.815685e+00   6.199233e-21   3.067492e-03   1.125883e-21   6207592
  8.826308e+00   7.691868e-21   3.066222e-03   1.113122e-21   6103860
  8.836934e+00   5.370140e-21   3.068576e-03   1.100780e-21   6007184
  8.847563e+00   6.156408e-21   3.068782e-03   1.089281e-21   5905660
  8.858194e+00   4.250338e-21   3.069160e-03   1.071167e-21   5805132
  8.868823e+00   6.542128e-21   3.067313e-03   1.055682e-21   5700008
  8.879446e+00   3.150849e-21   3.065734e-03   1.034736e-21   5594856
  8.890075e+00   4.699382e-21   3.070306e-03   1.012786e-21   5502341
  8.900707e+00   2.285039e-21   3.068193e-03   9.939897e-22   5404852
  8.911333e+00   5.963823e-22   3.066920e-03   9.827264e-22   5313930
  8.921960e+00   6.594580e-23   3.068151e-03   9.692668e-22   5230396
  8.932587e+00   2.556835e-21   3.067037e-03   9.563116e-22   5145158
  8.943214e+00   5.399561e-22   3.067644e-03   9.480551e-22   5064506
  8.953844e+00   -1.471115e-21   3.070354e-03   9.381667e-22   4989464
  8.964475e+00   1.512666e-21   3.067471e-03   9.283180e-22   4907486
  8.975102e+00   1.908924e-22   3.067454e-03   9.200134e-22   4831952
  8.985729e+00   4.860718e-22   3.067333e-03   9.116165e-22   4757392
  8.996357e+00   2.686209e-21   3.068563e-03   9.055576e-22   4685902
  9.006985e+00   5.326457e-22   3.067839e-03   8.970578e-22   4612826
  9.017611e+00   6.273677e-22   3.067647e-03   8.896028e-22   4542436
  9.028240e+00   5.749768e-23   3.068771e-03   8.846069e-22   4475408
  9.038866e+00   2.287574e-21   3.065432e-03   8.779670e-22   4402686
  9.049492e+00   1.681232e-21   3.069222e-03   8.729623e-22   4340854
  9.060123e+00   -3.016715e-22   3.068666e-03   8.650164e-22   4273862
  9.070751e+00   -1.269238e-21   3.068093e-03   8.604884e-22   4208538
  9.081377e+00   -4.310969e-22   3.066329e-03   8.559421e-22   4142584
  9.092002e+00   3.198540e-22   3.067445e-03   8.518810e-22   4081232
  9.102629e+00   9.870525e-22   3.068061e-03   8.477252e-22   4019668
  9.113260e+00   2.792657e-22   3.070507e-03   8.432000e-22   3961416
  9.123892e+00   -6.178508e-22   3.068468e-03   8.379908e-22   3898848
  9.134518e+00   2.924486e-22   3.065914e-03   8.353277e-22   3836718
  9.145140e+00   -3.891740e-22   3.066518e-03   8.325478e-22   3779272
  9.155765e+00   1.004258e-21   3.066689e-03   8.298933e-22   3721434
  9.166394e+00   1.292233e-21   3.070316e-03   8.261930e-22   3668198
  9.177028e+00   5.209538e-22   3.069776e-03   8.225184e-22   3611346
  9.187656e+00   2.334688e-22   3.066455e-03   8.206981e-22   3552442
  9.198281e+00   4.777405e-22   3.067337e-03   8.165953e-22   3498908
  9.208908e+00   9.894373e-22   3.067980e-03   8.163376e-22   3445382
  9.219536e+00   1.545129e-21   3.068389e-03   8.143092e-22   3392244
  9.230165e+00   2.898655e-22   3.068360e-03   8.122112e-22   3339634
  9.240792e+00   1.758643e-21   3.067248e-03   8.114221e-22   3286752
  9.251416e+00   4.371121e-22   3.065818e-03   8.084274e-22   3234180
  9.262040e+00   1.368784e-21   3.067094e-03   8.079550e-22   3184556
  9.272670e+00   1.088893e-21   3.070362e-03   8.064708e-22   3137238
  9.283304e+00   2.034018e-21   3.070377e-03   8.054593e-22   3087670
  9.293936e+00   -4.881845e-22   3.068566e-03   8.041048e-22   3037460
  9.304560e+00   -1.480451e-21   3.064548e-03   8.047143e-22   2985736
  9.315180e+00   -8.880050e-22   3.066413e-03   8.027411e-22   2939708
  9.325811e+00   8.599817e-22   3.071553e-03   8.016637e-22   2897012
  9.336443e+00   -8.661120e-22   3.067620e-03   8.040238e-22   2846890
  9.347067e+00   3.029601e-22   3.065693e-03   8.034391e-22   2799588
  9.357689e+00   -3.024981e-22   3.066395e-03   8.027095e-22   2754954
  9.368315e+00   3.678235e-22   3.068270e-03   8.036386e-22   2711500
  9.378948e+00   1.432177e-22   3.070601e-03   8.037056e-22   2669006
  9.389576e+00   -7.195262e-22   3.065837e-03   8.037332e-22   2621264
  9.400202e+00   1.540666e-21   3.068913e-03   8.051218e-22   2580726
  9.410830e+00   1.314278e-21   3.067141e-03   8.073281e-22   2536470
  9.421456e+00   1.246095e-21   3.067445e-03   8.077347e-22   2494370
  9.432084e+00   8.303388e-23   3.068834e-03   8.078975e-22   2453556
  9.442716e+00   -1.541729e-23   3.070117e-03   8.095828e-22   2413246
  9.453347e+00   -6.152463e-22   3.067994e-03   8.134352e-22   2370914
  9.463973e+00   1.614461e-22   3.067217e-03   8.130833e-22   2330126
  9.474601e+00   3.458498e-22   3.068570e-03   8.151216e-22   2291406
  9.485227e+00   4.261485e-22   3.066158e-03   8.138266e-22   2250410
  9.495850e+00   -3.830928e-22   3.066006e-03   8.177199e-22   2211486
  9.506474e+00   1.034910e-22   3.067734e-03   8.186466e-22   2174194
  9.517102e+00   -1.243267e-21   3.068176e-03   8.232306e-22   2136416
  9.527733e+00   1.610298e-21   3.069929e-03   8.252986e-22   2100070
  9.538360e+00   -1.885601e-23   3.065560e-03   8.283128e-22   2060026
  9.548986e+00   1.019869e-21   3.069362e-03   8.297902e-22   2025910
  9.559615e+00   -3.895101e-22   3.067530e-03   8.329982e-22   1988576
  9.570241e+00   6.873965e-22   3.067060e-03   8.369629e-22   1952610
  9.580867e+00   -5.015106e-23   3.067361e-03   8.378383e-22   1917470
  9.591493e+00   1.123493e-21   3.067399e-03   8.437746e-22   1882484
  9.602120e+00   -1.158569e-22   3.068076e-03   8.455831e-22   1848262
  9.612753e+00   4.691612e-23   3.071327e-03   8.496189e-22   1816024
  9.623386e+00   1.577826e-21   3.068076e-03   8.525617e-22   1780418
  9.634012e+00   1.683409e-21   3.067038e-03   8.564041e-22   1746576
  9.644639e+00   7.879333e-22   3.068628e-03   8.614532e-22   1714622
  9.655268e+00   -1.642085e-21   3.067669e-03   8.663828e-22   1681692
  9.665895e+00   -1.253300e-22   3.067468e-03   8.702281e-22   1649574
  9.676515e+00   -6.044306e-23   3.063511e-03   8.748453e-22   1615788
  9.687137e+00   2.509422e-22   3.068656e-03   8.782578e-22   1587064
  9.697769e+00   -4.420825e-22   3.069826e-03   8.839640e-22   1556598
  9.708400e+00   1.022575e-21   3.068471e-03   8.897472e-22   1525380
  9.719030e+00   4.737920e-23   3.068670e-03   8.949415e-22   1495360
  9.729656e+00   1.018729e-21   3.066126e-03   9.018858e-22   1464370
  9.740281e+00   -8.224476e-22   3.067601e-03   9.047150e-22   1435656
  9.750907e+00   1.352464e-21   3.067002e-03   9.106439e-22   1406304
  9.761532e+00   8.338953e-24   3.067147e-03   9.175754e-22   1377628
  9.772159e+00   -9.319770e-22   3.068370e-03   9.236285e-22   1349744
  9.782788e+00   6.826760e-22   3.068343e-03   9.314596e-22   1321682
  9.793418e+00   -7.228785e-22   3.069098e-03   9.369886e-22   1294376
  9.804048e+00   2.026690e-21   3.068140e-03   9.446753e-22   1266768
  9.814673e+00   -6.356952e-22   3.066275e-03   9.532830e-22   1239172
  9.825295e+00   3.836567e-23   3.065238e-03   9.599037e-22   1212224
  9.835918e+00   -1.962022e-21   3.067386e-03   9.665565e-22   1186796
  9.846547e+00   2.115626e-21   3.069034e-03   9.755329e-22   1161432
  9.857176e+00   5.456543e-22   3.067927e-03   9.836621e-22   1135408
  9.867804e+00   1.040837e-21   3.068239e-03   9.907054e-22   1110324
  9.878434e+00   -5.413430e-22   3.068926e-03   9.999054e-22   1085680
  9.889062e+00   -2.104998e-21   3.066842e-03   1.007083e-21   1060364
  9.899688e+00   -2.246938e-21   3.068767e-03   1.018248e-21   1036736
  9.910321e+00   -5.021619e-22   3.070562e-03   1.025981e-21   1013388
  9.920951e+00   -1.078793e-21   3.066769e-03   1.037819e-21   988656
  9.931575e+00   -2.833218e-22   3.066738e-03   1.046774e-21   965530
  9.942197e+00   1.811265e-21   3.064855e-03   1.054902e-21   942100
  9.952819e+00   -1.807143e-21   3.066142e-03   1.068066e-21   919888
  9.963442e+00   -5.113930e-22   3.066491e-03   1.077796e-21   897628
  9.974067e+00   -2.412273e-22   3.067504e-03   1.093985e-21   875856
  9.984696e+00   -6.921764e-22   3.069599e-03   1.101941e-21   854736
  9.995330e+00   -4.312069e-22   3.070044e-03   1.112131e-21   833510
  1.000596e+01   -3.028886e-21   3.068120e-03   1.126862e-21   811976
  1.001659e+01   8.316398e-22   3.066566e-03   1.138905e-21   790844
  1.002721e+01   -1.189663e-21   3.066302e-03   1.151933e-21   770320
  1.003784e+01   -3.361566e-21   3.069162e-03   1.163652e-21   750838
  1.004847e+01   2.167093e-21   3.068729e-03   1.183883e-21   730864
  1.005909e+01   -1.975329e-21   3.067039e-03   1.195432e-21   710984
  1.006972e+01   -6.267865e-22   3.067274e-03   1.209339e-21   691894
  1.008035e+01   -2.697373e-22   3.066106e-03   1.229821e-21   672776
  1.009097e+01   1.963708e-21   3.067065e-03   1.233774e-21   654372
  1.010160e+01   1.331191e-21   3.065537e-03   1.257340e-21   635682
  1.011222e+01   5.754378e-22   3.064886e-03   1.274318e-21   617460
  1.012284e+01   1.931595e-22   3.066767e-03   1.290971e-21   600024
  1.013346e+01   -6.634526e-22   3.068404e-03   1.310912e-21   582830
  1.014410e+01   -1.333929e-21   3.070337e-03   1.324865e-21   566000
  1.015473e+01   -1.589467e-21   3.066543e-03   1.348808e-21   548458
  1.016535e+01   1.039381e-21   3.067619e-03   1.367993e-21   532084
  1.017598e+01   -4.094852e-22   3.065740e-03   1.390316e-21   515440
  1.018660e+01   2.087261e-21   3.064533e-03   1.406643e-21   499174
  1.019722e+01   -3.753331e-21   3.064552e-03   1.430662e-21   483368
  1.020784e+01   1.648585e-21   3.067558e-03   1.449600e-21   468270
  1.021847e+01   -2.919639e-22   3.071740e-03   1.480273e-21   453568
  1.022911e+01   -2.031957e-21   3.068522e-03   1.500642e-21   438106
  1.023974e+01   -1.451003e-21   3.068674e-03   1.532396e-21   423508
  1.025036e+01   -2.920720e-21   3.065352e-03   1.551813e-21   408754
  1.026098e+01   3.311223e-22   3.064549e-03   1.577566e-21   394612
  1.027160e+01   -7.399922e-22   3.064825e-03   1.603763e-21   380826
  1.028223e+01   -2.216074e-21   3.063635e-03   1.642381e-21   367086
  1.029285e+01   2.029392e-22   3.065226e-03   1.671175e-21   353904
  1.030347e+01   -4.424212e-21   3.067842e-03   1.707622e-21   341046
  1.031410e+01   -5.330244e-21   3.067827e-03   1.734525e-21   328144
  1.032473e+01   2.091745e-21   3.068491e-03   1.775735e-21   315598
  1.033536e+01   -4.178991e-22   3.070442e-03   1.799280e-21   303466
  1.034599e+01   -2.944650e-21   3.070558e-03   1.843695e-21   291456
  1.035662e+01   -3.777326e-21   3.069010e-03   1.879094e-21   279614
  1.036725e+01   -1.910686e-21   3.062765e-03   1.931413e-21   267680
  1.037786e+01   6.080473e-23   3.061142e-03   1.971991e-21   256438
  1.038848e+01   4.463652e-21   3.062004e-03   2.009555e-21   245618
  1.039909e+01   -1.050211e-22   3.058865e-03   2.047409e-21   234708
  1.040970e+01   -1.001535e-21   3.057929e-03   2.102847e-21   224210
  1.042032e+01   3.476146e-22   3.058509e-03   2.144508e-21   214046
  1.043093e+01   -4.084662e-21   3.059874e-03   2.200289e-21   204152
  1.044155e+01   1.912130e-21   3.062766e-03   2.262905e-21   194558
  1.045217e+01   -3.136855e-21   3.062838e-03   2.312726e-21   185018
  1.046279e+01   5.836143e-21   3.066092e-03   2.384789e-21   175918
  1.047341e+01   -9.370373e-21   3.068348e-03   2.458400e-21   166992
  1.048404e+01   -4.590950e-21   3.070094e-03   2.502747e-21   158294
  1.049468e+01   1.068769e-22   3.071097e-03   2.579522e-21   149842
  1.050531e+01   9.836953e-23   3.068653e-03   2.645631e-21   141530
  1.051593e+01   1.981130e-21   3.060509e-03   2.735801e-21   133284
  1.052654e+01   4.930124e-21   3.057354e-03   2.840922e-21   125546
  1.053715e+01   2.545918e-22   3.051144e-03   2.941132e-21   117950
  1.054776e+01   3.561848e-21   3.048602e-03   3.011988e-21   110746
  1.055836e+01   -6.755264e-21   3.039799e-03   3.145464e-21   103572
  1.056895e+01   1.869482e-21   3.036073e-03   3.225228e-21   96818
  1.057954e+01   -9.874193e-21   3.031333e-03   3.373327e-21   90262
  1.059013e+01   5.103384e-22   3.027317e-03   3.479636e-21   83970
  1.060072e+01   1.028808e-20   3.019853e-03   3.653582e-21   77846
  1.061129e+01   1.140994e-21   3.012052e-03   3.800907e-21   71984
  1.062186e+01   -4.279814e-22   3.005730e-03   3.923363e-21   66398
  1.063243e+01   2.609419e-21   3.000369e-03   4.178686e-21   61058
  1.064300e+01   -7.270893e-21   2.995714e-03   4.310045e-21   55958
  1.065357e+01   -6.921620e-21   2.990697e-03   4.544174e-21   51082
  1.066413e+01   5.926474e-22   2.981767e-03   4.810411e-21   46398
  1.067469e+01   -1.595820e-21   2.970930e-03   4.966047e-21   41954
  1.068524e+01   -6.666772e-21   2.955045e-03   5.293708e-21   37718
  1.069578e+01   1.430425e-20   2.938133e-03   5.655115e-21   33736
  1.070631e+01   -9.258553e-21   2.922830e-03   5.972881e-21   30006
  1.071684e+01   2.359325e-21   2.912268e-03   6.460941e-21   26522
  1.072739e+01   -9.571504e-22   2.905476e-03   6.772007e-21   23254
  1.073793e+01   7.722100e-21   2.895825e-03   7.313495e-21   20178
  1.074848e+01   2.110636e-20   2.890787e-03   7.964438e-21   17342
  1.075903e+01   6.823376e-21   2.886580e-03   8.529116e-21   14714
  1.076959e+01   -2.349235e-20   2.887906e-03   9.561762e-21   12310
  1.078015e+01   -4.212934e-21   2.880436e-03   1.038514e-20   10098
  1.079071e+01   -6.743578e-21   2.879327e-03   1.173183e-20   8126
  1.080127e+01   -3.656849e-21   2.877797e-03   1.369347e-20   6362
  1.081184e+01   -2.032139e-20   2.888638e-03   1.502906e-20   4822
  1.082239e+01   -9.650129e-21   2.872451e-03   1.749129e-20   3474
  1.083292e+01   -2.336047e-20   2.869225e-03   2.121978e-20   2366
  1.084344e+01   -3.922199e-21   2.860034e-03   2.796951e-20   1466
  1.085397e+01   6.470482e-20   2.925135e-03   3.930699e-20   790
  1.086426e+01   4.490085e-20   2.767211e-03   6.594207e-20   306
  1.087389e+01   -3.966743e-19   2.357714e-03   1.400543e-19   62
