# power spectrum of delta
# redshift z=1.494108
# k              Pk             sigma(k)       sigma(Pk)      count
  7.830312e-03   5.687381e-05   1.198114e-03   1.108653e-05   18
  1.686348e-02   1.570846e-03   2.897918e-03   1.697768e-04   152
  2.725284e-02   5.760931e-03   3.060867e-03   2.673777e-04   416
  3.742835e-02   1.165154e-02   2.912555e-03   4.491872e-04   770
  4.808679e-02   1.953885e-02   3.119650e-03   5.530674e-04   1364
  5.876109e-02   2.906105e-02   3.054550e-03   6.673927e-04   1976
  6.939824e-02   4.284805e-02   3.112555e-03   8.245844e-04   2792
  7.984642e-02   5.485981e-02   2.971805e-03   9.374209e-04   3578
  9.038229e-02   6.493325e-02   3.049521e-03   9.567940e-04   4724
  1.011318e-01   7.543921e-02   3.134595e-03   9.861137e-04   6032
  1.117485e-01   8.803250e-02   3.016599e-03   1.076450e-03   7072
  1.222702e-01   1.069322e-01   3.056387e-03   1.181477e-03   8634
  1.329722e-01   1.265290e-01   3.095256e-03   1.262495e-03   10336
  1.436677e-01   1.398503e-01   3.082009e-03   1.262355e-03   11940
  1.541872e-01   1.494645e-01   3.021465e-03   1.308378e-03   13490
  1.647185e-01   1.628866e-01   3.054444e-03   1.291970e-03   15656
  1.754149e-01   1.774388e-01   3.102608e-03   1.326416e-03   18008
  1.860920e-01   1.983152e-01   3.069464e-03   1.399324e-03   19964
  1.966957e-01   2.164100e-01   3.066093e-03   1.455936e-03   22354
  2.072851e-01   2.282098e-01   3.030819e-03   1.455009e-03   24648
  2.179134e-01   2.418634e-01   3.083109e-03   1.448448e-03   27592
  2.285517e-01   2.572303e-01   3.075318e-03   1.479807e-03   30152
  2.391687e-01   2.737509e-01   3.069056e-03   1.516659e-03   33046
  2.497808e-01   2.964440e-01   3.053846e-03   1.569483e-03   35992
  2.604233e-01   3.161911e-01   3.074764e-03   1.603008e-03   39304
  2.710722e-01   3.365903e-01   3.082145e-03   1.623576e-03   42608
  2.817050e-01   3.497374e-01   3.058267e-03   1.640747e-03   45758
  2.923349e-01   3.633141e-01   3.072286e-03   1.652163e-03   49536
  3.029238e-01   3.828898e-01   3.039208e-03   1.673218e-03   52488
  3.135134e-01   4.076389e-01   3.084628e-03   1.711334e-03   57034
  3.241511e-01   4.166541e-01   3.061146e-03   1.689482e-03   60648
  3.347969e-01   4.414707e-01   3.076329e-03   1.733587e-03   65044
  3.454223e-01   4.631051e-01   3.057760e-03   1.755268e-03   68720
  3.560505e-01   4.774577e-01   3.078281e-03   1.757983e-03   73538
  3.667175e-01   4.973832e-01   3.076939e-03   1.782497e-03   78080
  3.773260e-01   5.210025e-01   3.039859e-03   1.826644e-03   81572
  3.879192e-01   5.431464e-01   3.081238e-03   1.838909e-03   87248
  3.985882e-01   5.610373e-01   3.084591e-03   1.846778e-03   92266
  4.092322e-01   5.839910e-01   3.063169e-03   1.889952e-03   96696
  4.198039e-01   6.011943e-01   3.037602e-03   1.902722e-03   100904
  4.303789e-01   6.248417e-01   3.065517e-03   1.921730e-03   107036
  4.410480e-01   6.494927e-01   3.089487e-03   1.934295e-03   113362
  4.517307e-01   6.685363e-01   3.072092e-03   1.935889e-03   118176
  4.623378e-01   6.930556e-01   3.054661e-03   1.994128e-03   122944
  4.729644e-01   7.163664e-01   3.083007e-03   1.999021e-03   129902
  4.836049e-01   7.322853e-01   3.061727e-03   1.993087e-03   134944
  4.942158e-01   7.635861e-01   3.064979e-03   2.040834e-03   140952
  5.048213e-01   7.797676e-01   3.064662e-03   2.044474e-03   147072
  5.154342e-01   8.052350e-01   3.060800e-03   2.051138e-03   153382
  5.260893e-01   8.335777e-01   3.082622e-03   2.060397e-03   160952
  5.367508e-01   8.518780e-01   3.070294e-03   2.088831e-03   166640
  5.473579e-01   8.829254e-01   3.057153e-03   2.131947e-03   172448
  5.579787e-01   9.032212e-01   3.077577e-03   2.130283e-03   180594
  5.686178e-01   9.293548e-01   3.060710e-03   2.142333e-03   186556
  5.792219e-01   9.542741e-01   3.063394e-03   2.168867e-03   193528
  5.898242e-01   9.845138e-01   3.060684e-03   2.194606e-03   200626
  6.004609e-01   1.006849e+00   3.076604e-03   2.210402e-03   209256
  6.111150e-01   1.036915e+00   3.069663e-03   2.233826e-03   216020
  6.217510e-01   1.066857e+00   3.075746e-03   2.254639e-03   223768
  6.323610e-01   1.085986e+00   3.055783e-03   2.272928e-03   230234
  6.429887e-01   1.117643e+00   3.074922e-03   2.283923e-03   239800
  6.536248e-01   1.147276e+00   3.063054e-03   2.309462e-03   246568
  6.642393e-01   1.178759e+00   3.068328e-03   2.332639e-03   254828
  6.748534e-01   1.199020e+00   3.064424e-03   2.331505e-03   263074
  6.854951e-01   1.226909e+00   3.071509e-03   2.350951e-03   272312
  6.961385e-01   1.258328e+00   3.070197e-03   2.381552e-03   280376
  7.067732e-01   1.291056e+00   3.071500e-03   2.406547e-03   288884
  7.174012e-01   1.316158e+00   3.068501e-03   2.409138e-03   297602
  7.280177e-01   1.356649e+00   3.057614e-03   2.453705e-03   305520
  7.386402e-01   1.378601e+00   3.075198e-03   2.446704e-03   315976
  7.492461e-01   1.409412e+00   3.052723e-03   2.466290e-03   322778
  7.598720e-01   1.449047e+00   3.080021e-03   2.501102e-03   335372
  7.705286e-01   1.471431e+00   3.068318e-03   2.511248e-03   343464
  7.811635e-01   1.501675e+00   3.070705e-03   2.530981e-03   352912
  7.917934e-01   1.533961e+00   3.070498e-03   2.541237e-03   362666
  8.024224e-01   1.574401e+00   3.063690e-03   2.587697e-03   371884
  8.130465e-01   1.602660e+00   3.069929e-03   2.587023e-03   382280
  8.236583e-01   1.635568e+00   3.060755e-03   2.607105e-03   390888
  8.342648e-01   1.666552e+00   3.067168e-03   2.628705e-03   402234
  8.448912e-01   1.713531e+00   3.064832e-03   2.664771e-03   412576
  8.555263e-01   1.731751e+00   3.071788e-03   2.661407e-03   423732
  8.661590e-01   1.770119e+00   3.068142e-03   2.686189e-03   433624
  8.767950e-01   1.804847e+00   3.072203e-03   2.698451e-03   445154
  8.874347e-01   1.844013e+00   3.069139e-03   2.736717e-03   455584
  8.980596e-01   1.874592e+00   3.064716e-03   2.748011e-03   465588
  9.086714e-01   1.906286e+00   3.065163e-03   2.759132e-03   476762
  9.193048e-01   1.943926e+00   3.073106e-03   2.774987e-03   489552
  9.299472e-01   1.986462e+00   3.069632e-03   2.811228e-03   500328
  9.405628e-01   2.024779e+00   3.059261e-03   2.836022e-03   509852
  9.511854e-01   2.054259e+00   3.074339e-03   2.841966e-03   524234
  9.618189e-01   2.089824e+00   3.061952e-03   2.857169e-03   534104
  9.724448e-01   2.128876e+00   3.070528e-03   2.879950e-03   547048
  9.830800e-01   2.164904e+00   3.073862e-03   2.887521e-03   559328
  9.937180e-01   2.206253e+00   3.070866e-03   2.918453e-03   571326
  1.004339e+00   2.242550e+00   3.060367e-03   2.934108e-03   581920
  1.014951e+00   2.280147e+00   3.064588e-03   2.955498e-03   594832
  1.025571e+00   2.317535e+00   3.068054e-03   2.975260e-03   608048
  1.036206e+00   2.360311e+00   3.070252e-03   2.993017e-03   621526
  1.046839e+00   2.397941e+00   3.066112e-03   3.028123e-03   633240
  1.057456e+00   2.434542e+00   3.064953e-03   3.027622e-03   645472
  1.068086e+00   2.474492e+00   3.075342e-03   3.048205e-03   660906
  1.078726e+00   2.517401e+00   3.067576e-03   3.073432e-03   672856
  1.089356e+00   2.556286e+00   3.067094e-03   3.081081e-03   685980
  1.099980e+00   2.595068e+00   3.067978e-03   3.103880e-03   699256
  1.110619e+00   2.639770e+00   3.074976e-03   3.117232e-03   714730
  1.121246e+00   2.678655e+00   3.059348e-03   3.149373e-03   725152
  1.131863e+00   2.718924e+00   3.067634e-03   3.166446e-03   740420
  1.142485e+00   2.752459e+00   3.069089e-03   3.177626e-03   754312
  1.153114e+00   2.793889e+00   3.069897e-03   3.194136e-03   769114
  1.163749e+00   2.849126e+00   3.069209e-03   3.227341e-03   783488
  1.174365e+00   2.881317e+00   3.058900e-03   3.236251e-03   794968
  1.184981e+00   2.928462e+00   3.070107e-03   3.250094e-03   812366
  1.195609e+00   2.976150e+00   3.065134e-03   3.276637e-03   825976
  1.206250e+00   3.013397e+00   3.075220e-03   3.285396e-03   843352
  1.216898e+00   3.054426e+00   3.073224e-03   3.299824e-03   857280
  1.227524e+00   3.109644e+00   3.063189e-03   3.333503e-03   869542
  1.238147e+00   3.151833e+00   3.070752e-03   3.349048e-03   887128
  1.248772e+00   3.194967e+00   3.063166e-03   3.363863e-03   900032
  1.259388e+00   3.233242e+00   3.067377e-03   3.375697e-03   916560
  1.270005e+00   3.268944e+00   3.061783e-03   3.398541e-03   930922
  1.280635e+00   3.322054e+00   3.071795e-03   3.405941e-03   949844
  1.291287e+00   3.373957e+00   3.076939e-03   3.424687e-03   966736
  1.301925e+00   3.414751e+00   3.065819e-03   3.457235e-03   978776
  1.312537e+00   3.462062e+00   3.064137e-03   3.476014e-03   994522
  1.323161e+00   3.505908e+00   3.068907e-03   3.485506e-03   1012420
  1.333794e+00   3.543245e+00   3.071598e-03   3.488626e-03   1029408
  1.344410e+00   3.596928e+00   3.058405e-03   3.530338e-03   1041658
  1.355032e+00   3.645241e+00   3.072381e-03   3.536754e-03   1063520
  1.365659e+00   3.692505e+00   3.060689e-03   3.561343e-03   1075808
  1.376294e+00   3.740227e+00   3.080019e-03   3.568414e-03   1098956
  1.386928e+00   3.791287e+00   3.061670e-03   3.598229e-03   1109810
  1.397545e+00   3.843107e+00   3.065288e-03   3.619099e-03   1128608
  1.408178e+00   3.886918e+00   3.073589e-03   3.614422e-03   1148264
  1.418813e+00   3.931112e+00   3.067917e-03   3.645266e-03   1163252
  1.429436e+00   3.971601e+00   3.067070e-03   3.661818e-03   1181042
  1.440060e+00   4.031979e+00   3.064325e-03   3.677374e-03   1197848
  1.450692e+00   4.068384e+00   3.073737e-03   3.682055e-03   1218848
  1.461323e+00   4.122330e+00   3.064859e-03   3.712426e-03   1232916
  1.471945e+00   4.165077e+00   3.068844e-03   3.722414e-03   1253002
  1.482566e+00   4.215550e+00   3.062284e-03   3.738077e-03   1268576
  1.493191e+00   4.270050e+00   3.071552e-03   3.762337e-03   1290128
  1.503822e+00   4.313369e+00   3.068342e-03   3.771742e-03   1307402
  1.514455e+00   4.366842e+00   3.069122e-03   3.789991e-03   1327028
  1.525083e+00   4.411971e+00   3.064970e-03   3.807419e-03   1343648
  1.535711e+00   4.468600e+00   3.070217e-03   3.830597e-03   1364096
  1.546341e+00   4.514340e+00   3.068950e-03   3.845209e-03   1382730
  1.556974e+00   4.554018e+00   3.068757e-03   3.851312e-03   1402164
  1.567604e+00   4.606884e+00   3.068159e-03   3.861628e-03   1420464
  1.578221e+00   4.656539e+00   3.063798e-03   3.886272e-03   1437368
  1.588847e+00   4.716832e+00   3.072142e-03   3.894420e-03   1461530
  1.599480e+00   4.754050e+00   3.065069e-03   3.918830e-03   1478264
  1.610108e+00   4.819522e+00   3.068902e-03   3.934653e-03   1499356
  1.620732e+00   4.863701e+00   3.065238e-03   3.947049e-03   1517016
  1.631360e+00   4.919878e+00   3.070849e-03   3.958823e-03   1540090
  1.641988e+00   4.960168e+00   3.065366e-03   3.981430e-03   1557360
  1.652609e+00   5.014507e+00   3.066926e-03   3.989549e-03   1577780
  1.663242e+00   5.062456e+00   3.075107e-03   3.995844e-03   1602578
  1.673875e+00   5.122782e+00   3.063542e-03   4.026718e-03   1617672
  1.684498e+00   5.174620e+00   3.069033e-03   4.039913e-03   1641016
  1.695122e+00   5.224582e+00   3.065080e-03   4.058651e-03   1659416
  1.705746e+00   5.266036e+00   3.068431e-03   4.057828e-03   1682670
  1.716382e+00   5.323100e+00   3.070690e-03   4.070977e-03   1705256
  1.727024e+00   5.360855e+00   3.071890e-03   4.081507e-03   1726312
  1.737645e+00   5.418880e+00   3.062639e-03   4.112652e-03   1741880
  1.748261e+00   5.474942e+00   3.067156e-03   4.114840e-03   1766454
  1.758897e+00   5.527564e+00   3.073105e-03   4.128756e-03   1791784
  1.769528e+00   5.587163e+00   3.063894e-03   4.161093e-03   1807712
  1.780139e+00   5.634209e+00   3.062775e-03   4.166932e-03   1829002
  1.790759e+00   5.689836e+00   3.067263e-03   4.184036e-03   1854216
  1.801400e+00   5.752624e+00   3.074631e-03   4.194358e-03   1880156
  1.812037e+00   5.783388e+00   3.068349e-03   4.203714e-03   1897568
  1.822663e+00   5.837769e+00   3.068475e-03   4.219876e-03   1920458
  1.833288e+00   5.893445e+00   3.065997e-03   4.224238e-03   1942208
  1.843915e+00   5.940697e+00   3.067813e-03   4.235534e-03   1965612
  1.854544e+00   5.990846e+00   3.069639e-03   4.247865e-03   1989000
  1.865168e+00   6.049322e+00   3.064465e-03   4.261263e-03   2009114
  1.875791e+00   6.092082e+00   3.067400e-03   4.266639e-03   2034464
  1.886424e+00   6.152126e+00   3.070174e-03   4.288577e-03   2058476
  1.897052e+00   6.201079e+00   3.068039e-03   4.301830e-03   2079648
  1.907673e+00   6.245868e+00   3.065891e-03   4.318856e-03   2102578
  1.918306e+00   6.292856e+00   3.070742e-03   4.309648e-03   2129928
  1.928942e+00   6.355224e+00   3.069733e-03   4.335421e-03   2152096
  1.939563e+00   6.411355e+00   3.062858e-03   4.350667e-03   2171142
  1.950185e+00   6.464052e+00   3.069150e-03   4.359587e-03   2200248
  1.960824e+00   6.500553e+00   3.071017e-03   4.356294e-03   2225216
  1.971460e+00   6.568979e+00   3.070942e-03   4.376190e-03   2248448
  1.982084e+00   6.609513e+00   3.064272e-03   4.394532e-03   2267942
  1.992710e+00   6.674743e+00   3.071051e-03   4.402702e-03   2298072
  2.003337e+00   6.730187e+00   3.064068e-03   4.421749e-03   2317272
  2.013961e+00   6.772417e+00   3.069747e-03   4.425748e-03   2345808
  2.024580e+00   6.822595e+00   3.062469e-03   4.433299e-03   2365650
  2.035206e+00   6.875309e+00   3.069930e-03   4.441591e-03   2396940
  2.045842e+00   6.934401e+00   3.069936e-03   4.455594e-03   2421272
  2.056473e+00   6.994002e+00   3.068399e-03   4.476913e-03   2444576
  2.067102e+00   7.036351e+00   3.069748e-03   4.474537e-03   2471490
  2.077728e+00   7.080023e+00   3.064854e-03   4.487959e-03   2493180
  2.088349e+00   7.138393e+00   3.068019e-03   4.494651e-03   2520952
  2.098972e+00   7.176816e+00   3.065319e-03   4.493337e-03   2544946
  2.109598e+00   7.222052e+00   3.068311e-03   4.505277e-03   2573856
  2.120230e+00   7.285300e+00   3.069026e-03   4.519835e-03   2600016
  2.130862e+00   7.335929e+00   3.069102e-03   4.522896e-03   2625484
  2.141490e+00   7.386881e+00   3.068080e-03   4.541919e-03   2651122
  2.152130e+00   7.446150e+00   3.074348e-03   4.546146e-03   2683488
  2.162754e+00   7.494558e+00   3.059466e-03   4.563447e-03   2696352
  2.173371e+00   7.539387e+00   3.071171e-03   4.556746e-03   2733020
  2.184002e+00   7.585923e+00   3.067530e-03   4.567973e-03   2757378
  2.194631e+00   7.638574e+00   3.067942e-03   4.578823e-03   2784864
  2.205259e+00   7.692654e+00   3.067811e-03   4.588410e-03   2811168
  2.215874e+00   7.739934e+00   3.061061e-03   4.591751e-03   2832274
  2.226505e+00   7.803723e+00   3.075611e-03   4.597913e-03   2873636
  2.237142e+00   7.850093e+00   3.064877e-03   4.619745e-03   2890496
  2.247766e+00   7.898535e+00   3.069851e-03   4.616974e-03   2921800
  2.258399e+00   7.932688e+00   3.071101e-03   4.613828e-03   2951298
  2.269032e+00   8.001867e+00   3.066274e-03   4.641594e-03   2975476
  2.279663e+00   8.040326e+00   3.071375e-03   4.640461e-03   3007728
  2.290285e+00   8.091892e+00   3.061886e-03   4.651675e-03   3025776
  2.300910e+00   8.156006e+00   3.072955e-03   4.659844e-03   3065762
  2.311540e+00   8.177477e+00   3.063208e-03   4.653573e-03   3084856
  2.322162e+00   8.237156e+00   3.068985e-03   4.670722e-03   3118044
  2.332782e+00   8.276264e+00   3.064319e-03   4.668532e-03   3141352
  2.343410e+00   8.338900e+00   3.072036e-03   4.675763e-03   3179274
  2.354046e+00   8.379581e+00   3.067682e-03   4.675385e-03   3204120
  2.364668e+00   8.425662e+00   3.063610e-03   4.694483e-03   3227900
  2.375288e+00   8.488587e+00   3.068722e-03   4.697859e-03   3262394
  2.385925e+00   8.528003e+00   3.071814e-03   4.700306e-03   3295680
  2.396559e+00   8.571920e+00   3.067166e-03   4.705601e-03   3319560
  2.407184e+00   8.614578e+00   3.068070e-03   4.707824e-03   3348972
  2.417810e+00   8.659174e+00   3.068540e-03   4.713260e-03   3379722
  2.428441e+00   8.713892e+00   3.068348e-03   4.708432e-03   3410720
  2.439075e+00   8.768094e+00   3.069517e-03   4.730050e-03   3441504
  2.449697e+00   8.810763e+00   3.063301e-03   4.731960e-03   3463624
  2.460317e+00   8.852884e+00   3.068043e-03   4.734367e-03   3499790
  2.470951e+00   8.905537e+00   3.070702e-03   4.741794e-03   3533560
  2.481588e+00   8.945589e+00   3.069830e-03   4.740016e-03   3561920
  2.492209e+00   8.991687e+00   3.064208e-03   4.745963e-03   3585208
  2.502830e+00   9.039888e+00   3.069185e-03   4.750473e-03   3622518
  2.513468e+00   9.078234e+00   3.072344e-03   4.749510e-03   3657584
  2.524094e+00   9.138837e+00   3.062507e-03   4.776332e-03   3676440
  2.534707e+00   9.192759e+00   3.065232e-03   4.767553e-03   3711282
  2.545334e+00   9.225831e+00   3.068763e-03   4.768721e-03   3747696
  2.555965e+00   9.268574e+00   3.067225e-03   4.768529e-03   3776188
  2.566601e+00   9.309979e+00   3.074483e-03   4.765195e-03   3815304
  2.577232e+00   9.356663e+00   3.064660e-03   4.766185e-03   3835370
  2.587856e+00   9.402411e+00   3.068926e-03   4.779645e-03   3873424
  2.598487e+00   9.456238e+00   3.067978e-03   4.790313e-03   3903420
  2.609117e+00   9.492090e+00   3.070036e-03   4.781790e-03   3937624
  2.619745e+00   9.532946e+00   3.066011e-03   4.785679e-03   3965658
  2.630375e+00   9.575902e+00   3.069802e-03   4.792547e-03   4002984
  2.641001e+00   9.626718e+00   3.065136e-03   4.791011e-03   4027928
  2.651616e+00   9.668534e+00   3.064941e-03   4.805219e-03   4059844
  2.662241e+00   9.703495e+00   3.069945e-03   4.792550e-03   4100338
  2.672876e+00   9.730469e+00   3.069128e-03   4.788475e-03   4132264
  2.683506e+00   9.787406e+00   3.068474e-03   4.800267e-03   4163216
  2.694131e+00   9.830694e+00   3.066146e-03   4.800437e-03   4193350
  2.704761e+00   9.865933e+00   3.071068e-03   4.794444e-03   4234456
  2.715390e+00   9.911428e+00   3.064079e-03   4.806410e-03   4257264
  2.726012e+00   9.951914e+00   3.069774e-03   4.809181e-03   4297352
  2.736640e+00   1.000039e+01   3.067495e-03   4.804524e-03   4328642
  2.747272e+00   1.003193e+01   3.070663e-03   4.802979e-03   4367948
  2.757895e+00   1.007714e+01   3.061799e-03   4.811418e-03   4388384
  2.768519e+00   1.012313e+01   3.072247e-03   4.804664e-03   4436648
  2.779154e+00   1.015504e+01   3.067997e-03   4.805540e-03   4465658
  2.789787e+00   1.020352e+01   3.069677e-03   4.811787e-03   4502948
  2.800413e+00   1.022886e+01   3.064787e-03   4.805303e-03   4528880
  2.811033e+00   1.028765e+01   3.067181e-03   4.814956e-03   4566290
  2.821663e+00   1.030286e+01   3.070655e-03   4.799631e-03   4606856
  2.832293e+00   1.035400e+01   3.066552e-03   4.802182e-03   4635380
  2.842916e+00   1.038848e+01   3.067131e-03   4.806136e-03   4670384
  2.853543e+00   1.042478e+01   3.069161e-03   4.807134e-03   4709258
  2.864179e+00   1.046041e+01   3.070324e-03   4.801046e-03   4747352
  2.874805e+00   1.049855e+01   3.063655e-03   4.809250e-03   4771664
  2.885427e+00   1.054110e+01   3.068600e-03   4.809799e-03   4813532
  2.896058e+00   1.057057e+01   3.070437e-03   4.796813e-03   4852322
  2.906693e+00   1.060592e+01   3.069013e-03   4.799474e-03   4886480
  2.917320e+00   1.065491e+01   3.066289e-03   4.799490e-03   4917248
  2.927939e+00   1.066157e+01   3.065099e-03   4.790369e-03   4950828
  2.938569e+00   1.071800e+01   3.072788e-03   4.792390e-03   5000170
  2.949204e+00   1.075242e+01   3.066857e-03   4.796990e-03   5026952
  2.959825e+00   1.078662e+01   3.064676e-03   4.798322e-03   5058752
  2.970445e+00   1.082200e+01   3.067741e-03   4.793920e-03   5100722
  2.981076e+00   1.085282e+01   3.068979e-03   4.785470e-03   5140124
  2.991706e+00   1.088057e+01   3.067937e-03   4.786296e-03   5174072
  3.002335e+00   1.092147e+01   3.068928e-03   4.783909e-03   5211608
  3.012962e+00   1.094949e+01   3.067917e-03   4.783504e-03   5247794
  3.023589e+00   1.098365e+01   3.066908e-03   4.775300e-03   5284196
  3.034222e+00   1.101838e+01   3.071657e-03   4.773221e-03   5328800
  3.044847e+00   1.105136e+01   3.063109e-03   4.779153e-03   5350872
  3.055470e+00   1.107899e+01   3.069608e-03   4.765950e-03   5400634
  3.066097e+00   1.111760e+01   3.065291e-03   4.766681e-03   5430968
  3.076725e+00   1.114175e+01   3.070185e-03   4.762592e-03   5475908
  3.087355e+00   1.118877e+01   3.068352e-03   4.767354e-03   5510016
  3.097986e+00   1.120613e+01   3.069695e-03   4.757417e-03   5552114
  3.108620e+00   1.124973e+01   3.068841e-03   4.760807e-03   5588944
  3.119249e+00   1.127825e+01   3.067703e-03   4.754794e-03   5623828
  3.129873e+00   1.131111e+01   3.066629e-03   4.751314e-03   5660722
  3.140497e+00   1.133162e+01   3.066422e-03   4.750616e-03   5699896
  3.151124e+00   1.135762e+01   3.068968e-03   4.742669e-03   5741936
  3.161754e+00   1.138878e+01   3.069010e-03   4.740268e-03   5779568
  3.172381e+00   1.141048e+01   3.067639e-03   4.730755e-03   5817222
  3.183006e+00   1.145090e+01   3.066013e-03   4.730643e-03   5854600
  3.193635e+00   1.146514e+01   3.069791e-03   4.723016e-03   5900040
  3.204262e+00   1.149976e+01   3.066501e-03   4.727403e-03   5931976
  3.214890e+00   1.152429e+01   3.070101e-03   4.712985e-03   5979390
  3.225518e+00   1.154741e+01   3.065321e-03   4.708903e-03   6010200
  3.236144e+00   1.157253e+01   3.069327e-03   4.703336e-03   6056496
  3.246769e+00   1.161236e+01   3.066211e-03   4.708323e-03   6089504
  3.257396e+00   1.162616e+01   3.069391e-03   4.687823e-03   6137114
  3.268025e+00   1.166311e+01   3.067201e-03   4.692295e-03   6173332
  3.278652e+00   1.168732e+01   3.067882e-03   4.687722e-03   6214128
  3.289279e+00   1.171022e+01   3.067306e-03   4.682337e-03   6253874
  3.299910e+00   1.173144e+01   3.069629e-03   4.678349e-03   6300104
  3.310539e+00   1.175146e+01   3.066365e-03   4.665118e-03   6332612
  3.321166e+00   1.178475e+01   3.070240e-03   4.664885e-03   6379768
  3.331797e+00   1.181474e+01   3.068597e-03   4.662208e-03   6418218
  3.342427e+00   1.182434e+01   3.068360e-03   4.655127e-03   6459880
  3.353052e+00   1.185605e+01   3.066116e-03   4.652007e-03   6495652
  3.363680e+00   1.187737e+01   3.070231e-03   4.647795e-03   6545296
  3.374311e+00   1.191306e+01   3.067227e-03   4.643962e-03   6581570
  3.384935e+00   1.191784e+01   3.065246e-03   4.634944e-03   6618960
  3.395556e+00   1.194928e+01   3.067158e-03   4.634480e-03   6663352
  3.406178e+00   1.197180e+01   3.065376e-03   4.628298e-03   6701334
  3.416809e+00   1.198057e+01   3.072512e-03   4.607194e-03   6759920
  3.427444e+00   1.202270e+01   3.067179e-03   4.614334e-03   6789696
  3.438073e+00   1.203940e+01   3.069955e-03   4.609568e-03   6837208
  3.448703e+00   1.204523e+01   3.067492e-03   4.589573e-03   6874966
  3.459333e+00   1.207046e+01   3.068613e-03   4.591654e-03   6920864
  3.469960e+00   1.208129e+01   3.066758e-03   4.578801e-03   6957816
  3.480585e+00   1.210636e+01   3.068144e-03   4.573889e-03   7002232
  3.491208e+00   1.212286e+01   3.066540e-03   4.566819e-03   7043114
  3.501840e+00   1.216072e+01   3.070403e-03   4.566824e-03   7096020
  3.512471e+00   1.217838e+01   3.067394e-03   4.562374e-03   7130640
  3.523097e+00   1.218433e+01   3.068276e-03   4.545993e-03   7175472
  3.533723e+00   1.219497e+01   3.067248e-03   4.536684e-03   7217786
  3.544353e+00   1.221889e+01   3.068999e-03   4.533479e-03   7265564
  3.554979e+00   1.223574e+01   3.066319e-03   4.528282e-03   7301288
  3.565600e+00   1.224328e+01   3.066375e-03   4.520757e-03   7345330
  3.576227e+00   1.227188e+01   3.069052e-03   4.512067e-03   7397048
  3.586856e+00   1.228226e+01   3.067039e-03   4.509107e-03   7435920
  3.597485e+00   1.229621e+01   3.069220e-03   4.490957e-03   7484140
  3.608113e+00   1.232200e+01   3.067643e-03   4.494381e-03   7525578
  3.618741e+00   1.234136e+01   3.067518e-03   4.486321e-03   7571376
  3.629371e+00   1.234207e+01   3.068480e-03   4.469753e-03   7617064
  3.640002e+00   1.236824e+01   3.069456e-03   4.471109e-03   7662092
  3.650627e+00   1.238496e+01   3.066324e-03   4.464109e-03   7699658
  3.661254e+00   1.240128e+01   3.068945e-03   4.452606e-03   7752416
  3.671886e+00   1.241141e+01   3.069408e-03   4.443963e-03   7797776
  3.682511e+00   1.242961e+01   3.065176e-03   4.443671e-03   7831720
  3.693136e+00   1.244171e+01   3.069723e-03   4.428763e-03   7889926
  3.703768e+00   1.244232e+01   3.067981e-03   4.419711e-03   7931480
  3.714397e+00   1.245631e+01   3.068251e-03   4.416666e-03   7976688
  3.725016e+00   1.246556e+01   3.062621e-03   4.406000e-03   8007786
  3.735639e+00   1.248674e+01   3.070332e-03   4.390769e-03   8074564
  3.746275e+00   1.249412e+01   3.070085e-03   4.389204e-03   8118904
  3.756904e+00   1.249837e+01   3.066957e-03   4.377588e-03   8155824
  3.767533e+00   1.253197e+01   3.070641e-03   4.374218e-03   8212802
  3.778161e+00   1.253330e+01   3.065118e-03   4.367106e-03   8245268
  3.788791e+00   1.254816e+01   3.071754e-03   4.353606e-03   8308816
  3.799422e+00   1.256125e+01   3.066301e-03   4.351383e-03   8340304
  3.810044e+00   1.256744e+01   3.066222e-03   4.343465e-03   8387738
  3.820668e+00   1.255912e+01   3.067207e-03   4.323081e-03   8437624
  3.831296e+00   1.258091e+01   3.068826e-03   4.319173e-03   8487796
  3.841921e+00   1.259915e+01   3.066430e-03   4.315589e-03   8527936
  3.852549e+00   1.258727e+01   3.069409e-03   4.295725e-03   8585122
  3.863180e+00   1.261055e+01   3.067925e-03   4.295324e-03   8628200
  3.873811e+00   1.261246e+01   3.069670e-03   4.281594e-03   8679484
  3.884439e+00   1.262779e+01   3.067320e-03   4.277720e-03   8721466
  3.895064e+00   1.262554e+01   3.065795e-03   4.267396e-03   8765840
  3.905692e+00   1.263665e+01   3.070355e-03   4.253120e-03   8825136
  3.916320e+00   1.264559e+01   3.066753e-03   4.250232e-03   8861768
  3.926948e+00   1.265722e+01   3.069321e-03   4.237171e-03   8919278
  3.937577e+00   1.265224e+01   3.066595e-03   4.226560e-03   8961008
  3.948205e+00   1.266569e+01   3.068779e-03   4.218492e-03   9014456
  3.958835e+00   1.266235e+01   3.068818e-03   4.209314e-03   9062240
  3.969465e+00   1.267100e+01   3.068277e-03   4.198021e-03   9110510
  3.980091e+00   1.267564e+01   3.066455e-03   4.191562e-03   9154048
  3.990712e+00   1.269147e+01   3.065703e-03   4.187509e-03   9198928
  4.001336e+00   1.269963e+01   3.068826e-03   4.175487e-03   9257194
  4.011967e+00   1.270212e+01   3.069362e-03   4.165521e-03   9310168
  4.022596e+00   1.270229e+01   3.066324e-03   4.154548e-03   9350316
  4.033222e+00   1.270325e+01   3.069210e-03   4.144719e-03   9407120
  4.043852e+00   1.270521e+01   3.068250e-03   4.132429e-03   9454642
  4.054482e+00   1.271700e+01   3.068405e-03   4.123745e-03   9506272
  4.065111e+00   1.271746e+01   3.067355e-03   4.119054e-03   9551228
  4.075735e+00   1.272373e+01   3.067594e-03   4.102383e-03   9600264
  4.086360e+00   1.272038e+01   3.067530e-03   4.095951e-03   9651458
  4.096991e+00   1.273389e+01   3.070122e-03   4.086776e-03   9711488
  4.107620e+00   1.272392e+01   3.066189e-03   4.075415e-03   9749144
  4.118247e+00   1.272482e+01   3.069033e-03   4.062625e-03   9807908
  4.128876e+00   1.273781e+01   3.067607e-03   4.061125e-03   9854786
  4.139508e+00   1.275133e+01   3.070269e-03   4.051976e-03   9914304
  4.150134e+00   1.275192e+01   3.064668e-03   4.044970e-03   9945544
  4.160753e+00   1.274871e+01   3.066794e-03   4.029469e-03   10003414
  4.171379e+00   1.273687e+01   3.068671e-03   4.016522e-03   10062032
  4.182011e+00   1.274759e+01   3.069142e-03   4.008450e-03   10114792
  4.192645e+00   1.273223e+01   3.070449e-03   3.992790e-03   10169936
  4.203267e+00   1.275324e+01   3.062650e-03   3.995888e-03   10196602
  4.213895e+00   1.274258e+01   3.072265e-03   3.973627e-03   10281156
  4.224526e+00   1.274960e+01   3.065688e-03   3.971201e-03   10309376
  4.235150e+00   1.274738e+01   3.068567e-03   3.959044e-03   10369856
  4.245775e+00   1.275133e+01   3.066063e-03   3.951916e-03   10415370
  4.256404e+00   1.275251e+01   3.070045e-03   3.936730e-03   10481988
  4.267039e+00   1.273952e+01   3.069556e-03   3.929483e-03   10531200
  4.277665e+00   1.274115e+01   3.065408e-03   3.919869e-03   10569416
  4.288289e+00   1.273688e+01   3.068216e-03   3.905463e-03   10633066
  4.298919e+00   1.273371e+01   3.068866e-03   3.898027e-03   10687548
  4.309552e+00   1.274205e+01   3.070419e-03   3.890770e-03   10743968
  4.320180e+00   1.272834e+01   3.065849e-03   3.880079e-03   10782130
  4.330801e+00   1.273758e+01   3.066095e-03   3.869668e-03   10837792
  4.341427e+00   1.273699e+01   3.068321e-03   3.858303e-03   10897368
  4.352058e+00   1.273881e+01   3.069642e-03   3.852637e-03   10953940
  4.362687e+00   1.271958e+01   3.067969e-03   3.835655e-03   11003274
  4.373313e+00   1.271596e+01   3.066343e-03   3.824441e-03   11052800
  4.383943e+00   1.271841e+01   3.070099e-03   3.816364e-03   11118176
  4.394573e+00   1.271035e+01   3.067934e-03   3.806927e-03   11162268
  4.405196e+00   1.272229e+01   3.066117e-03   3.801994e-03   11211458
  4.415820e+00   1.270845e+01   3.067310e-03   3.789656e-03   11271888
  4.426448e+00   1.271377e+01   3.068640e-03   3.778242e-03   11329304
  4.437073e+00   1.270148e+01   3.066385e-03   3.768350e-03   11375026
  4.447701e+00   1.269300e+01   3.069261e-03   3.753700e-03   11442532
  4.458330e+00   1.268848e+01   3.066551e-03   3.746517e-03   11487264
  4.468957e+00   1.267416e+01   3.068098e-03   3.734756e-03   11545680
  4.479587e+00   1.267554e+01   3.069842e-03   3.720380e-03   11607058
  4.490221e+00   1.268420e+01   3.069925e-03   3.715406e-03   11664300
  4.500851e+00   1.265975e+01   3.066963e-03   3.701505e-03   11707488
  4.511474e+00   1.266812e+01   3.066617e-03   3.696408e-03   11759536
  4.522104e+00   1.266601e+01   3.071176e-03   3.685655e-03   11833690
  4.532737e+00   1.265886e+01   3.067542e-03   3.672697e-03   11877808
  4.543362e+00   1.263883e+01   3.065778e-03   3.664686e-03   11925836
  4.553987e+00   1.264627e+01   3.068899e-03   3.653715e-03   11992168
  4.564616e+00   1.263387e+01   3.067784e-03   3.642975e-03   12044554
  4.575242e+00   1.263409e+01   3.067168e-03   3.632759e-03   12098976
  4.585865e+00   1.262259e+01   3.066173e-03   3.622787e-03   12149996
  4.596487e+00   1.261582e+01   3.067038e-03   3.613483e-03   12209594
  4.607117e+00   1.261126e+01   3.069983e-03   3.600230e-03   12279272
  4.617752e+00   1.260093e+01   3.070004e-03   3.589702e-03   12336072
  4.628383e+00   1.260544e+01   3.067416e-03   3.585517e-03   12381744
  4.639009e+00   1.258841e+01   3.068068e-03   3.571358e-03   12441590
  4.649637e+00   1.257917e+01   3.067557e-03   3.560303e-03   12497256
  4.660262e+00   1.259013e+01   3.066825e-03   3.556851e-03   12550032
  4.670884e+00   1.256755e+01   3.066185e-03   3.542425e-03   12603936
  4.681508e+00   1.257036e+01   3.068111e-03   3.534739e-03   12671230
  4.692142e+00   1.255896e+01   3.070828e-03   3.521026e-03   12740920
  4.702775e+00   1.254864e+01   3.067767e-03   3.515013e-03   12784560
  4.713398e+00   1.253783e+01   3.065894e-03   3.505816e-03   12834176
  4.724025e+00   1.253377e+01   3.069663e-03   3.490366e-03   12909006
  4.734656e+00   1.252664e+01   3.068089e-03   3.483161e-03   12959680
  4.745283e+00   1.252176e+01   3.067551e-03   3.475630e-03   13014232
  4.755909e+00   1.249883e+01   3.068154e-03   3.459302e-03   13076514
  4.766534e+00   1.249876e+01   3.065684e-03   3.454841e-03   13127112
  4.777164e+00   1.248081e+01   3.070665e-03   3.436884e-03   13205852
  4.787797e+00   1.247648e+01   3.068206e-03   3.428414e-03   13252032
  4.798423e+00   1.246278e+01   3.066967e-03   3.420776e-03   13307450
  4.809051e+00   1.246784e+01   3.068506e-03   3.413731e-03   13374160
  4.819680e+00   1.244241e+01   3.067567e-03   3.397562e-03   13426348
  4.830308e+00   1.244347e+01   3.069633e-03   3.389081e-03   13492760
  4.840934e+00   1.242975e+01   3.066142e-03   3.380420e-03   13539546
  4.851560e+00   1.242197e+01   3.068338e-03   3.370662e-03   13610704
  4.862187e+00   1.241449e+01   3.066835e-03   3.361562e-03   13662024
  4.872813e+00   1.240104e+01   3.068248e-03   3.350900e-03   13727492
  4.883443e+00   1.239940e+01   3.069111e-03   3.343686e-03   13793394
  4.894073e+00   1.238883e+01   3.067154e-03   3.332864e-03   13844456
  4.904699e+00   1.237318e+01   3.067927e-03   3.322333e-03   13905184
  4.915325e+00   1.235891e+01   3.067971e-03   3.310428e-03   13965958
  4.925951e+00   1.235901e+01   3.067148e-03   3.303877e-03   14025192
  4.936580e+00   1.235199e+01   3.068951e-03   3.296302e-03   14093768
  4.947211e+00   1.234120e+01   3.068454e-03   3.283077e-03   14150440
  4.957840e+00   1.233270e+01   3.068630e-03   3.275865e-03   14213450
  4.968468e+00   1.232297e+01   3.066726e-03   3.267293e-03   14267036
  4.979095e+00   1.229945e+01   3.068568e-03   3.254506e-03   14335032
  4.989722e+00   1.229453e+01   3.067092e-03   3.244860e-03   14387664
  5.000347e+00   1.229260e+01   3.068270e-03   3.236395e-03   14455698
  5.010977e+00   1.226684e+01   3.068677e-03   3.223623e-03   14520452
  5.021607e+00   1.226508e+01   3.068497e-03   3.215469e-03   14580272
  5.032232e+00   1.225750e+01   3.065614e-03   3.209853e-03   14628050
  5.042860e+00   1.224358e+01   3.070982e-03   3.195894e-03   14716744
  5.053489e+00   1.223687e+01   3.065407e-03   3.194304e-03   14751712
  5.064115e+00   1.222316e+01   3.069456e-03   3.179251e-03   14831620
  5.074740e+00   1.221435e+01   3.065470e-03   3.172729e-03   14875522
  5.085366e+00   1.220379e+01   3.068961e-03   3.163070e-03   14956720
  5.095994e+00   1.219134e+01   3.066998e-03   3.153466e-03   15008272
  5.106620e+00   1.218384e+01   3.067783e-03   3.143352e-03   15073780
  5.117248e+00   1.217669e+01   3.069002e-03   3.132884e-03   15144866
  5.127883e+00   1.216686e+01   3.070052e-03   3.126027e-03   15213872
  5.138515e+00   1.215132e+01   3.067931e-03   3.116808e-03   15263976
  5.149140e+00   1.213520e+01   3.066723e-03   3.105471e-03   15320236
  5.159767e+00   1.213309e+01   3.069367e-03   3.097074e-03   15398322
  5.170396e+00   1.212804e+01   3.067121e-03   3.093570e-03   15450864
  5.181021e+00   1.211177e+01   3.067373e-03   3.082224e-03   15513888
  5.191645e+00   1.209165e+01   3.066596e-03   3.070815e-03   15574626
  5.202274e+00   1.209114e+01   3.069893e-03   3.063995e-03   15657956
  5.212904e+00   1.208170e+01   3.066736e-03   3.057511e-03   15704248
  5.223531e+00   1.206534e+01   3.068512e-03   3.045770e-03   15774824
  5.234161e+00   1.206091e+01   3.069354e-03   3.037935e-03   15844898
  5.244790e+00   1.204680e+01   3.066994e-03   3.029158e-03   15898956
  5.255415e+00   1.203013e+01   3.067091e-03   3.018719e-03   15961768
  5.266040e+00   1.201653e+01   3.068481e-03   3.009595e-03   16032208
  5.276669e+00   1.201292e+01   3.068464e-03   3.000727e-03   16099530
  5.287295e+00   1.199978e+01   3.065856e-03   2.995896e-03   16152712
  5.297924e+00   1.199904e+01   3.069693e-03   2.987909e-03   16235740
  5.308553e+00   1.198862e+01   3.067725e-03   2.981249e-03   16288856
  5.319183e+00   1.197360e+01   3.069408e-03   2.968702e-03   16365074
  5.329812e+00   1.196840e+01   3.067066e-03   2.964051e-03   16418248
  5.340434e+00   1.195262e+01   3.065573e-03   2.955565e-03   16473180
  5.351058e+00   1.195073e+01   3.069491e-03   2.946888e-03   16560234
  5.361687e+00   1.193397e+01   3.067046e-03   2.940677e-03   16616088
  5.372317e+00   1.193217e+01   3.069133e-03   2.932211e-03   16693264
  5.382948e+00   1.191405e+01   3.068526e-03   2.921769e-03   16753864
  5.393577e+00   1.190547e+01   3.068569e-03   2.914789e-03   16820702
  5.404204e+00   1.189317e+01   3.066887e-03   2.907000e-03   16879288
  5.414832e+00   1.189024e+01   3.068277e-03   2.901371e-03   16951712
  5.425456e+00   1.187153e+01   3.066689e-03   2.894887e-03   17007560
  5.436084e+00   1.186604e+01   3.069534e-03   2.885626e-03   17092086
  5.446713e+00   1.185938e+01   3.067265e-03   2.876544e-03   17148392
  5.457342e+00   1.186098e+01   3.068696e-03   2.871338e-03   17222288
  5.467971e+00   1.184162e+01   3.068089e-03   2.863490e-03   17285096
  5.478597e+00   1.183607e+01   3.066549e-03   2.855854e-03   17344826
  5.489223e+00   1.182254e+01   3.068300e-03   2.846767e-03   17421236
  5.499853e+00   1.181407e+01   3.069479e-03   2.843165e-03   17494160
  5.510478e+00   1.180556e+01   3.065109e-03   2.835772e-03   17538122
  5.521100e+00   1.180478e+01   3.067347e-03   2.828677e-03   17620136
  5.531731e+00   1.178673e+01   3.069687e-03   2.819708e-03   17700428
  5.542362e+00   1.178808e+01   3.068482e-03   2.814498e-03   17760320
  5.552991e+00   1.177633e+01   3.068060e-03   2.807703e-03   17827562
  5.563619e+00   1.176606e+01   3.067912e-03   2.798376e-03   17895488
  5.574247e+00   1.176383e+01   3.068230e-03   2.796408e-03   17963576
  5.584874e+00   1.175739e+01   3.067616e-03   2.789657e-03   18027500
  5.595502e+00   1.174920e+01   3.068831e-03   2.780563e-03   18105650
  5.606129e+00   1.173521e+01   3.066269e-03   2.775238e-03   18160880
  5.616752e+00   1.173980e+01   3.067084e-03   2.772290e-03   18233144
  5.627379e+00   1.172245e+01   3.067872e-03   2.763899e-03   18307310
  5.638008e+00   1.171954e+01   3.068420e-03   2.757227e-03   18381680
  5.648639e+00   1.171431e+01   3.068723e-03   2.752650e-03   18450536
  5.659270e+00   1.171651e+01   3.069549e-03   2.746914e-03   18522128
  5.669897e+00   1.169475e+01   3.067067e-03   2.739007e-03   18578414
  5.680523e+00   1.169853e+01   3.067781e-03   2.734544e-03   18654304
  5.691150e+00   1.168814e+01   3.067639e-03   2.729396e-03   18722304
  5.701780e+00   1.168524e+01   3.069442e-03   2.721641e-03   18802472
  5.712409e+00   1.167787e+01   3.067729e-03   2.717401e-03   18864266
  5.723037e+00   1.168114e+01   3.067347e-03   2.716500e-03   18933260
  5.733662e+00   1.167072e+01   3.066799e-03   2.708531e-03   18997448
  5.744288e+00   1.166643e+01   3.068953e-03   2.702483e-03   19079816
  5.754917e+00   1.166261e+01   3.067744e-03   2.698872e-03   19145330
  5.765545e+00   1.166271e+01   3.067941e-03   2.695549e-03   19218276
  5.776172e+00   1.165021e+01   3.067784e-03   2.686644e-03   19286200
  5.786797e+00   1.165069e+01   3.066457e-03   2.684470e-03   19349738
  5.797427e+00   1.165590e+01   3.070714e-03   2.680523e-03   19450040
  5.808057e+00   1.165386e+01   3.065907e-03   2.677069e-03   19489688
  5.818683e+00   1.164528e+01   3.068803e-03   2.670517e-03   19576868
  5.829310e+00   1.164412e+01   3.067331e-03   2.668544e-03   19640282
  5.839940e+00   1.164507e+01   3.069683e-03   2.662261e-03   19728800
  5.850566e+00   1.163554e+01   3.065237e-03   2.659031e-03   19770152
  5.861190e+00   1.163690e+01   3.068717e-03   2.654919e-03   19863516
  5.871821e+00   1.164220e+01   3.069639e-03   2.651961e-03   19943594
  5.882452e+00   1.163717e+01   3.067597e-03   2.648202e-03   20003440
  5.893081e+00   1.163623e+01   3.068832e-03   2.644744e-03   20081768
  5.903706e+00   1.163256e+01   3.066188e-03   2.640470e-03   20136200
  5.914335e+00   1.163862e+01   3.070449e-03   2.638843e-03   20238094
  5.924964e+00   1.163155e+01   3.066146e-03   2.635507e-03   20282544
  5.935584e+00   1.164127e+01   3.065727e-03   2.634161e-03   20351720
  5.946209e+00   1.163708e+01   3.068474e-03   2.629551e-03   20444714
  5.956838e+00   1.164478e+01   3.067781e-03   2.628700e-03   20515116
  5.967470e+00   1.165124e+01   3.070149e-03   2.625806e-03   20602384
  5.978102e+00   1.165443e+01   3.068165e-03   2.626049e-03   20659872
  5.988728e+00   1.165257e+01   3.067093e-03   2.621290e-03   20727682
  5.999356e+00   1.165131e+01   3.068732e-03   2.618629e-03   20814416
  6.009986e+00   1.166031e+01   3.068153e-03   2.618542e-03   20881100
  6.020612e+00   1.166164e+01   3.068117e-03   2.617196e-03   20953688
  6.031238e+00   1.167566e+01   3.066654e-03   2.615885e-03   21021050
  6.041866e+00   1.166959e+01   3.068891e-03   2.612323e-03   21111632
  6.052496e+00   1.167679e+01   3.068341e-03   2.612391e-03   21179972
  6.063121e+00   1.168651e+01   3.066368e-03   2.613199e-03   21240488
  6.073747e+00   1.169658e+01   3.068419e-03   2.610691e-03   21331418
  6.084375e+00   1.169864e+01   3.067338e-03   2.611156e-03   21397304
  6.095000e+00   1.170833e+01   3.067405e-03   2.611586e-03   21469764
  6.105627e+00   1.171799e+01   3.068819e-03   2.609741e-03   21556122
  6.116254e+00   1.172082e+01   3.066479e-03   2.610226e-03   21618312
  6.126884e+00   1.172898e+01   3.069809e-03   2.609201e-03   21716096
  6.137516e+00   1.173297e+01   3.068719e-03   2.609621e-03   21781352
  6.148144e+00   1.174685e+01   3.067428e-03   2.610341e-03   21848870
  6.158771e+00   1.176297e+01   3.067652e-03   2.612862e-03   21927536
  6.169400e+00   1.176997e+01   3.068795e-03   2.613275e-03   22008944
  6.180028e+00   1.178991e+01   3.067865e-03   2.616582e-03   22076136
  6.190652e+00   1.179983e+01   3.066547e-03   2.618979e-03   22145270
  6.201282e+00   1.180580e+01   3.070373e-03   2.615982e-03   22250960
  6.211913e+00   1.182427e+01   3.066914e-03   2.621316e-03   22300864
  6.222538e+00   1.184276e+01   3.067186e-03   2.624942e-03   22378586
  6.233165e+00   1.185159e+01   3.068261e-03   2.625367e-03   22464104
  6.243795e+00   1.187053e+01   3.068708e-03   2.628014e-03   22542892
  6.254421e+00   1.188320e+01   3.067123e-03   2.631057e-03   22606008
  6.265047e+00   1.189770e+01   3.067919e-03   2.631197e-03   22690002
  6.275673e+00   1.190786e+01   3.066936e-03   2.634567e-03   22762216
  6.286298e+00   1.191048e+01   3.068880e-03   2.635993e-03   22815779
  6.296927e+00   1.189062e+01   3.067733e-03   2.631163e-03   22772312
  6.307555e+00   1.186022e+01   3.067923e-03   2.628055e-03   22733708
  6.318183e+00   1.183283e+01   3.068441e-03   2.622542e-03   22697672
  6.328811e+00   1.180555e+01   3.067507e-03   2.618041e-03   22651460
  6.339438e+00   1.177174e+01   3.068199e-03   2.610610e-03   22616024
  6.350068e+00   1.174537e+01   3.069309e-03   2.604302e-03   22583496
  6.360694e+00   1.171949e+01   3.065960e-03   2.600878e-03   22519252
  6.371317e+00   1.168924e+01   3.067197e-03   2.594768e-03   22488992
  6.381944e+00   1.166450e+01   3.067780e-03   2.590459e-03   22453172
  6.392574e+00   1.163625e+01   3.069105e-03   2.585836e-03   22420584
  6.403204e+00   1.160644e+01   3.068296e-03   2.581869e-03   22371700
  6.413832e+00   1.157454e+01   3.068296e-03   2.575481e-03   22329896
  6.424460e+00   1.155363e+01   3.067512e-03   2.573072e-03   22282876
  6.435088e+00   1.152308e+01   3.068899e-03   2.566492e-03   22250692
  6.445715e+00   1.148994e+01   3.066872e-03   2.560308e-03   22194436
  6.456340e+00   1.147258e+01   3.066996e-03   2.557638e-03   22153540
  6.466968e+00   1.145007e+01   3.068722e-03   2.555826e-03   22122584
  6.477597e+00   1.141891e+01   3.067957e-03   2.551162e-03   22073004
  6.488227e+00   1.139580e+01   3.069406e-03   2.545438e-03   22039640
  6.498854e+00   1.137205e+01   3.066107e-03   2.543242e-03   21971624
  6.509482e+00   1.134671e+01   3.070097e-03   2.537903e-03   21955708
  6.520106e+00   1.132101e+01   3.063845e-03   2.537294e-03   21867720
  6.530733e+00   1.129321e+01   3.071600e-03   2.528062e-03   21878900
  6.541363e+00   1.127527e+01   3.065935e-03   2.530592e-03   21794260
  6.551990e+00   1.124680e+01   3.068881e-03   2.525452e-03   21770256
  6.562619e+00   1.121776e+01   3.068010e-03   2.519069e-03   21718124
  6.573247e+00   1.119585e+01   3.067905e-03   2.517122e-03   21671096
  6.583874e+00   1.117495e+01   3.067932e-03   2.513875e-03   21625412
  6.594503e+00   1.114554e+01   3.069070e-03   2.509101e-03   21587284
  6.605129e+00   1.112544e+01   3.066010e-03   2.507577e-03   21519648
  6.615755e+00   1.110333e+01   3.068792e-03   2.503509e-03   21493344
  6.626384e+00   1.106903e+01   3.067812e-03   2.498154e-03   21439360
  6.637013e+00   1.105133e+01   3.068679e-03   2.494842e-03   21398900
  6.647644e+00   1.102463e+01   3.068668e-03   2.491023e-03   21351488
  6.658271e+00   1.100597e+01   3.066526e-03   2.489009e-03   21288012
  6.668898e+00   1.097930e+01   3.068796e-03   2.485437e-03   21255052
  6.679525e+00   1.095989e+01   3.067400e-03   2.485060e-03   21196928
  6.690151e+00   1.093701e+01   3.067431e-03   2.482154e-03   21149036
  6.700778e+00   1.091402e+01   3.068015e-03   2.477913e-03   21105304
  6.711407e+00   1.089256e+01   3.068524e-03   2.474858e-03   21059992
  6.722038e+00   1.087283e+01   3.069263e-03   2.473354e-03   21014904
  6.732667e+00   1.084944e+01   3.067536e-03   2.470758e-03   20953620
  6.743293e+00   1.081874e+01   3.067478e-03   2.464715e-03   20902948
  6.753920e+00   1.079811e+01   3.068064e-03   2.463092e-03   20856528
  6.764548e+00   1.077580e+01   3.068448e-03   2.461037e-03   20808868
  6.775174e+00   1.075700e+01   3.066599e-03   2.459431e-03   20746700
  6.785798e+00   1.073559e+01   3.066925e-03   2.455500e-03   20699040
  6.796428e+00   1.071258e+01   3.069860e-03   2.453042e-03   20667584
  6.807054e+00   1.069301e+01   3.064988e-03   2.452055e-03   20583320
  6.817679e+00   1.066760e+01   3.069606e-03   2.446197e-03   20562728
  6.828310e+00   1.065204e+01   3.067915e-03   2.448546e-03   20499120
  6.838938e+00   1.062698e+01   3.068337e-03   2.444027e-03   20448668
  6.849566e+00   1.060340e+01   3.068077e-03   2.440264e-03   20394408
  6.860195e+00   1.058097e+01   3.068320e-03   2.437607e-03   20344236
  6.870823e+00   1.056439e+01   3.067630e-03   2.437601e-03   20287988
  6.881451e+00   1.054480e+01   3.068044e-03   2.434593e-03   20237280
  6.892077e+00   1.051732e+01   3.067320e-03   2.431766e-03   20178328
  6.902707e+00   1.050269e+01   3.069652e-03   2.428514e-03   20139844
  6.913336e+00   1.048799e+01   3.067174e-03   2.430700e-03   20069748
  6.923962e+00   1.046224e+01   3.067514e-03   2.425588e-03   20016800
  6.934587e+00   1.043823e+01   3.067642e-03   2.424516e-03   19962224
  6.945217e+00   1.042702e+01   3.069885e-03   2.425864e-03   19923568
  6.955848e+00   1.039976e+01   3.067490e-03   2.420550e-03   19854300
  6.966474e+00   1.038021e+01   3.067154e-03   2.419250e-03   19797056
  6.977101e+00   1.035643e+01   3.067706e-03   2.417348e-03   19744940
  6.987728e+00   1.033857e+01   3.068174e-03   2.415488e-03   19691768
  6.998356e+00   1.032056e+01   3.067321e-03   2.414744e-03   19629548
  7.008982e+00   1.029844e+01   3.067740e-03   2.412911e-03   19575480
  7.019610e+00   1.028242e+01   3.068413e-03   2.411464e-03   19523296
  7.030241e+00   1.026244e+01   3.069533e-03   2.409077e-03   19474344
  7.040867e+00   1.024833e+01   3.065611e-03   2.409105e-03   19392868
  7.051493e+00   1.022297e+01   3.069073e-03   2.405112e-03   19356176
  7.062123e+00   1.020700e+01   3.068592e-03   2.405138e-03   19294916
  7.072754e+00   1.019317e+01   3.069110e-03   2.406085e-03   19240856
  7.083382e+00   1.017909e+01   3.067066e-03   2.406051e-03   19170884
  7.094007e+00   1.015331e+01   3.066966e-03   2.403883e-03   19111352
  7.104633e+00   1.013249e+01   3.068278e-03   2.400357e-03   19060016
  7.115261e+00   1.011912e+01   3.067998e-03   2.401499e-03   18999752
  7.125886e+00   1.009751e+01   3.066210e-03   2.399466e-03   18930272
  7.136511e+00   1.008069e+01   3.068009e-03   2.397579e-03   18882340
  7.147141e+00   1.007063e+01   3.069133e-03   2.398278e-03   18829056
  7.157770e+00   1.005107e+01   3.067293e-03   2.399963e-03   18757640
  7.168398e+00   1.003742e+01   3.069197e-03   2.397693e-03   18709036
  7.179027e+00   1.001667e+01   3.067378e-03   2.398261e-03   18637668
  7.189656e+00   9.993968e+00   3.069146e-03   2.395100e-03   18587048
  7.200283e+00   9.984040e+00   3.066626e-03   2.394983e-03   18510972
  7.210909e+00   9.962483e+00   3.067730e-03   2.395018e-03   18456692
  7.221535e+00   9.951592e+00   3.067567e-03   2.394906e-03   18394084
  7.232164e+00   9.941109e+00   3.069110e-03   2.396878e-03   18341352
  7.242794e+00   9.917562e+00   3.068234e-03   2.393784e-03   18273884
  7.253423e+00   9.905562e+00   3.068036e-03   2.396151e-03   18211148
  7.264048e+00   9.884931e+00   3.066171e-03   2.394146e-03   18137692
  7.274674e+00   9.870849e+00   3.069088e-03   2.393250e-03   18091580
  7.285305e+00   9.853441e+00   3.068515e-03   2.393258e-03   18024560
  7.295932e+00   9.844017e+00   3.067362e-03   2.395482e-03   17955116
  7.306559e+00   9.824602e+00   3.067637e-03   2.394632e-03   17893232
  7.317187e+00   9.810342e+00   3.068343e-03   2.395778e-03   17832620
  7.327816e+00   9.791521e+00   3.068327e-03   2.394734e-03   17767864
  7.338445e+00   9.777266e+00   3.068809e-03   2.392633e-03   17706956
  7.349073e+00   9.765104e+00   3.066947e-03   2.395762e-03   17632632
  7.359699e+00   9.743016e+00   3.068061e-03   2.394274e-03   17573524
  7.370327e+00   9.737700e+00   3.067901e-03   2.396071e-03   17506380
  7.380954e+00   9.723575e+00   3.068207e-03   2.397653e-03   17442548
  7.391580e+00   9.707750e+00   3.066528e-03   2.397749e-03   17368556
  7.402208e+00   9.693455e+00   3.069314e-03   2.398326e-03   17318260
  7.412837e+00   9.675900e+00   3.067939e-03   2.398819e-03   17243792
  7.423463e+00   9.663114e+00   3.066549e-03   2.398544e-03   17169716
  7.434088e+00   9.652004e+00   3.067759e-03   2.400943e-03   17109768
  7.444715e+00   9.641160e+00   3.068012e-03   2.403846e-03   17044064
  7.455345e+00   9.627465e+00   3.068894e-03   2.403197e-03   16981560
  7.465972e+00   9.602923e+00   3.066680e-03   2.402264e-03   16902264
  7.476600e+00   9.597976e+00   3.069499e-03   2.405372e-03   16849940
  7.487230e+00   9.585839e+00   3.067461e-03   2.407519e-03   16770600
  7.497858e+00   9.569466e+00   3.068497e-03   2.406686e-03   16707512
  7.508485e+00   9.560391e+00   3.067634e-03   2.407945e-03   16634480
  7.519114e+00   9.548617e+00   3.068242e-03   2.411401e-03   16569424
  7.529741e+00   9.534680e+00   3.067751e-03   2.412854e-03   16497216
  7.540372e+00   9.528096e+00   3.069501e-03   2.416379e-03   16436416
  7.550999e+00   9.514009e+00   3.067032e-03   2.415846e-03   16353532
  7.561624e+00   9.498657e+00   3.067126e-03   2.418971e-03   16284908
  7.572251e+00   9.493213e+00   3.068426e-03   2.421346e-03   16221948
  7.582881e+00   9.476661e+00   3.068614e-03   2.424305e-03   16152552
  7.593510e+00   9.470530e+00   3.068122e-03   2.425489e-03   16078864
  7.604137e+00   9.458479e+00   3.067536e-03   2.428556e-03   16005296
  7.614766e+00   9.449130e+00   3.068300e-03   2.429589e-03   15938220
  7.625392e+00   9.431198e+00   3.066841e-03   2.432269e-03   15858440
  7.636016e+00   9.428669e+00   3.067373e-03   2.437250e-03   15789252
  7.646642e+00   9.420113e+00   3.067548e-03   2.439786e-03   15718944
  7.657269e+00   9.405608e+00   3.067947e-03   2.439382e-03   15648652
  7.667899e+00   9.398058e+00   3.069201e-03   2.444411e-03   15581944
  7.678531e+00   9.392180e+00   3.069010e-03   2.448165e-03   15508744
  7.689158e+00   9.378778e+00   3.066436e-03   2.451165e-03   15422472
  7.699784e+00   9.363961e+00   3.068878e-03   2.452860e-03   15361536
  7.710413e+00   9.357901e+00   3.067494e-03   2.458603e-03   15281048
  7.721038e+00   9.349449e+00   3.067557e-03   2.460637e-03   15207752
  7.731666e+00   9.341768e+00   3.067687e-03   2.464407e-03   15134800
  7.742292e+00   9.343615e+00   3.067594e-03   2.469934e-03   15059664
  7.752920e+00   9.325562e+00   3.068106e-03   2.471261e-03   14987020
  7.763550e+00   9.319398e+00   3.069757e-03   2.475803e-03   14919936
  7.774179e+00   9.309258e+00   3.066979e-03   2.480403e-03   14831776
  7.784807e+00   9.307431e+00   3.069197e-03   2.486315e-03   14767552
  7.795435e+00   9.301698e+00   3.066309e-03   2.491042e-03   14678336
  7.806062e+00   9.293930e+00   3.069079e-03   2.494556e-03   14615044
  7.816690e+00   9.283129e+00   3.067275e-03   2.498888e-03   14530200
  7.827317e+00   9.283010e+00   3.067927e-03   2.505486e-03   14457000
  7.837945e+00   9.274184e+00   3.068558e-03   2.509619e-03   14383440
  7.848573e+00   9.266148e+00   3.067003e-03   2.514429e-03   14299516
  7.859199e+00   9.261881e+00   3.067899e-03   2.520953e-03   14226024
  7.869825e+00   9.256069e+00   3.067223e-03   2.525215e-03   14145048
  7.880455e+00   9.252788e+00   3.070446e-03   2.531035e-03   14082144
  7.891083e+00   9.243990e+00   3.065393e-03   2.536517e-03   13981640
  7.901708e+00   9.235400e+00   3.068688e-03   2.540497e-03   13918460
  7.912338e+00   9.235115e+00   3.068702e-03   2.548465e-03   13839752
  7.922969e+00   9.227474e+00   3.069182e-03   2.552165e-03   13762736
  7.933598e+00   9.221936e+00   3.067868e-03   2.560555e-03   13677980
  7.944225e+00   9.221262e+00   3.067250e-03   2.568492e-03   13596196
  7.954850e+00   9.213668e+00   3.067470e-03   2.574031e-03   13517736
  7.965475e+00   9.211972e+00   3.066448e-03   2.580818e-03   13433184
  7.976100e+00   9.207965e+00   3.068623e-03   2.586505e-03   13362296
  7.986730e+00   9.198333e+00   3.068494e-03   2.594206e-03   13281376
  7.997360e+00   9.198069e+00   3.069113e-03   2.599307e-03   13203336
  8.007987e+00   9.195989e+00   3.066719e-03   2.607900e-03   13113016
  8.018613e+00   9.193513e+00   3.067735e-03   2.617143e-03   13036400
  8.029240e+00   9.195441e+00   3.067468e-03   2.625389e-03   12953648
  8.039869e+00   9.187419e+00   3.069185e-03   2.631056e-03   12879016
  8.050498e+00   9.188031e+00   3.067538e-03   2.642336e-03   12790124
  8.061127e+00   9.181433e+00   3.068996e-03   2.649454e-03   12714152
  8.071753e+00   9.182056e+00   3.066076e-03   2.659088e-03   12619608
  8.082379e+00   9.190275e+00   3.068682e-03   2.669518e-03   12547232
  8.093011e+00   9.179978e+00   3.070245e-03   2.674009e-03   12470568
  8.103638e+00   9.164710e+00   3.065215e-03   2.681674e-03   12368136
  8.114264e+00   9.174221e+00   3.069116e-03   2.692473e-03   12300504
  8.124894e+00   9.166793e+00   3.068128e-03   2.699303e-03   12212172
  8.135522e+00   9.177529e+00   3.067779e-03   2.712447e-03   12126228
  8.146149e+00   9.169934e+00   3.068089e-03   2.719626e-03   12043352
  8.156778e+00   9.172649e+00   3.068301e-03   2.731956e-03   11959896
  8.167401e+00   9.177689e+00   3.065268e-03   2.743805e-03   11863804
  8.178026e+00   9.174055e+00   3.068937e-03   2.753428e-03   11792812
  8.188656e+00   9.172072e+00   3.068597e-03   2.765519e-03   11705392
  8.199283e+00   9.173019e+00   3.066984e-03   2.778865e-03   11613836
  8.209914e+00   9.173903e+00   3.070536e-03   2.786233e-03   11541532
  8.220543e+00   9.171883e+00   3.066346e-03   2.798252e-03   11440232
  8.231170e+00   9.179276e+00   3.068846e-03   2.813559e-03   11363008
  8.241796e+00   9.181178e+00   3.066631e-03   2.826868e-03   11267848
  8.252424e+00   9.179807e+00   3.069306e-03   2.837527e-03   11190640
  8.263054e+00   9.181229e+00   3.068558e-03   2.847731e-03   11101084
  8.273680e+00   9.182660e+00   3.065604e-03   2.862793e-03   11003284
  8.284304e+00   9.185533e+00   3.068360e-03   2.877613e-03   10925424
  8.294932e+00   9.182087e+00   3.067667e-03   2.889635e-03   10834724
  8.305560e+00   9.182649e+00   3.068711e-03   2.900124e-03   10750156
  8.316186e+00   9.181022e+00   3.066587e-03   2.915176e-03   10655280
  8.326811e+00   9.190697e+00   3.067310e-03   2.931460e-03   10569120
  8.337437e+00   9.193387e+00   3.067168e-03   2.947843e-03   10479672
  8.348070e+00   9.189404e+00   3.071527e-03   2.957085e-03   10404504
  8.358704e+00   9.200005e+00   3.068456e-03   2.976616e-03   10304108
  8.369331e+00   9.192419e+00   3.066991e-03   2.989057e-03   10209940
  8.379958e+00   9.203762e+00   3.068937e-03   3.005561e-03   10126584
  8.390585e+00   9.200081e+00   3.066106e-03   3.021785e-03   10027064
  8.401210e+00   9.209472e+00   3.068731e-03   3.039495e-03   9945072
  8.411836e+00   9.208619e+00   3.065849e-03   3.054437e-03   9844764
  8.422464e+00   9.207206e+00   3.070904e-03   3.069552e-03   9769940
  8.433095e+00   9.213259e+00   3.066721e-03   3.087054e-03   9666072
  8.443721e+00   9.213727e+00   3.067629e-03   3.105923e-03   9577112
  8.454348e+00   9.220657e+00   3.067871e-03   3.123458e-03   9485848
  8.464977e+00   9.218868e+00   3.068818e-03   3.141285e-03   9396136
  8.475607e+00   9.226195e+00   3.068947e-03   3.159353e-03   9304408
  8.486231e+00   9.225575e+00   3.064605e-03   3.182701e-03   9199028
  8.496854e+00   9.231482e+00   3.068671e-03   3.198203e-03   9118288
  8.507481e+00   9.219429e+00   3.066868e-03   3.211974e-03   9019624
  8.518111e+00   9.232274e+00   3.070919e-03   3.235149e-03   8937420
  8.528743e+00   9.232289e+00   3.067653e-03   3.255529e-03   8835200
  8.539369e+00   9.225024e+00   3.066847e-03   3.271856e-03   8739332
  8.549995e+00   9.234079e+00   3.067747e-03   3.300034e-03   8648112
  8.560624e+00   9.241374e+00   3.067898e-03   3.322163e-03   8553372
  8.571253e+00   9.236852e+00   3.069319e-03   3.338875e-03   8461944
  8.581883e+00   9.234204e+00   3.068067e-03   3.359002e-03   8363348
  8.592509e+00   9.237678e+00   3.067870e-03   3.383713e-03   8267792
  8.603135e+00   9.231319e+00   3.066599e-03   3.401232e-03   8169380
  8.613762e+00   9.235871e+00   3.069517e-03   3.423430e-03   8081008
  8.624389e+00   9.234595e+00   3.065774e-03   3.450179e-03   7975632
  8.635016e+00   9.234612e+00   3.069603e-03   3.471184e-03   7889116
  8.645643e+00   9.230806e+00   3.066011e-03   3.495451e-03   7784008
  8.656270e+00   9.230613e+00   3.068709e-03   3.520013e-03   7693848
  8.666897e+00   9.220434e+00   3.067011e-03   3.539756e-03   7592468
  8.677525e+00   9.214154e+00   3.068931e-03   3.563482e-03   7499076
  8.688155e+00   9.209988e+00   3.069474e-03   3.585447e-03   7402880
  8.698786e+00   9.192809e+00   3.067607e-03   3.605984e-03   7300768
  8.709411e+00   9.210268e+00   3.067652e-03   3.643907e-03   7203316
  8.720032e+00   9.177709e+00   3.063689e-03   3.651915e-03   7095724
  8.730662e+00   9.186192e+00   3.073665e-03   3.683854e-03   7019608
  8.741295e+00   9.163675e+00   3.065344e-03   3.706568e-03   6901916
  8.751922e+00   9.152452e+00   3.069704e-03   3.722056e-03   6812952
  8.762548e+00   9.147480e+00   3.065523e-03   3.756139e-03   6704548
  8.773175e+00   9.125288e+00   3.068967e-03   3.771220e-03   6612168
  8.783803e+00   9.119529e+00   3.067598e-03   3.799334e-03   6508628
  8.794433e+00   9.098366e+00   3.069277e-03   3.816336e-03   6412072
  8.805059e+00   9.065338e+00   3.066868e-03   3.832178e-03   6306660
  8.815685e+00   9.048497e+00   3.067492e-03   3.859193e-03   6207592
  8.826308e+00   9.038437e+00   3.066222e-03   3.886961e-03   6103860
  8.836934e+00   8.994944e+00   3.068576e-03   3.890595e-03   6007184
  8.847563e+00   8.970350e+00   3.068782e-03   3.908221e-03   5905660
  8.858194e+00   8.933068e+00   3.069160e-03   3.921153e-03   5805132
  8.868823e+00   8.909478e+00   3.067313e-03   3.943256e-03   5700008
  8.879446e+00   8.875456e+00   3.065734e-03   3.962564e-03   5594856
  8.890075e+00   8.832246e+00   3.070306e-03   3.963417e-03   5502341
  8.900707e+00   8.791874e+00   3.068193e-03   3.977931e-03   5404852
  8.911333e+00   8.768902e+00   3.066920e-03   3.997256e-03   5313930
  8.921960e+00   8.741354e+00   3.068151e-03   4.005520e-03   5230396
  8.932587e+00   8.713145e+00   3.067037e-03   4.027516e-03   5145158
  8.943214e+00   8.690204e+00   3.067644e-03   4.047411e-03   5064506
  8.953844e+00   8.675756e+00   3.070354e-03   4.064977e-03   4989464
  8.964475e+00   8.653494e+00   3.067471e-03   4.082925e-03   4907486
  8.975102e+00   8.635591e+00   3.067454e-03   4.103726e-03   4831952
  8.985729e+00   8.618963e+00   3.067333e-03   4.128443e-03   4757392
  8.996357e+00   8.602652e+00   3.068563e-03   4.141211e-03   4685902
  9.006985e+00   8.591191e+00   3.067839e-03   4.162644e-03   4612826
  9.017611e+00   8.562537e+00   3.067647e-03   4.179882e-03   4542436
  9.028240e+00   8.558369e+00   3.068771e-03   4.211042e-03   4475408
  9.038866e+00   8.541652e+00   3.065432e-03   4.234160e-03   4402686
  9.049492e+00   8.531936e+00   3.069222e-03   4.258454e-03   4340854
  9.060123e+00   8.521482e+00   3.068666e-03   4.276635e-03   4273862
  9.070751e+00   8.506057e+00   3.068093e-03   4.310648e-03   4208538
  9.081377e+00   8.488007e+00   3.066329e-03   4.329432e-03   4142584
  9.092002e+00   8.475294e+00   3.067445e-03   4.352077e-03   4081232
  9.102629e+00   8.467655e+00   3.068061e-03   4.371605e-03   4019668
  9.113260e+00   8.467276e+00   3.070507e-03   4.406359e-03   3961416
  9.123892e+00   8.460294e+00   3.068468e-03   4.432421e-03   3898848
  9.134518e+00   8.454383e+00   3.065914e-03   4.463649e-03   3836718
  9.145140e+00   8.426077e+00   3.066518e-03   4.475286e-03   3779272
  9.155765e+00   8.444027e+00   3.066689e-03   4.517856e-03   3721434
  9.166394e+00   8.415014e+00   3.070316e-03   4.532696e-03   3668198
  9.177028e+00   8.399702e+00   3.069776e-03   4.557165e-03   3611346
  9.187656e+00   8.393753e+00   3.066455e-03   4.592221e-03   3552442
  9.198281e+00   8.406098e+00   3.067337e-03   4.640325e-03   3498908
  9.208908e+00   8.384033e+00   3.067980e-03   4.654218e-03   3445382
  9.219536e+00   8.383067e+00   3.068389e-03   4.689083e-03   3392244
  9.230165e+00   8.386812e+00   3.068360e-03   4.717036e-03   3339634
  9.240792e+00   8.353942e+00   3.067248e-03   4.733077e-03   3286752
  9.251416e+00   8.357772e+00   3.065818e-03   4.772208e-03   3234180
  9.262040e+00   8.366718e+00   3.067094e-03   4.816055e-03   3184556
  9.272670e+00   8.360880e+00   3.070362e-03   4.842137e-03   3137238
  9.283304e+00   8.347566e+00   3.070377e-03   4.879764e-03   3087670
  9.293936e+00   8.341370e+00   3.068566e-03   4.904814e-03   3037460
  9.304560e+00   8.334351e+00   3.064548e-03   4.948005e-03   2985736
  9.315180e+00   8.346078e+00   3.066413e-03   4.987060e-03   2939708
  9.325811e+00   8.330432e+00   3.071553e-03   5.019167e-03   2897012
  9.336443e+00   8.337483e+00   3.067620e-03   5.068371e-03   2846890
  9.347067e+00   8.344676e+00   3.065693e-03   5.106450e-03   2799588
  9.357689e+00   8.330062e+00   3.066395e-03   5.138717e-03   2754954
  9.368315e+00   8.327570e+00   3.068270e-03   5.173201e-03   2711500
  9.378948e+00   8.335869e+00   3.070601e-03   5.216266e-03   2669006
  9.389576e+00   8.325523e+00   3.065837e-03   5.252423e-03   2621264
  9.400202e+00   8.337170e+00   3.068913e-03   5.305885e-03   2580726
  9.410830e+00   8.335750e+00   3.067141e-03   5.338899e-03   2536470
  9.421456e+00   8.323956e+00   3.067445e-03   5.384091e-03   2494370
  9.432084e+00   8.338909e+00   3.068834e-03   5.433154e-03   2453556
  9.442716e+00   8.337642e+00   3.070117e-03   5.464597e-03   2413246
  9.453347e+00   8.337803e+00   3.067994e-03   5.518325e-03   2370914
  9.463973e+00   8.342146e+00   3.067217e-03   5.571543e-03   2330126
  9.474601e+00   8.349843e+00   3.068570e-03   5.614617e-03   2291406
  9.485227e+00   8.343485e+00   3.066158e-03   5.664101e-03   2250410
  9.495850e+00   8.343809e+00   3.066006e-03   5.691456e-03   2211486
  9.506474e+00   8.360060e+00   3.067734e-03   5.765448e-03   2174194
  9.517102e+00   8.350089e+00   3.068176e-03   5.806970e-03   2136416
  9.527733e+00   8.373986e+00   3.069929e-03   5.872211e-03   2100070
  9.538360e+00   8.375857e+00   3.065560e-03   5.928983e-03   2060026
  9.548986e+00   8.387557e+00   3.069362e-03   5.973600e-03   2025910
  9.559615e+00   8.373898e+00   3.067530e-03   6.025549e-03   1988576
  9.570241e+00   8.378092e+00   3.067060e-03   6.088218e-03   1952610
  9.580867e+00   8.388182e+00   3.067361e-03   6.145937e-03   1917470
  9.591493e+00   8.383180e+00   3.067399e-03   6.192948e-03   1882484
  9.602120e+00   8.399276e+00   3.068076e-03   6.254848e-03   1848262
  9.612753e+00   8.420129e+00   3.071327e-03   6.325673e-03   1816024
  9.623386e+00   8.442096e+00   3.068076e-03   6.405388e-03   1780418
  9.634012e+00   8.436726e+00   3.067038e-03   6.468049e-03   1746576
  9.644639e+00   8.456275e+00   3.068628e-03   6.539683e-03   1714622
  9.655268e+00   8.452211e+00   3.067669e-03   6.591098e-03   1681692
  9.665895e+00   8.479018e+00   3.067468e-03   6.685916e-03   1649574
  9.676515e+00   8.473457e+00   3.063511e-03   6.742621e-03   1615788
  9.687137e+00   8.484847e+00   3.068656e-03   6.807400e-03   1587064
  9.697769e+00   8.513700e+00   3.069826e-03   6.901870e-03   1556598
  9.708400e+00   8.516230e+00   3.068471e-03   6.966011e-03   1525380
  9.719030e+00   8.515866e+00   3.068670e-03   7.028608e-03   1495360
  9.729656e+00   8.541481e+00   3.066126e-03   7.129731e-03   1464370
  9.740281e+00   8.553811e+00   3.067601e-03   7.217932e-03   1435656
  9.750907e+00   8.549652e+00   3.067002e-03   7.290335e-03   1406304
  9.761532e+00   8.593743e+00   3.067147e-03   7.388641e-03   1377628
  9.772159e+00   8.592990e+00   3.068370e-03   7.465747e-03   1349744
  9.782788e+00   8.618425e+00   3.068343e-03   7.555956e-03   1321682
  9.793418e+00   8.637723e+00   3.069098e-03   7.656374e-03   1294376
  9.804048e+00   8.628871e+00   3.068140e-03   7.733990e-03   1266768
  9.814673e+00   8.666668e+00   3.066275e-03   7.830413e-03   1239172
  9.825295e+00   8.685776e+00   3.065238e-03   7.934924e-03   1212224
  9.835918e+00   8.714695e+00   3.067386e-03   8.059380e-03   1186796
  9.846547e+00   8.700190e+00   3.069034e-03   8.131519e-03   1161432
  9.857176e+00   8.745966e+00   3.067927e-03   8.262600e-03   1135408
  9.867804e+00   8.762790e+00   3.068239e-03   8.365289e-03   1110324
  9.878434e+00   8.759748e+00   3.068926e-03   8.451817e-03   1085680
  9.889062e+00   8.785095e+00   3.066842e-03   8.587442e-03   1060364
  9.899688e+00   8.802690e+00   3.068767e-03   8.693771e-03   1036736
  9.910321e+00   8.842856e+00   3.070562e-03   8.852619e-03   1013388
  9.920951e+00   8.867354e+00   3.066769e-03   8.977141e-03   988656
  9.931575e+00   8.876754e+00   3.066738e-03   9.079601e-03   965530
  9.942197e+00   8.909362e+00   3.064855e-03   9.240930e-03   942100
  9.952819e+00   8.920484e+00   3.066142e-03   9.340029e-03   919888
  9.963442e+00   8.933880e+00   3.066491e-03   9.517181e-03   897628
  9.974067e+00   8.983741e+00   3.067504e-03   9.602307e-03   875856
  9.984696e+00   9.019445e+00   3.069599e-03   9.811067e-03   854736
  9.995330e+00   9.036655e+00   3.070044e-03   9.944382e-03   833510
  1.000596e+01   9.046927e+00   3.068120e-03   1.008707e-02   811976
  1.001659e+01   9.074928e+00   3.066566e-03   1.025299e-02   790844
  1.002721e+01   9.119660e+00   3.066302e-03   1.042227e-02   770320
  1.003784e+01   9.161272e+00   3.069162e-03   1.060898e-02   750838
  1.004847e+01   9.164977e+00   3.068729e-03   1.076692e-02   730864
  1.005909e+01   9.189006e+00   3.067039e-03   1.093236e-02   710984
  1.006972e+01   9.240719e+00   3.067274e-03   1.119207e-02   691894
  1.008035e+01   9.240967e+00   3.066106e-03   1.130129e-02   672776
  1.009097e+01   9.334730e+00   3.067065e-03   1.156539e-02   654372
  1.010160e+01   9.334046e+00   3.065537e-03   1.172222e-02   635682
  1.011222e+01   9.361725e+00   3.064886e-03   1.192906e-02   617460
  1.012284e+01   9.358773e+00   3.066767e-03   1.208381e-02   600024
  1.013346e+01   9.443560e+00   3.068404e-03   1.238172e-02   582830
  1.014410e+01   9.410344e+00   3.070337e-03   1.256413e-02   566000
  1.015473e+01   9.474681e+00   3.066543e-03   1.285732e-02   548458
  1.016535e+01   9.543709e+00   3.067619e-03   1.311660e-02   532084
  1.017598e+01   9.578175e+00   3.065740e-03   1.337804e-02   515440
  1.018660e+01   9.602579e+00   3.064533e-03   1.360086e-02   499174
  1.019722e+01   9.611608e+00   3.064552e-03   1.382388e-02   483368
  1.020784e+01   9.668361e+00   3.067558e-03   1.417030e-02   468270
  1.021847e+01   9.742877e+00   3.071740e-03   1.444390e-02   453568
  1.022911e+01   9.767886e+00   3.068522e-03   1.478436e-02   438106
  1.023974e+01   9.826838e+00   3.068674e-03   1.518702e-02   423508
  1.025036e+01   9.859899e+00   3.065352e-03   1.540866e-02   408754
  1.026098e+01   9.932612e+00   3.064549e-03   1.587620e-02   394612
  1.027160e+01   9.923698e+00   3.064825e-03   1.613568e-02   380826
  1.028223e+01   9.921756e+00   3.063635e-03   1.627960e-02   367086
  1.029285e+01   1.003958e+01   3.065226e-03   1.685797e-02   353904
  1.030347e+01   1.007719e+01   3.067842e-03   1.727475e-02   341046
  1.031410e+01   1.014701e+01   3.067827e-03   1.776338e-02   328144
  1.032473e+01   1.023201e+01   3.068491e-03   1.827784e-02   315598
  1.033536e+01   1.024244e+01   3.070442e-03   1.861376e-02   303466
  1.034599e+01   1.028599e+01   3.070558e-03   1.906475e-02   291456
  1.035662e+01   1.034544e+01   3.069010e-03   1.961162e-02   279614
  1.036725e+01   1.040127e+01   3.062765e-03   2.015673e-02   267680
  1.037786e+01   1.044703e+01   3.061142e-03   2.072282e-02   256438
  1.038848e+01   1.051071e+01   3.062004e-03   2.128724e-02   245618
  1.039909e+01   1.052845e+01   3.058865e-03   2.174420e-02   234708
  1.040970e+01   1.065621e+01   3.057929e-03   2.259379e-02   224210
  1.042032e+01   1.069686e+01   3.058509e-03   2.316332e-02   214046
  1.043093e+01   1.071335e+01   3.059874e-03   2.371361e-02   204152
  1.044155e+01   1.079702e+01   3.062766e-03   2.453020e-02   194558
  1.045217e+01   1.085573e+01   3.062838e-03   2.525506e-02   185018
  1.046279e+01   1.093213e+01   3.066092e-03   2.598297e-02   175918
  1.047341e+01   1.095499e+01   3.068348e-03   2.692443e-02   166992
  1.048404e+01   1.105562e+01   3.070094e-03   2.791541e-02   158294
  1.049468e+01   1.114159e+01   3.071097e-03   2.889054e-02   149842
  1.050531e+01   1.119042e+01   3.068653e-03   2.971322e-02   141530
  1.051593e+01   1.126554e+01   3.060509e-03   3.092816e-02   133284
  1.052654e+01   1.134907e+01   3.057354e-03   3.208062e-02   125546
  1.053715e+01   1.147280e+01   3.051144e-03   3.345910e-02   117950
  1.054776e+01   1.150312e+01   3.048602e-03   3.458309e-02   110746
  1.055836e+01   1.156772e+01   3.039799e-03   3.586386e-02   103572
  1.056895e+01   1.157966e+01   3.036073e-03   3.729009e-02   96818
  1.057954e+01   1.171062e+01   3.031333e-03   3.874768e-02   90262
  1.059013e+01   1.174820e+01   3.027317e-03   4.047685e-02   83970
  1.060072e+01   1.182201e+01   3.019853e-03   4.254682e-02   77846
  1.061129e+01   1.198271e+01   3.012052e-03   4.500906e-02   71984
  1.062186e+01   1.199908e+01   3.005730e-03   4.626996e-02   66398
  1.063243e+01   1.219407e+01   3.000369e-03   4.958376e-02   61058
  1.064300e+01   1.214698e+01   2.995714e-03   5.117723e-02   55958
  1.065357e+01   1.236965e+01   2.990697e-03   5.495714e-02   51082
  1.066413e+01   1.226579e+01   2.981767e-03   5.682657e-02   46398
  1.067469e+01   1.231145e+01   2.970930e-03   6.051353e-02   41954
  1.068524e+01   1.257962e+01   2.955045e-03   6.554920e-02   37718
  1.069578e+01   1.264026e+01   2.938133e-03   6.929104e-02   33736
  1.070631e+01   1.275083e+01   2.922830e-03   7.354521e-02   30006
  1.071684e+01   1.286624e+01   2.912268e-03   7.909516e-02   26522
  1.072739e+01   1.310379e+01   2.905476e-03   8.707696e-02   23254
  1.073793e+01   1.285563e+01   2.895825e-03   9.024994e-02   20178
  1.074848e+01   1.314234e+01   2.890787e-03   1.004053e-01   17342
  1.075903e+01   1.329588e+01   2.886580e-03   1.101826e-01   14714
  1.076959e+01   1.330511e+01   2.887906e-03   1.201526e-01   12310
  1.078015e+01   1.328018e+01   2.880436e-03   1.309171e-01   10098
  1.079071e+01   1.400221e+01   2.879327e-03   1.567211e-01   8126
  1.080127e+01   1.371155e+01   2.877797e-03   1.712450e-01   6362
  1.081184e+01   1.405688e+01   2.888638e-03   2.066146e-01   4822
  1.082239e+01   1.347493e+01   2.872451e-03   2.309305e-01   3474
  1.083292e+01   1.421561e+01   2.869225e-03   2.918493e-01   2366
  1.084344e+01   1.532676e+01   2.860034e-03   3.939874e-01   1466
  1.085397e+01   1.445291e+01   2.925135e-03   5.048400e-01   790
  1.086426e+01   1.389716e+01   2.767211e-03   7.130452e-01   306
  1.087389e+01   1.119553e+01   2.357714e-03   1.464254e+00   62
