# power spectrum of delta_N
# redshift z=2.596867
# k              Pk             sigma(k)       sigma(Pk)      count
  7.830312e-03   2.886890e-05   1.198114e-03   5.612315e-06   18
  1.686348e-02   7.855193e-04   2.897918e-03   8.495087e-05   152
  2.725284e-02   2.869382e-03   3.060867e-03   1.331080e-04   416
  3.742835e-02   5.806072e-03   2.912555e-03   2.239633e-04   770
  4.808679e-02   9.755369e-03   3.119650e-03   2.756632e-04   1364
  5.876109e-02   1.447609e-02   3.054550e-03   3.327596e-04   1976
  6.939824e-02   2.138216e-02   3.112555e-03   4.114811e-04   2792
  7.984642e-02   2.731674e-02   2.971805e-03   4.697930e-04   3578
  9.038229e-02   3.238279e-02   3.049521e-03   4.779506e-04   4724
  1.011318e-01   3.746004e-02   3.134595e-03   4.903767e-04   6032
  1.117485e-01   4.381391e-02   3.016599e-03   5.331404e-04   7072
  1.222702e-01   5.297111e-02   3.056387e-03   5.850398e-04   8634
  1.329722e-01   6.283055e-02   3.095256e-03   6.243832e-04   10336
  1.436677e-01   6.913892e-02   3.082009e-03   6.239681e-04   11940
  1.541872e-01   7.341569e-02   3.021465e-03   6.413479e-04   13490
  1.647185e-01   7.929288e-02   3.054444e-03   6.282134e-04   15656
  1.754149e-01   8.637796e-02   3.102608e-03   6.487554e-04   18008
  1.860920e-01   9.653388e-02   3.069464e-03   6.821671e-04   19964
  1.966957e-01   1.051825e-01   3.066093e-03   7.058022e-04   22354
  2.072851e-01   1.106892e-01   3.030819e-03   7.076759e-04   24648
  2.179134e-01   1.164410e-01   3.083109e-03   6.997498e-04   27592
  2.285517e-01   1.224558e-01   3.075318e-03   6.999778e-04   30152
  2.391687e-01   1.301206e-01   3.069056e-03   7.157369e-04   33046
  2.497808e-01   1.410001e-01   3.053846e-03   7.485829e-04   35992
  2.604233e-01   1.496510e-01   3.074764e-03   7.559093e-04   39304
  2.710722e-01   1.591528e-01   3.082145e-03   7.667775e-04   42608
  2.817050e-01   1.631893e-01   3.058267e-03   7.684731e-04   45758
  2.923349e-01   1.691412e-01   3.072286e-03   7.685144e-04   49536
  3.029238e-01   1.771998e-01   3.039208e-03   7.798087e-04   52488
  3.135134e-01   1.874221e-01   3.084628e-03   7.889178e-04   57034
  3.241511e-01   1.913565e-01   3.061146e-03   7.768594e-04   60648
  3.347969e-01   2.014872e-01   3.076329e-03   7.941945e-04   65044
  3.454223e-01   2.107524e-01   3.057760e-03   8.001118e-04   68720
  3.560505e-01   2.162423e-01   3.078281e-03   7.962561e-04   73538
  3.667175e-01   2.238857e-01   3.076939e-03   8.009258e-04   78080
  3.773260e-01   2.335567e-01   3.039859e-03   8.167278e-04   81572
  3.879192e-01   2.418974e-01   3.081238e-03   8.173921e-04   87248
  3.985882e-01   2.488813e-01   3.084591e-03   8.211012e-04   92266
  4.092322e-01   2.576707e-01   3.063169e-03   8.313600e-04   96696
  4.198039e-01   2.652528e-01   3.037602e-03   8.389779e-04   100904
  4.303789e-01   2.725283e-01   3.065517e-03   8.408250e-04   107036
  4.410480e-01   2.817760e-01   3.089487e-03   8.381526e-04   113362
  4.517307e-01   2.890793e-01   3.072092e-03   8.435025e-04   118176
  4.623378e-01   2.988594e-01   3.054661e-03   8.578868e-04   122944
  4.729644e-01   3.070594e-01   3.083007e-03   8.514265e-04   129902
  4.836049e-01   3.120919e-01   3.061727e-03   8.482858e-04   134944
  4.942158e-01   3.234102e-01   3.064979e-03   8.639940e-04   140952
  5.048213e-01   3.288440e-01   3.064662e-03   8.650170e-04   147072
  5.154342e-01   3.379035e-01   3.060800e-03   8.613739e-04   153382
  5.260893e-01   3.479868e-01   3.082622e-03   8.626556e-04   160952
  5.367508e-01   3.555740e-01   3.070294e-03   8.688100e-04   166640
  5.473579e-01   3.640930e-01   3.057153e-03   8.830580e-04   172448
  5.579787e-01   3.731283e-01   3.077577e-03   8.760936e-04   180594
  5.686178e-01   3.811549e-01   3.060710e-03   8.783206e-04   186556
  5.792219e-01   3.898763e-01   3.063394e-03   8.908271e-04   193528
  5.898242e-01   4.007615e-01   3.060684e-03   8.957815e-04   200626
  6.004609e-01   4.076079e-01   3.076604e-03   8.949608e-04   209256
  6.111150e-01   4.188277e-01   3.069663e-03   9.010848e-04   216020
  6.217510e-01   4.276842e-01   3.075746e-03   9.030291e-04   223768
  6.323610e-01   4.335520e-01   3.055783e-03   9.037462e-04   230234
  6.429887e-01   4.440602e-01   3.074922e-03   9.096998e-04   239800
  6.536248e-01   4.522048e-01   3.063054e-03   9.101029e-04   246568
  6.642393e-01   4.634428e-01   3.068328e-03   9.159575e-04   254828
  6.748534e-01   4.715826e-01   3.064424e-03   9.169715e-04   263074
  6.854951e-01   4.796744e-01   3.071509e-03   9.199251e-04   272312
  6.961385e-01   4.889280e-01   3.070197e-03   9.245179e-04   280376
  7.067732e-01   4.996713e-01   3.071500e-03   9.336259e-04   288884
  7.174012e-01   5.062357e-01   3.068501e-03   9.278542e-04   297602
  7.280177e-01   5.195298e-01   3.057614e-03   9.404044e-04   305520
  7.386402e-01   5.276793e-01   3.075198e-03   9.385896e-04   315976
  7.492461e-01   5.346681e-01   3.052723e-03   9.419158e-04   322778
  7.598720e-01   5.495149e-01   3.080021e-03   9.506544e-04   335372
  7.705286e-01   5.541382e-01   3.068318e-03   9.474322e-04   343464
  7.811635e-01   5.637153e-01   3.070705e-03   9.449192e-04   352912
  7.917934e-01   5.751784e-01   3.070498e-03   9.555955e-04   362666
  8.024224e-01   5.872184e-01   3.063690e-03   9.624739e-04   371884
  8.130465e-01   5.946365e-01   3.069929e-03   9.625689e-04   382280
  8.236583e-01   6.057707e-01   3.060755e-03   9.652641e-04   390888
  8.342648e-01   6.144154e-01   3.067168e-03   9.699628e-04   402234
  8.448912e-01   6.266710e-01   3.064832e-03   9.756276e-04   412576
  8.555263e-01   6.331603e-01   3.071788e-03   9.724310e-04   423732
  8.661590e-01   6.453713e-01   3.068142e-03   9.824638e-04   433624
  8.767950e-01   6.550157e-01   3.072203e-03   9.821193e-04   445154
  8.874347e-01   6.630847e-01   3.069139e-03   9.838350e-04   455584
  8.980596e-01   6.729024e-01   3.064716e-03   9.854260e-04   465588
  9.086714e-01   6.818120e-01   3.065163e-03   9.840829e-04   476762
  9.193048e-01   6.938851e-01   3.073106e-03   9.905796e-04   489552
  9.299472e-01   7.056211e-01   3.069632e-03   1.000144e-03   500328
  9.405628e-01   7.154574e-01   3.059261e-03   1.001263e-03   509852
  9.511854e-01   7.251988e-01   3.074339e-03   1.003784e-03   524234
  9.618189e-01   7.370994e-01   3.061952e-03   1.009168e-03   534104
  9.724448e-01   7.440390e-01   3.070528e-03   1.006571e-03   547048
  9.830800e-01   7.580945e-01   3.073862e-03   1.016136e-03   559328
  9.937180e-01   7.677913e-01   3.070866e-03   1.013881e-03   571326
  1.004339e+00   7.793719e-01   3.060367e-03   1.019228e-03   581920
  1.014951e+00   7.882786e-01   3.064588e-03   1.023844e-03   594832
  1.025571e+00   8.004523e-01   3.068054e-03   1.024572e-03   608048
  1.036206e+00   8.095738e-01   3.070252e-03   1.025013e-03   621526
  1.046839e+00   8.191658e-01   3.066112e-03   1.026470e-03   633240
  1.057456e+00   8.309470e-01   3.064953e-03   1.033859e-03   645472
  1.068086e+00   8.450612e-01   3.075342e-03   1.038840e-03   660906
  1.078726e+00   8.552184e-01   3.067576e-03   1.044886e-03   672856
  1.089356e+00   8.638316e-01   3.067094e-03   1.044740e-03   685980
  1.099980e+00   8.761648e-01   3.067978e-03   1.049795e-03   699256
  1.110619e+00   8.838475e-01   3.074976e-03   1.045243e-03   714730
  1.121246e+00   8.960400e-01   3.059348e-03   1.051569e-03   725152
  1.131863e+00   9.083148e-01   3.067634e-03   1.058290e-03   740420
  1.142485e+00   9.177082e-01   3.069089e-03   1.059656e-03   754312
  1.153114e+00   9.300103e-01   3.069897e-03   1.063262e-03   769114
  1.163749e+00   9.436664e-01   3.069209e-03   1.063580e-03   783488
  1.174365e+00   9.519003e-01   3.058900e-03   1.065036e-03   794968
  1.184981e+00   9.670846e-01   3.070107e-03   1.074259e-03   812366
  1.195609e+00   9.773486e-01   3.065134e-03   1.077093e-03   825976
  1.206250e+00   9.883941e-01   3.075220e-03   1.075087e-03   843352
  1.216898e+00   1.001876e+00   3.073224e-03   1.083283e-03   857280
  1.227524e+00   1.012409e+00   3.063189e-03   1.087334e-03   869542
  1.238147e+00   1.025178e+00   3.070752e-03   1.089058e-03   887128
  1.248772e+00   1.034433e+00   3.063166e-03   1.091292e-03   900032
  1.259388e+00   1.043973e+00   3.067377e-03   1.090223e-03   916560
  1.270005e+00   1.055650e+00   3.061783e-03   1.095357e-03   930922
  1.280635e+00   1.068100e+00   3.071795e-03   1.095252e-03   949844
  1.291287e+00   1.081175e+00   3.076939e-03   1.099009e-03   966736
  1.301925e+00   1.094647e+00   3.065819e-03   1.104836e-03   978776
  1.312537e+00   1.106267e+00   3.064137e-03   1.111388e-03   994522
  1.323161e+00   1.115671e+00   3.068907e-03   1.111720e-03   1012420
  1.333794e+00   1.129292e+00   3.071598e-03   1.114967e-03   1029408
  1.344410e+00   1.140701e+00   3.058405e-03   1.117424e-03   1041658
  1.355032e+00   1.152296e+00   3.072381e-03   1.119005e-03   1063520
  1.365659e+00   1.163470e+00   3.060689e-03   1.120608e-03   1075808
  1.376294e+00   1.178149e+00   3.080019e-03   1.123944e-03   1098956
  1.386928e+00   1.188064e+00   3.061670e-03   1.128526e-03   1109810
  1.397545e+00   1.203595e+00   3.065288e-03   1.133537e-03   1128608
  1.408178e+00   1.216457e+00   3.073589e-03   1.136463e-03   1148264
  1.418813e+00   1.227792e+00   3.067917e-03   1.141787e-03   1163252
  1.429436e+00   1.238554e+00   3.067070e-03   1.139660e-03   1181042
  1.440060e+00   1.250615e+00   3.064325e-03   1.144396e-03   1197848
  1.450692e+00   1.262643e+00   3.073737e-03   1.143423e-03   1218848
  1.461323e+00   1.274800e+00   3.064859e-03   1.148592e-03   1232916
  1.471945e+00   1.287136e+00   3.068844e-03   1.149356e-03   1253002
  1.482566e+00   1.297597e+00   3.062284e-03   1.150742e-03   1268576
  1.493191e+00   1.311572e+00   3.071552e-03   1.157309e-03   1290128
  1.503822e+00   1.328356e+00   3.068342e-03   1.162722e-03   1307402
  1.514455e+00   1.334905e+00   3.069122e-03   1.159968e-03   1327028
  1.525083e+00   1.347593e+00   3.064970e-03   1.161044e-03   1343648
  1.535711e+00   1.364474e+00   3.070217e-03   1.168634e-03   1364096
  1.546341e+00   1.373783e+00   3.068950e-03   1.169511e-03   1382730
  1.556974e+00   1.387784e+00   3.068757e-03   1.171836e-03   1402164
  1.567604e+00   1.399710e+00   3.068159e-03   1.175981e-03   1420464
  1.578221e+00   1.409999e+00   3.063798e-03   1.180282e-03   1437368
  1.588847e+00   1.426437e+00   3.072142e-03   1.178647e-03   1461530
  1.599480e+00   1.436396e+00   3.065069e-03   1.180416e-03   1478264
  1.610108e+00   1.451572e+00   3.068902e-03   1.187395e-03   1499356
  1.620732e+00   1.461199e+00   3.065238e-03   1.188804e-03   1517016
  1.631360e+00   1.477211e+00   3.070849e-03   1.191521e-03   1540090
  1.641988e+00   1.489454e+00   3.065366e-03   1.194558e-03   1557360
  1.652609e+00   1.500105e+00   3.066926e-03   1.195863e-03   1577780
  1.663242e+00   1.514824e+00   3.075107e-03   1.199437e-03   1602578
  1.673875e+00   1.527956e+00   3.063542e-03   1.200723e-03   1617672
  1.684498e+00   1.542630e+00   3.069033e-03   1.204044e-03   1641016
  1.695122e+00   1.554769e+00   3.065080e-03   1.207885e-03   1659416
  1.705746e+00   1.567032e+00   3.068431e-03   1.207045e-03   1682670
  1.716382e+00   1.580225e+00   3.070690e-03   1.210839e-03   1705256
  1.727024e+00   1.592813e+00   3.071890e-03   1.212898e-03   1726312
  1.737645e+00   1.604414e+00   3.062639e-03   1.216284e-03   1741880
  1.748261e+00   1.619906e+00   3.067156e-03   1.220004e-03   1766454
  1.758897e+00   1.634372e+00   3.073105e-03   1.221459e-03   1791784
  1.769528e+00   1.647984e+00   3.063894e-03   1.228150e-03   1807712
  1.780139e+00   1.659439e+00   3.062775e-03   1.228263e-03   1829002
  1.790759e+00   1.669021e+00   3.067263e-03   1.228157e-03   1854216
  1.801400e+00   1.685493e+00   3.074631e-03   1.232071e-03   1880156
  1.812037e+00   1.695588e+00   3.068349e-03   1.232418e-03   1897568
  1.822663e+00   1.713279e+00   3.068475e-03   1.235468e-03   1920458
  1.833288e+00   1.726591e+00   3.065997e-03   1.240282e-03   1942208
  1.843915e+00   1.738503e+00   3.067813e-03   1.242023e-03   1965612
  1.854544e+00   1.751993e+00   3.069639e-03   1.242679e-03   1989000
  1.865168e+00   1.764149e+00   3.064465e-03   1.243724e-03   2009114
  1.875791e+00   1.777338e+00   3.067400e-03   1.246373e-03   2034464
  1.886424e+00   1.791649e+00   3.070174e-03   1.250272e-03   2058476
  1.897052e+00   1.803572e+00   3.068039e-03   1.250954e-03   2079648
  1.907673e+00   1.817193e+00   3.065891e-03   1.252330e-03   2102578
  1.918306e+00   1.831490e+00   3.070742e-03   1.256452e-03   2129928
  1.928942e+00   1.846348e+00   3.069733e-03   1.259099e-03   2152096
  1.939563e+00   1.860722e+00   3.062858e-03   1.264462e-03   2171142
  1.950185e+00   1.874148e+00   3.069150e-03   1.264092e-03   2200248
  1.960824e+00   1.884069e+00   3.071017e-03   1.262813e-03   2225216
  1.971460e+00   1.898565e+00   3.070942e-03   1.265741e-03   2248448
  1.982084e+00   1.914384e+00   3.064272e-03   1.271695e-03   2267942
  1.992710e+00   1.925189e+00   3.071051e-03   1.269695e-03   2298072
  2.003337e+00   1.940953e+00   3.064068e-03   1.276693e-03   2317272
  2.013961e+00   1.951756e+00   3.069747e-03   1.275602e-03   2345808
  2.024580e+00   1.965281e+00   3.062469e-03   1.280259e-03   2365650
  2.035206e+00   1.982262e+00   3.069930e-03   1.280753e-03   2396940
  2.045842e+00   1.991945e+00   3.069936e-03   1.279714e-03   2421272
  2.056473e+00   2.009190e+00   3.068399e-03   1.285338e-03   2444576
  2.067102e+00   2.019011e+00   3.069748e-03   1.285933e-03   2471490
  2.077728e+00   2.032631e+00   3.064854e-03   1.288960e-03   2493180
  2.088349e+00   2.045979e+00   3.068019e-03   1.289406e-03   2520952
  2.098972e+00   2.061462e+00   3.065319e-03   1.294362e-03   2544946
  2.109598e+00   2.073462e+00   3.068311e-03   1.295489e-03   2573856
  2.120230e+00   2.088901e+00   3.069026e-03   1.296891e-03   2600016
  2.130862e+00   2.101720e+00   3.069102e-03   1.298963e-03   2625484
  2.141490e+00   2.115617e+00   3.068080e-03   1.300860e-03   2651122
  2.152130e+00   2.127680e+00   3.074348e-03   1.299274e-03   2683488
  2.162754e+00   2.142687e+00   3.059466e-03   1.306130e-03   2696352
  2.173371e+00   2.152898e+00   3.071171e-03   1.303105e-03   2733020
  2.184002e+00   2.167207e+00   3.067530e-03   1.307175e-03   2757378
  2.194631e+00   2.184769e+00   3.067942e-03   1.310280e-03   2784864
  2.205259e+00   2.195494e+00   3.067811e-03   1.310722e-03   2811168
  2.215874e+00   2.208892e+00   3.061061e-03   1.313430e-03   2832274
  2.226505e+00   2.224212e+00   3.075611e-03   1.314026e-03   2873636
  2.237142e+00   2.235705e+00   3.064877e-03   1.317086e-03   2890496
  2.247766e+00   2.249980e+00   3.069851e-03   1.317006e-03   2921800
  2.258399e+00   2.263103e+00   3.071101e-03   1.319212e-03   2951298
  2.269032e+00   2.279858e+00   3.066274e-03   1.323398e-03   2975476
  2.279663e+00   2.290941e+00   3.071375e-03   1.320876e-03   3007728
  2.290285e+00   2.304014e+00   3.061886e-03   1.326328e-03   3025776
  2.300910e+00   2.318632e+00   3.072955e-03   1.328613e-03   3065762
  2.311540e+00   2.332351e+00   3.063208e-03   1.327791e-03   3084856
  2.322162e+00   2.342067e+00   3.068985e-03   1.328121e-03   3118044
  2.332782e+00   2.356916e+00   3.064319e-03   1.331229e-03   3141352
  2.343410e+00   2.374492e+00   3.072036e-03   1.334926e-03   3179274
  2.354046e+00   2.384148e+00   3.067682e-03   1.333130e-03   3204120
  2.364668e+00   2.399383e+00   3.063610e-03   1.337079e-03   3227900
  2.375288e+00   2.411045e+00   3.068722e-03   1.337421e-03   3262394
  2.385925e+00   2.422713e+00   3.071814e-03   1.336352e-03   3295680
  2.396559e+00   2.436603e+00   3.067166e-03   1.337706e-03   3319560
  2.407184e+00   2.452192e+00   3.068070e-03   1.340497e-03   3348972
  2.417810e+00   2.465708e+00   3.068540e-03   1.342385e-03   3379722
  2.428441e+00   2.478003e+00   3.068348e-03   1.344549e-03   3410720
  2.439075e+00   2.492333e+00   3.069517e-03   1.345803e-03   3441504
  2.449697e+00   2.506615e+00   3.063301e-03   1.346722e-03   3463624
  2.460317e+00   2.519910e+00   3.068043e-03   1.349501e-03   3499790
  2.470951e+00   2.531923e+00   3.070702e-03   1.349498e-03   3533560
  2.481588e+00   2.542935e+00   3.069830e-03   1.349014e-03   3561920
  2.492209e+00   2.557099e+00   3.064208e-03   1.352008e-03   3585208
  2.502830e+00   2.569638e+00   3.069185e-03   1.351511e-03   3622518
  2.513468e+00   2.584701e+00   3.072344e-03   1.353300e-03   3657584
  2.524094e+00   2.597222e+00   3.062507e-03   1.357066e-03   3676440
  2.534707e+00   2.610246e+00   3.065232e-03   1.356988e-03   3711282
  2.545334e+00   2.625506e+00   3.068763e-03   1.357889e-03   3747696
  2.555965e+00   2.638675e+00   3.067225e-03   1.358679e-03   3776188
  2.566601e+00   2.655855e+00   3.074483e-03   1.361225e-03   3815304
  2.577232e+00   2.661669e+00   3.064660e-03   1.361219e-03   3835370
  2.587856e+00   2.675117e+00   3.068926e-03   1.361383e-03   3873424
  2.598487e+00   2.692470e+00   3.067978e-03   1.363175e-03   3903420
  2.609117e+00   2.704795e+00   3.070036e-03   1.365053e-03   3937624
  2.619745e+00   2.713398e+00   3.066011e-03   1.363756e-03   3965658
  2.630375e+00   2.727032e+00   3.069802e-03   1.362809e-03   4002984
  2.641001e+00   2.740468e+00   3.065136e-03   1.366181e-03   4027928
  2.651616e+00   2.750377e+00   3.064941e-03   1.365828e-03   4059844
  2.662241e+00   2.769736e+00   3.069945e-03   1.370019e-03   4100338
  2.672876e+00   2.780941e+00   3.069128e-03   1.368270e-03   4132264
  2.683506e+00   2.788324e+00   3.068474e-03   1.368393e-03   4163216
  2.694131e+00   2.806030e+00   3.066146e-03   1.371692e-03   4193350
  2.704761e+00   2.818090e+00   3.071068e-03   1.371206e-03   4234456
  2.715390e+00   2.834551e+00   3.064079e-03   1.375366e-03   4257264
  2.726012e+00   2.841130e+00   3.069774e-03   1.372096e-03   4297352
  2.736640e+00   2.854533e+00   3.067495e-03   1.373863e-03   4328642
  2.747272e+00   2.870950e+00   3.070663e-03   1.373242e-03   4367948
  2.757895e+00   2.881261e+00   3.061799e-03   1.375670e-03   4388384
  2.768519e+00   2.892619e+00   3.072247e-03   1.375458e-03   4436648
  2.779154e+00   2.908247e+00   3.067997e-03   1.378499e-03   4465658
  2.789787e+00   2.916936e+00   3.069677e-03   1.375776e-03   4502948
  2.800413e+00   2.928421e+00   3.064787e-03   1.377367e-03   4528880
  2.811033e+00   2.945524e+00   3.067181e-03   1.379753e-03   4566290
  2.821663e+00   2.956739e+00   3.070655e-03   1.379823e-03   4606856
  2.832293e+00   2.969435e+00   3.066552e-03   1.380741e-03   4635380
  2.842916e+00   2.982599e+00   3.067131e-03   1.381547e-03   4670384
  2.853543e+00   2.994192e+00   3.069161e-03   1.382325e-03   4709258
  2.864179e+00   3.003836e+00   3.070324e-03   1.378953e-03   4747352
  2.874805e+00   3.022739e+00   3.063655e-03   1.384466e-03   4771664
  2.885427e+00   3.029712e+00   3.068600e-03   1.381839e-03   4813532
  2.896058e+00   3.043552e+00   3.070437e-03   1.381977e-03   4852322
  2.906693e+00   3.053572e+00   3.069013e-03   1.384522e-03   4886480
  2.917320e+00   3.064140e+00   3.066289e-03   1.383251e-03   4917248
  2.927939e+00   3.079784e+00   3.065099e-03   1.386391e-03   4950828
  2.938569e+00   3.094017e+00   3.072788e-03   1.384655e-03   5000170
  2.949204e+00   3.104287e+00   3.066857e-03   1.385200e-03   5026952
  2.959825e+00   3.115085e+00   3.064676e-03   1.385291e-03   5058752
  2.970445e+00   3.125617e+00   3.067741e-03   1.386364e-03   5100722
  2.981076e+00   3.140024e+00   3.068979e-03   1.387449e-03   5140124
  2.991706e+00   3.147934e+00   3.067937e-03   1.384593e-03   5174072
  3.002335e+00   3.164519e+00   3.068928e-03   1.387765e-03   5211608
  3.012962e+00   3.173894e+00   3.067917e-03   1.387065e-03   5247794
  3.023589e+00   3.182903e+00   3.066908e-03   1.386174e-03   5284196
  3.034222e+00   3.195350e+00   3.071657e-03   1.385221e-03   5328800
  3.044847e+00   3.208523e+00   3.063109e-03   1.387974e-03   5350872
  3.055470e+00   3.221635e+00   3.069608e-03   1.387408e-03   5400634
  3.066097e+00   3.230940e+00   3.065291e-03   1.388098e-03   5430968
  3.076725e+00   3.243961e+00   3.070185e-03   1.388819e-03   5475908
  3.087355e+00   3.259177e+00   3.068352e-03   1.390408e-03   5510016
  3.097986e+00   3.267189e+00   3.069695e-03   1.388540e-03   5552114
  3.108620e+00   3.277746e+00   3.068841e-03   1.386436e-03   5588944
  3.119249e+00   3.293394e+00   3.067703e-03   1.389798e-03   5623828
  3.129873e+00   3.301455e+00   3.066629e-03   1.388951e-03   5660722
  3.140497e+00   3.311790e+00   3.066422e-03   1.389449e-03   5699896
  3.151124e+00   3.322093e+00   3.068968e-03   1.386736e-03   5741936
  3.161754e+00   3.333466e+00   3.069010e-03   1.388185e-03   5779568
  3.172381e+00   3.343392e+00   3.067639e-03   1.386203e-03   5817222
  3.183006e+00   3.356910e+00   3.066013e-03   1.389677e-03   5854600
  3.193635e+00   3.367103e+00   3.069791e-03   1.387934e-03   5900040
  3.204262e+00   3.375179e+00   3.066501e-03   1.387146e-03   5931976
  3.214890e+00   3.388299e+00   3.070101e-03   1.387036e-03   5979390
  3.225518e+00   3.400090e+00   3.065321e-03   1.387642e-03   6010200
  3.236144e+00   3.410322e+00   3.069327e-03   1.386573e-03   6056496
  3.246769e+00   3.426127e+00   3.066211e-03   1.390563e-03   6089504
  3.257396e+00   3.431317e+00   3.069391e-03   1.387076e-03   6137114
  3.268025e+00   3.443289e+00   3.067201e-03   1.388476e-03   6173332
  3.278652e+00   3.453594e+00   3.067882e-03   1.388313e-03   6214128
  3.289279e+00   3.463563e+00   3.067306e-03   1.386873e-03   6253874
  3.299910e+00   3.478751e+00   3.069629e-03   1.387476e-03   6300104
  3.310539e+00   3.484418e+00   3.066365e-03   1.386306e-03   6332612
  3.321166e+00   3.498231e+00   3.070240e-03   1.385142e-03   6379768
  3.331797e+00   3.506671e+00   3.068597e-03   1.387064e-03   6418218
  3.342427e+00   3.518334e+00   3.068360e-03   1.385161e-03   6459880
  3.353052e+00   3.528113e+00   3.066116e-03   1.386341e-03   6495652
  3.363680e+00   3.533431e+00   3.070231e-03   1.382065e-03   6545296
  3.374311e+00   3.544427e+00   3.067227e-03   1.382008e-03   6581570
  3.384935e+00   3.555033e+00   3.065246e-03   1.384274e-03   6618960
  3.395556e+00   3.565764e+00   3.067158e-03   1.382357e-03   6663352
  3.406178e+00   3.576502e+00   3.065376e-03   1.383408e-03   6701334
  3.416809e+00   3.585827e+00   3.072512e-03   1.381684e-03   6759920
  3.427444e+00   3.592339e+00   3.067179e-03   1.379564e-03   6789696
  3.438073e+00   3.610358e+00   3.069955e-03   1.382427e-03   6837208
  3.448703e+00   3.614102e+00   3.067492e-03   1.381121e-03   6874966
  3.459333e+00   3.624936e+00   3.068613e-03   1.380212e-03   6920864
  3.469960e+00   3.636435e+00   3.066758e-03   1.380297e-03   6957816
  3.480585e+00   3.642433e+00   3.068144e-03   1.378026e-03   7002232
  3.491208e+00   3.654964e+00   3.066540e-03   1.377548e-03   7043114
  3.501840e+00   3.662400e+00   3.070403e-03   1.377803e-03   7096020
  3.512471e+00   3.675018e+00   3.067394e-03   1.379256e-03   7130640
  3.523097e+00   3.683050e+00   3.068276e-03   1.376415e-03   7175472
  3.533723e+00   3.691899e+00   3.067248e-03   1.375034e-03   7217786
  3.544353e+00   3.700582e+00   3.068999e-03   1.375486e-03   7265564
  3.554979e+00   3.712900e+00   3.066319e-03   1.375030e-03   7301288
  3.565600e+00   3.716578e+00   3.066375e-03   1.372995e-03   7345330
  3.576227e+00   3.727409e+00   3.069052e-03   1.372401e-03   7397048
  3.586856e+00   3.738806e+00   3.067039e-03   1.373527e-03   7435920
  3.597485e+00   3.749399e+00   3.069220e-03   1.371703e-03   7484140
  3.608113e+00   3.758198e+00   3.067643e-03   1.370936e-03   7525578
  3.618741e+00   3.763815e+00   3.067518e-03   1.369131e-03   7571376
  3.629371e+00   3.775779e+00   3.068480e-03   1.368677e-03   7617064
  3.640002e+00   3.781192e+00   3.069456e-03   1.368218e-03   7662092
  3.650627e+00   3.790375e+00   3.066324e-03   1.367465e-03   7699658
  3.661254e+00   3.796601e+00   3.068945e-03   1.365370e-03   7752416
  3.671886e+00   3.812355e+00   3.069408e-03   1.365503e-03   7797776
  3.682511e+00   3.816975e+00   3.065176e-03   1.364097e-03   7831720
  3.693136e+00   3.825833e+00   3.069723e-03   1.364701e-03   7889926
  3.703768e+00   3.833278e+00   3.067981e-03   1.363147e-03   7931480
  3.714397e+00   3.841994e+00   3.068251e-03   1.363361e-03   7976688
  3.725016e+00   3.850112e+00   3.062621e-03   1.362740e-03   8007786
  3.735639e+00   3.858580e+00   3.070332e-03   1.360276e-03   8074564
  3.746275e+00   3.865635e+00   3.070085e-03   1.359061e-03   8118904
  3.756904e+00   3.878139e+00   3.066957e-03   1.359879e-03   8155824
  3.767533e+00   3.883784e+00   3.070641e-03   1.356549e-03   8212802
  3.778161e+00   3.890046e+00   3.065118e-03   1.356331e-03   8245268
  3.788791e+00   3.899633e+00   3.071754e-03   1.354326e-03   8308816
  3.799422e+00   3.906925e+00   3.066301e-03   1.355051e-03   8340304
  3.810044e+00   3.915759e+00   3.066222e-03   1.354100e-03   8387738
  3.820668e+00   3.926334e+00   3.067207e-03   1.352134e-03   8437624
  3.831296e+00   3.933932e+00   3.068826e-03   1.352573e-03   8487796
  3.841921e+00   3.937229e+00   3.066430e-03   1.350556e-03   8527936
  3.852549e+00   3.946792e+00   3.069409e-03   1.349133e-03   8585122
  3.863180e+00   3.953024e+00   3.067925e-03   1.346965e-03   8628200
  3.873811e+00   3.960277e+00   3.069670e-03   1.346687e-03   8679484
  3.884439e+00   3.969707e+00   3.067320e-03   1.346906e-03   8721466
  3.895064e+00   3.971095e+00   3.065795e-03   1.342867e-03   8765840
  3.905692e+00   3.982723e+00   3.070355e-03   1.342115e-03   8825136
  3.916320e+00   3.988910e+00   3.066753e-03   1.341633e-03   8861768
  3.926948e+00   3.997483e+00   3.069321e-03   1.340319e-03   8919278
  3.937577e+00   4.003502e+00   3.066595e-03   1.339810e-03   8961008
  3.948205e+00   4.013830e+00   3.068779e-03   1.338975e-03   9014456
  3.958835e+00   4.019877e+00   3.068818e-03   1.337188e-03   9062240
  3.969465e+00   4.025987e+00   3.068277e-03   1.334603e-03   9110510
  3.980091e+00   4.032551e+00   3.066455e-03   1.333723e-03   9154048
  3.990712e+00   4.039802e+00   3.065703e-03   1.333581e-03   9198928
  4.001336e+00   4.045580e+00   3.068826e-03   1.332128e-03   9257194
  4.011967e+00   4.056748e+00   3.069362e-03   1.332179e-03   9310168
  4.022596e+00   4.061319e+00   3.066324e-03   1.329460e-03   9350316
  4.033222e+00   4.067649e+00   3.069210e-03   1.328688e-03   9407120
  4.043852e+00   4.072309e+00   3.068250e-03   1.327433e-03   9454642
  4.054482e+00   4.079573e+00   3.068405e-03   1.323512e-03   9506272
  4.065111e+00   4.084675e+00   3.067355e-03   1.323357e-03   9551228
  4.075735e+00   4.093397e+00   3.067594e-03   1.322307e-03   9600264
  4.086360e+00   4.094063e+00   3.067530e-03   1.319597e-03   9651458
  4.096991e+00   4.103464e+00   3.070122e-03   1.318866e-03   9711488
  4.107620e+00   4.110305e+00   3.066189e-03   1.317987e-03   9749144
  4.118247e+00   4.117421e+00   3.069033e-03   1.317606e-03   9807908
  4.128876e+00   4.122135e+00   3.067607e-03   1.315083e-03   9854786
  4.139508e+00   4.125891e+00   3.070269e-03   1.313156e-03   9914304
  4.150134e+00   4.133103e+00   3.064668e-03   1.312462e-03   9945544
  4.160753e+00   4.142115e+00   3.066794e-03   1.311118e-03   10003414
  4.171379e+00   4.144249e+00   3.068671e-03   1.308685e-03   10062032
  4.182011e+00   4.152494e+00   3.069142e-03   1.307801e-03   10114792
  4.192645e+00   4.156803e+00   3.070449e-03   1.305400e-03   10169936
  4.203267e+00   4.164061e+00   3.062650e-03   1.305752e-03   10196602
  4.213895e+00   4.171111e+00   3.072265e-03   1.304079e-03   10281156
  4.224526e+00   4.173022e+00   3.065688e-03   1.301726e-03   10309376
  4.235150e+00   4.177434e+00   3.068567e-03   1.299365e-03   10369856
  4.245775e+00   4.180719e+00   3.066063e-03   1.297820e-03   10415370
  4.256404e+00   4.189504e+00   3.070045e-03   1.295885e-03   10481988
  4.267039e+00   4.195840e+00   3.069556e-03   1.294003e-03   10531200
  4.277665e+00   4.204017e+00   3.065408e-03   1.294541e-03   10569416
  4.288289e+00   4.206332e+00   3.068216e-03   1.292302e-03   10633066
  4.298919e+00   4.211454e+00   3.068866e-03   1.290473e-03   10687548
  4.309552e+00   4.218194e+00   3.070419e-03   1.289225e-03   10743968
  4.320180e+00   4.220976e+00   3.065849e-03   1.287962e-03   10782130
  4.330801e+00   4.226254e+00   3.066095e-03   1.285841e-03   10837792
  4.341427e+00   4.230884e+00   3.068321e-03   1.283762e-03   10897368
  4.352058e+00   4.236627e+00   3.069642e-03   1.282303e-03   10953940
  4.362687e+00   4.243531e+00   3.067969e-03   1.281570e-03   11003274
  4.373313e+00   4.247715e+00   3.066343e-03   1.280479e-03   11052800
  4.383943e+00   4.254314e+00   3.070099e-03   1.278531e-03   11118176
  4.394573e+00   4.255601e+00   3.067934e-03   1.277349e-03   11162268
  4.405196e+00   4.257072e+00   3.066117e-03   1.274936e-03   11211458
  4.415820e+00   4.264684e+00   3.067310e-03   1.272645e-03   11271888
  4.426448e+00   4.271967e+00   3.068640e-03   1.271802e-03   11329304
  4.437073e+00   4.273297e+00   3.066385e-03   1.269512e-03   11375026
  4.447701e+00   4.280561e+00   3.069261e-03   1.268480e-03   11442532
  4.458330e+00   4.281546e+00   3.066551e-03   1.266454e-03   11487264
  4.468957e+00   4.288667e+00   3.068098e-03   1.264495e-03   11545680
  4.479587e+00   4.292154e+00   3.069842e-03   1.262515e-03   11607058
  4.490221e+00   4.295642e+00   3.069925e-03   1.260377e-03   11664300
  4.500851e+00   4.300989e+00   3.066963e-03   1.259019e-03   11707488
  4.511474e+00   4.306305e+00   3.066617e-03   1.258420e-03   11759536
  4.522104e+00   4.307301e+00   3.071176e-03   1.254336e-03   11833690
  4.532737e+00   4.312518e+00   3.067542e-03   1.253535e-03   11877808
  4.543362e+00   4.318157e+00   3.065778e-03   1.252641e-03   11925836
  4.553987e+00   4.318492e+00   3.068899e-03   1.250963e-03   11992168
  4.564616e+00   4.325389e+00   3.067784e-03   1.249957e-03   12044554
  4.575242e+00   4.329476e+00   3.067168e-03   1.247721e-03   12098976
  4.585865e+00   4.331911e+00   3.066173e-03   1.245537e-03   12149996
  4.596487e+00   4.336878e+00   3.067038e-03   1.243381e-03   12209594
  4.607117e+00   4.342263e+00   3.069983e-03   1.242346e-03   12279272
  4.617752e+00   4.345241e+00   3.070004e-03   1.240730e-03   12336072
  4.628383e+00   4.348656e+00   3.067416e-03   1.239491e-03   12381744
  4.639009e+00   4.351114e+00   3.068068e-03   1.237405e-03   12441590
  4.649637e+00   4.354449e+00   3.067557e-03   1.235526e-03   12497256
  4.660262e+00   4.361035e+00   3.066825e-03   1.234717e-03   12550032
  4.670884e+00   4.361680e+00   3.066185e-03   1.232348e-03   12603936
  4.681508e+00   4.369243e+00   3.068111e-03   1.230818e-03   12671230
  4.692142e+00   4.371066e+00   3.070828e-03   1.228190e-03   12740920
  4.702775e+00   4.376925e+00   3.067767e-03   1.228414e-03   12784560
  4.713398e+00   4.376273e+00   3.065894e-03   1.225186e-03   12834176
  4.724025e+00   4.376718e+00   3.069663e-03   1.221770e-03   12909006
  4.734656e+00   4.385656e+00   3.068089e-03   1.221700e-03   12959680
  4.745283e+00   4.388200e+00   3.067551e-03   1.220401e-03   13014232
  4.755909e+00   4.389988e+00   3.068154e-03   1.218160e-03   13076514
  4.766534e+00   4.397148e+00   3.065684e-03   1.217269e-03   13127112
  4.777164e+00   4.394027e+00   3.070665e-03   1.213172e-03   13205852
  4.787797e+00   4.399753e+00   3.068206e-03   1.211883e-03   13252032
  4.798423e+00   4.404916e+00   3.066967e-03   1.211243e-03   13307450
  4.809051e+00   4.407271e+00   3.068506e-03   1.208770e-03   13374160
  4.819680e+00   4.413227e+00   3.067567e-03   1.208226e-03   13426348
  4.830308e+00   4.416161e+00   3.069633e-03   1.207053e-03   13492760
  4.840934e+00   4.413540e+00   3.066142e-03   1.204049e-03   13539546
  4.851560e+00   4.420054e+00   3.068338e-03   1.202550e-03   13610704
  4.862187e+00   4.423779e+00   3.066835e-03   1.201141e-03   13662024
  4.872813e+00   4.429086e+00   3.068248e-03   1.200013e-03   13727492
  4.883443e+00   4.429999e+00   3.069111e-03   1.197264e-03   13793394
  4.894073e+00   4.432699e+00   3.067154e-03   1.196325e-03   13844456
  4.904699e+00   4.433777e+00   3.067927e-03   1.194411e-03   13905184
  4.915325e+00   4.437405e+00   3.067971e-03   1.191958e-03   13965958
  4.925951e+00   4.439084e+00   3.067148e-03   1.190445e-03   14025192
  4.936580e+00   4.444734e+00   3.068951e-03   1.189321e-03   14093768
  4.947211e+00   4.447052e+00   3.068454e-03   1.187293e-03   14150440
  4.957840e+00   4.450699e+00   3.068630e-03   1.186356e-03   14213450
  4.968468e+00   4.453795e+00   3.066726e-03   1.184859e-03   14267036
  4.979095e+00   4.457836e+00   3.068568e-03   1.182606e-03   14335032
  4.989722e+00   4.458883e+00   3.067092e-03   1.180731e-03   14387664
  5.000347e+00   4.460253e+00   3.068270e-03   1.178439e-03   14455698
  5.010977e+00   4.464454e+00   3.068677e-03   1.177362e-03   14520452
  5.021607e+00   4.469943e+00   3.068497e-03   1.176476e-03   14580272
  5.032232e+00   4.471293e+00   3.065614e-03   1.174958e-03   14628050
  5.042860e+00   4.473773e+00   3.070982e-03   1.171926e-03   14716744
  5.053489e+00   4.476829e+00   3.065407e-03   1.171335e-03   14751712
  5.064115e+00   4.476226e+00   3.069456e-03   1.169450e-03   14831620
  5.074740e+00   4.482435e+00   3.065470e-03   1.168775e-03   14875522
  5.085366e+00   4.485841e+00   3.068961e-03   1.166853e-03   14956720
  5.095994e+00   4.485302e+00   3.066998e-03   1.164733e-03   15008272
  5.106620e+00   4.490440e+00   3.067783e-03   1.164252e-03   15073780
  5.117248e+00   4.490874e+00   3.069002e-03   1.161453e-03   15144866
  5.127883e+00   4.496218e+00   3.070052e-03   1.160487e-03   15213872
  5.138515e+00   4.497336e+00   3.067931e-03   1.157577e-03   15263976
  5.149140e+00   4.498764e+00   3.066723e-03   1.156930e-03   15320236
  5.159767e+00   4.502664e+00   3.069367e-03   1.154990e-03   15398322
  5.170396e+00   4.505582e+00   3.067121e-03   1.153245e-03   15450864
  5.181021e+00   4.506775e+00   3.067373e-03   1.152809e-03   15513888
  5.191645e+00   4.510246e+00   3.066596e-03   1.150320e-03   15574626
  5.202274e+00   4.513936e+00   3.069893e-03   1.148815e-03   15657956
  5.212904e+00   4.517087e+00   3.066736e-03   1.147995e-03   15704248
  5.223531e+00   4.522057e+00   3.068512e-03   1.147292e-03   15774824
  5.234161e+00   4.521737e+00   3.069354e-03   1.144919e-03   15844898
  5.244790e+00   4.524712e+00   3.066994e-03   1.143325e-03   15898956
  5.255415e+00   4.524995e+00   3.067091e-03   1.141720e-03   15961768
  5.266040e+00   4.530299e+00   3.068481e-03   1.140325e-03   16032208
  5.276669e+00   4.534453e+00   3.068464e-03   1.139336e-03   16099530
  5.287295e+00   4.535459e+00   3.065856e-03   1.138205e-03   16152712
  5.297924e+00   4.537755e+00   3.069693e-03   1.136378e-03   16235740
  5.308553e+00   4.540093e+00   3.067725e-03   1.134219e-03   16288856
  5.319183e+00   4.545033e+00   3.069408e-03   1.133351e-03   16365074
  5.329812e+00   4.547026e+00   3.067066e-03   1.132551e-03   16418248
  5.340434e+00   4.548791e+00   3.065573e-03   1.131368e-03   16473180
  5.351058e+00   4.552134e+00   3.069491e-03   1.129206e-03   16560234
  5.361687e+00   4.552949e+00   3.067046e-03   1.127826e-03   16616088
  5.372317e+00   4.561646e+00   3.069133e-03   1.127924e-03   16693264
  5.382948e+00   4.558175e+00   3.068526e-03   1.124749e-03   16753864
  5.393577e+00   4.564081e+00   3.068569e-03   1.125399e-03   16820702
  5.404204e+00   4.565439e+00   3.066887e-03   1.122945e-03   16879288
  5.414832e+00   4.570261e+00   3.068277e-03   1.122277e-03   16951712
  5.425456e+00   4.575086e+00   3.066689e-03   1.121992e-03   17007560
  5.436084e+00   4.576707e+00   3.069534e-03   1.119587e-03   17092086
  5.446713e+00   4.579748e+00   3.067265e-03   1.118614e-03   17148392
  5.457342e+00   4.579323e+00   3.068696e-03   1.116621e-03   17222288
  5.467971e+00   4.585644e+00   3.068089e-03   1.116291e-03   17285096
  5.478597e+00   4.589308e+00   3.066549e-03   1.115766e-03   17344826
  5.489223e+00   4.590330e+00   3.068300e-03   1.114191e-03   17421236
  5.499853e+00   4.593891e+00   3.069479e-03   1.113183e-03   17494160
  5.510478e+00   4.597173e+00   3.065109e-03   1.112625e-03   17538122
  5.521100e+00   4.603753e+00   3.067347e-03   1.112136e-03   17620136
  5.531731e+00   4.603629e+00   3.069687e-03   1.109953e-03   17700428
  5.542362e+00   4.608874e+00   3.068482e-03   1.108938e-03   17760320
  5.552991e+00   4.611427e+00   3.068060e-03   1.108003e-03   17827562
  5.563619e+00   4.617668e+00   3.067912e-03   1.108520e-03   17895488
  5.574247e+00   4.619629e+00   3.068230e-03   1.107392e-03   17963576
  5.584874e+00   4.624033e+00   3.067616e-03   1.105840e-03   18027500
  5.595502e+00   4.629586e+00   3.068831e-03   1.105808e-03   18105650
  5.606129e+00   4.631905e+00   3.066269e-03   1.105656e-03   18160880
  5.616752e+00   4.632747e+00   3.067084e-03   1.103152e-03   18233144
  5.627379e+00   4.637477e+00   3.067872e-03   1.102784e-03   18307310
  5.638008e+00   4.645001e+00   3.068420e-03   1.102933e-03   18381680
  5.648639e+00   4.648527e+00   3.068723e-03   1.101975e-03   18450536
  5.659270e+00   4.646445e+00   3.069549e-03   1.100432e-03   18522128
  5.669897e+00   4.656822e+00   3.067067e-03   1.101069e-03   18578414
  5.680523e+00   4.658866e+00   3.067781e-03   1.100840e-03   18654304
  5.691150e+00   4.666200e+00   3.067639e-03   1.100901e-03   18722304
  5.701780e+00   4.667725e+00   3.069442e-03   1.098649e-03   18802472
  5.712409e+00   4.672849e+00   3.067729e-03   1.098861e-03   18864266
  5.723037e+00   4.676626e+00   3.067347e-03   1.098754e-03   18933260
  5.733662e+00   4.681234e+00   3.066799e-03   1.097538e-03   18997448
  5.744288e+00   4.687147e+00   3.068953e-03   1.097160e-03   19079816
  5.754917e+00   4.692547e+00   3.067744e-03   1.097696e-03   19145330
  5.765545e+00   4.693011e+00   3.067941e-03   1.096817e-03   19218276
  5.776172e+00   4.700974e+00   3.067784e-03   1.096914e-03   19286200
  5.786797e+00   4.707209e+00   3.066457e-03   1.096846e-03   19349738
  5.797427e+00   4.712095e+00   3.070714e-03   1.096163e-03   19450040
  5.808057e+00   4.716225e+00   3.065907e-03   1.096633e-03   19489688
  5.818683e+00   4.724366e+00   3.068803e-03   1.096752e-03   19576868
  5.829310e+00   4.728086e+00   3.067331e-03   1.096456e-03   19640282
  5.839940e+00   4.734117e+00   3.069683e-03   1.096004e-03   19728800
  5.850566e+00   4.742860e+00   3.065237e-03   1.098233e-03   19770152
  5.861190e+00   4.745921e+00   3.068717e-03   1.096652e-03   19863516
  5.871821e+00   4.751955e+00   3.069639e-03   1.096573e-03   19943594
  5.882452e+00   4.756396e+00   3.067597e-03   1.096987e-03   20003440
  5.893081e+00   4.763810e+00   3.068832e-03   1.097451e-03   20081768
  5.903706e+00   4.767778e+00   3.066188e-03   1.097636e-03   20136200
  5.914335e+00   4.773713e+00   3.070449e-03   1.096677e-03   20238094
  5.924964e+00   4.781692e+00   3.066146e-03   1.098369e-03   20282544
  5.935584e+00   4.790842e+00   3.065727e-03   1.099399e-03   20351720
  5.946209e+00   4.794855e+00   3.068474e-03   1.098773e-03   20444714
  5.956838e+00   4.803988e+00   3.067781e-03   1.100479e-03   20515116
  5.967470e+00   4.814461e+00   3.070149e-03   1.100919e-03   20602384
  5.978102e+00   4.815230e+00   3.068165e-03   1.100090e-03   20659872
  5.988728e+00   4.822483e+00   3.067093e-03   1.101500e-03   20727682
  5.999356e+00   4.830908e+00   3.068732e-03   1.102244e-03   20814416
  6.009986e+00   4.839095e+00   3.068153e-03   1.103657e-03   20881100
  6.020612e+00   4.844968e+00   3.068117e-03   1.103726e-03   20953688
  6.031238e+00   4.854677e+00   3.066654e-03   1.105301e-03   21021050
  6.041866e+00   4.863340e+00   3.068891e-03   1.106804e-03   21111632
  6.052496e+00   4.871019e+00   3.068341e-03   1.107611e-03   21179972
  6.063121e+00   4.878658e+00   3.066368e-03   1.108534e-03   21240488
  6.073747e+00   4.887848e+00   3.068419e-03   1.110629e-03   21331418
  6.084375e+00   4.897222e+00   3.067338e-03   1.111408e-03   21397304
  6.095000e+00   4.904724e+00   3.067405e-03   1.111803e-03   21469764
  6.105627e+00   4.912412e+00   3.068819e-03   1.113177e-03   21556122
  6.116254e+00   4.924360e+00   3.066479e-03   1.115176e-03   21618312
  6.126884e+00   4.928997e+00   3.069809e-03   1.114661e-03   21716096
  6.137516e+00   4.942563e+00   3.068719e-03   1.117637e-03   21781352
  6.148144e+00   4.951916e+00   3.067428e-03   1.119644e-03   21848870
  6.158771e+00   4.961550e+00   3.067652e-03   1.121279e-03   21927536
  6.169400e+00   4.971046e+00   3.068795e-03   1.122894e-03   22008944
  6.180028e+00   4.982513e+00   3.067865e-03   1.125321e-03   22076136
  6.190652e+00   4.991796e+00   3.066547e-03   1.127975e-03   22145270
  6.201282e+00   5.003450e+00   3.070373e-03   1.129048e-03   22250960
  6.211913e+00   5.016000e+00   3.066914e-03   1.131944e-03   22300864
  6.222538e+00   5.023002e+00   3.067186e-03   1.133270e-03   22378586
  6.233165e+00   5.036942e+00   3.068261e-03   1.136290e-03   22464104
  6.243795e+00   5.045782e+00   3.068708e-03   1.137622e-03   22542892
  6.254421e+00   5.058142e+00   3.067123e-03   1.139822e-03   22606008
  6.265047e+00   5.069610e+00   3.067919e-03   1.142094e-03   22690002
  6.275673e+00   5.083110e+00   3.066936e-03   1.145768e-03   22762216
  6.286298e+00   5.087790e+00   3.068880e-03   1.145989e-03   22815779
  6.296927e+00   5.077882e+00   3.067733e-03   1.143291e-03   22772312
  6.307555e+00   5.065656e+00   3.067923e-03   1.141074e-03   22733708
  6.318183e+00   5.052311e+00   3.068441e-03   1.136948e-03   22697672
  6.328811e+00   5.041210e+00   3.067507e-03   1.133924e-03   22651460
  6.339438e+00   5.031495e+00   3.068199e-03   1.131788e-03   22616024
  6.350068e+00   5.019992e+00   3.069309e-03   1.128618e-03   22583496
  6.360694e+00   5.011414e+00   3.065960e-03   1.127283e-03   22519252
  6.371317e+00   4.999352e+00   3.067197e-03   1.124231e-03   22488992
  6.381944e+00   4.985978e+00   3.067780e-03   1.120211e-03   22453172
  6.392574e+00   4.981593e+00   3.069105e-03   1.120227e-03   22420584
  6.403204e+00   4.968943e+00   3.068296e-03   1.117166e-03   22371700
  6.413832e+00   4.961394e+00   3.068296e-03   1.116113e-03   22329896
  6.424460e+00   4.953555e+00   3.067512e-03   1.114080e-03   22282876
  6.435088e+00   4.939766e+00   3.068899e-03   1.111228e-03   22250692
  6.445715e+00   4.932903e+00   3.066872e-03   1.109852e-03   22194436
  6.456340e+00   4.925146e+00   3.066996e-03   1.108693e-03   22153540
  6.466968e+00   4.911740e+00   3.068722e-03   1.105895e-03   22122584
  6.477597e+00   4.907811e+00   3.067957e-03   1.105246e-03   22073004
  6.488227e+00   4.897913e+00   3.069406e-03   1.102936e-03   22039640
  6.498854e+00   4.887284e+00   3.066107e-03   1.101323e-03   21971624
  6.509482e+00   4.877976e+00   3.070097e-03   1.099303e-03   21955708
  6.520106e+00   4.872781e+00   3.063845e-03   1.099517e-03   21867720
  6.530733e+00   4.863089e+00   3.071600e-03   1.096388e-03   21878900
  6.541363e+00   4.855313e+00   3.065935e-03   1.095976e-03   21794260
  6.551990e+00   4.851767e+00   3.068881e-03   1.095650e-03   21770256
  6.562619e+00   4.842337e+00   3.068010e-03   1.092948e-03   21718124
  6.573247e+00   4.834914e+00   3.067905e-03   1.092867e-03   21671096
  6.583874e+00   4.823076e+00   3.067932e-03   1.090121e-03   21625412
  6.594503e+00   4.818452e+00   3.069070e-03   1.089884e-03   21587284
  6.605129e+00   4.810701e+00   3.066010e-03   1.089364e-03   21519648
  6.615755e+00   4.804171e+00   3.068792e-03   1.087599e-03   21493344
  6.626384e+00   4.795937e+00   3.067812e-03   1.087920e-03   21439360
  6.637013e+00   4.788897e+00   3.068679e-03   1.086483e-03   21398900
  6.647644e+00   4.780638e+00   3.068668e-03   1.085025e-03   21351488
  6.658271e+00   4.772840e+00   3.066526e-03   1.084015e-03   21288012
  6.668898e+00   4.769623e+00   3.068796e-03   1.083770e-03   21255052
  6.679525e+00   4.761293e+00   3.067400e-03   1.082435e-03   21196928
  6.690151e+00   4.757062e+00   3.067431e-03   1.083273e-03   21149036
  6.700778e+00   4.745550e+00   3.068015e-03   1.080811e-03   21105304
  6.711407e+00   4.740627e+00   3.068524e-03   1.080216e-03   21059992
  6.722038e+00   4.733970e+00   3.069263e-03   1.079645e-03   21014904
  6.732667e+00   4.733157e+00   3.067536e-03   1.081317e-03   20953620
  6.743293e+00   4.724166e+00   3.067478e-03   1.079352e-03   20902948
  6.753920e+00   4.717175e+00   3.068064e-03   1.077826e-03   20856528
  6.764548e+00   4.708380e+00   3.068448e-03   1.077380e-03   20808868
  6.775174e+00   4.704369e+00   3.066599e-03   1.078296e-03   20746700
  6.785798e+00   4.696698e+00   3.066925e-03   1.076604e-03   20699040
  6.796428e+00   4.693278e+00   3.069860e-03   1.076234e-03   20667584
  6.807054e+00   4.687260e+00   3.064988e-03   1.076872e-03   20583320
  6.817679e+00   4.679220e+00   3.069606e-03   1.075412e-03   20562728
  6.828310e+00   4.677497e+00   3.067915e-03   1.076030e-03   20499120
  6.838938e+00   4.671017e+00   3.068337e-03   1.075747e-03   20448668
  6.849566e+00   4.662396e+00   3.068077e-03   1.074993e-03   20394408
  6.860195e+00   4.658720e+00   3.068320e-03   1.074825e-03   20344236
  6.870823e+00   4.654272e+00   3.067630e-03   1.074434e-03   20287988
  6.881451e+00   4.645999e+00   3.068044e-03   1.074102e-03   20237280
  6.892077e+00   4.640929e+00   3.067320e-03   1.074456e-03   20178328
  6.902707e+00   4.632948e+00   3.069652e-03   1.072823e-03   20139844
  6.913336e+00   4.629448e+00   3.067174e-03   1.073865e-03   20069748
  6.923962e+00   4.623114e+00   3.067514e-03   1.073487e-03   20016800
  6.934587e+00   4.616227e+00   3.067642e-03   1.072368e-03   19962224
  6.945217e+00   4.613644e+00   3.069885e-03   1.073293e-03   19923568
  6.955848e+00   4.610546e+00   3.067490e-03   1.073335e-03   19854300
  6.966474e+00   4.601459e+00   3.067154e-03   1.073488e-03   19797056
  6.977101e+00   4.596014e+00   3.067706e-03   1.072500e-03   19744940
  6.987728e+00   4.594262e+00   3.068174e-03   1.074338e-03   19691768
  6.998356e+00   4.589864e+00   3.067321e-03   1.074252e-03   19629548
  7.008982e+00   4.584919e+00   3.067740e-03   1.073965e-03   19575480
  7.019610e+00   4.578898e+00   3.068413e-03   1.073368e-03   19523296
  7.030241e+00   4.575035e+00   3.069533e-03   1.074113e-03   19474344
  7.040867e+00   4.568966e+00   3.065611e-03   1.074563e-03   19392868
  7.051493e+00   4.563431e+00   3.069073e-03   1.074030e-03   19356176
  7.062123e+00   4.562302e+00   3.068592e-03   1.075267e-03   19294916
  7.072754e+00   4.553869e+00   3.069110e-03   1.075077e-03   19240856
  7.083382e+00   4.552912e+00   3.067066e-03   1.076424e-03   19170884
  7.094007e+00   4.547480e+00   3.066966e-03   1.076021e-03   19111352
  7.104633e+00   4.540453e+00   3.068278e-03   1.075728e-03   19060016
  7.115261e+00   4.540748e+00   3.067998e-03   1.077859e-03   18999752
  7.125886e+00   4.532575e+00   3.066210e-03   1.077479e-03   18930272
  7.136511e+00   4.529782e+00   3.068009e-03   1.077919e-03   18882340
  7.147141e+00   4.524861e+00   3.069133e-03   1.077450e-03   18829056
  7.157770e+00   4.522039e+00   3.067293e-03   1.078596e-03   18757640
  7.168398e+00   4.518229e+00   3.069197e-03   1.079729e-03   18709036
  7.179027e+00   4.513004e+00   3.067378e-03   1.079452e-03   18637668
  7.189656e+00   4.510287e+00   3.069146e-03   1.080204e-03   18587048
  7.200283e+00   4.504678e+00   3.066626e-03   1.081169e-03   18510972
  7.210909e+00   4.500761e+00   3.067730e-03   1.081625e-03   18456692
  7.221535e+00   4.494895e+00   3.067567e-03   1.081105e-03   18394084
  7.232164e+00   4.496740e+00   3.069110e-03   1.083522e-03   18341352
  7.242794e+00   4.489159e+00   3.068234e-03   1.083623e-03   18273884
  7.253423e+00   4.484652e+00   3.068036e-03   1.084054e-03   18211148
  7.264048e+00   4.483591e+00   3.066171e-03   1.085875e-03   18137692
  7.274674e+00   4.480075e+00   3.069088e-03   1.085456e-03   18091580
  7.285305e+00   4.477300e+00   3.068515e-03   1.086286e-03   18024560
  7.295932e+00   4.472669e+00   3.067362e-03   1.087423e-03   17955116
  7.306559e+00   4.467024e+00   3.067637e-03   1.087842e-03   17893232
  7.317187e+00   4.464333e+00   3.068343e-03   1.089210e-03   17832620
  7.327816e+00   4.464521e+00   3.068327e-03   1.091621e-03   17767864
  7.338445e+00   4.461655e+00   3.068809e-03   1.091895e-03   17706956
  7.349073e+00   4.454280e+00   3.066947e-03   1.091756e-03   17632632
  7.359699e+00   4.457194e+00   3.068061e-03   1.095484e-03   17573524
  7.370327e+00   4.450984e+00   3.067901e-03   1.095546e-03   17506380
  7.380954e+00   4.447725e+00   3.068207e-03   1.096345e-03   17442548
  7.391580e+00   4.445850e+00   3.066528e-03   1.097834e-03   17368556
  7.402208e+00   4.440971e+00   3.069314e-03   1.098443e-03   17318260
  7.412837e+00   4.443540e+00   3.067939e-03   1.100973e-03   17243792
  7.423463e+00   4.437719e+00   3.066549e-03   1.102433e-03   17169716
  7.434088e+00   4.433765e+00   3.067759e-03   1.102136e-03   17109768
  7.444715e+00   4.433878e+00   3.068012e-03   1.104782e-03   17044064
  7.455345e+00   4.431376e+00   3.068894e-03   1.106682e-03   16981560
  7.465972e+00   4.429999e+00   3.066680e-03   1.108217e-03   16902264
  7.476600e+00   4.425103e+00   3.069499e-03   1.108466e-03   16849940
  7.487230e+00   4.420839e+00   3.067461e-03   1.109496e-03   16770600
  7.497858e+00   4.418873e+00   3.068497e-03   1.111409e-03   16707512
  7.508485e+00   4.418989e+00   3.067634e-03   1.113856e-03   16634480
  7.519114e+00   4.418561e+00   3.068242e-03   1.115601e-03   16569424
  7.529741e+00   4.417987e+00   3.067751e-03   1.117912e-03   16497216
  7.540372e+00   4.415855e+00   3.069501e-03   1.119057e-03   16436416
  7.550999e+00   4.411179e+00   3.067032e-03   1.120143e-03   16353532
  7.561624e+00   4.409009e+00   3.067126e-03   1.121995e-03   16284908
  7.572251e+00   4.409813e+00   3.068426e-03   1.124468e-03   16221948
  7.582881e+00   4.409744e+00   3.068614e-03   1.127231e-03   16152552
  7.593510e+00   4.406515e+00   3.068122e-03   1.128435e-03   16078864
  7.604137e+00   4.404981e+00   3.067536e-03   1.130717e-03   16005296
  7.614766e+00   4.401712e+00   3.068300e-03   1.133269e-03   15938220
  7.625392e+00   4.402905e+00   3.066841e-03   1.136386e-03   15858440
  7.636016e+00   4.403460e+00   3.067373e-03   1.138930e-03   15789252
  7.646642e+00   4.398614e+00   3.067548e-03   1.139279e-03   15718944
  7.657269e+00   4.397084e+00   3.067947e-03   1.141499e-03   15648652
  7.667899e+00   4.398114e+00   3.069201e-03   1.144818e-03   15581944
  7.678531e+00   4.398554e+00   3.069010e-03   1.146646e-03   15508744
  7.689158e+00   4.396237e+00   3.066436e-03   1.149364e-03   15422472
  7.699784e+00   4.396169e+00   3.068878e-03   1.152379e-03   15361536
  7.710413e+00   4.394602e+00   3.067494e-03   1.155662e-03   15281048
  7.721038e+00   4.396574e+00   3.067557e-03   1.157874e-03   15207752
  7.731666e+00   4.397975e+00   3.067687e-03   1.161140e-03   15134800
  7.742292e+00   4.395467e+00   3.067594e-03   1.163136e-03   15059664
  7.752920e+00   4.395971e+00   3.068106e-03   1.166775e-03   14987020
  7.763550e+00   4.395202e+00   3.069757e-03   1.168792e-03   14919936
  7.774179e+00   4.397384e+00   3.066979e-03   1.173697e-03   14831776
  7.784807e+00   4.395677e+00   3.069197e-03   1.174597e-03   14767552
  7.795435e+00   4.393623e+00   3.066309e-03   1.178718e-03   14678336
  7.806062e+00   4.394513e+00   3.069079e-03   1.180728e-03   14615044
  7.816690e+00   4.397038e+00   3.067275e-03   1.184808e-03   14530200
  7.827317e+00   4.397816e+00   3.067927e-03   1.188553e-03   14457000
  7.837945e+00   4.392611e+00   3.068558e-03   1.190864e-03   14383440
  7.848573e+00   4.397785e+00   3.067003e-03   1.195489e-03   14299516
  7.859199e+00   4.394454e+00   3.067899e-03   1.198171e-03   14226024
  7.869825e+00   4.399300e+00   3.067223e-03   1.203487e-03   14145048
  7.880455e+00   4.398916e+00   3.070446e-03   1.205030e-03   14082144
  7.891083e+00   4.403937e+00   3.065393e-03   1.210973e-03   13981640
  7.901708e+00   4.404716e+00   3.068688e-03   1.215304e-03   13918460
  7.912338e+00   4.400608e+00   3.068702e-03   1.217377e-03   13839752
  7.922969e+00   4.403437e+00   3.069182e-03   1.221380e-03   13762736
  7.933598e+00   4.404212e+00   3.067868e-03   1.227005e-03   13677980
  7.944225e+00   4.408086e+00   3.067250e-03   1.230935e-03   13596196
  7.954850e+00   4.408750e+00   3.067470e-03   1.234160e-03   13517736
  7.965475e+00   4.410422e+00   3.066448e-03   1.239721e-03   13433184
  7.976100e+00   4.409611e+00   3.068623e-03   1.242765e-03   13362296
  7.986730e+00   4.407749e+00   3.068494e-03   1.246104e-03   13281376
  7.997360e+00   4.412858e+00   3.069113e-03   1.251602e-03   13203336
  8.007987e+00   4.416967e+00   3.066719e-03   1.258083e-03   13113016
  8.018613e+00   4.416424e+00   3.067735e-03   1.260902e-03   13036400
  8.029240e+00   4.420085e+00   3.067468e-03   1.267294e-03   12953648
  8.039869e+00   4.427583e+00   3.069185e-03   1.273283e-03   12879016
  8.050498e+00   4.423042e+00   3.067538e-03   1.275566e-03   12790124
  8.061127e+00   4.429647e+00   3.068996e-03   1.281519e-03   12714152
  8.071753e+00   4.431385e+00   3.066076e-03   1.287052e-03   12619608
  8.082379e+00   4.432061e+00   3.068682e-03   1.292056e-03   12547232
  8.093011e+00   4.434148e+00   3.070245e-03   1.297257e-03   12470568
  8.103638e+00   4.433310e+00   3.065215e-03   1.301885e-03   12368136
  8.114264e+00   4.436910e+00   3.069116e-03   1.307692e-03   12300504
  8.124894e+00   4.438686e+00   3.068128e-03   1.313334e-03   12212172
  8.135522e+00   4.443669e+00   3.067779e-03   1.320306e-03   12126228
  8.146149e+00   4.448183e+00   3.068089e-03   1.327336e-03   12043352
  8.156778e+00   4.444931e+00   3.068301e-03   1.330835e-03   11959896
  8.167401e+00   4.453691e+00   3.065268e-03   1.339768e-03   11863804
  8.178026e+00   4.456582e+00   3.068937e-03   1.344555e-03   11792812
  8.188656e+00   4.461929e+00   3.068597e-03   1.351372e-03   11705392
  8.199283e+00   4.463490e+00   3.066984e-03   1.359047e-03   11613836
  8.209914e+00   4.471595e+00   3.070536e-03   1.365925e-03   11541532
  8.220543e+00   4.470763e+00   3.066346e-03   1.371837e-03   11440232
  8.231170e+00   4.473408e+00   3.068846e-03   1.378006e-03   11363008
  8.241796e+00   4.476154e+00   3.066631e-03   1.385522e-03   11267848
  8.252424e+00   4.479168e+00   3.069306e-03   1.392677e-03   11190640
  8.263054e+00   4.483474e+00   3.068558e-03   1.399950e-03   11101084
  8.273680e+00   4.486511e+00   3.065604e-03   1.408411e-03   11003284
  8.284304e+00   4.488479e+00   3.068360e-03   1.414659e-03   10925424
  8.294932e+00   4.489996e+00   3.067667e-03   1.422217e-03   10834724
  8.305560e+00   4.493223e+00   3.068711e-03   1.428754e-03   10750156
  8.316186e+00   4.499682e+00   3.066587e-03   1.437821e-03   10655280
  8.326811e+00   4.505760e+00   3.067310e-03   1.447719e-03   10569120
  8.337437e+00   4.505930e+00   3.067168e-03   1.454734e-03   10479672
  8.348070e+00   4.508515e+00   3.071527e-03   1.460102e-03   10404504
  8.358704e+00   4.517151e+00   3.068456e-03   1.472432e-03   10304108
  8.369331e+00   4.515998e+00   3.066991e-03   1.479553e-03   10209940
  8.379958e+00   4.525222e+00   3.068937e-03   1.488890e-03   10126584
  8.390585e+00   4.523942e+00   3.066106e-03   1.498373e-03   10027064
  8.401210e+00   4.530685e+00   3.068731e-03   1.507379e-03   9945072
  8.411836e+00   4.534543e+00   3.065849e-03   1.517142e-03   9844764
  8.422464e+00   4.541056e+00   3.070904e-03   1.524514e-03   9769940
  8.433095e+00   4.540750e+00   3.066721e-03   1.535599e-03   9666072
  8.443721e+00   4.544300e+00   3.067629e-03   1.544075e-03   9577112
  8.454348e+00   4.549342e+00   3.067871e-03   1.554547e-03   9485848
  8.464977e+00   4.552553e+00   3.068818e-03   1.562964e-03   9396136
  8.475607e+00   4.554784e+00   3.068947e-03   1.574962e-03   9304408
  8.486231e+00   4.559167e+00   3.064605e-03   1.585843e-03   9199028
  8.496854e+00   4.562945e+00   3.068671e-03   1.594475e-03   9118288
  8.507481e+00   4.567655e+00   3.066868e-03   1.607531e-03   9019624
  8.518111e+00   4.567953e+00   3.070919e-03   1.616223e-03   8937420
  8.528743e+00   4.569704e+00   3.067653e-03   1.626671e-03   8835200
  8.539369e+00   4.577583e+00   3.066847e-03   1.640764e-03   8739332
  8.549995e+00   4.575659e+00   3.067747e-03   1.648833e-03   8648112
  8.560624e+00   4.577006e+00   3.067898e-03   1.658778e-03   8553372
  8.571253e+00   4.582337e+00   3.069319e-03   1.672998e-03   8461944
  8.581883e+00   4.585445e+00   3.068067e-03   1.685446e-03   8363348
  8.592509e+00   4.588396e+00   3.067870e-03   1.697053e-03   8267792
  8.603135e+00   4.586088e+00   3.066599e-03   1.707281e-03   8169380
  8.613762e+00   4.590302e+00   3.069517e-03   1.718976e-03   8081008
  8.624389e+00   4.589526e+00   3.065774e-03   1.730167e-03   7975632
  8.635016e+00   4.590351e+00   3.069603e-03   1.743241e-03   7889116
  8.645643e+00   4.592938e+00   3.066011e-03   1.755947e-03   7784008
  8.656270e+00   4.589049e+00   3.068709e-03   1.765835e-03   7693848
  8.666897e+00   4.584296e+00   3.067011e-03   1.775843e-03   7592468
  8.677525e+00   4.589544e+00   3.068931e-03   1.792384e-03   7499076
  8.688155e+00   4.585368e+00   3.069474e-03   1.802356e-03   7402880
  8.698786e+00   4.581791e+00   3.067607e-03   1.813388e-03   7300768
  8.709411e+00   4.585043e+00   3.067652e-03   1.829568e-03   7203316
  8.720032e+00   4.578428e+00   3.063689e-03   1.840178e-03   7095724
  8.730662e+00   4.576874e+00   3.073665e-03   1.849194e-03   7019608
  8.741295e+00   4.563510e+00   3.065344e-03   1.860363e-03   6901916
  8.751922e+00   4.567772e+00   3.069704e-03   1.876440e-03   6812952
  8.762548e+00   4.550911e+00   3.065523e-03   1.885380e-03   6704548
  8.773175e+00   4.552873e+00   3.068967e-03   1.899923e-03   6612168
  8.783803e+00   4.544555e+00   3.067598e-03   1.911923e-03   6508628
  8.794433e+00   4.532641e+00   3.069277e-03   1.920109e-03   6412072
  8.805059e+00   4.520118e+00   3.066868e-03   1.928641e-03   6306660
  8.815685e+00   4.509938e+00   3.067492e-03   1.940210e-03   6207592
  8.826308e+00   4.499945e+00   3.066222e-03   1.949138e-03   6103860
  8.836934e+00   4.489352e+00   3.068576e-03   1.956474e-03   6007184
  8.847563e+00   4.476775e+00   3.068782e-03   1.967168e-03   5905660
  8.858194e+00   4.454945e+00   3.069160e-03   1.971115e-03   5805132
  8.868823e+00   4.438294e+00   3.067313e-03   1.977597e-03   5700008
  8.879446e+00   4.413819e+00   3.065734e-03   1.980407e-03   5594856
  8.890075e+00   4.398579e+00   3.070306e-03   1.987595e-03   5502341
  8.900707e+00   4.375812e+00   3.068193e-03   1.990539e-03   5404852
  8.911333e+00   4.364635e+00   3.066920e-03   1.997354e-03   5313930
  8.921960e+00   4.353109e+00   3.068151e-03   2.002793e-03   5230396
  8.932587e+00   4.336063e+00   3.067037e-03   2.010032e-03   5145158
  8.943214e+00   4.331510e+00   3.067644e-03   2.020985e-03   5064506
  8.953844e+00   4.325505e+00   3.070354e-03   2.032878e-03   4989464
  8.964475e+00   4.309274e+00   3.067471e-03   2.037301e-03   4907486
  8.975102e+00   4.308074e+00   3.067454e-03   2.049993e-03   4831952
  8.985729e+00   4.298949e+00   3.067333e-03   2.061267e-03   4757392
  8.996357e+00   4.291238e+00   3.068563e-03   2.074759e-03   4685902
  9.006985e+00   4.283730e+00   3.067839e-03   2.081835e-03   4612826
  9.017611e+00   4.277451e+00   3.067647e-03   2.092048e-03   4542436
  9.028240e+00   4.273048e+00   3.068771e-03   2.106399e-03   4475408
  9.038866e+00   4.267487e+00   3.065432e-03   2.117244e-03   4402686
  9.049492e+00   4.259970e+00   3.069222e-03   2.127787e-03   4340854
  9.060123e+00   4.256094e+00   3.068666e-03   2.139913e-03   4273862
  9.070751e+00   4.247942e+00   3.068093e-03   2.151438e-03   4208538
  9.081377e+00   4.245406e+00   3.066329e-03   2.166767e-03   4142584
  9.092002e+00   4.242958e+00   3.067445e-03   2.175134e-03   4081232
  9.102629e+00   4.236524e+00   3.068061e-03   2.187123e-03   4019668
  9.113260e+00   4.228553e+00   3.070507e-03   2.198005e-03   3961416
  9.123892e+00   4.234026e+00   3.068468e-03   2.215751e-03   3898848
  9.134518e+00   4.225631e+00   3.065914e-03   2.230425e-03   3836718
  9.145140e+00   4.222781e+00   3.066518e-03   2.241815e-03   3779272
  9.155765e+00   4.222936e+00   3.066689e-03   2.256928e-03   3721434
  9.166394e+00   4.220023e+00   3.070316e-03   2.271328e-03   3668198
  9.177028e+00   4.224257e+00   3.069776e-03   2.293960e-03   3611346
  9.187656e+00   4.217263e+00   3.066455e-03   2.304157e-03   3552442
  9.198281e+00   4.215130e+00   3.067337e-03   2.318677e-03   3498908
  9.208908e+00   4.215131e+00   3.067980e-03   2.336530e-03   3445382
  9.219536e+00   4.212128e+00   3.068389e-03   2.352984e-03   3392244
  9.230165e+00   4.212268e+00   3.068360e-03   2.368541e-03   3339634
  9.240792e+00   4.208942e+00   3.067248e-03   2.383419e-03   3286752
  9.251416e+00   4.206953e+00   3.065818e-03   2.403807e-03   3234180
  9.262040e+00   4.210867e+00   3.067094e-03   2.419285e-03   3184556
  9.272670e+00   4.218002e+00   3.070362e-03   2.438941e-03   3137238
  9.283304e+00   4.210301e+00   3.070377e-03   2.454940e-03   3087670
  9.293936e+00   4.210257e+00   3.068566e-03   2.474044e-03   3037460
  9.304560e+00   4.207220e+00   3.064548e-03   2.492541e-03   2985736
  9.315180e+00   4.209955e+00   3.066413e-03   2.510856e-03   2939708
  9.325811e+00   4.212849e+00   3.071553e-03   2.531078e-03   2897012
  9.336443e+00   4.215197e+00   3.067620e-03   2.552115e-03   2846890
  9.347067e+00   4.215428e+00   3.065693e-03   2.567680e-03   2799588
  9.357689e+00   4.220135e+00   3.066395e-03   2.596634e-03   2754954
  9.368315e+00   4.217973e+00   3.068270e-03   2.609087e-03   2711500
  9.378948e+00   4.222926e+00   3.070601e-03   2.638637e-03   2669006
  9.389576e+00   4.223071e+00   3.065837e-03   2.658605e-03   2621264
  9.400202e+00   4.219406e+00   3.068913e-03   2.676775e-03   2580726
  9.410830e+00   4.228995e+00   3.067141e-03   2.701383e-03   2536470
  9.421456e+00   4.238008e+00   3.067445e-03   2.734764e-03   2494370
  9.432084e+00   4.236898e+00   3.068834e-03   2.752944e-03   2453556
  9.442716e+00   4.244982e+00   3.070117e-03   2.779232e-03   2413246
  9.453347e+00   4.242192e+00   3.067994e-03   2.803300e-03   2370914
  9.463973e+00   4.245401e+00   3.067217e-03   2.825372e-03   2330126
  9.474601e+00   4.251542e+00   3.068570e-03   2.854943e-03   2291406
  9.485227e+00   4.258802e+00   3.066158e-03   2.882007e-03   2250410
  9.495850e+00   4.255226e+00   3.066006e-03   2.904648e-03   2211486
  9.506474e+00   4.261770e+00   3.067734e-03   2.931321e-03   2174194
  9.517102e+00   4.265114e+00   3.068176e-03   2.961127e-03   2136416
  9.527733e+00   4.279974e+00   3.069929e-03   2.991940e-03   2100070
  9.538360e+00   4.277699e+00   3.065560e-03   3.022446e-03   2060026
  9.548986e+00   4.288999e+00   3.069362e-03   3.052908e-03   2025910
  9.559615e+00   4.282072e+00   3.067530e-03   3.078930e-03   1988576
  9.570241e+00   4.290617e+00   3.067060e-03   3.108718e-03   1952610
  9.580867e+00   4.295487e+00   3.067361e-03   3.142357e-03   1917470
  9.591493e+00   4.312972e+00   3.067399e-03   3.183633e-03   1882484
  9.602120e+00   4.316869e+00   3.068076e-03   3.210397e-03   1848262
  9.612753e+00   4.317175e+00   3.071327e-03   3.241247e-03   1816024
  9.623386e+00   4.325851e+00   3.068076e-03   3.279699e-03   1780418
  9.634012e+00   4.341744e+00   3.067038e-03   3.317176e-03   1746576
  9.644639e+00   4.358211e+00   3.068628e-03   3.369284e-03   1714622
  9.655268e+00   4.352168e+00   3.067669e-03   3.388655e-03   1681692
  9.665895e+00   4.361354e+00   3.067468e-03   3.426076e-03   1649574
  9.676515e+00   4.382296e+00   3.063511e-03   3.486065e-03   1615788
  9.687137e+00   4.381550e+00   3.068656e-03   3.505592e-03   1587064
  9.697769e+00   4.388221e+00   3.069826e-03   3.543724e-03   1556598
  9.708400e+00   4.400569e+00   3.068471e-03   3.588905e-03   1525380
  9.719030e+00   4.406564e+00   3.068670e-03   3.635439e-03   1495360
  9.729656e+00   4.415146e+00   3.066126e-03   3.685930e-03   1464370
  9.740281e+00   4.419973e+00   3.067601e-03   3.725143e-03   1435656
  9.750907e+00   4.430857e+00   3.067002e-03   3.766567e-03   1406304
  9.761532e+00   4.450725e+00   3.067147e-03   3.821752e-03   1377628
  9.772159e+00   4.461245e+00   3.068370e-03   3.875784e-03   1349744
  9.782788e+00   4.464899e+00   3.068343e-03   3.904463e-03   1321682
  9.793418e+00   4.474149e+00   3.069098e-03   3.956838e-03   1294376
  9.804048e+00   4.501598e+00   3.068140e-03   4.026879e-03   1266768
  9.814673e+00   4.505788e+00   3.066275e-03   4.064061e-03   1239172
  9.825295e+00   4.507883e+00   3.065238e-03   4.127418e-03   1212224
  9.835918e+00   4.530157e+00   3.067386e-03   4.180072e-03   1186796
  9.846547e+00   4.539625e+00   3.069034e-03   4.235639e-03   1161432
  9.857176e+00   4.561742e+00   3.067927e-03   4.296935e-03   1135408
  9.867804e+00   4.566621e+00   3.068239e-03   4.355519e-03   1110324
  9.878434e+00   4.587830e+00   3.068926e-03   4.431304e-03   1085680
  9.889062e+00   4.594823e+00   3.066842e-03   4.485812e-03   1060364
  9.899688e+00   4.605772e+00   3.068767e-03   4.551815e-03   1036736
  9.910321e+00   4.614179e+00   3.070562e-03   4.607035e-03   1013388
  9.920951e+00   4.644279e+00   3.066769e-03   4.695067e-03   988656
  9.931575e+00   4.656964e+00   3.066738e-03   4.766494e-03   965530
  9.942197e+00   4.672920e+00   3.064855e-03   4.835261e-03   942100
  9.952819e+00   4.678884e+00   3.066142e-03   4.896644e-03   919888
  9.963442e+00   4.692050e+00   3.066491e-03   4.971110e-03   897628
  9.974067e+00   4.714669e+00   3.067504e-03   5.054070e-03   875856
  9.984696e+00   4.734733e+00   3.069599e-03   5.149320e-03   854736
  9.995330e+00   4.744374e+00   3.070044e-03   5.223625e-03   833510
  1.000596e+01   4.749006e+00   3.068120e-03   5.277777e-03   811976
  1.001659e+01   4.780630e+00   3.066566e-03   5.383684e-03   790844
  1.002721e+01   4.792003e+00   3.066302e-03   5.470807e-03   770320
  1.003784e+01   4.808640e+00   3.069162e-03   5.554023e-03   750838
  1.004847e+01   4.837486e+00   3.068729e-03   5.679716e-03   730864
  1.005909e+01   4.849051e+00   3.067039e-03   5.757203e-03   710984
  1.006972e+01   4.878159e+00   3.067274e-03   5.874336e-03   691894
  1.008035e+01   4.902481e+00   3.066106e-03   5.990136e-03   672776
  1.009097e+01   4.931207e+00   3.067065e-03   6.106544e-03   654372
  1.010160e+01   4.932479e+00   3.065537e-03   6.212812e-03   635682
  1.011222e+01   4.953798e+00   3.064886e-03   6.325323e-03   617460
  1.012284e+01   4.970322e+00   3.066767e-03   6.412843e-03   600024
  1.013346e+01   4.994477e+00   3.068404e-03   6.555394e-03   582830
  1.014410e+01   5.021344e+00   3.070337e-03   6.715982e-03   566000
  1.015473e+01   5.042256e+00   3.066543e-03   6.823145e-03   548458
  1.016535e+01   5.073618e+00   3.067619e-03   6.971893e-03   532084
  1.017598e+01   5.092673e+00   3.065740e-03   7.099513e-03   515440
  1.018660e+01   5.118785e+00   3.064533e-03   7.233664e-03   499174
  1.019722e+01   5.141837e+00   3.064552e-03   7.417816e-03   483368
  1.020784e+01   5.166302e+00   3.067558e-03   7.565721e-03   468270
  1.021847e+01   5.184955e+00   3.071740e-03   7.728401e-03   453568
  1.022911e+01   5.193116e+00   3.068522e-03   7.855629e-03   438106
  1.023974e+01   5.233293e+00   3.068674e-03   8.054161e-03   423508
  1.025036e+01   5.257493e+00   3.065352e-03   8.208667e-03   408754
  1.026098e+01   5.312428e+00   3.064549e-03   8.507632e-03   394612
  1.027160e+01   5.345068e+00   3.064825e-03   8.665132e-03   380826
  1.028223e+01   5.348225e+00   3.063635e-03   8.861862e-03   367086
  1.029285e+01   5.359831e+00   3.065226e-03   8.975152e-03   353904
  1.030347e+01   5.390482e+00   3.067842e-03   9.261894e-03   341046
  1.031410e+01   5.422700e+00   3.067827e-03   9.504078e-03   328144
  1.032473e+01   5.444763e+00   3.068491e-03   9.743106e-03   315598
  1.033536e+01   5.475200e+00   3.070442e-03   9.934722e-03   303466
  1.034599e+01   5.518213e+00   3.070558e-03   1.026046e-02   291456
  1.035662e+01   5.563066e+00   3.069010e-03   1.054443e-02   279614
  1.036725e+01   5.580283e+00   3.062765e-03   1.080304e-02   267680
  1.037786e+01   5.627437e+00   3.061142e-03   1.113021e-02   256438
  1.038848e+01   5.635867e+00   3.062004e-03   1.138069e-02   245618
  1.039909e+01   5.659590e+00   3.058865e-03   1.167722e-02   234708
  1.040970e+01   5.743565e+00   3.057929e-03   1.209250e-02   224210
  1.042032e+01   5.751882e+00   3.058509e-03   1.251437e-02   214046
  1.043093e+01   5.774005e+00   3.059874e-03   1.276094e-02   204152
  1.044155e+01   5.834424e+00   3.062766e-03   1.320119e-02   194558
  1.045217e+01   5.841493e+00   3.062838e-03   1.353778e-02   185018
  1.046279e+01   5.888841e+00   3.066092e-03   1.403618e-02   175918
  1.047341e+01   5.909049e+00   3.068348e-03   1.443471e-02   166992
  1.048404e+01   5.977427e+00   3.070094e-03   1.505172e-02   158294
  1.049468e+01   6.051037e+00   3.071097e-03   1.568388e-02   149842
  1.050531e+01   6.042261e+00   3.068653e-03   1.602908e-02   141530
  1.051593e+01   6.041733e+00   3.060509e-03   1.656948e-02   133284
  1.052654e+01   6.134234e+00   3.057354e-03   1.738816e-02   125546
  1.053715e+01   6.205649e+00   3.051144e-03   1.812405e-02   117950
  1.054776e+01   6.210356e+00   3.048602e-03   1.858126e-02   110746
  1.055836e+01   6.261870e+00   3.039799e-03   1.929288e-02   103572
  1.056895e+01   6.294737e+00   3.036073e-03   2.028851e-02   96818
  1.057954e+01   6.396186e+00   3.031333e-03   2.117038e-02   90262
  1.059013e+01   6.446697e+00   3.027317e-03   2.214971e-02   83970
  1.060072e+01   6.449784e+00   3.019853e-03   2.323521e-02   77846
  1.061129e+01   6.439117e+00   3.012052e-03   2.433442e-02   71984
  1.062186e+01   6.475090e+00   3.005730e-03   2.505949e-02   66398
  1.063243e+01   6.638226e+00   3.000369e-03   2.688995e-02   61058
  1.064300e+01   6.563490e+00   2.995714e-03   2.762809e-02   55958
  1.065357e+01   6.673274e+00   2.990697e-03   2.950005e-02   51082
  1.066413e+01   6.675733e+00   2.981767e-03   3.086035e-02   46398
  1.067469e+01   6.795741e+00   2.970930e-03   3.303419e-02   41954
  1.068524e+01   6.771923e+00   2.955045e-03   3.481792e-02   37718
  1.069578e+01   6.802626e+00   2.938133e-03   3.734273e-02   33736
  1.070631e+01   6.899567e+00   2.922830e-03   3.959530e-02   30006
  1.071684e+01   6.997032e+00   2.912268e-03   4.311368e-02   26522
  1.072739e+01   7.018499e+00   2.905476e-03   4.574339e-02   23254
  1.073793e+01   7.081412e+00   2.895825e-03   5.005283e-02   20178
  1.074848e+01   7.185803e+00   2.890787e-03   5.356899e-02   17342
  1.075903e+01   7.034344e+00   2.886580e-03   5.735275e-02   14714
  1.076959e+01   7.213241e+00   2.887906e-03   6.483273e-02   12310
  1.078015e+01   7.490530e+00   2.880436e-03   7.584709e-02   10098
  1.079071e+01   7.411595e+00   2.879327e-03   8.073529e-02   8126
  1.080127e+01   7.432937e+00   2.877797e-03   9.411379e-02   6362
  1.081184e+01   7.322977e+00   2.888638e-03   1.060526e-01   4822
  1.082239e+01   7.935399e+00   2.872451e-03   1.388793e-01   3474
  1.083292e+01   7.232147e+00   2.869225e-03   1.558548e-01   2366
  1.084344e+01   7.078708e+00   2.860034e-03   1.883199e-01   1466
  1.085397e+01   7.977327e+00   2.925135e-03   2.962049e-01   790
  1.086426e+01   7.586481e+00   2.767211e-03   3.845157e-01   306
  1.087389e+01   1.014583e+01   2.357714e-03   1.223578e+00   62
