# cross spectrum of phi(z1) and phi(z2)
# redshift z=2.689654
# k              Pk             sigma(k)       sigma(Pk)      count
  7.830312e-03   2.709380e-10   1.198114e-03   6.099790e-11   18
  1.686348e-02   3.220005e-10   2.897918e-03   3.078215e-11   152
  2.725284e-02   1.920791e-10   3.060867e-03   8.980282e-12   416
  3.742835e-02   1.052223e-10   2.912555e-03   3.933749e-12   770
  4.808679e-02   6.623351e-11   3.119650e-03   1.940748e-12   1364
  5.876109e-02   4.327630e-11   3.054550e-03   9.832966e-13   1976
  6.939824e-02   3.305667e-11   3.112555e-03   6.316397e-13   2792
  7.984642e-02   2.397020e-11   2.971805e-03   4.139785e-13   3578
  9.038229e-02   1.729294e-11   3.049521e-03   2.579678e-13   4724
  1.011318e-01   1.266787e-11   3.134595e-03   1.688930e-13   6032
  1.117485e-01   9.909915e-12   3.016599e-03   1.211793e-13   7072
  1.222702e-01   8.249358e-12   3.056387e-03   9.151438e-14   8634
  1.329722e-01   6.999052e-12   3.095256e-03   7.060267e-14   10336
  1.436677e-01   5.606239e-12   3.082009e-03   5.147654e-14   11940
  1.541872e-01   4.438710e-12   3.021465e-03   3.988979e-14   13490
  1.647185e-01   3.619110e-12   3.054444e-03   2.930588e-14   15656
  1.754149e-01   3.040455e-12   3.102608e-03   2.358470e-14   18008
  1.860920e-01   2.670790e-12   3.069464e-03   1.966931e-14   19964
  1.966957e-01   2.312195e-12   3.066093e-03   1.605384e-14   22354
  2.072851e-01   1.952808e-12   3.030819e-03   1.308520e-14   24648
  2.179134e-01   1.652749e-12   3.083109e-03   1.046860e-14   27592
  2.285517e-01   1.409600e-12   3.075318e-03   8.503773e-15   30152
  2.391687e-01   1.232270e-12   3.069056e-03   7.200335e-15   33046
  2.497808e-01   1.111292e-12   3.053846e-03   6.331451e-15   35992
  2.604233e-01   9.853113e-13   3.074764e-03   5.352069e-15   39304
  2.710722e-01   8.827614e-13   3.082145e-03   4.606541e-15   42608
  2.817050e-01   7.547610e-13   3.058267e-03   3.905844e-15   45758
  2.923349e-01   6.649571e-13   3.072286e-03   3.318583e-15   49536
  3.029238e-01   5.951914e-13   3.039208e-03   2.932526e-15   52488
  3.135134e-01   5.355260e-13   3.084628e-03   2.538219e-15   57034
  3.241511e-01   4.719023e-13   3.061146e-03   2.172187e-15   60648
  3.347969e-01   4.302471e-13   3.076329e-03   1.945062e-15   65044
  3.454223e-01   3.898431e-13   3.057760e-03   1.706941e-15   68720
  3.560505e-01   3.471256e-13   3.078281e-03   1.489648e-15   73538
  3.667175e-01   3.120936e-13   3.076939e-03   1.313159e-15   78080
  3.773260e-01   2.857889e-13   3.039859e-03   1.189412e-15   81572
  3.879192e-01   2.569271e-13   3.081238e-03   1.053141e-15   87248
  3.985882e-01   2.326215e-13   3.084591e-03   9.379081e-16   92266
  4.092322e-01   2.127451e-13   3.063169e-03   8.467692e-16   96696
  4.198039e-01   1.928360e-13   3.037602e-03   7.637708e-16   100904
  4.303789e-01   1.749305e-13   3.065517e-03   6.858714e-16   107036
  4.410480e-01   1.597196e-13   3.089487e-03   6.108514e-16   113362
  4.517307e-01   1.456627e-13   3.072092e-03   5.557693e-16   118176
  4.623378e-01   1.343245e-13   3.054661e-03   5.111785e-16   122944
  4.729644e-01   1.235465e-13   3.083007e-03   4.593899e-16   129902
  4.836049e-01   1.112948e-13   3.061727e-03   4.156326e-16   134944
  4.942158e-01   1.025154e-13   3.064979e-03   3.809395e-16   140952
  5.048213e-01   9.354580e-14   3.064662e-03   3.487203e-16   147072
  5.154342e-01   8.646326e-14   3.060800e-03   3.183624e-16   153382
  5.260893e-01   7.887692e-14   3.082622e-03   2.908022e-16   160952
  5.367508e-01   7.256432e-14   3.070294e-03   2.671244e-16   166640
  5.473579e-01   6.690050e-14   3.057153e-03   2.474486e-16   172448
  5.579787e-01   6.164849e-14   3.077577e-03   2.254615e-16   180594
  5.686178e-01   5.688605e-14   3.060710e-03   2.097394e-16   186556
  5.792219e-01   5.232865e-14   3.063394e-03   1.949822e-16   193528
  5.898242e-01   4.849686e-14   3.060684e-03   1.810408e-16   200626
  6.004609e-01   4.419427e-14   3.076604e-03   1.662530e-16   209256
  6.111150e-01   4.110809e-14   3.069663e-03   1.544069e-16   216020
  6.217510e-01   3.820268e-14   3.075746e-03   1.441536e-16   223768
  6.323610e-01   3.493197e-14   3.055783e-03   1.342305e-16   230234
  6.429887e-01   3.228482e-14   3.074922e-03   1.247186e-16   239800
  6.536248e-01   2.949946e-14   3.063054e-03   1.158985e-16   246568
  6.642393e-01   2.772636e-14   3.068328e-03   1.085622e-16   254828
  6.748534e-01   2.554413e-14   3.064424e-03   1.010589e-16   263074
  6.854951e-01   2.372988e-14   3.071509e-03   9.467906e-17   272312
  6.961385e-01   2.175712e-14   3.070197e-03   8.881525e-17   280376
  7.067732e-01   1.997186e-14   3.071500e-03   8.323661e-17   288884
  7.174012e-01   1.843098e-14   3.068501e-03   7.802208e-17   297602
  7.280177e-01   1.715727e-14   3.057614e-03   7.366995e-17   305520
  7.386402e-01   1.589244e-14   3.075198e-03   6.884012e-17   315976
  7.492461e-01   1.462794e-14   3.052723e-03   6.518271e-17   322778
  7.598720e-01   1.366179e-14   3.080021e-03   6.160740e-17   335372
  7.705286e-01   1.255821e-14   3.068318e-03   5.790235e-17   343464
  7.811635e-01   1.157820e-14   3.070705e-03   5.431928e-17   352912
  7.917934e-01   1.069022e-14   3.070498e-03   5.161594e-17   362666
  8.024224e-01   9.959038e-15   3.063690e-03   4.901874e-17   371884
  8.130465e-01   9.184741e-15   3.069929e-03   4.640204e-17   382280
  8.236583e-01   8.629652e-15   3.060755e-03   4.408402e-17   390888
  8.342648e-01   7.826236e-15   3.067168e-03   4.147532e-17   402234
  8.448912e-01   7.126020e-15   3.064832e-03   3.933721e-17   412576
  8.555263e-01   6.773553e-15   3.071788e-03   3.729494e-17   423732
  8.661590e-01   6.261295e-15   3.068142e-03   3.557580e-17   433624
  8.767950e-01   5.681425e-15   3.072203e-03   3.379086e-17   445154
  8.874347e-01   5.279078e-15   3.069139e-03   3.219512e-17   455584
  8.980596e-01   4.889981e-15   3.064716e-03   3.059670e-17   465588
  9.086714e-01   4.508097e-15   3.065163e-03   2.911599e-17   476762
  9.193048e-01   4.191649e-15   3.073106e-03   2.782172e-17   489552
  9.299472e-01   3.830351e-15   3.069632e-03   2.647956e-17   500328
  9.405628e-01   3.592044e-15   3.059261e-03   2.542715e-17   509852
  9.511854e-01   3.257397e-15   3.074339e-03   2.416830e-17   524234
  9.618189e-01   3.076588e-15   3.061952e-03   2.314328e-17   534104
  9.724448e-01   2.766739e-15   3.070528e-03   2.208056e-17   547048
  9.830800e-01   2.588173e-15   3.073862e-03   2.117377e-17   559328
  9.937180e-01   2.379144e-15   3.070866e-03   2.025483e-17   571326
  1.004339e+00   2.144326e-15   3.060367e-03   1.944753e-17   581920
  1.014951e+00   1.976603e-15   3.064588e-03   1.857101e-17   594832
  1.025571e+00   1.871732e-15   3.068054e-03   1.779717e-17   608048
  1.036206e+00   1.730591e-15   3.070252e-03   1.700538e-17   621526
  1.046839e+00   1.584411e-15   3.066112e-03   1.638278e-17   633240
  1.057456e+00   1.423066e-15   3.064953e-03   1.576429e-17   645472
  1.068086e+00   1.375302e-15   3.075342e-03   1.513254e-17   660906
  1.078726e+00   1.206547e-15   3.067576e-03   1.454605e-17   672856
  1.089356e+00   1.125376e-15   3.067094e-03   1.392228e-17   685980
  1.099980e+00   1.043300e-15   3.067978e-03   1.339899e-17   699256
  1.110619e+00   9.176332e-16   3.074976e-03   1.288189e-17   714730
  1.121246e+00   8.613374e-16   3.059348e-03   1.241935e-17   725152
  1.131863e+00   7.963681e-16   3.067634e-03   1.194579e-17   740420
  1.142485e+00   7.326605e-16   3.069089e-03   1.147524e-17   754312
  1.153114e+00   6.645193e-16   3.069897e-03   1.108689e-17   769114
  1.163749e+00   6.107183e-16   3.069209e-03   1.069476e-17   783488
  1.174365e+00   5.752106e-16   3.058900e-03   1.030826e-17   794968
  1.184981e+00   5.306865e-16   3.070107e-03   9.955730e-18   812366
  1.195609e+00   4.833197e-16   3.065134e-03   9.572676e-18   825976
  1.206250e+00   4.511948e-16   3.075220e-03   9.219391e-18   843352
  1.216898e+00   4.054971e-16   3.073224e-03   8.921418e-18   857280
  1.227524e+00   3.672111e-16   3.063189e-03   8.604915e-18   869542
  1.238147e+00   3.340927e-16   3.070752e-03   8.341846e-18   887128
  1.248772e+00   2.997125e-16   3.063166e-03   8.024807e-18   900032
  1.259388e+00   2.777722e-16   3.067377e-03   7.762908e-18   916560
  1.270005e+00   2.550585e-16   3.061783e-03   7.494483e-18   930922
  1.280635e+00   2.387070e-16   3.071795e-03   7.258968e-18   949844
  1.291287e+00   1.993441e-16   3.076939e-03   6.999573e-18   966736
  1.301925e+00   1.887819e-16   3.065819e-03   6.795216e-18   978776
  1.312537e+00   1.735241e-16   3.064137e-03   6.587615e-18   994522
  1.323161e+00   1.557153e-16   3.068907e-03   6.348251e-18   1012420
  1.333794e+00   1.548649e-16   3.071598e-03   6.164501e-18   1029408
  1.344410e+00   1.532735e-16   3.058405e-03   5.975035e-18   1041658
  1.355032e+00   1.337933e-16   3.072381e-03   5.776296e-18   1063520
  1.365659e+00   1.303142e-16   3.060689e-03   5.606267e-18   1075808
  1.376294e+00   1.085685e-16   3.080019e-03   5.426402e-18   1098956
  1.386928e+00   1.018990e-16   3.061670e-03   5.262694e-18   1109810
  1.397545e+00   9.982153e-17   3.065288e-03   5.092358e-18   1128608
  1.408178e+00   9.393462e-17   3.073589e-03   4.956079e-18   1148264
  1.418813e+00   9.124497e-17   3.067917e-03   4.807185e-18   1163252
  1.429436e+00   6.936224e-17   3.067070e-03   4.658457e-18   1181042
  1.440060e+00   7.554170e-17   3.064325e-03   4.517245e-18   1197848
  1.450692e+00   6.055076e-17   3.073737e-03   4.375985e-18   1218848
  1.461323e+00   5.715869e-17   3.064859e-03   4.263526e-18   1232916
  1.471945e+00   5.856439e-17   3.068844e-03   4.134520e-18   1253002
  1.482566e+00   6.863734e-17   3.062284e-03   4.014711e-18   1268576
  1.493191e+00   5.513024e-17   3.071552e-03   3.895935e-18   1290128
  1.503822e+00   4.907395e-17   3.068342e-03   3.798614e-18   1307402
  1.514455e+00   5.378193e-17   3.069122e-03   3.689432e-18   1327028
  1.525083e+00   5.522888e-17   3.064970e-03   3.582764e-18   1343648
  1.535711e+00   4.344612e-17   3.070217e-03   3.490639e-18   1364096
  1.546341e+00   3.481819e-17   3.068950e-03   3.390942e-18   1382730
  1.556974e+00   4.532984e-17   3.068757e-03   3.298603e-18   1402164
  1.567604e+00   4.077031e-17   3.068159e-03   3.208987e-18   1420464
  1.578221e+00   3.833788e-17   3.063798e-03   3.119168e-18   1437368
  1.588847e+00   3.929631e-17   3.072142e-03   3.037511e-18   1461530
  1.599480e+00   2.991821e-17   3.065069e-03   2.956492e-18   1478264
  1.610108e+00   3.269492e-17   3.068902e-03   2.883465e-18   1499356
  1.620732e+00   3.252184e-17   3.065238e-03   2.802961e-18   1517016
  1.631360e+00   3.403966e-17   3.070849e-03   2.733579e-18   1540090
  1.641988e+00   3.998894e-17   3.065366e-03   2.663537e-18   1557360
  1.652609e+00   3.673878e-17   3.066926e-03   2.591690e-18   1577780
  1.663242e+00   2.975547e-17   3.075107e-03   2.524016e-18   1602578
  1.673875e+00   2.707159e-17   3.063542e-03   2.465516e-18   1617672
  1.684498e+00   2.921965e-17   3.069033e-03   2.401746e-18   1641016
  1.695122e+00   2.764598e-17   3.065080e-03   2.341374e-18   1659416
  1.705746e+00   2.896240e-17   3.068431e-03   2.283549e-18   1682670
  1.716382e+00   2.571819e-17   3.070690e-03   2.218979e-18   1705256
  1.727024e+00   2.681677e-17   3.071890e-03   2.166115e-18   1726312
  1.737645e+00   2.384217e-17   3.062639e-03   2.116524e-18   1741880
  1.748261e+00   2.291662e-17   3.067156e-03   2.066867e-18   1766454
  1.758897e+00   2.514310e-17   3.073105e-03   2.014555e-18   1791784
  1.769528e+00   2.348329e-17   3.063894e-03   1.970503e-18   1807712
  1.780139e+00   2.573797e-17   3.062775e-03   1.923015e-18   1829002
  1.790759e+00   2.564574e-17   3.067263e-03   1.873399e-18   1854216
  1.801400e+00   2.836171e-17   3.074631e-03   1.828007e-18   1880156
  1.812037e+00   2.367754e-17   3.068349e-03   1.784314e-18   1897568
  1.822663e+00   2.435692e-17   3.068475e-03   1.746721e-18   1920458
  1.833288e+00   1.960645e-17   3.065997e-03   1.698629e-18   1942208
  1.843915e+00   2.467174e-17   3.067813e-03   1.665054e-18   1965612
  1.854544e+00   2.135014e-17   3.069639e-03   1.625387e-18   1989000
  1.865168e+00   2.293203e-17   3.064465e-03   1.589075e-18   2009114
  1.875791e+00   1.972952e-17   3.067400e-03   1.554700e-18   2034464
  1.886424e+00   1.927758e-17   3.070174e-03   1.517619e-18   2058476
  1.897052e+00   1.883874e-17   3.068039e-03   1.481257e-18   2079648
  1.907673e+00   1.606636e-17   3.065891e-03   1.449014e-18   2102578
  1.918306e+00   2.113896e-17   3.070742e-03   1.416021e-18   2129928
  1.928942e+00   2.390338e-17   3.069733e-03   1.386850e-18   2152096
  1.939563e+00   1.993854e-17   3.062858e-03   1.357791e-18   2171142
  1.950185e+00   1.740126e-17   3.069150e-03   1.326495e-18   2200248
  1.960824e+00   1.702626e-17   3.071017e-03   1.296445e-18   2225216
  1.971460e+00   1.635807e-17   3.070942e-03   1.268310e-18   2248448
  1.982084e+00   1.619509e-17   3.064272e-03   1.241975e-18   2267942
  1.992710e+00   1.568485e-17   3.071051e-03   1.213219e-18   2298072
  2.003337e+00   1.483177e-17   3.064068e-03   1.190623e-18   2317272
  2.013961e+00   1.561474e-17   3.069747e-03   1.163654e-18   2345808
  2.024580e+00   1.560442e-17   3.062469e-03   1.138642e-18   2365650
  2.035206e+00   1.329669e-17   3.069930e-03   1.112271e-18   2396940
  2.045842e+00   1.190940e-17   3.069936e-03   1.091231e-18   2421272
  2.056473e+00   1.054967e-17   3.068399e-03   1.069369e-18   2444576
  2.067102e+00   1.212079e-17   3.069748e-03   1.046522e-18   2471490
  2.077728e+00   1.396797e-17   3.064854e-03   1.025388e-18   2493180
  2.088349e+00   1.006374e-17   3.068019e-03   1.003116e-18   2520952
  2.098972e+00   1.169892e-17   3.065319e-03   9.829765e-19   2544946
  2.109598e+00   8.325253e-18   3.068311e-03   9.634043e-19   2573856
  2.120230e+00   1.006369e-17   3.069026e-03   9.435938e-19   2600016
  2.130862e+00   9.008622e-18   3.069102e-03   9.243840e-19   2625484
  2.141490e+00   1.048493e-17   3.068080e-03   9.054452e-19   2651122
  2.152130e+00   6.066720e-18   3.074348e-03   8.858286e-19   2683488
  2.162754e+00   8.847882e-18   3.059466e-03   8.711989e-19   2696352
  2.173371e+00   8.807679e-18   3.071171e-03   8.529842e-19   2733020
  2.184002e+00   6.687765e-18   3.067530e-03   8.358760e-19   2757378
  2.194631e+00   6.772523e-18   3.067942e-03   8.201229e-19   2784864
  2.205259e+00   4.798299e-18   3.067811e-03   8.047178e-19   2811168
  2.215874e+00   2.779769e-18   3.061061e-03   7.890618e-19   2832274
  2.226505e+00   2.946159e-18   3.075611e-03   7.713801e-19   2873636
  2.237142e+00   2.394541e-18   3.064877e-03   7.579645e-19   2890496
  2.247766e+00   2.139656e-18   3.069851e-03   7.430389e-19   2921800
  2.258399e+00   3.997074e-18   3.071101e-03   7.283602e-19   2951298
  2.269032e+00   4.050438e-18   3.066274e-03   7.162751e-19   2975476
  2.279663e+00   2.474589e-18   3.071375e-03   7.013803e-19   3007728
  2.290285e+00   1.642076e-18   3.061886e-03   6.890288e-19   3025776
  2.300910e+00   2.725485e-18   3.072955e-03   6.754493e-19   3065762
  2.311540e+00   2.144637e-18   3.063208e-03   6.635921e-19   3084856
  2.322162e+00   6.985874e-19   3.068985e-03   6.504450e-19   3118044
  2.332782e+00   2.701724e-18   3.064319e-03   6.391008e-19   3141352
  2.343410e+00   5.241285e-19   3.072036e-03   6.273152e-19   3179274
  2.354046e+00   3.048084e-19   3.067682e-03   6.156234e-19   3204120
  2.364668e+00   -6.655683e-19   3.063610e-03   6.045705e-19   3227900
  2.375288e+00   -5.924380e-19   3.068722e-03   5.933224e-19   3262394
  2.385925e+00   -3.888940e-19   3.071814e-03   5.827733e-19   3295680
  2.396559e+00   -2.017065e-18   3.067166e-03   5.719161e-19   3319560
  2.407184e+00   -1.805439e-18   3.068070e-03   5.613495e-19   3348972
  2.417810e+00   -5.325732e-19   3.068540e-03   5.515803e-19   3379722
  2.428441e+00   -1.972983e-18   3.068348e-03   5.417317e-19   3410720
  2.439075e+00   -2.028248e-18   3.069517e-03   5.321023e-19   3441504
  2.449697e+00   -1.168747e-18   3.063301e-03   5.237196e-19   3463624
  2.460317e+00   -1.590580e-18   3.068043e-03   5.135777e-19   3499790
  2.470951e+00   -1.604397e-18   3.070702e-03   5.045964e-19   3533560
  2.481588e+00   -1.600886e-18   3.069830e-03   4.954136e-19   3561920
  2.492209e+00   -2.112301e-18   3.064208e-03   4.866983e-19   3585208
  2.502830e+00   -1.595898e-18   3.069185e-03   4.780888e-19   3622518
  2.513468e+00   -1.612699e-18   3.072344e-03   4.703454e-19   3657584
  2.524094e+00   -2.368358e-18   3.062507e-03   4.626730e-19   3676440
  2.534707e+00   -2.586613e-18   3.065232e-03   4.544477e-19   3711282
  2.545334e+00   -2.184092e-18   3.068763e-03   4.465254e-19   3747696
  2.555965e+00   -1.568941e-18   3.067225e-03   4.393134e-19   3776188
  2.566601e+00   -1.171863e-18   3.074483e-03   4.319347e-19   3815304
  2.577232e+00   -3.158293e-18   3.064660e-03   4.237936e-19   3835370
  2.587856e+00   -2.347843e-18   3.068926e-03   4.175785e-19   3873424
  2.598487e+00   -1.872239e-18   3.067978e-03   4.103040e-19   3903420
  2.609117e+00   -1.237365e-18   3.070036e-03   4.031854e-19   3937624
  2.619745e+00   -2.969098e-18   3.066011e-03   3.964163e-19   3965658
  2.630375e+00   -1.659438e-18   3.069802e-03   3.903037e-19   4002984
  2.641001e+00   -3.492293e-18   3.065136e-03   3.836174e-19   4027928
  2.651616e+00   -1.965453e-18   3.064941e-03   3.769269e-19   4059844
  2.662241e+00   -2.649818e-18   3.069945e-03   3.711378e-19   4100338
  2.672876e+00   -2.287323e-18   3.069128e-03   3.648337e-19   4132264
  2.683506e+00   -2.441568e-18   3.068474e-03   3.589162e-19   4163216
  2.694131e+00   -2.124117e-18   3.066146e-03   3.532915e-19   4193350
  2.704761e+00   -2.963910e-18   3.071068e-03   3.473766e-19   4234456
  2.715390e+00   -2.135411e-18   3.064079e-03   3.421486e-19   4257264
  2.726012e+00   -1.784016e-18   3.069774e-03   3.362358e-19   4297352
  2.736640e+00   -3.187722e-18   3.067495e-03   3.310445e-19   4328642
  2.747272e+00   -2.335435e-18   3.070663e-03   3.259425e-19   4367948
  2.757895e+00   -2.519959e-18   3.061799e-03   3.209338e-19   4388384
  2.768519e+00   -2.207864e-18   3.072247e-03   3.148455e-19   4436648
  2.779154e+00   -2.295480e-18   3.067997e-03   3.104147e-19   4465658
  2.789787e+00   -1.406952e-18   3.069677e-03   3.053002e-19   4502948
  2.800413e+00   -1.986246e-18   3.064787e-03   3.004754e-19   4528880
  2.811033e+00   -1.241167e-18   3.067181e-03   2.962166e-19   4566290
  2.821663e+00   -2.178484e-18   3.070655e-03   2.912258e-19   4606856
  2.832293e+00   -1.377645e-18   3.066552e-03   2.869209e-19   4635380
  2.842916e+00   -1.065655e-18   3.067131e-03   2.826055e-19   4670384
  2.853543e+00   -1.815536e-18   3.069161e-03   2.782270e-19   4709258
  2.864179e+00   -6.883970e-19   3.070324e-03   2.736818e-19   4747352
  2.874805e+00   -8.319467e-19   3.063655e-03   2.697733e-19   4771664
  2.885427e+00   -1.795628e-18   3.068600e-03   2.655974e-19   4813532
  2.896058e+00   -8.627261e-19   3.070437e-03   2.616521e-19   4852322
  2.906693e+00   -1.822255e-18   3.069013e-03   2.575905e-19   4886480
  2.917320e+00   -1.021315e-18   3.066289e-03   2.535890e-19   4917248
  2.927939e+00   -1.176308e-18   3.065099e-03   2.501484e-19   4950828
  2.938569e+00   -9.046617e-19   3.072788e-03   2.463028e-19   5000170
  2.949204e+00   -7.655381e-19   3.066857e-03   2.422687e-19   5026952
  2.959825e+00   -8.360741e-19   3.064676e-03   2.390184e-19   5058752
  2.970445e+00   -6.304144e-19   3.067741e-03   2.354050e-19   5100722
  2.981076e+00   -1.727039e-19   3.068979e-03   2.317032e-19   5140124
  2.991706e+00   -6.750578e-19   3.067937e-03   2.285682e-19   5174072
  3.002335e+00   -7.265840e-19   3.068928e-03   2.251679e-19   5211608
  3.012962e+00   2.100067e-20   3.067917e-03   2.217931e-19   5247794
  3.023589e+00   -5.211533e-19   3.066908e-03   2.184648e-19   5284196
  3.034222e+00   -1.418389e-19   3.071657e-03   2.155352e-19   5328800
  3.044847e+00   -3.879939e-19   3.063109e-03   2.127009e-19   5350872
  3.055470e+00   3.483536e-19   3.069608e-03   2.091459e-19   5400634
  3.066097e+00   1.644772e-20   3.065291e-03   2.062208e-19   5430968
  3.076725e+00   -4.451078e-19   3.070185e-03   2.030655e-19   5475908
  3.087355e+00   5.086021e-20   3.068352e-03   2.004192e-19   5510016
  3.097986e+00   6.734241e-20   3.069695e-03   1.975289e-19   5552114
  3.108620e+00   3.006636e-19   3.068841e-03   1.946148e-19   5588944
  3.119249e+00   5.993277e-19   3.067703e-03   1.916931e-19   5623828
  3.129873e+00   4.919598e-19   3.066629e-03   1.892432e-19   5660722
  3.140497e+00   4.192412e-19   3.066422e-03   1.865545e-19   5699896
  3.151124e+00   4.265443e-19   3.068968e-03   1.838743e-19   5741936
  3.161754e+00   8.203457e-19   3.069010e-03   1.813786e-19   5779568
  3.172381e+00   6.069279e-19   3.067639e-03   1.787122e-19   5817222
  3.183006e+00   1.167999e-18   3.066013e-03   1.765252e-19   5854600
  3.193635e+00   5.682428e-19   3.069791e-03   1.736770e-19   5900040
  3.204262e+00   8.708865e-19   3.066501e-03   1.714232e-19   5931976
  3.214890e+00   6.270490e-19   3.070101e-03   1.689045e-19   5979390
  3.225518e+00   5.683982e-19   3.065321e-03   1.667398e-19   6010200
  3.236144e+00   8.084239e-19   3.069327e-03   1.643187e-19   6056496
  3.246769e+00   7.276332e-19   3.066211e-03   1.622389e-19   6089504
  3.257396e+00   1.035094e-18   3.069391e-03   1.599854e-19   6137114
  3.268025e+00   7.924014e-19   3.067201e-03   1.578586e-19   6173332
  3.278652e+00   1.287356e-18   3.067882e-03   1.556370e-19   6214128
  3.289279e+00   8.979228e-19   3.067306e-03   1.534700e-19   6253874
  3.299910e+00   1.152631e-18   3.069629e-03   1.516379e-19   6300104
  3.310539e+00   1.359094e-18   3.066365e-03   1.494882e-19   6332612
  3.321166e+00   1.086432e-18   3.070240e-03   1.474226e-19   6379768
  3.331797e+00   8.962818e-19   3.068597e-03   1.453941e-19   6418218
  3.342427e+00   1.231508e-18   3.068360e-03   1.436190e-19   6459880
  3.353052e+00   1.173001e-18   3.066116e-03   1.415857e-19   6495652
  3.363680e+00   1.006435e-18   3.070231e-03   1.397665e-19   6545296
  3.374311e+00   1.340708e-18   3.067227e-03   1.377980e-19   6581570
  3.384935e+00   1.046431e-18   3.065246e-03   1.361310e-19   6618960
  3.395556e+00   1.296489e-18   3.067158e-03   1.343145e-19   6663352
  3.406178e+00   1.129526e-18   3.065376e-03   1.324380e-19   6701334
  3.416809e+00   1.001945e-18   3.072512e-03   1.307618e-19   6759920
  3.427444e+00   1.115320e-18   3.067179e-03   1.291475e-19   6789696
  3.438073e+00   9.162433e-19   3.069955e-03   1.274208e-19   6837208
  3.448703e+00   1.127717e-18   3.067492e-03   1.256974e-19   6874966
  3.459333e+00   1.275545e-18   3.068613e-03   1.240928e-19   6920864
  3.469960e+00   1.330562e-18   3.066758e-03   1.225458e-19   6957816
  3.480585e+00   8.464632e-19   3.068144e-03   1.210596e-19   7002232
  3.491208e+00   8.538870e-19   3.066540e-03   1.194882e-19   7043114
  3.501840e+00   1.283487e-18   3.070403e-03   1.177482e-19   7096020
  3.512471e+00   7.097206e-19   3.067394e-03   1.164178e-19   7130640
  3.523097e+00   1.049949e-18   3.068276e-03   1.148336e-19   7175472
  3.533723e+00   1.139804e-18   3.067248e-03   1.134895e-19   7217786
  3.544353e+00   1.158949e-18   3.068999e-03   1.119792e-19   7265564
  3.554979e+00   1.170886e-18   3.066319e-03   1.107664e-19   7301288
  3.565600e+00   1.166894e-18   3.066375e-03   1.092328e-19   7345330
  3.576227e+00   8.425710e-19   3.069052e-03   1.077692e-19   7397048
  3.586856e+00   1.001878e-18   3.067039e-03   1.064786e-19   7435920
  3.597485e+00   8.397965e-19   3.069220e-03   1.052475e-19   7484140
  3.608113e+00   9.367667e-19   3.067643e-03   1.038722e-19   7525578
  3.618741e+00   9.165457e-19   3.067518e-03   1.026341e-19   7571376
  3.629371e+00   9.435730e-19   3.068480e-03   1.012588e-19   7617064
  3.640002e+00   9.403443e-19   3.069456e-03   9.995082e-20   7662092
  3.650627e+00   7.945053e-19   3.066324e-03   9.876661e-20   7699658
  3.661254e+00   5.046240e-19   3.068945e-03   9.754807e-20   7752416
  3.671886e+00   1.091972e-18   3.069408e-03   9.644438e-20   7797776
  3.682511e+00   8.828768e-19   3.065176e-03   9.530891e-20   7831720
  3.693136e+00   8.611015e-19   3.069723e-03   9.402873e-20   7889926
  3.703768e+00   7.064692e-19   3.067981e-03   9.294735e-20   7931480
  3.714397e+00   8.217975e-19   3.068251e-03   9.174234e-20   7976688
  3.725016e+00   7.431579e-19   3.062621e-03   9.070389e-20   8007786
  3.735639e+00   7.686127e-19   3.070332e-03   8.959151e-20   8074564
  3.746275e+00   5.751988e-19   3.070085e-03   8.848178e-20   8118904
  3.756904e+00   4.481905e-19   3.066957e-03   8.746868e-20   8155824
  3.767533e+00   5.417856e-19   3.070641e-03   8.644939e-20   8212802
  3.778161e+00   6.607834e-19   3.065118e-03   8.542093e-20   8245268
  3.788791e+00   5.109622e-19   3.071754e-03   8.431810e-20   8308816
  3.799422e+00   6.901846e-19   3.066301e-03   8.332004e-20   8340304
  3.810044e+00   4.351086e-19   3.066222e-03   8.240480e-20   8387738
  3.820668e+00   5.312761e-19   3.067207e-03   8.146516e-20   8437624
  3.831296e+00   5.419319e-19   3.068826e-03   8.048066e-20   8487796
  3.841921e+00   3.108256e-19   3.066430e-03   7.950770e-20   8527936
  3.852549e+00   4.836712e-19   3.069409e-03   7.858403e-20   8585122
  3.863180e+00   4.045805e-19   3.067925e-03   7.763354e-20   8628200
  3.873811e+00   3.510759e-19   3.069670e-03   7.670917e-20   8679484
  3.884439e+00   4.253468e-19   3.067320e-03   7.584212e-20   8721466
  3.895064e+00   2.669612e-19   3.065795e-03   7.495684e-20   8765840
  3.905692e+00   5.536402e-19   3.070355e-03   7.404422e-20   8825136
  3.916320e+00   4.732234e-19   3.066753e-03   7.325449e-20   8861768
  3.926948e+00   2.395899e-19   3.069321e-03   7.242792e-20   8919278
  3.937577e+00   2.458594e-19   3.066595e-03   7.157006e-20   8961008
  3.948205e+00   2.598331e-19   3.068779e-03   7.079698e-20   9014456
  3.958835e+00   1.215618e-19   3.068818e-03   6.994924e-20   9062240
  3.969465e+00   2.135011e-19   3.068277e-03   6.919992e-20   9110510
  3.980091e+00   1.923593e-19   3.066455e-03   6.839309e-20   9154048
  3.990712e+00   1.149118e-19   3.065703e-03   6.763114e-20   9198928
  4.001336e+00   2.453506e-19   3.068826e-03   6.675170e-20   9257194
  4.011967e+00   3.921066e-20   3.069362e-03   6.604615e-20   9310168
  4.022596e+00   3.984510e-19   3.066324e-03   6.533546e-20   9350316
  4.033222e+00   1.631241e-19   3.069210e-03   6.453353e-20   9407120
  4.043852e+00   1.132767e-19   3.068250e-03   6.386534e-20   9454642
  4.054482e+00   -7.506523e-20   3.068405e-03   6.313947e-20   9506272
  4.065111e+00   -2.632381e-20   3.067355e-03   6.246646e-20   9551228
  4.075735e+00   5.751131e-20   3.067594e-03   6.183934e-20   9600264
  4.086360e+00   1.223487e-19   3.067530e-03   6.107841e-20   9651458
  4.096991e+00   5.484739e-20   3.070122e-03   6.039526e-20   9711488
  4.107620e+00   9.136362e-20   3.066189e-03   5.981053e-20   9749144
  4.118247e+00   6.196628e-21   3.069033e-03   5.904472e-20   9807908
  4.128876e+00   8.403459e-21   3.067607e-03   5.839240e-20   9854786
  4.139508e+00   -6.585479e-20   3.070269e-03   5.775419e-20   9914304
  4.150134e+00   9.843134e-20   3.064668e-03   5.717946e-20   9945544
  4.160753e+00   -1.357425e-19   3.066794e-03   5.652921e-20   10003414
  4.171379e+00   -7.475441e-20   3.068671e-03   5.591428e-20   10062032
  4.182011e+00   -9.268982e-21   3.069142e-03   5.534807e-20   10114792
  4.192645e+00   -8.052483e-21   3.070449e-03   5.475612e-20   10169936
  4.203267e+00   -1.090228e-19   3.062650e-03   5.416269e-20   10196602
  4.213895e+00   -2.344433e-19   3.072265e-03   5.357499e-20   10281156
  4.224526e+00   -9.191565e-20   3.065688e-03   5.305302e-20   10309376
  4.235150e+00   -6.697081e-20   3.068567e-03   5.238529e-20   10369856
  4.245775e+00   -7.045548e-20   3.066063e-03   5.186564e-20   10415370
  4.256404e+00   -1.497705e-20   3.070045e-03   5.128415e-20   10481988
  4.267039e+00   -4.093759e-20   3.069556e-03   5.069766e-20   10531200
  4.277665e+00   -1.476986e-19   3.065408e-03   5.025990e-20   10569416
  4.288289e+00   -7.940414e-20   3.068216e-03   4.968577e-20   10633066
  4.298919e+00   -5.492141e-20   3.068866e-03   4.923815e-20   10687548
  4.309552e+00   -6.820297e-20   3.070419e-03   4.860270e-20   10743968
  4.320180e+00   -1.473410e-19   3.065849e-03   4.813875e-20   10782130
  4.330801e+00   -1.493626e-19   3.066095e-03   4.768584e-20   10837792
  4.341427e+00   -1.671210e-19   3.068321e-03   4.710712e-20   10897368
  4.352058e+00   -1.045024e-19   3.069642e-03   4.665743e-20   10953940
  4.362687e+00   6.906054e-20   3.067969e-03   4.617268e-20   11003274
  4.373313e+00   -9.080809e-20   3.066343e-03   4.574557e-20   11052800
  4.383943e+00   -1.276287e-19   3.070099e-03   4.526183e-20   11118176
  4.394573e+00   -1.036981e-19   3.067934e-03   4.475980e-20   11162268
  4.405196e+00   7.403065e-20   3.066117e-03   4.429827e-20   11211458
  4.415820e+00   -1.014515e-19   3.067310e-03   4.385587e-20   11271888
  4.426448e+00   -8.104242e-20   3.068640e-03   4.338483e-20   11329304
  4.437073e+00   -1.290872e-19   3.066385e-03   4.295879e-20   11375026
  4.447701e+00   -2.751917e-20   3.069261e-03   4.253534e-20   11442532
  4.458330e+00   1.477027e-20   3.066551e-03   4.212523e-20   11487264
  4.468957e+00   -9.523102e-20   3.068098e-03   4.168514e-20   11545680
  4.479587e+00   -1.039948e-19   3.069842e-03   4.123945e-20   11607058
  4.490221e+00   -5.707154e-20   3.069925e-03   4.077602e-20   11664300
  4.500851e+00   -9.900754e-20   3.066963e-03   4.045249e-20   11707488
  4.511474e+00   -1.005055e-20   3.066617e-03   4.005205e-20   11759536
  4.522104e+00   -6.698542e-21   3.071176e-03   3.961021e-20   11833690
  4.532737e+00   -1.404960e-20   3.067542e-03   3.926712e-20   11877808
  4.543362e+00   1.670717e-20   3.065778e-03   3.884395e-20   11925836
  4.553987e+00   -7.666492e-20   3.068899e-03   3.844765e-20   11992168
  4.564616e+00   -3.122208e-20   3.067784e-03   3.812255e-20   12044554
  4.575242e+00   -5.973875e-20   3.067168e-03   3.771220e-20   12098976
  4.585865e+00   -1.905018e-20   3.066173e-03   3.737803e-20   12149996
  4.596487e+00   1.028532e-20   3.067038e-03   3.697610e-20   12209594
  4.607117e+00   -5.875999e-20   3.069983e-03   3.663010e-20   12279272
  4.617752e+00   9.057096e-21   3.070004e-03   3.625995e-20   12336072
  4.628383e+00   8.926306e-21   3.067416e-03   3.590846e-20   12381744
  4.639009e+00   3.792331e-21   3.068068e-03   3.557851e-20   12441590
  4.649637e+00   -4.315441e-20   3.067557e-03   3.525042e-20   12497256
  4.660262e+00   5.422215e-20   3.066825e-03   3.490448e-20   12550032
  4.670884e+00   2.198908e-20   3.066185e-03   3.454771e-20   12603936
  4.681508e+00   1.169817e-19   3.068111e-03   3.426835e-20   12671230
  4.692142e+00   4.516579e-20   3.070828e-03   3.389897e-20   12740920
  4.702775e+00   3.156220e-20   3.067767e-03   3.357732e-20   12784560
  4.713398e+00   -6.051266e-20   3.065894e-03   3.326456e-20   12834176
  4.724025e+00   1.293118e-20   3.069663e-03   3.294005e-20   12909006
  4.734656e+00   1.261278e-19   3.068089e-03   3.265480e-20   12959680
  4.745283e+00   9.998216e-20   3.067551e-03   3.233680e-20   13014232
  4.755909e+00   1.160762e-19   3.068154e-03   3.203698e-20   13076514
  4.766534e+00   5.451195e-20   3.065684e-03   3.176772e-20   13127112
  4.777164e+00   8.614574e-20   3.070665e-03   3.137998e-20   13205852
  4.787797e+00   9.655162e-20   3.068206e-03   3.114686e-20   13252032
  4.798423e+00   8.820810e-20   3.066967e-03   3.087672e-20   13307450
  4.809051e+00   1.404359e-19   3.068506e-03   3.058372e-20   13374160
  4.819680e+00   4.007118e-20   3.067567e-03   3.034156e-20   13426348
  4.830308e+00   5.454615e-21   3.069633e-03   3.000263e-20   13492760
  4.840934e+00   3.838417e-20   3.066142e-03   2.973833e-20   13539546
  4.851560e+00   5.976407e-20   3.068338e-03   2.948580e-20   13610704
  4.862187e+00   1.499032e-19   3.066835e-03   2.922617e-20   13662024
  4.872813e+00   9.172782e-20   3.068248e-03   2.894674e-20   13727492
  4.883443e+00   1.474419e-19   3.069111e-03   2.868382e-20   13793394
  4.894073e+00   1.498803e-19   3.067154e-03   2.845255e-20   13844456
  4.904699e+00   1.147533e-19   3.067927e-03   2.819785e-20   13905184
  4.915325e+00   2.049038e-19   3.067971e-03   2.791283e-20   13965958
  4.925951e+00   1.745160e-19   3.067148e-03   2.767325e-20   14025192
  4.936580e+00   1.681080e-19   3.068951e-03   2.743579e-20   14093768
  4.947211e+00   8.831681e-20   3.068454e-03   2.718251e-20   14150440
  4.957840e+00   1.646965e-19   3.068630e-03   2.693758e-20   14213450
  4.968468e+00   1.262682e-19   3.066726e-03   2.673205e-20   14267036
  4.979095e+00   1.933458e-19   3.068568e-03   2.648576e-20   14335032
  4.989722e+00   1.672981e-19   3.067092e-03   2.625467e-20   14387664
  5.000347e+00   1.303583e-19   3.068270e-03   2.603277e-20   14455698
  5.010977e+00   1.098941e-19   3.068677e-03   2.579857e-20   14520452
  5.021607e+00   1.561984e-19   3.068497e-03   2.557339e-20   14580272
  5.032232e+00   1.603687e-19   3.065614e-03   2.536538e-20   14628050
  5.042860e+00   1.759484e-19   3.070982e-03   2.514362e-20   14716744
  5.053489e+00   1.754404e-19   3.065407e-03   2.491973e-20   14751712
  5.064115e+00   2.116830e-19   3.069456e-03   2.471103e-20   14831620
  5.074740e+00   1.843570e-19   3.065470e-03   2.453890e-20   14875522
  5.085366e+00   2.200178e-19   3.068961e-03   2.430467e-20   14956720
  5.095994e+00   1.977644e-19   3.066998e-03   2.410544e-20   15008272
  5.106620e+00   1.555643e-19   3.067783e-03   2.388563e-20   15073780
  5.117248e+00   2.030568e-19   3.069002e-03   2.367131e-20   15144866
  5.127883e+00   1.487553e-19   3.070052e-03   2.350097e-20   15213872
  5.138515e+00   1.313582e-19   3.067931e-03   2.330611e-20   15263976
  5.149140e+00   2.293203e-19   3.066723e-03   2.313136e-20   15320236
  5.159767e+00   1.398893e-19   3.069367e-03   2.294047e-20   15398322
  5.170396e+00   1.418158e-19   3.067121e-03   2.275328e-20   15450864
  5.181021e+00   1.891174e-19   3.067373e-03   2.254992e-20   15513888
  5.191645e+00   1.690127e-19   3.066596e-03   2.235641e-20   15574626
  5.202274e+00   2.180341e-19   3.069893e-03   2.219980e-20   15657956
  5.212904e+00   1.728545e-19   3.066736e-03   2.204765e-20   15704248
  5.223531e+00   1.708684e-19   3.068512e-03   2.184311e-20   15774824
  5.234161e+00   1.664812e-19   3.069354e-03   2.166315e-20   15844898
  5.244790e+00   2.262596e-19   3.066994e-03   2.147865e-20   15898956
  5.255415e+00   1.657739e-19   3.067091e-03   2.132988e-20   15961768
  5.266040e+00   1.299625e-19   3.068481e-03   2.114356e-20   16032208
  5.276669e+00   2.241025e-19   3.068464e-03   2.098973e-20   16099530
  5.287295e+00   1.729042e-19   3.065856e-03   2.083830e-20   16152712
  5.297924e+00   1.561185e-19   3.069693e-03   2.065997e-20   16235740
  5.308553e+00   1.892386e-19   3.067725e-03   2.050203e-20   16288856
  5.319183e+00   1.431450e-19   3.069408e-03   2.032994e-20   16365074
  5.329812e+00   1.923335e-19   3.067066e-03   2.019184e-20   16418248
  5.340434e+00   1.583702e-19   3.065573e-03   2.004921e-20   16473180
  5.351058e+00   1.124284e-19   3.069491e-03   1.987377e-20   16560234
  5.361687e+00   2.033158e-19   3.067046e-03   1.974220e-20   16616088
  5.372317e+00   1.625540e-19   3.069133e-03   1.959025e-20   16693264
  5.382948e+00   9.594845e-20   3.068526e-03   1.944359e-20   16753864
  5.393577e+00   1.483124e-19   3.068569e-03   1.929344e-20   16820702
  5.404204e+00   1.281379e-19   3.066887e-03   1.915691e-20   16879288
  5.414832e+00   1.537428e-19   3.068277e-03   1.900698e-20   16951712
  5.425456e+00   1.700145e-19   3.066689e-03   1.887002e-20   17007560
  5.436084e+00   1.347262e-19   3.069534e-03   1.872948e-20   17092086
  5.446713e+00   1.735859e-19   3.067265e-03   1.858109e-20   17148392
  5.457342e+00   1.305890e-19   3.068696e-03   1.845362e-20   17222288
  5.467971e+00   1.651685e-19   3.068089e-03   1.831205e-20   17285096
  5.478597e+00   1.175305e-19   3.066549e-03   1.820097e-20   17344826
  5.489223e+00   1.348372e-19   3.068300e-03   1.805739e-20   17421236
  5.499853e+00   1.188569e-19   3.069479e-03   1.792296e-20   17494160
  5.510478e+00   1.360933e-19   3.065109e-03   1.781347e-20   17538122
  5.521100e+00   1.478483e-19   3.067347e-03   1.771233e-20   17620136
  5.531731e+00   1.157253e-19   3.069687e-03   1.754094e-20   17700428
  5.542362e+00   1.159026e-19   3.068482e-03   1.742622e-20   17760320
  5.552991e+00   1.109584e-19   3.068060e-03   1.733307e-20   17827562
  5.563619e+00   9.350971e-20   3.067912e-03   1.721938e-20   17895488
  5.574247e+00   1.049731e-19   3.068230e-03   1.707770e-20   17963576
  5.584874e+00   1.792655e-19   3.067616e-03   1.696488e-20   18027500
  5.595502e+00   1.535336e-19   3.068831e-03   1.685203e-20   18105650
  5.606129e+00   9.361680e-20   3.066269e-03   1.674584e-20   18160880
  5.616752e+00   6.972429e-20   3.067084e-03   1.663110e-20   18233144
  5.627379e+00   6.826471e-20   3.067872e-03   1.651767e-20   18307310
  5.638008e+00   7.730493e-20   3.068420e-03   1.643607e-20   18381680
  5.648639e+00   9.425301e-20   3.068723e-03   1.630189e-20   18450536
  5.659270e+00   1.242048e-19   3.069549e-03   1.617664e-20   18522128
  5.669897e+00   7.021236e-20   3.067067e-03   1.609645e-20   18578414
  5.680523e+00   6.150999e-20   3.067781e-03   1.601115e-20   18654304
  5.691150e+00   5.432608e-20   3.067639e-03   1.589760e-20   18722304
  5.701780e+00   5.751802e-20   3.069442e-03   1.578338e-20   18802472
  5.712409e+00   6.834150e-20   3.067729e-03   1.568455e-20   18864266
  5.723037e+00   1.191917e-20   3.067347e-03   1.560485e-20   18933260
  5.733662e+00   1.526016e-20   3.066799e-03   1.548636e-20   18997448
  5.744288e+00   8.531457e-20   3.068953e-03   1.539643e-20   19079816
  5.754917e+00   6.539380e-20   3.067744e-03   1.530642e-20   19145330
  5.765545e+00   6.800840e-20   3.067941e-03   1.521491e-20   19218276
  5.776172e+00   2.991601e-20   3.067784e-03   1.511021e-20   19286200
  5.786797e+00   5.464032e-20   3.066457e-03   1.503705e-20   19349738
  5.797427e+00   4.368292e-20   3.070714e-03   1.495910e-20   19450040
  5.808057e+00   2.565767e-20   3.065907e-03   1.486938e-20   19489688
  5.818683e+00   8.019832e-20   3.068803e-03   1.475536e-20   19576868
  5.829310e+00   -1.510363e-20   3.067331e-03   1.469502e-20   19640282
  5.839940e+00   9.889437e-20   3.069683e-03   1.459774e-20   19728800
  5.850566e+00   7.889066e-20   3.065237e-03   1.454272e-20   19770152
  5.861190e+00   9.461230e-22   3.068717e-03   1.443382e-20   19863516
  5.871821e+00   3.079484e-21   3.069639e-03   1.436154e-20   19943594
  5.882452e+00   2.266672e-20   3.067597e-03   1.428546e-20   20003440
  5.893081e+00   4.339998e-21   3.068832e-03   1.419429e-20   20081768
  5.903706e+00   1.591488e-20   3.066188e-03   1.412535e-20   20136200
  5.914335e+00   3.583660e-20   3.070449e-03   1.404213e-20   20238094
  5.924964e+00   3.648718e-20   3.066146e-03   1.398682e-20   20282544
  5.935584e+00   9.365738e-22   3.065727e-03   1.390418e-20   20351720
  5.946209e+00   1.192954e-20   3.068474e-03   1.382113e-20   20444714
  5.956838e+00   1.537273e-20   3.067781e-03   1.375503e-20   20515116
  5.967470e+00   1.045776e-20   3.070149e-03   1.369242e-20   20602384
  5.978102e+00   4.596600e-21   3.068165e-03   1.360055e-20   20659872
  5.988728e+00   2.429076e-20   3.067093e-03   1.354042e-20   20727682
  5.999356e+00   6.317096e-20   3.068732e-03   1.347287e-20   20814416
  6.009986e+00   2.342040e-20   3.068153e-03   1.341300e-20   20881100
  6.020612e+00   2.930100e-20   3.068117e-03   1.333215e-20   20953688
  6.031238e+00   3.792834e-20   3.066654e-03   1.327791e-20   21021050
  6.041866e+00   -2.803062e-20   3.068891e-03   1.321469e-20   21111632
  6.052496e+00   -1.496045e-20   3.068341e-03   1.313477e-20   21179972
  6.063121e+00   -3.370251e-20   3.066368e-03   1.308069e-20   21240488
  6.073747e+00   4.600657e-21   3.068419e-03   1.301860e-20   21331418
  6.084375e+00   -1.426122e-20   3.067338e-03   1.296372e-20   21397304
  6.095000e+00   -3.502635e-20   3.067405e-03   1.289165e-20   21469764
  6.105627e+00   1.483668e-21   3.068819e-03   1.281485e-20   21556122
  6.116254e+00   -1.864158e-20   3.066479e-03   1.277638e-20   21618312
  6.126884e+00   6.404402e-21   3.069809e-03   1.269932e-20   21716096
  6.137516e+00   2.055772e-20   3.068719e-03   1.265836e-20   21781352
  6.148144e+00   -1.185426e-20   3.067428e-03   1.259635e-20   21848870
  6.158771e+00   8.764388e-21   3.067652e-03   1.253127e-20   21927536
  6.169400e+00   -1.714610e-20   3.068795e-03   1.247178e-20   22008944
  6.180028e+00   -3.145065e-20   3.067865e-03   1.238463e-20   22076136
  6.190652e+00   -7.879622e-21   3.066547e-03   1.236148e-20   22145270
  6.201282e+00   -2.995124e-20   3.070373e-03   1.227828e-20   22250960
  6.211913e+00   -8.130742e-21   3.066914e-03   1.222285e-20   22300864
  6.222538e+00   -8.833965e-21   3.067186e-03   1.214374e-20   22378586
  6.233165e+00   -3.689494e-20   3.068261e-03   1.208872e-20   22464104
  6.243795e+00   -2.879324e-20   3.068708e-03   1.200244e-20   22542892
  6.254421e+00   -2.979079e-20   3.067123e-03   1.192094e-20   22606008
  6.265047e+00   -2.716662e-20   3.067919e-03   1.182541e-20   22690002
  6.275673e+00   -1.537458e-20   3.066936e-03   9.870063e-21   22762216
  6.286298e+00   -4.098663e-20   3.068880e-03   5.177381e-21   22815779
  6.296927e+00   -3.727798e-20   3.067733e-03   4.940224e-21   22772312
  6.307555e+00   -3.521538e-20   3.067923e-03   4.726330e-21   22733708
  6.318183e+00   -2.945287e-20   3.068441e-03   4.527922e-21   22697672
  6.328811e+00   -1.954140e-20   3.067507e-03   4.349993e-21   22651460
  6.339438e+00   -1.886384e-21   3.068199e-03   4.182143e-21   22616024
  6.350068e+00   -1.093094e-20   3.069309e-03   4.031086e-21   22583496
  6.360694e+00   -8.448770e-21   3.065960e-03   3.896182e-21   22519252
  6.371317e+00   -3.252618e-21   3.067197e-03   3.766949e-21   22488992
  6.381944e+00   -4.970537e-21   3.067780e-03   3.644569e-21   22453172
  6.392574e+00   -3.139036e-21   3.069105e-03   3.530234e-21   22420584
  6.403204e+00   -8.085076e-21   3.068296e-03   3.421087e-21   22371700
  6.413832e+00   -4.275238e-21   3.068296e-03   3.323809e-21   22329896
  6.424460e+00   -7.222796e-21   3.067512e-03   3.227089e-21   22282876
  6.435088e+00   -3.873751e-21   3.068899e-03   3.131172e-21   22250692
  6.445715e+00   -3.881029e-21   3.066872e-03   3.044673e-21   22194436
  6.456340e+00   -7.862474e-21   3.066996e-03   2.968129e-21   22153540
  6.466968e+00   -6.880103e-22   3.068722e-03   2.881950e-21   22122584
  6.477597e+00   -1.920428e-21   3.067957e-03   2.810482e-21   22073004
  6.488227e+00   -8.905178e-21   3.069406e-03   2.734925e-21   22039640
  6.498854e+00   -2.154169e-21   3.066107e-03   2.671413e-21   21971624
  6.509482e+00   -3.844966e-21   3.070097e-03   2.604155e-21   21955708
  6.520106e+00   3.708673e-21   3.063845e-03   2.537368e-21   21867720
  6.530733e+00   1.239876e-21   3.071600e-03   2.478647e-21   21878900
  6.541363e+00   2.213404e-21   3.065935e-03   2.418214e-21   21794260
  6.551990e+00   -4.011663e-21   3.068881e-03   2.363373e-21   21770256
  6.562619e+00   -8.078266e-22   3.068010e-03   2.309398e-21   21718124
  6.573247e+00   -3.542029e-21   3.067905e-03   2.256563e-21   21671096
  6.583874e+00   1.579300e-21   3.067932e-03   2.204207e-21   21625412
  6.594503e+00   3.954648e-21   3.069070e-03   2.156346e-21   21587284
  6.605129e+00   3.251453e-22   3.066010e-03   2.111366e-21   21519648
  6.615755e+00   -1.390037e-21   3.068792e-03   2.062226e-21   21493344
  6.626384e+00   3.935201e-21   3.067812e-03   2.021081e-21   21439360
  6.637013e+00   3.098968e-21   3.068679e-03   1.979026e-21   21398900
  6.647644e+00   2.443215e-21   3.068668e-03   1.935645e-21   21351488
  6.658271e+00   -5.052340e-22   3.066526e-03   1.895859e-21   21288012
  6.668898e+00   -2.629801e-23   3.068796e-03   1.857208e-21   21255052
  6.679525e+00   -3.489091e-21   3.067400e-03   1.820810e-21   21196928
  6.690151e+00   -2.909015e-21   3.067431e-03   1.785998e-21   21149036
  6.700778e+00   -5.513754e-21   3.068015e-03   1.750774e-21   21105304
  6.711407e+00   -3.907903e-21   3.068524e-03   1.713754e-21   21059992
  6.722038e+00   -2.524425e-21   3.069263e-03   1.684115e-21   21014904
  6.732667e+00   3.338300e-21   3.067536e-03   1.650454e-21   20953620
  6.743293e+00   -1.110126e-21   3.067478e-03   1.619934e-21   20902948
  6.753920e+00   -2.480907e-21   3.068064e-03   1.589117e-21   20856528
  6.764548e+00   2.052457e-22   3.068448e-03   1.558391e-21   20808868
  6.775174e+00   -1.564688e-21   3.066599e-03   1.532684e-21   20746700
  6.785798e+00   2.668571e-21   3.066925e-03   1.504662e-21   20699040
  6.796428e+00   -9.605097e-22   3.069860e-03   1.475656e-21   20667584
  6.807054e+00   -1.039106e-21   3.064988e-03   1.450639e-21   20583320
  6.817679e+00   -2.336977e-21   3.069606e-03   1.424457e-21   20562728
  6.828310e+00   1.074641e-22   3.067915e-03   1.400136e-21   20499120
  6.838938e+00   3.825326e-21   3.068337e-03   1.374061e-21   20448668
  6.849566e+00   2.198573e-22   3.068077e-03   1.351226e-21   20394408
  6.860195e+00   2.974095e-22   3.068320e-03   1.327269e-21   20344236
  6.870823e+00   -2.081322e-21   3.067630e-03   1.305720e-21   20287988
  6.881451e+00   -3.493348e-21   3.068044e-03   1.284127e-21   20237280
  6.892077e+00   1.336803e-21   3.067320e-03   1.263469e-21   20178328
  6.902707e+00   -1.392010e-21   3.069652e-03   1.241060e-21   20139844
  6.913336e+00   1.985510e-21   3.067174e-03   1.220657e-21   20069748
  6.923962e+00   -5.158835e-21   3.067514e-03   1.201425e-21   20016800
  6.934587e+00   2.432218e-22   3.067642e-03   1.182647e-21   19962224
  6.945217e+00   -1.276910e-22   3.069885e-03   1.162184e-21   19923568
  6.955848e+00   -6.764125e-22   3.067490e-03   1.145792e-21   19854300
  6.966474e+00   7.625134e-22   3.067154e-03   1.127149e-21   19797056
  6.977101e+00   5.021177e-23   3.067706e-03   1.109052e-21   19744940
  6.987728e+00   -3.946554e-23   3.068174e-03   1.092998e-21   19691768
  6.998356e+00   6.883767e-22   3.067321e-03   1.077191e-21   19629548
  7.008982e+00   -5.059327e-23   3.067740e-03   1.060219e-21   19575480
  7.019610e+00   4.840845e-22   3.068413e-03   1.043870e-21   19523296
  7.030241e+00   6.850560e-22   3.069533e-03   1.028903e-21   19474344
  7.040867e+00   -6.334043e-23   3.065611e-03   1.014620e-21   19392868
  7.051493e+00   4.345829e-22   3.069073e-03   9.987128e-22   19356176
  7.062123e+00   1.272363e-21   3.068592e-03   9.844967e-22   19294916
  7.072754e+00   9.088777e-22   3.069110e-03   9.703687e-22   19240856
  7.083382e+00   2.085908e-21   3.067066e-03   9.570846e-22   19170884
  7.094007e+00   -8.905790e-22   3.066966e-03   9.435621e-22   19111352
  7.104633e+00   1.130358e-21   3.068278e-03   9.294762e-22   19060016
  7.115261e+00   -2.822622e-21   3.067998e-03   9.178125e-22   18999752
  7.125886e+00   3.800959e-22   3.066210e-03   9.050219e-22   18930272
  7.136511e+00   1.279832e-21   3.068009e-03   8.924446e-22   18882340
  7.147141e+00   -6.600249e-22   3.069133e-03   8.805193e-22   18829056
  7.157770e+00   2.188725e-21   3.067293e-03   8.690566e-22   18757640
  7.168398e+00   -4.717715e-22   3.069197e-03   8.575939e-22   18709036
  7.179027e+00   -1.099764e-22   3.067378e-03   8.464059e-22   18637668
  7.189656e+00   2.594560e-22   3.069146e-03   8.345307e-22   18587048
  7.200283e+00   -8.563156e-23   3.066626e-03   8.239816e-22   18510972
  7.210909e+00   -4.425151e-22   3.067730e-03   8.133047e-22   18456692
  7.221535e+00   -1.241845e-21   3.067567e-03   8.036170e-22   18394084
  7.232164e+00   2.042784e-21   3.069110e-03   7.929942e-22   18341352
  7.242794e+00   2.583194e-22   3.068234e-03   7.838167e-22   18273884
  7.253423e+00   1.082488e-21   3.068036e-03   7.739445e-22   18211148
  7.264048e+00   -1.269123e-22   3.066171e-03   7.654059e-22   18137692
  7.274674e+00   1.887533e-21   3.069088e-03   7.553595e-22   18091580
  7.285305e+00   7.187788e-22   3.068515e-03   7.466108e-22   18024560
  7.295932e+00   -5.924743e-22   3.067362e-03   7.376355e-22   17955116
  7.306559e+00   5.087214e-22   3.067637e-03   7.291553e-22   17893232
  7.317187e+00   1.477988e-21   3.068343e-03   7.207758e-22   17832620
  7.327816e+00   1.946587e-21   3.068327e-03   7.124615e-22   17767864
  7.338445e+00   8.425525e-22   3.068809e-03   7.047154e-22   17706956
  7.349073e+00   2.082887e-21   3.066947e-03   6.967957e-22   17632632
  7.359699e+00   -2.293987e-22   3.068061e-03   6.889688e-22   17573524
  7.370327e+00   -1.846177e-21   3.067901e-03   6.814052e-22   17506380
  7.380954e+00   3.113813e-21   3.068207e-03   6.740028e-22   17442548
  7.391580e+00   -2.445790e-22   3.066528e-03   6.671675e-22   17368556
  7.402208e+00   3.533026e-21   3.069314e-03   6.591227e-22   17318260
  7.412837e+00   -1.023427e-21   3.067939e-03   6.535087e-22   17243792
  7.423463e+00   4.923245e-22   3.066549e-03   6.460227e-22   17169716
  7.434088e+00   9.505331e-23   3.067759e-03   6.391895e-22   17109768
  7.444715e+00   3.038846e-22   3.068012e-03   6.325496e-22   17044064
  7.455345e+00   -3.265792e-22   3.068894e-03   6.261527e-22   16981560
  7.465972e+00   1.043624e-21   3.066680e-03   6.203720e-22   16902264
  7.476600e+00   -1.133687e-21   3.069499e-03   6.138895e-22   16849940
  7.487230e+00   1.669336e-22   3.067461e-03   6.071170e-22   16770600
  7.497858e+00   8.987013e-22   3.068497e-03   6.022800e-22   16707512
  7.508485e+00   4.509263e-22   3.067634e-03   5.960635e-22   16634480
  7.519114e+00   -6.175087e-22   3.068242e-03   5.910729e-22   16569424
  7.529741e+00   2.551299e-22   3.067751e-03   5.851429e-22   16497216
  7.540372e+00   8.159475e-23   3.069501e-03   5.797956e-22   16436416
  7.550999e+00   2.372713e-22   3.067032e-03   5.745666e-22   16353532
  7.561624e+00   1.394764e-22   3.067126e-03   5.696171e-22   16284908
  7.572251e+00   5.395107e-22   3.068426e-03   5.641163e-22   16221948
  7.582881e+00   7.176697e-22   3.068614e-03   5.596159e-22   16152552
  7.593510e+00   1.578309e-22   3.068122e-03   5.544328e-22   16078864
  7.604137e+00   4.405209e-22   3.067536e-03   5.498689e-22   16005296
  7.614766e+00   3.851831e-22   3.068300e-03   5.451420e-22   15938220
  7.625392e+00   9.956512e-22   3.066841e-03   5.407990e-22   15858440
  7.636016e+00   -8.736452e-22   3.067373e-03   5.363247e-22   15789252
  7.646642e+00   5.717175e-22   3.067548e-03   5.315681e-22   15718944
  7.657269e+00   -2.861709e-22   3.067947e-03   5.272261e-22   15648652
  7.667899e+00   5.228491e-22   3.069201e-03   5.233678e-22   15581944
  7.678531e+00   8.972329e-22   3.069010e-03   5.190764e-22   15508744
  7.689158e+00   -1.362551e-21   3.066436e-03   5.154399e-22   15422472
  7.699784e+00   -1.191971e-22   3.068878e-03   5.114884e-22   15361536
  7.710413e+00   6.187403e-22   3.067494e-03   5.075759e-22   15281048
  7.721038e+00   -1.290213e-21   3.067557e-03   5.039400e-22   15207752
  7.731666e+00   1.661895e-22   3.067687e-03   5.006013e-22   15134800
  7.742292e+00   6.489745e-22   3.067594e-03   4.970228e-22   15059664
  7.752920e+00   -7.804725e-22   3.068106e-03   4.935889e-22   14987020
  7.763550e+00   -9.095424e-22   3.069757e-03   4.895708e-22   14919936
  7.774179e+00   -1.027383e-21   3.066979e-03   4.868579e-22   14831776
  7.784807e+00   2.465510e-22   3.069197e-03   4.830786e-22   14767552
  7.795435e+00   1.048825e-22   3.066309e-03   4.802366e-22   14678336
  7.806062e+00   -2.832196e-22   3.069079e-03   4.768680e-22   14615044
  7.816690e+00   7.572378e-22   3.067275e-03   4.738796e-22   14530200
  7.827317e+00   -2.750197e-22   3.067927e-03   4.709126e-22   14457000
  7.837945e+00   -3.146102e-22   3.068558e-03   4.677986e-22   14383440
  7.848573e+00   -4.395200e-22   3.067003e-03   4.652276e-22   14299516
  7.859199e+00   4.765560e-22   3.067899e-03   4.621312e-22   14226024
  7.869825e+00   4.491265e-22   3.067223e-03   4.596787e-22   14145048
  7.880455e+00   1.086250e-21   3.070446e-03   4.567178e-22   14082144
  7.891083e+00   -6.732451e-22   3.065393e-03   4.547392e-22   13981640
  7.901708e+00   -9.711837e-22   3.068688e-03   4.520917e-22   13918460
  7.912338e+00   -2.205884e-22   3.068702e-03   4.492674e-22   13839752
  7.922969e+00   -3.530442e-22   3.069182e-03   4.469466e-22   13762736
  7.933598e+00   8.244258e-22   3.067868e-03   4.444013e-22   13677980
  7.944225e+00   4.152182e-22   3.067250e-03   4.424118e-22   13596196
  7.954850e+00   1.926626e-22   3.067470e-03   4.400522e-22   13517736
  7.965475e+00   3.754300e-22   3.066448e-03   4.380688e-22   13433184
  7.976100e+00   -1.094931e-22   3.068623e-03   4.354167e-22   13362296
  7.986730e+00   -1.008136e-22   3.068494e-03   4.335100e-22   13281376
  7.997360e+00   9.430207e-22   3.069113e-03   4.316630e-22   13203336
  8.007987e+00   8.776464e-22   3.066719e-03   4.298283e-22   13113016
  8.018613e+00   -7.259286e-22   3.067735e-03   4.275357e-22   13036400
  8.029240e+00   -7.201688e-22   3.067468e-03   4.263976e-22   12953648
  8.039869e+00   -6.674887e-23   3.069185e-03   4.245638e-22   12879016
  8.050498e+00   8.933283e-22   3.067538e-03   4.219047e-22   12790124
  8.061127e+00   -2.098572e-22   3.068996e-03   4.207099e-22   12714152
  8.071753e+00   9.612316e-23   3.066076e-03   4.190289e-22   12619608
  8.082379e+00   4.361640e-22   3.068682e-03   4.172915e-22   12547232
  8.093011e+00   -3.953385e-23   3.070245e-03   4.158281e-22   12470568
  8.103638e+00   2.874044e-22   3.065215e-03   4.144633e-22   12368136
  8.114264e+00   1.560014e-21   3.069116e-03   4.125520e-22   12300504
  8.124894e+00   -9.482399e-22   3.068128e-03   4.110576e-22   12212172
  8.135522e+00   -4.480902e-22   3.067779e-03   4.103568e-22   12126228
  8.146149e+00   -6.090760e-22   3.068089e-03   4.087786e-22   12043352
  8.156778e+00   -2.781013e-22   3.068301e-03   4.067822e-22   11959896
  8.167401e+00   6.452605e-22   3.065268e-03   4.063001e-22   11863804
  8.178026e+00   1.161427e-21   3.068937e-03   4.046655e-22   11792812
  8.188656e+00   8.750912e-23   3.068597e-03   4.033557e-22   11705392
  8.199283e+00   2.525123e-22   3.066984e-03   4.026361e-22   11613836
  8.209914e+00   -1.484874e-22   3.070536e-03   4.014363e-22   11541532
  8.220543e+00   5.022544e-22   3.066346e-03   4.005109e-22   11440232
  8.231170e+00   1.202525e-21   3.068846e-03   3.990900e-22   11363008
  8.241796e+00   5.311844e-22   3.066631e-03   3.979195e-22   11267848
  8.252424e+00   -1.185464e-22   3.069306e-03   3.971225e-22   11190640
  8.263054e+00   -1.130248e-21   3.068558e-03   3.957062e-22   11101084
  8.273680e+00   3.884791e-22   3.065604e-03   3.953745e-22   11003284
  8.284304e+00   2.952003e-22   3.068360e-03   3.942513e-22   10925424
  8.294932e+00   4.169665e-22   3.067667e-03   3.931566e-22   10834724
  8.305560e+00   -6.816138e-22   3.068711e-03   3.924384e-22   10750156
  8.316186e+00   2.060663e-22   3.066587e-03   3.914714e-22   10655280
  8.326811e+00   2.458536e-22   3.067310e-03   3.905236e-22   10569120
  8.337437e+00   1.279825e-22   3.067168e-03   3.904691e-22   10479672
  8.348070e+00   -9.735644e-22   3.071527e-03   3.888883e-22   10404504
  8.358704e+00   -6.940389e-23   3.068456e-03   3.892546e-22   10304108
  8.369331e+00   3.593963e-23   3.066991e-03   3.880747e-22   10209940
  8.379958e+00   -3.760691e-22   3.068937e-03   3.876718e-22   10126584
  8.390585e+00   1.060588e-21   3.066106e-03   3.865712e-22   10027064
  8.401210e+00   2.266559e-22   3.068731e-03   3.863178e-22   9945072
  8.411836e+00   -3.195681e-22   3.065849e-03   3.857804e-22   9844764
  8.422464e+00   5.398971e-22   3.070904e-03   3.853800e-22   9769940
  8.433095e+00   -6.488677e-22   3.066721e-03   3.846301e-22   9666072
  8.443721e+00   8.123187e-22   3.067629e-03   3.845762e-22   9577112
  8.454348e+00   -3.123868e-22   3.067871e-03   3.837238e-22   9485848
  8.464977e+00   1.394505e-21   3.068818e-03   3.836773e-22   9396136
  8.475607e+00   4.477521e-22   3.068947e-03   3.827001e-22   9304408
  8.486231e+00   2.224348e-23   3.064605e-03   3.820242e-22   9199028
  8.496854e+00   -5.965370e-23   3.068671e-03   3.818114e-22   9118288
  8.507481e+00   -5.290923e-23   3.066868e-03   3.814113e-22   9019624
  8.518111e+00   5.510474e-23   3.070919e-03   3.808514e-22   8937420
  8.528743e+00   -3.650120e-22   3.067653e-03   3.803979e-22   8835200
  8.539369e+00   -2.958405e-22   3.066847e-03   3.801862e-22   8739332
  8.549995e+00   -3.033716e-22   3.067747e-03   3.800334e-22   8648112
  8.560624e+00   -4.357752e-22   3.067898e-03   3.793176e-22   8553372
  8.571253e+00   2.001711e-22   3.069319e-03   3.783033e-22   8461944
  8.581883e+00   2.173164e-23   3.068067e-03   3.773296e-22   8363348
  8.592509e+00   2.789829e-22   3.067870e-03   3.775534e-22   8267792
  8.603135e+00   7.621984e-22   3.066599e-03   3.762813e-22   8169380
  8.613762e+00   -3.605532e-22   3.069517e-03   3.766700e-22   8081008
  8.624389e+00   -4.651755e-22   3.065774e-03   3.749455e-22   7975632
  8.635016e+00   2.483644e-22   3.069603e-03   3.757324e-22   7889116
  8.645643e+00   -1.504986e-22   3.066011e-03   3.746076e-22   7784008
  8.656270e+00   -1.038464e-22   3.068709e-03   3.736083e-22   7693848
  8.666897e+00   -2.500484e-22   3.067011e-03   3.725041e-22   7592468
  8.677525e+00   -1.262080e-22   3.068931e-03   3.715202e-22   7499076
  8.688155e+00   -6.405582e-22   3.069474e-03   3.707373e-22   7402880
  8.698786e+00   -1.265538e-23   3.067607e-03   3.692616e-22   7300768
  8.709411e+00   -1.068137e-21   3.067652e-03   3.694907e-22   7203316
  8.720032e+00   2.001968e-22   3.063689e-03   3.668512e-22   7095724
  8.730662e+00   1.151398e-22   3.073665e-03   3.666212e-22   7019608
  8.741295e+00   3.985780e-22   3.065344e-03   3.638813e-22   6901916
  8.751922e+00   -1.393855e-22   3.069704e-03   3.630142e-22   6812952
  8.762548e+00   5.031981e-22   3.065523e-03   3.595229e-22   6704548
  8.773175e+00   -1.976208e-23   3.068967e-03   3.591350e-22   6612168
  8.783803e+00   -4.018144e-23   3.067598e-03   3.560393e-22   6508628
  8.794433e+00   6.126343e-23   3.069277e-03   3.539081e-22   6412072
  8.805059e+00   1.838441e-22   3.066868e-03   3.511951e-22   6306660
  8.815685e+00   -1.062829e-21   3.067492e-03   3.476876e-22   6207592
  8.826308e+00   9.016011e-22   3.066222e-03   3.442315e-22   6103860
  8.836934e+00   -1.179630e-22   3.068576e-03   3.402090e-22   6007184
  8.847563e+00   -1.960034e-22   3.068782e-03   3.359463e-22   5905660
  8.858194e+00   -1.914527e-24   3.069160e-03   3.305457e-22   5805132
  8.868823e+00   2.957246e-22   3.067313e-03   3.257738e-22   5700008
  8.879446e+00   -2.208757e-22   3.065734e-03   3.191624e-22   5594856
  8.890075e+00   4.786479e-22   3.070306e-03   3.132627e-22   5502341
  8.900707e+00   8.360711e-23   3.068193e-03   3.068943e-22   5404852
  8.911333e+00   2.299500e-22   3.066920e-03   3.035506e-22   5313930
  8.921960e+00   -1.708228e-22   3.068151e-03   2.989910e-22   5230396
  8.932587e+00   4.498305e-23   3.067037e-03   2.954303e-22   5145158
  8.943214e+00   2.967556e-22   3.067644e-03   2.922229e-22   5064506
  8.953844e+00   4.090943e-22   3.070354e-03   2.889469e-22   4989464
  8.964475e+00   -1.999819e-22   3.067471e-03   2.847037e-22   4907486
  8.975102e+00   2.346893e-22   3.067454e-03   2.820973e-22   4831952
  8.985729e+00   -5.169342e-22   3.067333e-03   2.793419e-22   4757392
  8.996357e+00   7.272884e-22   3.068563e-03   2.772198e-22   4685902
  9.006985e+00   3.565950e-22   3.067839e-03   2.745750e-22   4612826
  9.017611e+00   -3.160045e-22   3.067647e-03   2.721040e-22   4542436
  9.028240e+00   -4.514620e-22   3.068771e-03   2.692696e-22   4475408
  9.038866e+00   -3.344819e-22   3.065432e-03   2.671818e-22   4402686
  9.049492e+00   3.500874e-22   3.069222e-03   2.651762e-22   4340854
  9.060123e+00   6.742336e-22   3.068666e-03   2.630417e-22   4273862
  9.070751e+00   -1.294952e-22   3.068093e-03   2.619009e-22   4208538
  9.081377e+00   -2.037941e-22   3.066329e-03   2.590188e-22   4142584
  9.092002e+00   -3.810485e-22   3.067445e-03   2.571323e-22   4081232
  9.102629e+00   1.206809e-22   3.068061e-03   2.548703e-22   4019668
  9.113260e+00   1.007910e-22   3.070507e-03   2.532814e-22   3961416
  9.123892e+00   3.082027e-23   3.068468e-03   2.518656e-22   3898848
  9.134518e+00   -2.171667e-22   3.065914e-03   2.506129e-22   3836718
  9.145140e+00   2.537233e-22   3.066518e-03   2.487348e-22   3779272
  9.155765e+00   3.534530e-23   3.066689e-03   2.476527e-22   3721434
  9.166394e+00   -6.857764e-22   3.070316e-03   2.459743e-22   3668198
  9.177028e+00   -3.562169e-22   3.069776e-03   2.450256e-22   3611346
  9.187656e+00   -3.532009e-22   3.066455e-03   2.432616e-22   3552442
  9.198281e+00   -6.730549e-23   3.067337e-03   2.425283e-22   3498908
  9.208908e+00   -1.319389e-22   3.067980e-03   2.412802e-22   3445382
  9.219536e+00   -6.628108e-22   3.068389e-03   2.396031e-22   3392244
  9.230165e+00   -2.757141e-22   3.068360e-03   2.393899e-22   3339634
  9.240792e+00   -2.503099e-22   3.067248e-03   2.379810e-22   3286752
  9.251416e+00   3.756776e-22   3.065818e-03   2.368767e-22   3234180
  9.262040e+00   7.058697e-22   3.067094e-03   2.359084e-22   3184556
  9.272670e+00   2.263242e-22   3.070362e-03   2.358307e-22   3137238
  9.283304e+00   -1.546006e-23   3.070377e-03   2.343843e-22   3087670
  9.293936e+00   -2.960145e-22   3.068566e-03   2.336102e-22   3037460
  9.304560e+00   4.399843e-22   3.064548e-03   2.328822e-22   2985736
  9.315180e+00   -1.838100e-22   3.066413e-03   2.325112e-22   2939708
  9.325811e+00   -1.277646e-22   3.071553e-03   2.315093e-22   2897012
  9.336443e+00   8.164042e-23   3.067620e-03   2.307292e-22   2846890
  9.347067e+00   -2.012774e-22   3.065693e-03   2.302645e-22   2799588
  9.357689e+00   -3.371260e-24   3.066395e-03   2.304958e-22   2754954
  9.368315e+00   6.879620e-23   3.068270e-03   2.289709e-22   2711500
  9.378948e+00   -2.317165e-22   3.070601e-03   2.288969e-22   2669006
  9.389576e+00   1.063955e-21   3.065837e-03   2.286673e-22   2621264
  9.400202e+00   -1.448282e-22   3.068913e-03   2.282145e-22   2580726
  9.410830e+00   -3.649975e-22   3.067141e-03   2.278420e-22   2536470
  9.421456e+00   2.670507e-22   3.067445e-03   2.282929e-22   2494370
  9.432084e+00   -4.659795e-22   3.068834e-03   2.275749e-22   2453556
  9.442716e+00   1.039841e-22   3.070117e-03   2.275598e-22   2413246
  9.453347e+00   2.651943e-22   3.067994e-03   2.271931e-22   2370914
  9.463973e+00   7.725532e-22   3.067217e-03   2.272321e-22   2330126
  9.474601e+00   -1.337689e-22   3.068570e-03   2.269258e-22   2291406
  9.485227e+00   4.162938e-24   3.066158e-03   2.269925e-22   2250410
  9.495850e+00   1.809119e-22   3.066006e-03   2.270211e-22   2211486
  9.506474e+00   1.705860e-22   3.067734e-03   2.272491e-22   2174194
  9.517102e+00   3.667483e-23   3.068176e-03   2.270243e-22   2136416
  9.527733e+00   4.977212e-22   3.069929e-03   2.269245e-22   2100070
  9.538360e+00   -5.122888e-23   3.065560e-03   2.273062e-22   2060026
  9.548986e+00   1.384287e-22   3.069362e-03   2.285054e-22   2025910
  9.559615e+00   -2.755795e-22   3.067530e-03   2.278368e-22   1988576
  9.570241e+00   -3.028270e-22   3.067060e-03   2.277548e-22   1952610
  9.580867e+00   -5.266847e-22   3.067361e-03   2.277029e-22   1917470
  9.591493e+00   1.122851e-22   3.067399e-03   2.290898e-22   1882484
  9.602120e+00   5.284022e-22   3.068076e-03   2.291160e-22   1848262
  9.612753e+00   -1.689513e-22   3.071327e-03   2.295719e-22   1816024
  9.623386e+00   -1.244700e-22   3.068076e-03   2.293290e-22   1780418
  9.634012e+00   4.887698e-22   3.067038e-03   2.303993e-22   1746576
  9.644639e+00   3.368444e-22   3.068628e-03   2.309822e-22   1714622
  9.655268e+00   3.804238e-22   3.067669e-03   2.315455e-22   1681692
  9.665895e+00   -9.977950e-23   3.067468e-03   2.316478e-22   1649574
  9.676515e+00   -5.205334e-22   3.063511e-03   2.333003e-22   1615788
  9.687137e+00   3.471193e-22   3.068656e-03   2.340426e-22   1587064
  9.697769e+00   -8.608356e-24   3.069826e-03   2.341128e-22   1556598
  9.708400e+00   -3.676317e-23   3.068471e-03   2.352866e-22   1525380
  9.719030e+00   6.117384e-23   3.068670e-03   2.361084e-22   1495360
  9.729656e+00   -3.255267e-23   3.066126e-03   2.372002e-22   1464370
  9.740281e+00   4.678267e-23   3.067601e-03   2.377144e-22   1435656
  9.750907e+00   3.785445e-22   3.067002e-03   2.390600e-22   1406304
  9.761532e+00   3.446469e-22   3.067147e-03   2.400052e-22   1377628
  9.772159e+00   1.398097e-23   3.068370e-03   2.415605e-22   1349744
  9.782788e+00   -5.949761e-22   3.068343e-03   2.428125e-22   1321682
  9.793418e+00   1.573853e-22   3.069098e-03   2.433473e-22   1294376
  9.804048e+00   -7.018117e-22   3.068140e-03   2.452177e-22   1266768
  9.814673e+00   8.940333e-23   3.066275e-03   2.460893e-22   1239172
  9.825295e+00   -1.440016e-22   3.065238e-03   2.480488e-22   1212224
  9.835918e+00   -4.336068e-22   3.067386e-03   2.487567e-22   1186796
  9.846547e+00   -1.601589e-22   3.069034e-03   2.506063e-22   1161432
  9.857176e+00   -4.122332e-23   3.067927e-03   2.516092e-22   1135408
  9.867804e+00   -2.260646e-22   3.068239e-03   2.529985e-22   1110324
  9.878434e+00   4.749801e-22   3.068926e-03   2.555936e-22   1085680
  9.889062e+00   -7.755439e-23   3.066842e-03   2.574893e-22   1060364
  9.899688e+00   -2.410983e-22   3.068767e-03   2.578361e-22   1036736
  9.910321e+00   9.654680e-23   3.070562e-03   2.605086e-22   1013388
  9.920951e+00   1.827813e-22   3.066769e-03   2.627852e-22   988656
  9.931575e+00   3.138640e-22   3.066738e-03   2.645612e-22   965530
  9.942197e+00   1.249629e-22   3.064855e-03   2.670105e-22   942100
  9.952819e+00   5.254387e-22   3.066142e-03   2.693230e-22   919888
  9.963442e+00   -6.478022e-22   3.066491e-03   2.710016e-22   897628
  9.974067e+00   3.669827e-22   3.067504e-03   2.738998e-22   875856
  9.984696e+00   5.305819e-22   3.069599e-03   2.757052e-22   854736
  9.995330e+00   -4.037918e-22   3.070044e-03   2.782409e-22   833510
  1.000596e+01   -1.202647e-22   3.068120e-03   2.806064e-22   811976
  1.001659e+01   -3.277567e-22   3.066566e-03   2.843671e-22   790844
  1.002721e+01   -1.149295e-22   3.066302e-03   2.861809e-22   770320
  1.003784e+01   -6.612548e-22   3.069162e-03   2.888298e-22   750838
  1.004847e+01   -4.282614e-22   3.068729e-03   2.923059e-22   730864
  1.005909e+01   2.936538e-22   3.067039e-03   2.945638e-22   710984
  1.006972e+01   -1.930796e-22   3.067274e-03   2.982765e-22   691894
  1.008035e+01   4.712121e-22   3.066106e-03   3.018334e-22   672776
  1.009097e+01   2.998469e-22   3.067065e-03   3.059119e-22   654372
  1.010160e+01   -5.109404e-22   3.065537e-03   3.084366e-22   635682
  1.011222e+01   8.072991e-24   3.064886e-03   3.122236e-22   617460
  1.012284e+01   -2.543488e-22   3.066767e-03   3.165387e-22   600024
  1.013346e+01   4.897053e-22   3.068404e-03   3.194144e-22   582830
  1.014410e+01   -4.001162e-22   3.070337e-03   3.236260e-22   566000
  1.015473e+01   3.379428e-22   3.066543e-03   3.276104e-22   548458
  1.016535e+01   -2.835729e-22   3.067619e-03   3.329208e-22   532084
  1.017598e+01   3.416980e-22   3.065740e-03   3.377758e-22   515440
  1.018660e+01   -2.132767e-22   3.064533e-03   3.417301e-22   499174
  1.019722e+01   3.178417e-22   3.064552e-03   3.459135e-22   483368
  1.020784e+01   -2.157941e-22   3.067558e-03   3.519784e-22   468270
  1.021847e+01   4.956089e-22   3.071740e-03   3.565596e-22   453568
  1.022911e+01   -3.800840e-22   3.068522e-03   3.607802e-22   438106
  1.023974e+01   -6.722273e-22   3.068674e-03   3.674749e-22   423508
  1.025036e+01   -4.752943e-22   3.065352e-03   3.736458e-22   408754
  1.026098e+01   6.245817e-22   3.064549e-03   3.811146e-22   394612
  1.027160e+01   -7.105559e-23   3.064825e-03   3.863449e-22   380826
  1.028223e+01   -2.311431e-22   3.063635e-03   3.917381e-22   367086
  1.029285e+01   -2.004473e-22   3.065226e-03   4.000949e-22   353904
  1.030347e+01   -3.485496e-23   3.067842e-03   4.083089e-22   341046
  1.031410e+01   -6.646741e-22   3.067827e-03   4.126732e-22   328144
  1.032473e+01   7.163200e-22   3.068491e-03   4.205099e-22   315598
  1.033536e+01   9.257951e-23   3.070442e-03   4.298187e-22   303466
  1.034599e+01   3.521665e-22   3.070558e-03   4.361397e-22   291456
  1.035662e+01   6.729853e-22   3.069010e-03   4.476824e-22   279614
  1.036725e+01   3.039966e-22   3.062765e-03   4.572914e-22   267680
  1.037786e+01   1.046567e-21   3.061142e-03   4.682596e-22   256438
  1.038848e+01   2.460323e-22   3.062004e-03   4.743602e-22   245618
  1.039909e+01   -1.085800e-22   3.058865e-03   4.837596e-22   234708
  1.040970e+01   -1.880203e-22   3.057929e-03   4.977236e-22   224210
  1.042032e+01   1.226215e-21   3.058509e-03   5.061486e-22   214046
  1.043093e+01   -7.858595e-22   3.059874e-03   5.222225e-22   204152
  1.044155e+01   6.690689e-22   3.062766e-03   5.364069e-22   194558
  1.045217e+01   -6.482941e-22   3.062838e-03   5.459424e-22   185018
  1.046279e+01   3.356553e-22   3.066092e-03   5.631516e-22   175918
  1.047341e+01   1.151691e-21   3.068348e-03   5.769286e-22   166992
  1.048404e+01   -5.148907e-22   3.070094e-03   5.890930e-22   158294
  1.049468e+01   -3.817217e-22   3.071097e-03   6.070832e-22   149842
  1.050531e+01   -1.812891e-21   3.068653e-03   6.218457e-22   141530
  1.051593e+01   -1.106972e-21   3.060509e-03   6.440367e-22   133284
  1.052654e+01   -1.052306e-22   3.057354e-03   6.653894e-22   125546
  1.053715e+01   1.106233e-21   3.051144e-03   6.842068e-22   117950
  1.054776e+01   -2.019476e-21   3.048602e-03   7.054987e-22   110746
  1.055836e+01   -5.383415e-22   3.039799e-03   7.339010e-22   103572
  1.056895e+01   -3.358777e-22   3.036073e-03   7.635712e-22   96818
  1.057954e+01   9.254978e-22   3.031333e-03   7.881222e-22   90262
  1.059013e+01   4.700752e-22   3.027317e-03   8.178038e-22   83970
  1.060072e+01   -5.722911e-23   3.019853e-03   8.596646e-22   77846
  1.061129e+01   2.826653e-22   3.012052e-03   8.907844e-22   71984
  1.062186e+01   -8.974066e-22   3.005730e-03   9.237834e-22   66398
  1.063243e+01   1.432357e-21   3.000369e-03   9.757441e-22   61058
  1.064300e+01   -8.474554e-22   2.995714e-03   9.956293e-22   55958
  1.065357e+01   -5.125539e-22   2.990697e-03   1.058136e-21   51082
  1.066413e+01   9.723034e-22   2.981767e-03   1.112228e-21   46398
  1.067469e+01   1.408941e-21   2.970930e-03   1.176037e-21   41954
  1.068524e+01   -1.342890e-21   2.955045e-03   1.237609e-21   37718
  1.069578e+01   -2.240932e-21   2.938133e-03   1.321403e-21   33736
  1.070631e+01   7.442754e-22   2.922830e-03   1.380455e-21   30006
  1.071684e+01   -3.995221e-21   2.912268e-03   1.492419e-21   26522
  1.072739e+01   1.748271e-21   2.905476e-03   1.561325e-21   23254
  1.073793e+01   9.573094e-22   2.895825e-03   1.706355e-21   20178
  1.074848e+01   -3.071764e-22   2.890787e-03   1.846199e-21   17342
  1.075903e+01   4.452848e-21   2.886580e-03   1.994806e-21   14714
  1.076959e+01   -2.176297e-21   2.887906e-03   2.221032e-21   12310
  1.078015e+01   -3.094319e-21   2.880436e-03   2.392195e-21   10098
  1.079071e+01   -2.534021e-21   2.879327e-03   2.584768e-21   8126
  1.080127e+01   3.435209e-21   2.877797e-03   3.070133e-21   6362
  1.081184e+01   9.746560e-21   2.888638e-03   3.543459e-21   4822
  1.082239e+01   -8.893937e-21   2.872451e-03   4.265159e-21   3474
  1.083292e+01   7.857070e-22   2.869225e-03   4.946154e-21   2366
  1.084344e+01   -3.873211e-21   2.860034e-03   6.542759e-21   1466
  1.085397e+01   2.330673e-21   2.925135e-03   9.040399e-21   790
  1.086426e+01   1.346227e-20   2.767211e-03   1.218235e-20   306
  1.087389e+01   3.566012e-21   2.357714e-03   3.178140e-20   62
