# cross spectrum of phi(z1) and phi(z2)
# redshift z=1.692244
# k              Pk             sigma(k)       sigma(Pk)      count
  7.830312e-03   2.629295e-10   1.198114e-03   5.919725e-11   18
  1.686348e-02   3.116919e-10   2.897918e-03   2.978159e-11   152
  2.725284e-02   1.861603e-10   3.060867e-03   8.704570e-12   416
  3.742835e-02   1.020032e-10   2.912555e-03   3.818296e-12   770
  4.808679e-02   6.405678e-11   3.119650e-03   1.878239e-12   1364
  5.876109e-02   4.205251e-11   3.054550e-03   9.562321e-13   1976
  6.939824e-02   3.206453e-11   3.112555e-03   6.103027e-13   2792
  7.984642e-02   2.337517e-11   2.971805e-03   3.988976e-13   3578
  9.038229e-02   1.684213e-11   3.049521e-03   2.488952e-13   4724
  1.011318e-01   1.245411e-11   3.134595e-03   1.647897e-13   6032
  1.117485e-01   9.739828e-12   3.016599e-03   1.190456e-13   7072
  1.222702e-01   8.195921e-12   3.056387e-03   9.007101e-14   8634
  1.329722e-01   6.959369e-12   3.095256e-03   6.963093e-14   10336
  1.436677e-01   5.626674e-12   3.082009e-03   5.092827e-14   11940
  1.541872e-01   4.521254e-12   3.021465e-03   3.997067e-14   13490
  1.647185e-01   3.748016e-12   3.054444e-03   2.974125e-14   15656
  1.754149e-01   3.169813e-12   3.102608e-03   2.381260e-14   18008
  1.860920e-01   2.798612e-12   3.069464e-03   1.989645e-14   19964
  1.966957e-01   2.440210e-12   3.066093e-03   1.645179e-14   22354
  2.072851e-01   2.082040e-12   3.030819e-03   1.337296e-14   24648
  2.179134e-01   1.795419e-12   3.083109e-03   1.083337e-14   27592
  2.285517e-01   1.565118e-12   3.075318e-03   9.027369e-15   30152
  2.391687e-01   1.385415e-12   3.069056e-03   7.685151e-15   33046
  2.497808e-01   1.260253e-12   3.053846e-03   6.733058e-15   35992
  2.604233e-01   1.132452e-12   3.074764e-03   5.781228e-15   39304
  2.710722e-01   1.026014e-12   3.082145e-03   4.994866e-15   42608
  2.817050e-01   9.048011e-13   3.058267e-03   4.298490e-15   45758
  2.923349e-01   8.080453e-13   3.072286e-03   3.716283e-15   49536
  3.029238e-01   7.343538e-13   3.039208e-03   3.257960e-15   52488
  3.135134e-01   6.780849e-13   3.084628e-03   2.888296e-15   57034
  3.241511e-01   6.048241e-13   3.061146e-03   2.487178e-15   60648
  3.347969e-01   5.601053e-13   3.076329e-03   2.236448e-15   65044
  3.454223e-01   5.167272e-13   3.057760e-03   1.988861e-15   68720
  3.560505e-01   4.694018e-13   3.078281e-03   1.755871e-15   73538
  3.667175e-01   4.323864e-13   3.076939e-03   1.574322e-15   78080
  3.773260e-01   4.022455e-13   3.039859e-03   1.432574e-15   81572
  3.879192e-01   3.731696e-13   3.081238e-03   1.284259e-15   87248
  3.985882e-01   3.442120e-13   3.084591e-03   1.157636e-15   92266
  4.092322e-01   3.209164e-13   3.063169e-03   1.057634e-15   96696
  4.198039e-01   2.975981e-13   3.037602e-03   9.609731e-16   100904
  4.303789e-01   2.773994e-13   3.065517e-03   8.750110e-16   107036
  4.410480e-01   2.602482e-13   3.089487e-03   7.930062e-16   113362
  4.517307e-01   2.422747e-13   3.072092e-03   7.226725e-16   118176
  4.623378e-01   2.279012e-13   3.054661e-03   6.723625e-16   122944
  4.729644e-01   2.139073e-13   3.083007e-03   6.110860e-16   129902
  4.836049e-01   1.986000e-13   3.061727e-03   5.559914e-16   134944
  4.942158e-01   1.889771e-13   3.064979e-03   5.201945e-16   140952
  5.048213e-01   1.760986e-13   3.064662e-03   4.775816e-16   147072
  5.154342e-01   1.665108e-13   3.060800e-03   4.386161e-16   153382
  5.260893e-01   1.580676e-13   3.082622e-03   4.044361e-16   160952
  5.367508e-01   1.486939e-13   3.070294e-03   3.768293e-16   166640
  5.473579e-01   1.409968e-13   3.057153e-03   3.542855e-16   172448
  5.579787e-01   1.333123e-13   3.077577e-03   3.256965e-16   180594
  5.686178e-01   1.262338e-13   3.060710e-03   3.027101e-16   186556
  5.792219e-01   1.198725e-13   3.063394e-03   2.854163e-16   193528
  5.898242e-01   1.143739e-13   3.060684e-03   2.663577e-16   200626
  6.004609e-01   1.082513e-13   3.076604e-03   2.484465e-16   209256
  6.111150e-01   1.035089e-13   3.069663e-03   2.332021e-16   216020
  6.217510e-01   9.853180e-14   3.075746e-03   2.181320e-16   223768
  6.323610e-01   9.319463e-14   3.055783e-03   2.044433e-16   230234
  6.429887e-01   8.921549e-14   3.074922e-03   1.923017e-16   239800
  6.536248e-01   8.518475e-14   3.063054e-03   1.805413e-16   246568
  6.642393e-01   8.161283e-14   3.068328e-03   1.702774e-16   254828
  6.748534e-01   7.771073e-14   3.064424e-03   1.599459e-16   263074
  6.854951e-01   7.409192e-14   3.071509e-03   1.507179e-16   272312
  6.961385e-01   7.100397e-14   3.070197e-03   1.427833e-16   280376
  7.067732e-01   6.820683e-14   3.071500e-03   1.353369e-16   288884
  7.174012e-01   6.496893e-14   3.068501e-03   1.267690e-16   297602
  7.280177e-01   6.286950e-14   3.057614e-03   1.213469e-16   305520
  7.386402e-01   6.000289e-14   3.075198e-03   1.140603e-16   315976
  7.492461e-01   5.741431e-14   3.052723e-03   1.081779e-16   322778
  7.598720e-01   5.557766e-14   3.080021e-03   1.033125e-16   335372
  7.705286e-01   5.293449e-14   3.068318e-03   9.744567e-17   343464
  7.811635e-01   5.080859e-14   3.070705e-03   9.210758e-17   352912
  7.917934e-01   4.899410e-14   3.070498e-03   8.809414e-17   362666
  8.024224e-01   4.741328e-14   3.063690e-03   8.429382e-17   371884
  8.130465e-01   4.535790e-14   3.069929e-03   7.979851e-17   382280
  8.236583e-01   4.372456e-14   3.060755e-03   7.591726e-17   390888
  8.342648e-01   4.210870e-14   3.067168e-03   7.245506e-17   402234
  8.448912e-01   4.079548e-14   3.064832e-03   6.945549e-17   412576
  8.555263e-01   3.902717e-14   3.071788e-03   6.586492e-17   423732
  8.661590e-01   3.778963e-14   3.068142e-03   6.311376e-17   433624
  8.767950e-01   3.642050e-14   3.072203e-03   6.010129e-17   445154
  8.874347e-01   3.507814e-14   3.069139e-03   5.754158e-17   455584
  8.980596e-01   3.385822e-14   3.064716e-03   5.500804e-17   465588
  9.086714e-01   3.257017e-14   3.065163e-03   5.234080e-17   476762
  9.193048e-01   3.159778e-14   3.073106e-03   5.014062e-17   489552
  9.299472e-01   3.058954e-14   3.069632e-03   4.842170e-17   500328
  9.405628e-01   2.957020e-14   3.059261e-03   4.631782e-17   509852
  9.511854e-01   2.851030e-14   3.074339e-03   4.444370e-17   524234
  9.618189e-01   2.760934e-14   3.061952e-03   4.255331e-17   534104
  9.724448e-01   2.665470e-14   3.070528e-03   4.077497e-17   547048
  9.830800e-01   2.584809e-14   3.073862e-03   3.922305e-17   559328
  9.937180e-01   2.502105e-14   3.070866e-03   3.764294e-17   571326
  1.004339e+00   2.427512e-14   3.060367e-03   3.614565e-17   581920
  1.014951e+00   2.341941e-14   3.064588e-03   3.477039e-17   594832
  1.025571e+00   2.275995e-14   3.068054e-03   3.343947e-17   608048
  1.036206e+00   2.199982e-14   3.070252e-03   3.211341e-17   621526
  1.046839e+00   2.130155e-14   3.066112e-03   3.092834e-17   633240
  1.057456e+00   2.068126e-14   3.064953e-03   2.976073e-17   645472
  1.068086e+00   2.011981e-14   3.075342e-03   2.873170e-17   660906
  1.078726e+00   1.951615e-14   3.067576e-03   2.779049e-17   672856
  1.089356e+00   1.886675e-14   3.067094e-03   2.670232e-17   685980
  1.099980e+00   1.830155e-14   3.067978e-03   2.574786e-17   699256
  1.110619e+00   1.775420e-14   3.074976e-03   2.471329e-17   714730
  1.121246e+00   1.722460e-14   3.059348e-03   2.391861e-17   725152
  1.131863e+00   1.670885e-14   3.067634e-03   2.311635e-17   740420
  1.142485e+00   1.620010e-14   3.069089e-03   2.227973e-17   754312
  1.153114e+00   1.574474e-14   3.069897e-03   2.150223e-17   769114
  1.163749e+00   1.539702e-14   3.069209e-03   2.079450e-17   783488
  1.174365e+00   1.487726e-14   3.058900e-03   2.006634e-17   794968
  1.184981e+00   1.450436e-14   3.070107e-03   1.945778e-17   812366
  1.195609e+00   1.408895e-14   3.065134e-03   1.881461e-17   825976
  1.206250e+00   1.368367e-14   3.075220e-03   1.814779e-17   843352
  1.216898e+00   1.333798e-14   3.073224e-03   1.759022e-17   857280
  1.227524e+00   1.298286e-14   3.063189e-03   1.709594e-17   869542
  1.238147e+00   1.261632e-14   3.070752e-03   1.649771e-17   887128
  1.248772e+00   1.227396e-14   3.063166e-03   1.598974e-17   900032
  1.259388e+00   1.188965e-14   3.067377e-03   1.541261e-17   916560
  1.270005e+00   1.155623e-14   3.061783e-03   1.497315e-17   930922
  1.280635e+00   1.126815e-14   3.071795e-03   1.444830e-17   949844
  1.291287e+00   1.097349e-14   3.076939e-03   1.404577e-17   966736
  1.301925e+00   1.069724e-14   3.065819e-03   1.365370e-17   978776
  1.312537e+00   1.042607e-14   3.064137e-03   1.330771e-17   994522
  1.323161e+00   1.011679e-14   3.068907e-03   1.283924e-17   1012420
  1.333794e+00   9.863833e-15   3.071598e-03   1.246336e-17   1029408
  1.344410e+00   9.610803e-15   3.058405e-03   1.211205e-17   1041658
  1.355032e+00   9.342530e-15   3.072381e-03   1.173035e-17   1063520
  1.365659e+00   9.097673e-15   3.060689e-03   1.137811e-17   1075808
  1.376294e+00   8.882798e-15   3.080019e-03   1.106611e-17   1098956
  1.386928e+00   8.648781e-15   3.061670e-03   1.075811e-17   1109810
  1.397545e+00   8.452872e-15   3.065288e-03   1.046943e-17   1128608
  1.408178e+00   8.227401e-15   3.073589e-03   1.014900e-17   1148264
  1.418813e+00   8.004699e-15   3.067917e-03   9.878408e-18   1163252
  1.429436e+00   7.804135e-15   3.067070e-03   9.586962e-18   1181042
  1.440060e+00   7.610234e-15   3.064325e-03   9.324932e-18   1197848
  1.450692e+00   7.412993e-15   3.073737e-03   9.064693e-18   1218848
  1.461323e+00   7.216818e-15   3.064859e-03   8.823089e-18   1232916
  1.471945e+00   7.046624e-15   3.068844e-03   8.554807e-18   1253002
  1.482566e+00   6.852482e-15   3.062284e-03   8.331027e-18   1268576
  1.493191e+00   6.708742e-15   3.071552e-03   8.129989e-18   1290128
  1.503822e+00   6.534493e-15   3.068342e-03   7.925442e-18   1307402
  1.514455e+00   6.367698e-15   3.069122e-03   7.709049e-18   1327028
  1.525083e+00   6.206597e-15   3.064970e-03   7.488138e-18   1343648
  1.535711e+00   6.076390e-15   3.070217e-03   7.326587e-18   1364096
  1.546341e+00   5.922181e-15   3.068950e-03   7.110567e-18   1382730
  1.556974e+00   5.754138e-15   3.068757e-03   6.914389e-18   1402164
  1.567604e+00   5.629439e-15   3.068159e-03   6.764679e-18   1420464
  1.578221e+00   5.486122e-15   3.063798e-03   6.588762e-18   1437368
  1.588847e+00   5.374968e-15   3.072142e-03   6.425451e-18   1461530
  1.599480e+00   5.222696e-15   3.065069e-03   6.245013e-18   1478264
  1.610108e+00   5.101204e-15   3.068902e-03   6.098100e-18   1499356
  1.620732e+00   4.961560e-15   3.065238e-03   5.950779e-18   1517016
  1.631360e+00   4.866875e-15   3.070849e-03   5.808537e-18   1540090
  1.641988e+00   4.741943e-15   3.065366e-03   5.662967e-18   1557360
  1.652609e+00   4.625724e-15   3.066926e-03   5.526860e-18   1577780
  1.663242e+00   4.518533e-15   3.075107e-03   5.388504e-18   1602578
  1.673875e+00   4.409906e-15   3.063542e-03   5.261748e-18   1617672
  1.684498e+00   4.315986e-15   3.069033e-03   5.141123e-18   1641016
  1.695122e+00   4.210696e-15   3.065080e-03   5.027035e-18   1659416
  1.705746e+00   4.101296e-15   3.068431e-03   4.896314e-18   1682670
  1.716382e+00   4.009206e-15   3.070690e-03   4.777426e-18   1705256
  1.727024e+00   3.908723e-15   3.071890e-03   4.670206e-18   1726312
  1.737645e+00   3.819288e-15   3.062639e-03   4.571867e-18   1741880
  1.748261e+00   3.734155e-15   3.067156e-03   4.465081e-18   1766454
  1.758897e+00   3.648160e-15   3.073105e-03   4.351571e-18   1791784
  1.769528e+00   3.565623e-15   3.063894e-03   4.278664e-18   1807712
  1.780139e+00   3.478899e-15   3.062775e-03   4.173562e-18   1829002
  1.790759e+00   3.393331e-15   3.067263e-03   4.074837e-18   1854216
  1.801400e+00   3.318366e-15   3.074631e-03   3.983370e-18   1880156
  1.812037e+00   3.227903e-15   3.068349e-03   3.886062e-18   1897568
  1.822663e+00   3.166602e-15   3.068475e-03   3.808460e-18   1920458
  1.833288e+00   3.091565e-15   3.065997e-03   3.724157e-18   1942208
  1.843915e+00   3.029190e-15   3.067813e-03   3.654855e-18   1965612
  1.854544e+00   2.948225e-15   3.069639e-03   3.558545e-18   1989000
  1.865168e+00   2.879255e-15   3.064465e-03   3.483201e-18   2009114
  1.875791e+00   2.808648e-15   3.067400e-03   3.406116e-18   2034464
  1.886424e+00   2.748745e-15   3.070174e-03   3.338861e-18   2058476
  1.897052e+00   2.680928e-15   3.068039e-03   3.268468e-18   2079648
  1.907673e+00   2.628379e-15   3.065891e-03   3.202334e-18   2102578
  1.918306e+00   2.563615e-15   3.070742e-03   3.128613e-18   2129928
  1.928942e+00   2.501973e-15   3.069733e-03   3.069944e-18   2152096
  1.939563e+00   2.451788e-15   3.062858e-03   3.010759e-18   2171142
  1.950185e+00   2.400839e-15   3.069150e-03   2.947330e-18   2200248
  1.960824e+00   2.330809e-15   3.071017e-03   2.869551e-18   2225216
  1.971460e+00   2.284108e-15   3.070942e-03   2.819896e-18   2248448
  1.982084e+00   2.234914e-15   3.064272e-03   2.761317e-18   2267942
  1.992710e+00   2.184804e-15   3.071051e-03   2.708926e-18   2298072
  2.003337e+00   2.135315e-15   3.064068e-03   2.662644e-18   2317272
  2.013961e+00   2.084904e-15   3.069747e-03   2.600214e-18   2345808
  2.024580e+00   2.031822e-15   3.062469e-03   2.546641e-18   2365650
  2.035206e+00   1.988930e-15   3.069930e-03   2.501835e-18   2396940
  2.045842e+00   1.945708e-15   3.069936e-03   2.444699e-18   2421272
  2.056473e+00   1.903924e-15   3.068399e-03   2.409186e-18   2444576
  2.067102e+00   1.860898e-15   3.069748e-03   2.356965e-18   2471490
  2.077728e+00   1.818026e-15   3.064854e-03   2.309584e-18   2493180
  2.088349e+00   1.778476e-15   3.068019e-03   2.262097e-18   2520952
  2.098972e+00   1.732698e-15   3.065319e-03   2.220207e-18   2544946
  2.109598e+00   1.692740e-15   3.068311e-03   2.175301e-18   2573856
  2.120230e+00   1.658191e-15   3.069026e-03   2.134547e-18   2600016
  2.130862e+00   1.622199e-15   3.069102e-03   2.093984e-18   2625484
  2.141490e+00   1.585230e-15   3.068080e-03   2.057771e-18   2651122
  2.152130e+00   1.548690e-15   3.074348e-03   2.013745e-18   2683488
  2.162754e+00   1.516101e-15   3.059466e-03   1.983843e-18   2696352
  2.173371e+00   1.480132e-15   3.071171e-03   1.941076e-18   2733020
  2.184002e+00   1.444368e-15   3.067530e-03   1.907553e-18   2757378
  2.194631e+00   1.417924e-15   3.067942e-03   1.872740e-18   2784864
  2.205259e+00   1.384826e-15   3.067811e-03   1.836297e-18   2811168
  2.215874e+00   1.352586e-15   3.061061e-03   1.804545e-18   2832274
  2.226505e+00   1.323521e-15   3.075611e-03   1.772395e-18   2873636
  2.237142e+00   1.295408e-15   3.064877e-03   1.738620e-18   2890496
  2.247766e+00   1.262143e-15   3.069851e-03   1.709172e-18   2921800
  2.258399e+00   1.237499e-15   3.071101e-03   1.674483e-18   2951298
  2.269032e+00   1.206935e-15   3.066274e-03   1.649439e-18   2975476
  2.279663e+00   1.180354e-15   3.071375e-03   1.616392e-18   3007728
  2.290285e+00   1.157163e-15   3.061886e-03   1.589366e-18   3025776
  2.300910e+00   1.128870e-15   3.072955e-03   1.561270e-18   3065762
  2.311540e+00   1.102058e-15   3.063208e-03   1.534936e-18   3084856
  2.322162e+00   1.078027e-15   3.068985e-03   1.507570e-18   3118044
  2.332782e+00   1.052575e-15   3.064319e-03   1.478509e-18   3141352
  2.343410e+00   1.034891e-15   3.072036e-03   1.456966e-18   3179274
  2.354046e+00   1.006112e-15   3.067682e-03   1.427855e-18   3204120
  2.364668e+00   9.843649e-16   3.063610e-03   1.407610e-18   3227900
  2.375288e+00   9.644146e-16   3.068722e-03   1.381844e-18   3262394
  2.385925e+00   9.411045e-16   3.071814e-03   1.357909e-18   3295680
  2.396559e+00   9.184956e-16   3.067166e-03   1.334100e-18   3319560
  2.407184e+00   9.046950e-16   3.068070e-03   1.313581e-18   3348972
  2.417810e+00   8.815915e-16   3.068540e-03   1.291215e-18   3379722
  2.428441e+00   8.622105e-16   3.068348e-03   1.268685e-18   3410720
  2.439075e+00   8.420502e-16   3.069517e-03   1.248250e-18   3441504
  2.449697e+00   8.228948e-16   3.063301e-03   1.228756e-18   3463624
  2.460317e+00   8.047886e-16   3.068043e-03   1.206456e-18   3499790
  2.470951e+00   7.859853e-16   3.070702e-03   1.188449e-18   3533560
  2.481588e+00   7.686608e-16   3.069830e-03   1.166241e-18   3561920
  2.492209e+00   7.495554e-16   3.064208e-03   1.149415e-18   3585208
  2.502830e+00   7.361572e-16   3.069185e-03   1.127826e-18   3622518
  2.513468e+00   7.166096e-16   3.072344e-03   1.108657e-18   3657584
  2.524094e+00   7.001428e-16   3.062507e-03   1.094707e-18   3676440
  2.534707e+00   6.844311e-16   3.065232e-03   1.076705e-18   3711282
  2.545334e+00   6.719138e-16   3.068763e-03   1.058617e-18   3747696
  2.555965e+00   6.560236e-16   3.067225e-03   1.041386e-18   3776188
  2.566601e+00   6.453014e-16   3.074483e-03   1.024111e-18   3815304
  2.577232e+00   6.264230e-16   3.064660e-03   1.008770e-18   3835370
  2.587856e+00   6.132335e-16   3.068926e-03   9.914387e-19   3873424
  2.598487e+00   5.994730e-16   3.067978e-03   9.774829e-19   3903420
  2.609117e+00   5.871160e-16   3.070036e-03   9.617212e-19   3937624
  2.619745e+00   5.730698e-16   3.066011e-03   9.457401e-19   3965658
  2.630375e+00   5.625275e-16   3.069802e-03   9.305324e-19   4002984
  2.641001e+00   5.481733e-16   3.065136e-03   9.178089e-19   4027928
  2.651616e+00   5.351171e-16   3.064941e-03   9.018953e-19   4059844
  2.662241e+00   5.265786e-16   3.069945e-03   8.893520e-19   4100338
  2.672876e+00   5.125621e-16   3.069128e-03   8.743754e-19   4132264
  2.683506e+00   5.001011e-16   3.068474e-03   8.611797e-19   4163216
  2.694131e+00   4.918224e-16   3.066146e-03   8.497089e-19   4193350
  2.704761e+00   4.805039e-16   3.071068e-03   8.354882e-19   4234456
  2.715390e+00   4.690792e-16   3.064079e-03   8.239065e-19   4257264
  2.726012e+00   4.603281e-16   3.069774e-03   8.106428e-19   4297352
  2.736640e+00   4.476791e-16   3.067495e-03   7.984252e-19   4328642
  2.747272e+00   4.384639e-16   3.070663e-03   7.864429e-19   4367948
  2.757895e+00   4.274959e-16   3.061799e-03   7.752716e-19   4388384
  2.768519e+00   4.198054e-16   3.072247e-03   7.623365e-19   4436648
  2.779154e+00   4.100172e-16   3.067997e-03   7.519852e-19   4465658
  2.789787e+00   4.002217e-16   3.069677e-03   7.402904e-19   4502948
  2.800413e+00   3.915683e-16   3.064787e-03   7.291595e-19   4528880
  2.811033e+00   3.846181e-16   3.067181e-03   7.197977e-19   4566290
  2.821663e+00   3.745834e-16   3.070655e-03   7.076389e-19   4606856
  2.832293e+00   3.665292e-16   3.066552e-03   6.981912e-19   4635380
  2.842916e+00   3.585035e-16   3.067131e-03   6.877566e-19   4670384
  2.853543e+00   3.495430e-16   3.069161e-03   6.777758e-19   4709258
  2.864179e+00   3.431927e-16   3.070324e-03   6.678076e-19   4747352
  2.874805e+00   3.349305e-16   3.063655e-03   6.594518e-19   4771664
  2.885427e+00   3.284820e-16   3.068600e-03   6.486398e-19   4813532
  2.896058e+00   3.202342e-16   3.070437e-03   6.389155e-19   4852322
  2.906693e+00   3.142705e-16   3.069013e-03   6.297069e-19   4886480
  2.917320e+00   3.062606e-16   3.066289e-03   6.214401e-19   4917248
  2.927939e+00   2.991354e-16   3.065099e-03   6.122016e-19   4950828
  2.938569e+00   2.944649e-16   3.072788e-03   6.041037e-19   5000170
  2.949204e+00   2.877351e-16   3.066857e-03   5.959249e-19   5026952
  2.959825e+00   2.817227e-16   3.064676e-03   5.873546e-19   5058752
  2.970445e+00   2.743340e-16   3.067741e-03   5.780669e-19   5100722
  2.981076e+00   2.689801e-16   3.068979e-03   5.700525e-19   5140124
  2.991706e+00   2.619999e-16   3.067937e-03   5.621240e-19   5174072
  3.002335e+00   2.565091e-16   3.068928e-03   5.552180e-19   5211608
  3.012962e+00   2.513124e-16   3.067917e-03   5.466346e-19   5247794
  3.023589e+00   2.469114e-16   3.066908e-03   5.394970e-19   5284196
  3.034222e+00   2.406146e-16   3.071657e-03   5.308411e-19   5328800
  3.044847e+00   2.343627e-16   3.063109e-03   5.244657e-19   5350872
  3.055470e+00   2.300088e-16   3.069608e-03   5.167855e-19   5400634
  3.066097e+00   2.246704e-16   3.065291e-03   5.096797e-19   5430968
  3.076725e+00   2.194293e-16   3.070185e-03   5.018141e-19   5475908
  3.087355e+00   2.155639e-16   3.068352e-03   4.965553e-19   5510016
  3.097986e+00   2.111658e-16   3.069695e-03   4.898005e-19   5552114
  3.108620e+00   2.066879e-16   3.068841e-03   4.825993e-19   5588944
  3.119249e+00   2.028066e-16   3.067703e-03   4.766884e-19   5623828
  3.129873e+00   1.968958e-16   3.066629e-03   4.697319e-19   5660722
  3.140497e+00   1.936804e-16   3.066422e-03   4.634584e-19   5699896
  3.151124e+00   1.890809e-16   3.068968e-03   4.567286e-19   5741936
  3.161754e+00   1.850517e-16   3.069010e-03   4.504735e-19   5779568
  3.172381e+00   1.809106e-16   3.067639e-03   4.449697e-19   5817222
  3.183006e+00   1.767223e-16   3.066013e-03   4.389340e-19   5854600
  3.193635e+00   1.728982e-16   3.069791e-03   4.329287e-19   5900040
  3.204262e+00   1.702430e-16   3.066501e-03   4.273351e-19   5931976
  3.214890e+00   1.671024e-16   3.070101e-03   4.218943e-19   5979390
  3.225518e+00   1.635925e-16   3.065321e-03   4.157692e-19   6010200
  3.236144e+00   1.587322e-16   3.069327e-03   4.101930e-19   6056496
  3.246769e+00   1.568128e-16   3.066211e-03   4.056473e-19   6089504
  3.257396e+00   1.531361e-16   3.069391e-03   3.996870e-19   6137114
  3.268025e+00   1.499911e-16   3.067201e-03   3.944472e-19   6173332
  3.278652e+00   1.461964e-16   3.067882e-03   3.894624e-19   6214128
  3.289279e+00   1.434004e-16   3.067306e-03   3.842134e-19   6253874
  3.299910e+00   1.385548e-16   3.069629e-03   3.792736e-19   6300104
  3.310539e+00   1.366566e-16   3.066365e-03   3.745348e-19   6332612
  3.321166e+00   1.341518e-16   3.070240e-03   3.697272e-19   6379768
  3.331797e+00   1.314257e-16   3.068597e-03   3.647697e-19   6418218
  3.342427e+00   1.283391e-16   3.068360e-03   3.603755e-19   6459880
  3.353052e+00   1.254516e-16   3.066116e-03   3.554968e-19   6495652
  3.363680e+00   1.240617e-16   3.070231e-03   3.505170e-19   6545296
  3.374311e+00   1.202175e-16   3.067227e-03   3.463287e-19   6581570
  3.384935e+00   1.180372e-16   3.065246e-03   3.416301e-19   6618960
  3.395556e+00   1.154790e-16   3.067158e-03   3.373867e-19   6663352
  3.406178e+00   1.137873e-16   3.065376e-03   3.335729e-19   6701334
  3.416809e+00   1.100831e-16   3.072512e-03   3.286066e-19   6759920
  3.427444e+00   1.083173e-16   3.067179e-03   3.246003e-19   6789696
  3.438073e+00   1.056751e-16   3.069955e-03   3.206512e-19   6837208
  3.448703e+00   1.045136e-16   3.067492e-03   3.165526e-19   6874966
  3.459333e+00   1.008276e-16   3.068613e-03   3.124513e-19   6920864
  3.469960e+00   1.001193e-16   3.066758e-03   3.086808e-19   6957816
  3.480585e+00   9.691254e-17   3.068144e-03   3.045145e-19   7002232
  3.491208e+00   9.595984e-17   3.066540e-03   3.008889e-19   7043114
  3.501840e+00   9.333588e-17   3.070403e-03   2.967512e-19   7096020
  3.512471e+00   9.124162e-17   3.067394e-03   2.932186e-19   7130640
  3.523097e+00   8.982737e-17   3.068276e-03   2.896838e-19   7175472
  3.533723e+00   8.735909e-17   3.067248e-03   2.862979e-19   7217786
  3.544353e+00   8.607055e-17   3.068999e-03   2.826992e-19   7265564
  3.554979e+00   8.438647e-17   3.066319e-03   2.794493e-19   7301288
  3.565600e+00   8.332789e-17   3.066375e-03   2.754420e-19   7345330
  3.576227e+00   8.080771e-17   3.069052e-03   2.721133e-19   7397048
  3.586856e+00   8.004326e-17   3.067039e-03   2.687566e-19   7435920
  3.597485e+00   7.788756e-17   3.069220e-03   2.656601e-19   7484140
  3.608113e+00   7.629845e-17   3.067643e-03   2.623947e-19   7525578
  3.618741e+00   7.503486e-17   3.067518e-03   2.592616e-19   7571376
  3.629371e+00   7.426678e-17   3.068480e-03   2.560246e-19   7617064
  3.640002e+00   7.196766e-17   3.069456e-03   2.526655e-19   7662092
  3.650627e+00   7.105749e-17   3.066324e-03   2.498281e-19   7699658
  3.661254e+00   6.955330e-17   3.068945e-03   2.463910e-19   7752416
  3.671886e+00   6.728054e-17   3.069408e-03   2.439078e-19   7797776
  3.682511e+00   6.613820e-17   3.065176e-03   2.408566e-19   7831720
  3.693136e+00   6.572645e-17   3.069723e-03   2.378893e-19   7889926
  3.703768e+00   6.432141e-17   3.067981e-03   2.347251e-19   7931480
  3.714397e+00   6.273819e-17   3.068251e-03   2.319165e-19   7976688
  3.725016e+00   6.211695e-17   3.062621e-03   2.294823e-19   8007786
  3.735639e+00   6.057856e-17   3.070332e-03   2.267133e-19   8074564
  3.746275e+00   5.946983e-17   3.070085e-03   2.238571e-19   8118904
  3.756904e+00   5.814218e-17   3.066957e-03   2.211857e-19   8155824
  3.767533e+00   5.687279e-17   3.070641e-03   2.186219e-19   8212802
  3.778161e+00   5.590202e-17   3.065118e-03   2.160999e-19   8245268
  3.788791e+00   5.510620e-17   3.071754e-03   2.132193e-19   8308816
  3.799422e+00   5.417596e-17   3.066301e-03   2.108815e-19   8340304
  3.810044e+00   5.334845e-17   3.066222e-03   2.083949e-19   8387738
  3.820668e+00   5.198091e-17   3.067207e-03   2.059867e-19   8437624
  3.831296e+00   5.105375e-17   3.068826e-03   2.034269e-19   8487796
  3.841921e+00   5.042637e-17   3.066430e-03   2.012075e-19   8527936
  3.852549e+00   4.934982e-17   3.069409e-03   1.987467e-19   8585122
  3.863180e+00   4.843195e-17   3.067925e-03   1.965043e-19   8628200
  3.873811e+00   4.746687e-17   3.069670e-03   1.940687e-19   8679484
  3.884439e+00   4.668516e-17   3.067320e-03   1.919845e-19   8721466
  3.895064e+00   4.585097e-17   3.065795e-03   1.894508e-19   8765840
  3.905692e+00   4.511939e-17   3.070355e-03   1.872339e-19   8825136
  3.916320e+00   4.457086e-17   3.066753e-03   1.851839e-19   8861768
  3.926948e+00   4.352659e-17   3.069321e-03   1.829690e-19   8919278
  3.937577e+00   4.265866e-17   3.066595e-03   1.810001e-19   8961008
  3.948205e+00   4.180408e-17   3.068779e-03   1.788796e-19   9014456
  3.958835e+00   4.125600e-17   3.068818e-03   1.765731e-19   9062240
  3.969465e+00   3.987693e-17   3.068277e-03   1.747627e-19   9110510
  3.980091e+00   3.996320e-17   3.066455e-03   1.728286e-19   9154048
  3.990712e+00   3.940443e-17   3.065703e-03   1.707857e-19   9198928
  4.001336e+00   3.835957e-17   3.068826e-03   1.687926e-19   9257194
  4.011967e+00   3.805613e-17   3.069362e-03   1.669486e-19   9310168
  4.022596e+00   3.701782e-17   3.066324e-03   1.651517e-19   9350316
  4.033222e+00   3.663703e-17   3.069210e-03   1.630268e-19   9407120
  4.043852e+00   3.592028e-17   3.068250e-03   1.612310e-19   9454642
  4.054482e+00   3.515096e-17   3.068405e-03   1.594097e-19   9506272
  4.065111e+00   3.470108e-17   3.067355e-03   1.574015e-19   9551228
  4.075735e+00   3.414431e-17   3.067594e-03   1.559764e-19   9600264
  4.086360e+00   3.375472e-17   3.067530e-03   1.539983e-19   9651458
  4.096991e+00   3.301562e-17   3.070122e-03   1.521663e-19   9711488
  4.107620e+00   3.263751e-17   3.066189e-03   1.505453e-19   9749144
  4.118247e+00   3.244717e-17   3.069033e-03   1.488181e-19   9807908
  4.128876e+00   3.121180e-17   3.067607e-03   1.472419e-19   9854786
  4.139508e+00   3.114376e-17   3.070269e-03   1.455684e-19   9914304
  4.150134e+00   3.048433e-17   3.064668e-03   1.440290e-19   9945544
  4.160753e+00   3.023400e-17   3.066794e-03   1.423408e-19   10003414
  4.171379e+00   2.986686e-17   3.068671e-03   1.406296e-19   10062032
  4.182011e+00   2.919868e-17   3.069142e-03   1.390834e-19   10114792
  4.192645e+00   2.915116e-17   3.070449e-03   1.374997e-19   10169936
  4.203267e+00   2.837079e-17   3.062650e-03   1.362558e-19   10196602
  4.213895e+00   2.784227e-17   3.072265e-03   1.344537e-19   10281156
  4.224526e+00   2.732708e-17   3.065688e-03   1.329942e-19   10309376
  4.235150e+00   2.724406e-17   3.068567e-03   1.314698e-19   10369856
  4.245775e+00   2.688954e-17   3.066063e-03   1.301727e-19   10415370
  4.256404e+00   2.607966e-17   3.070045e-03   1.285677e-19   10481988
  4.267039e+00   2.588986e-17   3.069556e-03   1.272904e-19   10531200
  4.277665e+00   2.572013e-17   3.065408e-03   1.258182e-19   10569416
  4.288289e+00   2.521113e-17   3.068216e-03   1.245430e-19   10633066
  4.298919e+00   2.496101e-17   3.068866e-03   1.230150e-19   10687548
  4.309552e+00   2.431922e-17   3.070419e-03   1.217192e-19   10743968
  4.320180e+00   2.447720e-17   3.065849e-03   1.204497e-19   10782130
  4.330801e+00   2.388546e-17   3.066095e-03   1.192324e-19   10837792
  4.341427e+00   2.357400e-17   3.068321e-03   1.178020e-19   10897368
  4.352058e+00   2.322838e-17   3.069642e-03   1.166436e-19   10953940
  4.362687e+00   2.311471e-17   3.067969e-03   1.154229e-19   11003274
  4.373313e+00   2.240047e-17   3.066343e-03   1.141485e-19   11052800
  4.383943e+00   2.223529e-17   3.070099e-03   1.128753e-19   11118176
  4.394573e+00   2.191975e-17   3.067934e-03   1.116576e-19   11162268
  4.405196e+00   2.188435e-17   3.066117e-03   1.104367e-19   11211458
  4.415820e+00   2.151577e-17   3.067310e-03   1.092882e-19   11271888
  4.426448e+00   2.106411e-17   3.068640e-03   1.081146e-19   11329304
  4.437073e+00   2.074954e-17   3.066385e-03   1.070172e-19   11375026
  4.447701e+00   2.061669e-17   3.069261e-03   1.058284e-19   11442532
  4.458330e+00   2.046179e-17   3.066551e-03   1.047402e-19   11487264
  4.468957e+00   1.989482e-17   3.068098e-03   1.035069e-19   11545680
  4.479587e+00   1.960963e-17   3.069842e-03   1.024380e-19   11607058
  4.490221e+00   1.976386e-17   3.069925e-03   1.014443e-19   11664300
  4.500851e+00   1.938754e-17   3.066963e-03   1.003250e-19   11707488
  4.511474e+00   1.923054e-17   3.066617e-03   9.932240e-20   11759536
  4.522104e+00   1.884568e-17   3.071176e-03   9.815749e-20   11833690
  4.532737e+00   1.895342e-17   3.067542e-03   9.726323e-20   11877808
  4.543362e+00   1.850260e-17   3.065778e-03   9.623965e-20   11925836
  4.553987e+00   1.837319e-17   3.068899e-03   9.515453e-20   11992168
  4.564616e+00   1.820372e-17   3.067784e-03   9.424824e-20   12044554
  4.575242e+00   1.798944e-17   3.067168e-03   9.326840e-20   12098976
  4.585865e+00   1.766955e-17   3.066173e-03   9.230475e-20   12149996
  4.596487e+00   1.760876e-17   3.067038e-03   9.125785e-20   12209594
  4.607117e+00   1.736727e-17   3.069983e-03   9.037611e-20   12279272
  4.617752e+00   1.726563e-17   3.070004e-03   8.946295e-20   12336072
  4.628383e+00   1.692816e-17   3.067416e-03   8.853885e-20   12381744
  4.639009e+00   1.680989e-17   3.068068e-03   8.756957e-20   12441590
  4.649637e+00   1.678040e-17   3.067557e-03   8.674423e-20   12497256
  4.660262e+00   1.652614e-17   3.066825e-03   8.591515e-20   12550032
  4.670884e+00   1.638957e-17   3.066185e-03   8.495368e-20   12603936
  4.681508e+00   1.630556e-17   3.068111e-03   8.413781e-20   12671230
  4.692142e+00   1.586705e-17   3.070828e-03   8.324460e-20   12740920
  4.702775e+00   1.584135e-17   3.067767e-03   8.247657e-20   12784560
  4.713398e+00   1.565126e-17   3.065894e-03   8.150395e-20   12834176
  4.724025e+00   1.536613e-17   3.069663e-03   8.071581e-20   12909006
  4.734656e+00   1.543424e-17   3.068089e-03   7.999673e-20   12959680
  4.745283e+00   1.507712e-17   3.067551e-03   7.919284e-20   13014232
  4.755909e+00   1.496007e-17   3.068154e-03   7.827204e-20   13076514
  4.766534e+00   1.506482e-17   3.065684e-03   7.765881e-20   13127112
  4.777164e+00   1.480186e-17   3.070665e-03   7.670807e-20   13205852
  4.787797e+00   1.481859e-17   3.068206e-03   7.595624e-20   13252032
  4.798423e+00   1.453138e-17   3.066967e-03   7.526931e-20   13307450
  4.809051e+00   1.440270e-17   3.068506e-03   7.449596e-20   13374160
  4.819680e+00   1.451171e-17   3.067567e-03   7.384502e-20   13426348
  4.830308e+00   1.424660e-17   3.069633e-03   7.305466e-20   13492760
  4.840934e+00   1.401832e-17   3.066142e-03   7.237104e-20   13539546
  4.851560e+00   1.418957e-17   3.068338e-03   7.165993e-20   13610704
  4.862187e+00   1.376163e-17   3.066835e-03   7.096638e-20   13662024
  4.872813e+00   1.375666e-17   3.068248e-03   7.027604e-20   13727492
  4.883443e+00   1.359395e-17   3.069111e-03   6.953596e-20   13793394
  4.894073e+00   1.349105e-17   3.067154e-03   6.898201e-20   13844456
  4.904699e+00   1.330328e-17   3.067927e-03   6.825552e-20   13905184
  4.915325e+00   1.317105e-17   3.067971e-03   6.756274e-20   13965958
  4.925951e+00   1.323446e-17   3.067148e-03   6.696416e-20   14025192
  4.936580e+00   1.316229e-17   3.068951e-03   6.628275e-20   14093768
  4.947211e+00   1.294686e-17   3.068454e-03   6.565431e-20   14150440
  4.957840e+00   1.296020e-17   3.068630e-03   6.505396e-20   14213450
  4.968468e+00   1.281485e-17   3.066726e-03   6.451265e-20   14267036
  4.979095e+00   1.286290e-17   3.068568e-03   6.385915e-20   14335032
  4.989722e+00   1.243494e-17   3.067092e-03   6.321502e-20   14387664
  5.000347e+00   1.262011e-17   3.068270e-03   6.265963e-20   14455698
  5.010977e+00   1.239786e-17   3.068677e-03   6.206481e-20   14520452
  5.021607e+00   1.234420e-17   3.068497e-03   6.147800e-20   14580272
  5.032232e+00   1.228697e-17   3.065614e-03   6.093856e-20   14628050
  5.042860e+00   1.217353e-17   3.070982e-03   6.033250e-20   14716744
  5.053489e+00   1.204081e-17   3.065407e-03   5.987247e-20   14751712
  5.064115e+00   1.219569e-17   3.069456e-03   5.919398e-20   14831620
  5.074740e+00   1.194366e-17   3.065470e-03   5.871636e-20   14875522
  5.085366e+00   1.182239e-17   3.068961e-03   5.818908e-20   14956720
  5.095994e+00   1.184934e-17   3.066998e-03   5.763061e-20   15008272
  5.106620e+00   1.170652e-17   3.067783e-03   5.712442e-20   15073780
  5.117248e+00   1.180083e-17   3.069002e-03   5.661049e-20   15144866
  5.127883e+00   1.149379e-17   3.070052e-03   5.610344e-20   15213872
  5.138515e+00   1.147367e-17   3.067931e-03   5.558644e-20   15263976
  5.149140e+00   1.137831e-17   3.066723e-03   5.505958e-20   15320236
  5.159767e+00   1.144644e-17   3.069367e-03   5.459044e-20   15398322
  5.170396e+00   1.129107e-17   3.067121e-03   5.411668e-20   15450864
  5.181021e+00   1.144252e-17   3.067373e-03   5.364077e-20   15513888
  5.191645e+00   1.125739e-17   3.066596e-03   5.316473e-20   15574626
  5.202274e+00   1.107295e-17   3.069893e-03   5.272533e-20   15657956
  5.212904e+00   1.104944e-17   3.066736e-03   5.222250e-20   15704248
  5.223531e+00   1.093618e-17   3.068512e-03   5.182183e-20   15774824
  5.234161e+00   1.101525e-17   3.069354e-03   5.129776e-20   15844898
  5.244790e+00   1.096743e-17   3.066994e-03   5.086551e-20   15898956
  5.255415e+00   1.085733e-17   3.067091e-03   5.046701e-20   15961768
  5.266040e+00   1.084816e-17   3.068481e-03   4.999651e-20   16032208
  5.276669e+00   1.069990e-17   3.068464e-03   4.963216e-20   16099530
  5.287295e+00   1.074208e-17   3.065856e-03   4.923035e-20   16152712
  5.297924e+00   1.063110e-17   3.069693e-03   4.875874e-20   16235740
  5.308553e+00   1.061043e-17   3.067725e-03   4.837762e-20   16288856
  5.319183e+00   1.059050e-17   3.069408e-03   4.794628e-20   16365074
  5.329812e+00   1.046071e-17   3.067066e-03   4.760635e-20   16418248
  5.340434e+00   1.040413e-17   3.065573e-03   4.721105e-20   16473180
  5.351058e+00   1.039516e-17   3.069491e-03   4.680783e-20   16560234
  5.361687e+00   1.026518e-17   3.067046e-03   4.636010e-20   16616088
  5.372317e+00   1.036177e-17   3.069133e-03   4.607876e-20   16693264
  5.382948e+00   1.023221e-17   3.068526e-03   4.563356e-20   16753864
  5.393577e+00   1.032327e-17   3.068569e-03   4.532032e-20   16820702
  5.404204e+00   1.003996e-17   3.066887e-03   4.494290e-20   16879288
  5.414832e+00   1.003847e-17   3.068277e-03   4.460467e-20   16951712
  5.425456e+00   1.004329e-17   3.066689e-03   4.423748e-20   17007560
  5.436084e+00   1.001704e-17   3.069534e-03   4.386603e-20   17092086
  5.446713e+00   1.004359e-17   3.067265e-03   4.353491e-20   17148392
  5.457342e+00   1.002787e-17   3.068696e-03   4.320397e-20   17222288
  5.467971e+00   9.922755e-18   3.068089e-03   4.286653e-20   17285096
  5.478597e+00   9.926668e-18   3.066549e-03   4.256831e-20   17344826
  5.489223e+00   9.924475e-18   3.068300e-03   4.220105e-20   17421236
  5.499853e+00   9.869481e-18   3.069479e-03   4.190563e-20   17494160
  5.510478e+00   9.766918e-18   3.065109e-03   4.161063e-20   17538122
  5.521100e+00   9.773579e-18   3.067347e-03   4.131154e-20   17620136
  5.531731e+00   9.860575e-18   3.069687e-03   4.098044e-20   17700428
  5.542362e+00   9.514205e-18   3.068482e-03   4.067233e-20   17760320
  5.552991e+00   9.589243e-18   3.068060e-03   4.037704e-20   17827562
  5.563619e+00   9.554822e-18   3.067912e-03   4.008509e-20   17895488
  5.574247e+00   9.566627e-18   3.068230e-03   3.978966e-20   17963576
  5.584874e+00   9.543657e-18   3.067616e-03   3.954204e-20   18027500
  5.595502e+00   9.498601e-18   3.068831e-03   3.926041e-20   18105650
  5.606129e+00   9.475291e-18   3.066269e-03   3.899487e-20   18160880
  5.616752e+00   9.434976e-18   3.067084e-03   3.870954e-20   18233144
  5.627379e+00   9.481101e-18   3.067872e-03   3.841857e-20   18307310
  5.638008e+00   9.448140e-18   3.068420e-03   3.818870e-20   18381680
  5.648639e+00   9.358798e-18   3.068723e-03   3.793185e-20   18450536
  5.659270e+00   9.446313e-18   3.069549e-03   3.765825e-20   18522128
  5.669897e+00   9.320544e-18   3.067067e-03   3.743258e-20   18578414
  5.680523e+00   9.387758e-18   3.067781e-03   3.719357e-20   18654304
  5.691150e+00   9.316646e-18   3.067639e-03   3.697215e-20   18722304
  5.701780e+00   9.309132e-18   3.069442e-03   3.664653e-20   18802472
  5.712409e+00   9.130712e-18   3.067729e-03   3.644856e-20   18864266
  5.723037e+00   9.197388e-18   3.067347e-03   3.625476e-20   18933260
  5.733662e+00   9.226434e-18   3.066799e-03   3.602885e-20   18997448
  5.744288e+00   9.184440e-18   3.068953e-03   3.576319e-20   19079816
  5.754917e+00   9.087350e-18   3.067744e-03   3.555762e-20   19145330
  5.765545e+00   9.071381e-18   3.067941e-03   3.534482e-20   19218276
  5.776172e+00   9.253262e-18   3.067784e-03   3.515012e-20   19286200
  5.786797e+00   9.025979e-18   3.066457e-03   3.493665e-20   19349738
  5.797427e+00   9.114444e-18   3.070714e-03   3.471963e-20   19450040
  5.808057e+00   9.021778e-18   3.065907e-03   3.455296e-20   19489688
  5.818683e+00   9.017421e-18   3.068803e-03   3.433810e-20   19576868
  5.829310e+00   8.993929e-18   3.067331e-03   3.415623e-20   19640282
  5.839940e+00   8.923354e-18   3.069683e-03   3.398176e-20   19728800
  5.850566e+00   8.906234e-18   3.065237e-03   3.380920e-20   19770152
  5.861190e+00   8.912160e-18   3.068717e-03   3.358575e-20   19863516
  5.871821e+00   8.904845e-18   3.069639e-03   3.342090e-20   19943594
  5.882452e+00   8.884308e-18   3.067597e-03   3.328569e-20   20003440
  5.893081e+00   9.010653e-18   3.068832e-03   3.309080e-20   20081768
  5.903706e+00   8.987183e-18   3.066188e-03   3.289629e-20   20136200
  5.914335e+00   8.849243e-18   3.070449e-03   3.270706e-20   20238094
  5.924964e+00   8.814386e-18   3.066146e-03   3.260000e-20   20282544
  5.935584e+00   8.912569e-18   3.065727e-03   3.244368e-20   20351720
  5.946209e+00   8.840220e-18   3.068474e-03   3.228005e-20   20444714
  5.956838e+00   8.847566e-18   3.067781e-03   3.213927e-20   20515116
  5.967470e+00   8.832957e-18   3.070149e-03   3.200300e-20   20602384
  5.978102e+00   8.770584e-18   3.068165e-03   3.185476e-20   20659872
  5.988728e+00   8.885910e-18   3.067093e-03   3.173112e-20   20727682
  5.999356e+00   8.823738e-18   3.068732e-03   3.153635e-20   20814416
  6.009986e+00   8.830023e-18   3.068153e-03   3.143520e-20   20881100
  6.020612e+00   8.712225e-18   3.068117e-03   3.130157e-20   20953688
  6.031238e+00   8.703285e-18   3.066654e-03   3.119278e-20   21021050
  6.041866e+00   8.764736e-18   3.068891e-03   3.107800e-20   21111632
  6.052496e+00   8.759087e-18   3.068341e-03   3.095937e-20   21179972
  6.063121e+00   8.769936e-18   3.066368e-03   3.081639e-20   21240488
  6.073747e+00   8.814387e-18   3.068419e-03   3.072118e-20   21331418
  6.084375e+00   8.767332e-18   3.067338e-03   3.066792e-20   21397304
  6.095000e+00   8.690169e-18   3.067405e-03   3.052346e-20   21469764
  6.105627e+00   8.725378e-18   3.068819e-03   3.038116e-20   21556122
  6.116254e+00   8.712644e-18   3.066479e-03   3.035391e-20   21618312
  6.126884e+00   8.614886e-18   3.069809e-03   3.016525e-20   21716096
  6.137516e+00   8.769877e-18   3.068719e-03   3.011199e-20   21781352
  6.148144e+00   8.824990e-18   3.067428e-03   3.003912e-20   21848870
  6.158771e+00   8.727357e-18   3.067652e-03   2.996826e-20   21927536
  6.169400e+00   8.735015e-18   3.068795e-03   2.983939e-20   22008944
  6.180028e+00   8.730049e-18   3.067865e-03   2.976809e-20   22076136
  6.190652e+00   8.640766e-18   3.066547e-03   2.974392e-20   22145270
  6.201282e+00   8.696315e-18   3.070373e-03   2.964047e-20   22250960
  6.211913e+00   8.711393e-18   3.066914e-03   2.957810e-20   22300864
  6.222538e+00   8.670342e-18   3.067186e-03   2.947707e-20   22378586
  6.233165e+00   8.720301e-18   3.068261e-03   2.944906e-20   22464104
  6.243795e+00   8.653915e-18   3.068708e-03   2.937487e-20   22542892
  6.254421e+00   8.679351e-18   3.067123e-03   2.933528e-20   22606008
  6.265047e+00   8.673782e-18   3.067919e-03   2.922618e-20   22690002
  6.275673e+00   8.719140e-18   3.066936e-03   2.926028e-20   22762216
  6.286298e+00   8.538860e-18   3.068880e-03   2.900167e-20   22815779
  6.296927e+00   8.294627e-18   3.067733e-03   2.851866e-20   22772312
  6.307555e+00   7.876469e-18   3.067923e-03   2.800985e-20   22733708
  6.318183e+00   7.494398e-18   3.068441e-03   2.746753e-20   22697672
  6.328811e+00   7.208735e-18   3.067507e-03   2.702613e-20   22651460
  6.339438e+00   6.898218e-18   3.068199e-03   2.655921e-20   22616024
  6.350068e+00   6.677060e-18   3.069309e-03   2.610210e-20   22583496
  6.360694e+00   6.328109e-18   3.065960e-03   2.566829e-20   22519252
  6.371317e+00   6.103266e-18   3.067197e-03   2.525223e-20   22488992
  6.381944e+00   5.908079e-18   3.067780e-03   2.482781e-20   22453172
  6.392574e+00   5.631070e-18   3.069105e-03   2.443240e-20   22420584
  6.403204e+00   5.424004e-18   3.068296e-03   2.406219e-20   22371700
  6.413832e+00   5.169279e-18   3.068296e-03   2.369776e-20   22329896
  6.424460e+00   4.988258e-18   3.067512e-03   2.331873e-20   22282876
  6.435088e+00   4.834863e-18   3.068899e-03   2.294472e-20   22250692
  6.445715e+00   4.666057e-18   3.066872e-03   2.261794e-20   22194436
  6.456340e+00   4.451212e-18   3.066996e-03   2.228256e-20   22153540
  6.466968e+00   4.248472e-18   3.068722e-03   2.194221e-20   22122584
  6.477597e+00   4.155063e-18   3.067957e-03   2.163139e-20   22073004
  6.488227e+00   3.991491e-18   3.069406e-03   2.130054e-20   22039640
  6.498854e+00   3.908311e-18   3.066107e-03   2.101222e-20   21971624
  6.509482e+00   3.742598e-18   3.070097e-03   2.071975e-20   21955708
  6.520106e+00   3.616842e-18   3.063845e-03   2.042565e-20   21867720
  6.530733e+00   3.472768e-18   3.071600e-03   2.011451e-20   21878900
  6.541363e+00   3.342201e-18   3.065935e-03   1.988777e-20   21794260
  6.551990e+00   3.235027e-18   3.068881e-03   1.963235e-20   21770256
  6.562619e+00   3.128167e-18   3.068010e-03   1.933426e-20   21718124
  6.573247e+00   3.047859e-18   3.067905e-03   1.910646e-20   21671096
  6.583874e+00   2.938342e-18   3.067932e-03   1.883718e-20   21625412
  6.594503e+00   2.882394e-18   3.069070e-03   1.858661e-20   21587284
  6.605129e+00   2.785537e-18   3.066010e-03   1.836174e-20   21519648
  6.615755e+00   2.720818e-18   3.068792e-03   1.811057e-20   21493344
  6.626384e+00   2.582811e-18   3.067812e-03   1.791876e-20   21439360
  6.637013e+00   2.516930e-18   3.068679e-03   1.766467e-20   21398900
  6.647644e+00   2.415638e-18   3.068668e-03   1.745901e-20   21351488
  6.658271e+00   2.378061e-18   3.066526e-03   1.723064e-20   21288012
  6.668898e+00   2.287492e-18   3.068796e-03   1.703832e-20   21255052
  6.679525e+00   2.240752e-18   3.067400e-03   1.682655e-20   21196928
  6.690151e+00   2.217732e-18   3.067431e-03   1.662789e-20   21149036
  6.700778e+00   2.158125e-18   3.068015e-03   1.643196e-20   21105304
  6.711407e+00   2.108724e-18   3.068524e-03   1.623744e-20   21059992
  6.722038e+00   2.017254e-18   3.069263e-03   1.603908e-20   21014904
  6.732667e+00   1.984733e-18   3.067536e-03   1.586907e-20   20953620
  6.743293e+00   1.934107e-18   3.067478e-03   1.567755e-20   20902948
  6.753920e+00   1.900396e-18   3.068064e-03   1.550364e-20   20856528
  6.764548e+00   1.817298e-18   3.068448e-03   1.531909e-20   20808868
  6.775174e+00   1.777564e-18   3.066599e-03   1.515903e-20   20746700
  6.785798e+00   1.747449e-18   3.066925e-03   1.499855e-20   20699040
  6.796428e+00   1.704443e-18   3.069860e-03   1.482252e-20   20667584
  6.807054e+00   1.655031e-18   3.064988e-03   1.465956e-20   20583320
  6.817679e+00   1.633871e-18   3.069606e-03   1.448991e-20   20562728
  6.828310e+00   1.599819e-18   3.067915e-03   1.434445e-20   20499120
  6.838938e+00   1.549465e-18   3.068337e-03   1.419259e-20   20448668
  6.849566e+00   1.545674e-18   3.068077e-03   1.402642e-20   20394408
  6.860195e+00   1.496434e-18   3.068320e-03   1.388609e-20   20344236
  6.870823e+00   1.495214e-18   3.067630e-03   1.374165e-20   20287988
  6.881451e+00   1.426705e-18   3.068044e-03   1.359858e-20   20237280
  6.892077e+00   1.431500e-18   3.067320e-03   1.346674e-20   20178328
  6.902707e+00   1.343500e-18   3.069652e-03   1.330408e-20   20139844
  6.913336e+00   1.358110e-18   3.067174e-03   1.318358e-20   20069748
  6.923962e+00   1.320641e-18   3.067514e-03   1.305815e-20   20016800
  6.934587e+00   1.320921e-18   3.067642e-03   1.292229e-20   19962224
  6.945217e+00   1.276846e-18   3.069885e-03   1.278802e-20   19923568
  6.955848e+00   1.290400e-18   3.067490e-03   1.265465e-20   19854300
  6.966474e+00   1.217752e-18   3.067154e-03   1.253564e-20   19797056
  6.977101e+00   1.206360e-18   3.067706e-03   1.241385e-20   19744940
  6.987728e+00   1.196593e-18   3.068174e-03   1.229693e-20   19691768
  6.998356e+00   1.169716e-18   3.067321e-03   1.218340e-20   19629548
  7.008982e+00   1.136691e-18   3.067740e-03   1.205191e-20   19575480
  7.019610e+00   1.165195e-18   3.068413e-03   1.194999e-20   19523296
  7.030241e+00   1.106690e-18   3.069533e-03   1.183204e-20   19474344
  7.040867e+00   1.109555e-18   3.065611e-03   1.173536e-20   19392868
  7.051493e+00   1.086623e-18   3.069073e-03   1.161181e-20   19356176
  7.062123e+00   1.055159e-18   3.068592e-03   1.150914e-20   19294916
  7.072754e+00   1.054051e-18   3.069110e-03   1.140441e-20   19240856
  7.083382e+00   1.040686e-18   3.067066e-03   1.130049e-20   19170884
  7.094007e+00   1.037635e-18   3.066966e-03   1.119557e-20   19111352
  7.104633e+00   9.965772e-19   3.068278e-03   1.109883e-20   19060016
  7.115261e+00   1.012596e-18   3.067998e-03   1.100839e-20   18999752
  7.125886e+00   9.937298e-19   3.066210e-03   1.090839e-20   18930272
  7.136511e+00   9.738164e-19   3.068009e-03   1.081126e-20   18882340
  7.147141e+00   9.526326e-19   3.069133e-03   1.071705e-20   18829056
  7.157770e+00   9.630977e-19   3.067293e-03   1.062478e-20   18757640
  7.168398e+00   9.630768e-19   3.069197e-03   1.053167e-20   18709036
  7.179027e+00   9.422927e-19   3.067378e-03   1.044414e-20   18637668
  7.189656e+00   9.058586e-19   3.069146e-03   1.035875e-20   18587048
  7.200283e+00   9.321621e-19   3.066626e-03   1.026931e-20   18510972
  7.210909e+00   9.136231e-19   3.067730e-03   1.018336e-20   18456692
  7.221535e+00   8.789450e-19   3.067567e-03   1.009497e-20   18394084
  7.232164e+00   8.756398e-19   3.069110e-03   1.002212e-20   18341352
  7.242794e+00   8.826372e-19   3.068234e-03   9.933956e-21   18273884
  7.253423e+00   8.405832e-19   3.068036e-03   9.850463e-21   18211148
  7.264048e+00   8.420893e-19   3.066171e-03   9.777123e-21   18137692
  7.274674e+00   8.418863e-19   3.069088e-03   9.695510e-21   18091580
  7.285305e+00   8.414961e-19   3.068515e-03   9.621001e-21   18024560
  7.295932e+00   8.390774e-19   3.067362e-03   9.550850e-21   17955116
  7.306559e+00   8.302799e-19   3.067637e-03   9.465870e-21   17893232
  7.317187e+00   8.203482e-19   3.068343e-03   9.391850e-21   17832620
  7.327816e+00   7.811410e-19   3.068327e-03   9.324809e-21   17767864
  7.338445e+00   8.050376e-19   3.068809e-03   9.260401e-21   17706956
  7.349073e+00   7.832807e-19   3.066947e-03   9.191687e-21   17632632
  7.359699e+00   7.924336e-19   3.068061e-03   9.119586e-21   17573524
  7.370327e+00   7.699379e-19   3.067901e-03   9.049156e-21   17506380
  7.380954e+00   7.610721e-19   3.068207e-03   8.988749e-21   17442548
  7.391580e+00   7.665036e-19   3.066528e-03   8.919098e-21   17368556
  7.402208e+00   7.665581e-19   3.069314e-03   8.851314e-21   17318260
  7.412837e+00   7.242275e-19   3.067939e-03   8.800787e-21   17243792
  7.423463e+00   7.436739e-19   3.066549e-03   8.736720e-21   17169716
  7.434088e+00   7.320115e-19   3.067759e-03   8.674189e-21   17109768
  7.444715e+00   7.337916e-19   3.068012e-03   8.615046e-21   17044064
  7.455345e+00   7.257754e-19   3.068894e-03   8.551179e-21   16981560
  7.465972e+00   6.961813e-19   3.066680e-03   8.495510e-21   16902264
  7.476600e+00   7.059658e-19   3.069499e-03   8.434201e-21   16849940
  7.487230e+00   7.206285e-19   3.067461e-03   8.374085e-21   16770600
  7.497858e+00   7.157943e-19   3.068497e-03   8.312093e-21   16707512
  7.508485e+00   6.888107e-19   3.067634e-03   8.268853e-21   16634480
  7.519114e+00   7.016250e-19   3.068242e-03   8.216726e-21   16569424
  7.529741e+00   6.852671e-19   3.067751e-03   8.166789e-21   16497216
  7.540372e+00   7.035690e-19   3.069501e-03   8.113033e-21   16436416
  7.550999e+00   6.689577e-19   3.067032e-03   8.063923e-21   16353532
  7.561624e+00   6.826047e-19   3.067126e-03   8.010268e-21   16284908
  7.572251e+00   6.680711e-19   3.068426e-03   7.960546e-21   16221948
  7.582881e+00   6.758725e-19   3.068614e-03   7.916586e-21   16152552
  7.593510e+00   6.636603e-19   3.068122e-03   7.862775e-21   16078864
  7.604137e+00   6.478594e-19   3.067536e-03   7.810400e-21   16005296
  7.614766e+00   6.736421e-19   3.068300e-03   7.768365e-21   15938220
  7.625392e+00   6.615735e-19   3.066841e-03   7.733096e-21   15858440
  7.636016e+00   6.550297e-19   3.067373e-03   7.686751e-21   15789252
  7.646642e+00   6.453845e-19   3.067548e-03   7.632252e-21   15718944
  7.657269e+00   6.174190e-19   3.067947e-03   7.588234e-21   15648652
  7.667899e+00   6.351943e-19   3.069201e-03   7.551471e-21   15581944
  7.678531e+00   6.263066e-19   3.069010e-03   7.510526e-21   15508744
  7.689158e+00   6.386277e-19   3.066436e-03   7.473370e-21   15422472
  7.699784e+00   6.263081e-19   3.068878e-03   7.430650e-21   15361536
  7.710413e+00   6.300537e-19   3.067494e-03   7.383368e-21   15281048
  7.721038e+00   6.034939e-19   3.067557e-03   7.349068e-21   15207752
  7.731666e+00   6.315273e-19   3.067687e-03   7.311956e-21   15134800
  7.742292e+00   6.212065e-19   3.067594e-03   7.276796e-21   15059664
  7.752920e+00   6.123157e-19   3.068106e-03   7.235572e-21   14987020
  7.763550e+00   6.030724e-19   3.069757e-03   7.199890e-21   14919936
  7.774179e+00   5.834654e-19   3.066979e-03   7.166816e-21   14831776
  7.784807e+00   6.117165e-19   3.069197e-03   7.125237e-21   14767552
  7.795435e+00   5.873370e-19   3.066309e-03   7.088259e-21   14678336
  7.806062e+00   5.861552e-19   3.069079e-03   7.055724e-21   14615044
  7.816690e+00   5.937565e-19   3.067275e-03   7.025610e-21   14530200
  7.827317e+00   5.977447e-19   3.067927e-03   7.000104e-21   14457000
  7.837945e+00   5.904078e-19   3.068558e-03   6.963778e-21   14383440
  7.848573e+00   5.733980e-19   3.067003e-03   6.931729e-21   14299516
  7.859199e+00   5.742819e-19   3.067899e-03   6.897408e-21   14226024
  7.869825e+00   5.940754e-19   3.067223e-03   6.876022e-21   14145048
  7.880455e+00   5.697574e-19   3.070446e-03   6.837549e-21   14082144
  7.891083e+00   5.859669e-19   3.065393e-03   6.819266e-21   13981640
  7.901708e+00   5.846704e-19   3.068688e-03   6.784901e-21   13918460
  7.912338e+00   5.510500e-19   3.068702e-03   6.752936e-21   13839752
  7.922969e+00   5.640407e-19   3.069182e-03   6.731315e-21   13762736
  7.933598e+00   5.522674e-19   3.067868e-03   6.708616e-21   13677980
  7.944225e+00   5.744758e-19   3.067250e-03   6.684832e-21   13596196
  7.954850e+00   5.548948e-19   3.067470e-03   6.654344e-21   13517736
  7.965475e+00   5.288509e-19   3.066448e-03   6.629773e-21   13433184
  7.976100e+00   5.580077e-19   3.068623e-03   6.610071e-21   13362296
  7.986730e+00   5.582854e-19   3.068494e-03   6.578080e-21   13281376
  7.997360e+00   5.603822e-19   3.069113e-03   6.554122e-21   13203336
  8.007987e+00   5.440340e-19   3.066719e-03   6.534070e-21   13113016
  8.018613e+00   5.321264e-19   3.067735e-03   6.513514e-21   13036400
  8.029240e+00   5.563278e-19   3.067468e-03   6.495655e-21   12953648
  8.039869e+00   5.315696e-19   3.069185e-03   6.464335e-21   12879016
  8.050498e+00   5.293098e-19   3.067538e-03   6.452200e-21   12790124
  8.061127e+00   5.395220e-19   3.068996e-03   6.427150e-21   12714152
  8.071753e+00   5.207633e-19   3.066076e-03   6.410218e-21   12619608
  8.082379e+00   5.288590e-19   3.068682e-03   6.389221e-21   12547232
  8.093011e+00   5.271045e-19   3.070245e-03   6.370557e-21   12470568
  8.103638e+00   5.089402e-19   3.065215e-03   6.355647e-21   12368136
  8.114264e+00   4.991271e-19   3.069116e-03   6.332671e-21   12300504
  8.124894e+00   5.168246e-19   3.068128e-03   6.315979e-21   12212172
  8.135522e+00   5.189113e-19   3.067779e-03   6.298855e-21   12126228
  8.146149e+00   5.081943e-19   3.068089e-03   6.293965e-21   12043352
  8.156778e+00   5.185389e-19   3.068301e-03   6.266407e-21   11959896
  8.167401e+00   4.992860e-19   3.065268e-03   6.266923e-21   11863804
  8.178026e+00   5.053185e-19   3.068937e-03   6.240577e-21   11792812
  8.188656e+00   5.052929e-19   3.068597e-03   6.229991e-21   11705392
  8.199283e+00   5.005928e-19   3.066984e-03   6.215304e-21   11613836
  8.209914e+00   5.006181e-19   3.070536e-03   6.207194e-21   11541532
  8.220543e+00   4.891708e-19   3.066346e-03   6.195489e-21   11440232
  8.231170e+00   4.920403e-19   3.068846e-03   6.180147e-21   11363008
  8.241796e+00   5.053472e-19   3.066631e-03   6.172048e-21   11267848
  8.252424e+00   4.843050e-19   3.069306e-03   6.152170e-21   11190640
  8.263054e+00   4.832253e-19   3.068558e-03   6.148294e-21   11101084
  8.273680e+00   4.795760e-19   3.065604e-03   6.138202e-21   11003284
  8.284304e+00   4.812590e-19   3.068360e-03   6.124341e-21   10925424
  8.294932e+00   4.822502e-19   3.067667e-03   6.108840e-21   10834724
  8.305560e+00   4.612282e-19   3.068711e-03   6.104409e-21   10750156
  8.316186e+00   4.633552e-19   3.066587e-03   6.095300e-21   10655280
  8.326811e+00   4.622055e-19   3.067310e-03   6.092255e-21   10569120
  8.337437e+00   4.573160e-19   3.067168e-03   6.082942e-21   10479672
  8.348070e+00   4.552095e-19   3.071527e-03   6.066637e-21   10404504
  8.358704e+00   4.570011e-19   3.068456e-03   6.063639e-21   10304108
  8.369331e+00   4.518776e-19   3.066991e-03   6.055216e-21   10209940
  8.379958e+00   4.528056e-19   3.068937e-03   6.052864e-21   10126584
  8.390585e+00   4.393634e-19   3.066106e-03   6.040698e-21   10027064
  8.401210e+00   4.550117e-19   3.068731e-03   6.038959e-21   9945072
  8.411836e+00   4.447511e-19   3.065849e-03   6.031082e-21   9844764
  8.422464e+00   4.385924e-19   3.070904e-03   6.028469e-21   9769940
  8.433095e+00   4.123608e-19   3.066721e-03   6.016478e-21   9666072
  8.443721e+00   4.292365e-19   3.067629e-03   6.022583e-21   9577112
  8.454348e+00   4.248185e-19   3.067871e-03   6.007458e-21   9485848
  8.464977e+00   4.233345e-19   3.068818e-03   6.009332e-21   9396136
  8.475607e+00   4.297576e-19   3.068947e-03   6.002807e-21   9304408
  8.486231e+00   4.201662e-19   3.064605e-03   6.003270e-21   9199028
  8.496854e+00   4.121466e-19   3.068671e-03   5.996410e-21   9118288
  8.507481e+00   4.002516e-19   3.066868e-03   5.998070e-21   9019624
  8.518111e+00   4.091218e-19   3.070919e-03   5.990876e-21   8937420
  8.528743e+00   3.979069e-19   3.067653e-03   5.977347e-21   8835200
  8.539369e+00   3.883315e-19   3.066847e-03   5.990853e-21   8739332
  8.549995e+00   3.888703e-19   3.067747e-03   5.975145e-21   8648112
  8.560624e+00   4.001499e-19   3.067898e-03   5.977820e-21   8553372
  8.571253e+00   3.791398e-19   3.069319e-03   5.973533e-21   8461944
  8.581883e+00   3.872597e-19   3.068067e-03   5.969729e-21   8363348
  8.592509e+00   3.758179e-19   3.067870e-03   5.968870e-21   8267792
  8.603135e+00   3.615610e-19   3.066599e-03   5.957057e-21   8169380
  8.613762e+00   3.708871e-19   3.069517e-03   5.957770e-21   8081008
  8.624389e+00   3.798015e-19   3.065774e-03   5.959876e-21   7975632
  8.635016e+00   3.557618e-19   3.069603e-03   5.963958e-21   7889116
  8.645643e+00   3.434806e-19   3.066011e-03   5.946801e-21   7784008
  8.656270e+00   3.618896e-19   3.068709e-03   5.944092e-21   7693848
  8.666897e+00   3.407723e-19   3.067011e-03   5.935232e-21   7592468
  8.677525e+00   3.489052e-19   3.068931e-03   5.929093e-21   7499076
  8.688155e+00   3.323261e-19   3.069474e-03   5.917333e-21   7402880
  8.698786e+00   3.381109e-19   3.067607e-03   5.910967e-21   7300768
  8.709411e+00   3.091970e-19   3.067652e-03   5.918270e-21   7203316
  8.720032e+00   3.027467e-19   3.063689e-03   5.886059e-21   7095724
  8.730662e+00   3.074187e-19   3.073665e-03   5.890908e-21   7019608
  8.741295e+00   3.112187e-19   3.065344e-03   5.854121e-21   6901916
  8.751922e+00   2.897022e-19   3.069704e-03   5.862910e-21   6812952
  8.762548e+00   2.858898e-19   3.065523e-03   5.827657e-21   6704548
  8.773175e+00   2.900925e-19   3.068967e-03   5.820050e-21   6612168
  8.783803e+00   2.703036e-19   3.067598e-03   5.794786e-21   6508628
  8.794433e+00   2.659576e-19   3.069277e-03   5.774864e-21   6412072
  8.805059e+00   2.626627e-19   3.066868e-03   5.742973e-21   6306660
  8.815685e+00   2.610891e-19   3.067492e-03   5.706491e-21   6207592
  8.826308e+00   2.490357e-19   3.066222e-03   5.684708e-21   6103860
  8.836934e+00   2.490734e-19   3.068576e-03   5.641773e-21   6007184
  8.847563e+00   2.174969e-19   3.068782e-03   5.609724e-21   5905660
  8.858194e+00   2.178180e-19   3.069160e-03   5.554513e-21   5805132
  8.868823e+00   1.990294e-19   3.067313e-03   5.506472e-21   5700008
  8.879446e+00   2.019355e-19   3.065734e-03   5.434262e-21   5594856
  8.890075e+00   1.845097e-19   3.070306e-03   5.376612e-21   5502341
  8.900707e+00   1.914573e-19   3.068193e-03   5.327361e-21   5404852
  8.911333e+00   1.887664e-19   3.066920e-03   5.282444e-21   5313930
  8.921960e+00   1.708842e-19   3.068151e-03   5.236754e-21   5230396
  8.932587e+00   1.684601e-19   3.067037e-03   5.202637e-21   5145158
  8.943214e+00   1.576370e-19   3.067644e-03   5.166476e-21   5064506
  8.953844e+00   1.535443e-19   3.070354e-03   5.145039e-21   4989464
  8.964475e+00   1.463601e-19   3.067471e-03   5.107361e-21   4907486
  8.975102e+00   1.408071e-19   3.067454e-03   5.092396e-21   4831952
  8.985729e+00   1.359158e-19   3.067333e-03   5.044598e-21   4757392
  8.996357e+00   1.387983e-19   3.068563e-03   5.030964e-21   4685902
  9.006985e+00   1.461580e-19   3.067839e-03   5.004383e-21   4612826
  9.017611e+00   1.377965e-19   3.067647e-03   4.984807e-21   4542436
  9.028240e+00   1.159856e-19   3.068771e-03   4.962536e-21   4475408
  9.038866e+00   1.266566e-19   3.065432e-03   4.946359e-21   4402686
  9.049492e+00   1.350307e-19   3.069222e-03   4.927118e-21   4340854
  9.060123e+00   1.236668e-19   3.068666e-03   4.902271e-21   4273862
  9.070751e+00   1.212650e-19   3.068093e-03   4.892394e-21   4208538
  9.081377e+00   1.184214e-19   3.066329e-03   4.872687e-21   4142584
  9.092002e+00   1.193586e-19   3.067445e-03   4.856350e-21   4081232
  9.102629e+00   1.148111e-19   3.068061e-03   4.843205e-21   4019668
  9.113260e+00   1.199628e-19   3.070507e-03   4.814339e-21   3961416
  9.123892e+00   1.193821e-19   3.068468e-03   4.818056e-21   3898848
  9.134518e+00   1.215307e-19   3.065914e-03   4.795076e-21   3836718
  9.145140e+00   1.024517e-19   3.066518e-03   4.789883e-21   3779272
  9.155765e+00   1.178534e-19   3.066689e-03   4.786293e-21   3721434
  9.166394e+00   1.050358e-19   3.070316e-03   4.776162e-21   3668198
  9.177028e+00   1.187082e-19   3.069776e-03   4.771862e-21   3611346
  9.187656e+00   1.124160e-19   3.066455e-03   4.744347e-21   3552442
  9.198281e+00   1.129040e-19   3.067337e-03   4.739143e-21   3498908
  9.208908e+00   1.089335e-19   3.067980e-03   4.737834e-21   3445382
  9.219536e+00   1.083425e-19   3.068389e-03   4.728496e-21   3392244
  9.230165e+00   9.436400e-20   3.068360e-03   4.722169e-21   3339634
  9.240792e+00   1.021562e-19   3.067248e-03   4.704493e-21   3286752
  9.251416e+00   9.779923e-20   3.065818e-03   4.708437e-21   3234180
  9.262040e+00   9.774089e-20   3.067094e-03   4.706401e-21   3184556
  9.272670e+00   9.518284e-20   3.070362e-03   4.700460e-21   3137238
  9.283304e+00   9.271083e-20   3.070377e-03   4.698731e-21   3087670
  9.293936e+00   9.906949e-20   3.068566e-03   4.701241e-21   3037460
  9.304560e+00   9.232132e-20   3.064548e-03   4.690699e-21   2985736
  9.315180e+00   1.044970e-19   3.066413e-03   4.688057e-21   2939708
  9.325811e+00   1.124218e-19   3.071553e-03   4.696053e-21   2897012
  9.336443e+00   1.066391e-19   3.067620e-03   4.691403e-21   2846890
  9.347067e+00   1.012037e-19   3.065693e-03   4.690585e-21   2799588
  9.357689e+00   1.075414e-19   3.066395e-03   4.693823e-21   2754954
  9.368315e+00   9.841059e-20   3.068270e-03   4.694070e-21   2711500
  9.378948e+00   9.548894e-20   3.070601e-03   4.696942e-21   2669006
  9.389576e+00   1.011260e-19   3.065837e-03   4.696606e-21   2621264
  9.400202e+00   9.579053e-20   3.068913e-03   4.692114e-21   2580726
  9.410830e+00   9.781661e-20   3.067141e-03   4.703375e-21   2536470
  9.421456e+00   1.028413e-19   3.067445e-03   4.716868e-21   2494370
  9.432084e+00   9.509667e-20   3.068834e-03   4.712283e-21   2453556
  9.442716e+00   9.233088e-20   3.070117e-03   4.728865e-21   2413246
  9.453347e+00   8.993755e-20   3.067994e-03   4.731679e-21   2370914
  9.463973e+00   9.953727e-20   3.067217e-03   4.735295e-21   2330126
  9.474601e+00   1.026128e-19   3.068570e-03   4.742961e-21   2291406
  9.485227e+00   9.368097e-20   3.066158e-03   4.760039e-21   2250410
  9.495850e+00   8.841609e-20   3.066006e-03   4.757681e-21   2211486
  9.506474e+00   9.572115e-20   3.067734e-03   4.763312e-21   2174194
  9.517102e+00   9.575241e-20   3.068176e-03   4.776592e-21   2136416
  9.527733e+00   9.260617e-20   3.069929e-03   4.792557e-21   2100070
  9.538360e+00   9.963698e-20   3.065560e-03   4.798627e-21   2060026
  9.548986e+00   1.013108e-19   3.069362e-03   4.810562e-21   2025910
  9.559615e+00   1.102495e-19   3.067530e-03   4.819547e-21   1988576
  9.570241e+00   9.162339e-20   3.067060e-03   4.828719e-21   1952610
  9.580867e+00   8.271513e-20   3.067361e-03   4.855681e-21   1917470
  9.591493e+00   1.006212e-19   3.067399e-03   4.863686e-21   1882484
  9.602120e+00   1.019529e-19   3.068076e-03   4.877262e-21   1848262
  9.612753e+00   8.948398e-20   3.071327e-03   4.896157e-21   1816024
  9.623386e+00   1.117244e-19   3.068076e-03   4.908279e-21   1780418
  9.634012e+00   1.014424e-19   3.067038e-03   4.930756e-21   1746576
  9.644639e+00   8.784332e-20   3.068628e-03   4.957786e-21   1714622
  9.655268e+00   8.173685e-20   3.067669e-03   4.966039e-21   1681692
  9.665895e+00   1.004639e-19   3.067468e-03   4.982709e-21   1649574
  9.676515e+00   9.250961e-20   3.063511e-03   5.010172e-21   1615788
  9.687137e+00   7.047058e-20   3.068656e-03   5.035385e-21   1587064
  9.697769e+00   9.068916e-20   3.069826e-03   5.055880e-21   1556598
  9.708400e+00   9.350075e-20   3.068471e-03   5.077559e-21   1525380
  9.719030e+00   9.196726e-20   3.068670e-03   5.110005e-21   1495360
  9.729656e+00   9.297305e-20   3.066126e-03   5.127507e-21   1464370
  9.740281e+00   8.966402e-20   3.067601e-03   5.150755e-21   1435656
  9.750907e+00   8.142344e-20   3.067002e-03   5.165248e-21   1406304
  9.761532e+00   1.026448e-19   3.067147e-03   5.215827e-21   1377628
  9.772159e+00   9.424889e-20   3.068370e-03   5.226893e-21   1349744
  9.782788e+00   9.397033e-20   3.068343e-03   5.270599e-21   1321682
  9.793418e+00   1.096146e-19   3.069098e-03   5.293578e-21   1294376
  9.804048e+00   9.406089e-20   3.068140e-03   5.335729e-21   1266768
  9.814673e+00   8.234321e-20   3.066275e-03   5.359861e-21   1239172
  9.825295e+00   1.021189e-19   3.065238e-03   5.380706e-21   1212224
  9.835918e+00   8.188428e-20   3.067386e-03   5.429790e-21   1186796
  9.846547e+00   9.250504e-20   3.069034e-03   5.469227e-21   1161432
  9.857176e+00   1.015508e-19   3.067927e-03   5.507979e-21   1135408
  9.867804e+00   8.154181e-20   3.068239e-03   5.535876e-21   1110324
  9.878434e+00   9.655042e-20   3.068926e-03   5.583614e-21   1085680
  9.889062e+00   9.016392e-20   3.066842e-03   5.630309e-21   1060364
  9.899688e+00   1.002418e-19   3.068767e-03   5.659672e-21   1036736
  9.910321e+00   9.054143e-20   3.070562e-03   5.700166e-21   1013388
  9.920951e+00   9.476120e-20   3.066769e-03   5.765816e-21   988656
  9.931575e+00   1.027522e-19   3.066738e-03   5.804005e-21   965530
  9.942197e+00   9.590333e-20   3.064855e-03   5.861806e-21   942100
  9.952819e+00   1.057105e-19   3.066142e-03   5.898395e-21   919888
  9.963442e+00   8.656884e-20   3.066491e-03   5.936095e-21   897628
  9.974067e+00   8.608225e-20   3.067504e-03   6.018369e-21   875856
  9.984696e+00   1.044048e-19   3.069599e-03   6.086177e-21   854736
  9.995330e+00   1.106856e-19   3.070044e-03   6.100397e-21   833510
  1.000596e+01   9.596916e-20   3.068120e-03   6.173581e-21   811976
  1.001659e+01   8.851329e-20   3.066566e-03   6.233309e-21   790844
  1.002721e+01   1.087457e-19   3.066302e-03   6.281461e-21   770320
  1.003784e+01   1.110468e-19   3.069162e-03   6.355605e-21   750838
  1.004847e+01   9.360432e-20   3.068729e-03   6.410321e-21   730864
  1.005909e+01   1.108678e-19   3.067039e-03   6.484046e-21   710984
  1.006972e+01   9.290214e-20   3.067274e-03   6.578002e-21   691894
  1.008035e+01   1.193101e-19   3.066106e-03   6.658631e-21   672776
  1.009097e+01   1.011984e-19   3.067065e-03   6.753494e-21   654372
  1.010160e+01   9.947740e-20   3.065537e-03   6.795836e-21   635682
  1.011222e+01   9.409969e-20   3.064886e-03   6.890686e-21   617460
  1.012284e+01   9.694855e-20   3.066767e-03   6.972856e-21   600024
  1.013346e+01   1.159489e-19   3.068404e-03   7.052824e-21   582830
  1.014410e+01   8.471104e-20   3.070337e-03   7.128709e-21   566000
  1.015473e+01   1.031866e-19   3.066543e-03   7.244600e-21   548458
  1.016535e+01   9.198378e-20   3.067619e-03   7.333693e-21   532084
  1.017598e+01   9.847104e-20   3.065740e-03   7.466456e-21   515440
  1.018660e+01   1.071206e-19   3.064533e-03   7.545628e-21   499174
  1.019722e+01   1.088568e-19   3.064552e-03   7.645602e-21   483368
  1.020784e+01   1.057879e-19   3.067558e-03   7.775078e-21   468270
  1.021847e+01   9.137626e-20   3.071740e-03   7.871372e-21   453568
  1.022911e+01   7.995434e-20   3.068522e-03   7.976744e-21   438106
  1.023974e+01   1.127778e-19   3.068674e-03   8.092696e-21   423508
  1.025036e+01   1.042060e-19   3.065352e-03   8.235746e-21   408754
  1.026098e+01   1.181192e-19   3.064549e-03   8.413031e-21   394612
  1.027160e+01   1.096878e-19   3.064825e-03   8.550141e-21   380826
  1.028223e+01   1.101806e-19   3.063635e-03   8.667905e-21   367086
  1.029285e+01   1.000913e-19   3.065226e-03   8.795926e-21   353904
  1.030347e+01   1.026244e-19   3.067842e-03   8.973216e-21   341046
  1.031410e+01   1.118019e-19   3.067827e-03   9.113461e-21   328144
  1.032473e+01   1.191098e-19   3.068491e-03   9.262029e-21   315598
  1.033536e+01   9.205085e-20   3.070442e-03   9.470444e-21   303466
  1.034599e+01   1.142881e-19   3.070558e-03   9.651740e-21   291456
  1.035662e+01   1.260336e-19   3.069010e-03   9.866719e-21   279614
  1.036725e+01   1.229801e-19   3.062765e-03   1.006916e-20   267680
  1.037786e+01   1.190577e-19   3.061142e-03   1.026989e-20   256438
  1.038848e+01   1.084019e-19   3.062004e-03   1.048124e-20   245618
  1.039909e+01   1.160388e-19   3.058865e-03   1.070455e-20   234708
  1.040970e+01   1.332594e-19   3.057929e-03   1.096911e-20   224210
  1.042032e+01   1.292284e-19   3.058509e-03   1.125250e-20   214046
  1.043093e+01   1.215380e-19   3.059874e-03   1.148447e-20   204152
  1.044155e+01   8.729737e-20   3.062766e-03   1.182581e-20   194558
  1.045217e+01   8.366331e-20   3.062838e-03   1.198820e-20   185018
  1.046279e+01   1.152880e-19   3.066092e-03   1.237962e-20   175918
  1.047341e+01   1.214346e-19   3.068348e-03   1.275138e-20   166992
  1.048404e+01   1.023437e-19   3.070094e-03   1.304806e-20   158294
  1.049468e+01   1.178807e-19   3.071097e-03   1.346180e-20   149842
  1.050531e+01   1.426140e-19   3.068653e-03   1.386312e-20   141530
  1.051593e+01   9.341455e-20   3.060509e-03   1.417311e-20   133284
  1.052654e+01   8.693383e-20   3.057354e-03   1.473217e-20   125546
  1.053715e+01   1.051680e-19   3.051144e-03   1.523455e-20   117950
  1.054776e+01   1.162734e-19   3.048602e-03   1.562852e-20   110746
  1.055836e+01   7.482367e-20   3.039799e-03   1.615064e-20   103572
  1.056895e+01   9.822100e-20   3.036073e-03   1.676884e-20   96818
  1.057954e+01   7.659202e-20   3.031333e-03   1.742646e-20   90262
  1.059013e+01   1.435809e-19   3.027317e-03   1.799201e-20   83970
  1.060072e+01   8.817963e-20   3.019853e-03   1.874086e-20   77846
  1.061129e+01   1.013418e-19   3.012052e-03   1.953546e-20   71984
  1.062186e+01   8.307423e-20   3.005730e-03   2.017994e-20   66398
  1.063243e+01   1.394741e-19   3.000369e-03   2.153417e-20   61058
  1.064300e+01   1.251737e-19   2.995714e-03   2.212834e-20   55958
  1.065357e+01   8.681672e-20   2.990697e-03   2.325975e-20   51082
  1.066413e+01   1.091132e-19   2.981767e-03   2.452747e-20   46398
  1.067469e+01   1.241886e-19   2.970930e-03   2.560170e-20   41954
  1.068524e+01   1.293020e-19   2.955045e-03   2.731170e-20   37718
  1.069578e+01   7.785755e-20   2.938133e-03   2.861933e-20   33736
  1.070631e+01   1.415420e-19   2.922830e-03   3.085037e-20   30006
  1.071684e+01   9.734372e-20   2.912268e-03   3.289331e-20   26522
  1.072739e+01   1.270842e-19   2.905476e-03   3.526719e-20   23254
  1.073793e+01   6.121986e-20   2.895825e-03   3.785790e-20   20178
  1.074848e+01   1.579477e-19   2.890787e-03   4.088160e-20   17342
  1.075903e+01   9.954599e-20   2.886580e-03   4.381017e-20   14714
  1.076959e+01   1.959356e-19   2.887906e-03   4.785862e-20   12310
  1.078015e+01   7.783650e-20   2.880436e-03   5.348552e-20   10098
  1.079071e+01   2.528640e-19   2.879327e-03   6.007420e-20   8126
  1.080127e+01   1.916577e-19   2.877797e-03   6.741739e-20   6362
  1.081184e+01   -8.370210e-20   2.888638e-03   7.961753e-20   4822
  1.082239e+01   1.522472e-19   2.872451e-03   9.441287e-20   3474
  1.083292e+01   2.290331e-19   2.869225e-03   1.026741e-19   2366
  1.084344e+01   -1.689531e-19   2.860034e-03   1.437735e-19   1466
  1.085397e+01   2.487764e-19   2.925135e-03   2.033127e-19   790
  1.086426e+01   -2.716170e-19   2.767211e-03   2.966903e-19   306
  1.087389e+01   3.702445e-19   2.357714e-03   7.879166e-19   62
