# cross spectrum of phi(z1) and phi(z2)
# redshift z=0.098916
# k              Pk             sigma(k)       sigma(Pk)      count
  7.830312e-03   2.189778e-10   1.198114e-03   4.930313e-11   18
  1.686348e-02   2.589715e-10   2.897918e-03   2.473569e-11   152
  2.725284e-02   1.545996e-10   3.060867e-03   7.234525e-12   416
  3.742835e-02   8.443308e-11   2.912555e-03   3.171204e-12   770
  4.808679e-02   5.266301e-11   3.119650e-03   1.550750e-12   1364
  5.876109e-02   3.451594e-11   3.054550e-03   7.898056e-13   1976
  6.939824e-02   2.606923e-11   3.112555e-03   4.995004e-13   2792
  7.984642e-02   1.893889e-11   2.971805e-03   3.243009e-13   3578
  9.038229e-02   1.345874e-11   3.049521e-03   2.016025e-13   4724
  1.011318e-01   9.929423e-12   3.134595e-03   1.340061e-13   6032
  1.117485e-01   7.642230e-12   3.016599e-03   9.702809e-14   7072
  1.222702e-01   6.403936e-12   3.056387e-03   7.298490e-14   8634
  1.329722e-01   5.335876e-12   3.095256e-03   5.616601e-14   10336
  1.436677e-01   4.292809e-12   3.082009e-03   4.101692e-14   11940
  1.541872e-01   3.416987e-12   3.021465e-03   3.217890e-14   13490
  1.647185e-01   2.830383e-12   3.054444e-03   2.422688e-14   15656
  1.754149e-01   2.343406e-12   3.102608e-03   1.906436e-14   18008
  1.860920e-01   2.022646e-12   3.069464e-03   1.587879e-14   19964
  1.966957e-01   1.736034e-12   3.066093e-03   1.316889e-14   22354
  2.072851e-01   1.447649e-12   3.030819e-03   1.057511e-14   24648
  2.179134e-01   1.227549e-12   3.083109e-03   8.508556e-15   27592
  2.285517e-01   1.062872e-12   3.075318e-03   7.339504e-15   30152
  2.391687e-01   9.181506e-13   3.069056e-03   6.178740e-15   33046
  2.497808e-01   8.122844e-13   3.053846e-03   5.293593e-15   35992
  2.604233e-01   7.143143e-13   3.074764e-03   4.579873e-15   39304
  2.710722e-01   6.259554e-13   3.082145e-03   3.891188e-15   42608
  2.817050e-01   5.458862e-13   3.058267e-03   3.363930e-15   45758
  2.923349e-01   4.703166e-13   3.072286e-03   2.901043e-15   49536
  3.029238e-01   4.178532e-13   3.039208e-03   2.536982e-15   52488
  3.135134e-01   3.747307e-13   3.084628e-03   2.249033e-15   57034
  3.241511e-01   3.221034e-13   3.061146e-03   1.935229e-15   60648
  3.347969e-01   2.924416e-13   3.076329e-03   1.747876e-15   65044
  3.454223e-01   2.596574e-13   3.057760e-03   1.551918e-15   68720
  3.560505e-01   2.282467e-13   3.078281e-03   1.379004e-15   73538
  3.667175e-01   2.044130e-13   3.076939e-03   1.240819e-15   78080
  3.773260e-01   1.844067e-13   3.039859e-03   1.129542e-15   81572
  3.879192e-01   1.627176e-13   3.081238e-03   1.011166e-15   87248
  3.985882e-01   1.430810e-13   3.084591e-03   9.056947e-16   92266
  4.092322e-01   1.300636e-13   3.063169e-03   8.305977e-16   96696
  4.198039e-01   1.144406e-13   3.037602e-03   7.540510e-16   100904
  4.303789e-01   1.039485e-13   3.065517e-03   6.847702e-16   107036
  4.410480e-01   9.364422e-14   3.089487e-03   6.206656e-16   113362
  4.517307e-01   8.318067e-14   3.072092e-03   5.705708e-16   118176
  4.623378e-01   7.433445e-14   3.054661e-03   5.307659e-16   122944
  4.729644e-01   6.688119e-14   3.083007e-03   4.872383e-16   129902
  4.836049e-01   5.949281e-14   3.061727e-03   4.473330e-16   134944
  4.942158e-01   5.449025e-14   3.064979e-03   4.164491e-16   140952
  5.048213e-01   4.751191e-14   3.064662e-03   3.857719e-16   147072
  5.154342e-01   4.277953e-14   3.060800e-03   3.575334e-16   153382
  5.260893e-01   3.799195e-14   3.082622e-03   3.315596e-16   160952
  5.367508e-01   3.428494e-14   3.070294e-03   3.096221e-16   166640
  5.473579e-01   3.206458e-14   3.057153e-03   2.896563e-16   172448
  5.579787e-01   2.811201e-14   3.077577e-03   2.706125e-16   180594
  5.686178e-01   2.551544e-14   3.060710e-03   2.532408e-16   186556
  5.792219e-01   2.311136e-14   3.063394e-03   2.371458e-16   193528
  5.898242e-01   2.007700e-14   3.060684e-03   2.228386e-16   200626
  6.004609e-01   1.850366e-14   3.076604e-03   2.072213e-16   209256
  6.111150e-01   1.659886e-14   3.069663e-03   1.964616e-16   216020
  6.217510e-01   1.496638e-14   3.075746e-03   1.856963e-16   223768
  6.323610e-01   1.324249e-14   3.055783e-03   1.753739e-16   230234
  6.429887e-01   1.202769e-14   3.074922e-03   1.645619e-16   239800
  6.536248e-01   1.090666e-14   3.063054e-03   1.558818e-16   246568
  6.642393e-01   1.009483e-14   3.068328e-03   1.490162e-16   254828
  6.748534e-01   8.946871e-15   3.064424e-03   1.398277e-16   263074
  6.854951e-01   7.759944e-15   3.071509e-03   1.325808e-16   272312
  6.961385e-01   7.228527e-15   3.070197e-03   1.261969e-16   280376
  7.067732e-01   6.511867e-15   3.071500e-03   1.199467e-16   288884
  7.174012e-01   5.539432e-15   3.068501e-03   1.135700e-16   297602
  7.280177e-01   5.374007e-15   3.057614e-03   1.087793e-16   305520
  7.386402e-01   4.937252e-15   3.075198e-03   1.029555e-16   315976
  7.492461e-01   4.080742e-15   3.052723e-03   9.903307e-17   322778
  7.598720e-01   3.784811e-15   3.080021e-03   9.401135e-17   335372
  7.705286e-01   3.518052e-15   3.068318e-03   8.896874e-17   343464
  7.811635e-01   3.235241e-15   3.070705e-03   8.509191e-17   352912
  7.917934e-01   2.861752e-15   3.070498e-03   8.163440e-17   362666
  8.024224e-01   2.720439e-15   3.063690e-03   7.788111e-17   371884
  8.130465e-01   2.274108e-15   3.069929e-03   7.451793e-17   382280
  8.236583e-01   2.157505e-15   3.060755e-03   7.142961e-17   390888
  8.342648e-01   1.992537e-15   3.067168e-03   6.857707e-17   402234
  8.448912e-01   1.518802e-15   3.064832e-03   6.564355e-17   412576
  8.555263e-01   1.613477e-15   3.071788e-03   6.279578e-17   423732
  8.661590e-01   1.297885e-15   3.068142e-03   6.041680e-17   433624
  8.767950e-01   1.250763e-15   3.072203e-03   5.760697e-17   445154
  8.874347e-01   1.146181e-15   3.069139e-03   5.528225e-17   455584
  8.980596e-01   1.036473e-15   3.064716e-03   5.333594e-17   465588
  9.086714e-01   1.039240e-15   3.065163e-03   5.113973e-17   476762
  9.193048e-01   8.597332e-16   3.073106e-03   4.933524e-17   489552
  9.299472e-01   8.844362e-16   3.069632e-03   4.744572e-17   500328
  9.405628e-01   7.472512e-16   3.059261e-03   4.558751e-17   509852
  9.511854e-01   7.053802e-16   3.074339e-03   4.371941e-17   524234
  9.618189e-01   6.048876e-16   3.061952e-03   4.228584e-17   534104
  9.724448e-01   5.397217e-16   3.070528e-03   4.044525e-17   547048
  9.830800e-01   4.745139e-16   3.073862e-03   3.925252e-17   559328
  9.937180e-01   5.310200e-16   3.070866e-03   3.777411e-17   571326
  1.004339e+00   4.424896e-16   3.060367e-03   3.664912e-17   581920
  1.014951e+00   3.671668e-16   3.064588e-03   3.514281e-17   594832
  1.025571e+00   3.981561e-16   3.068054e-03   3.399235e-17   608048
  1.036206e+00   3.466969e-16   3.070252e-03   3.278542e-17   621526
  1.046839e+00   3.153159e-16   3.066112e-03   3.163997e-17   633240
  1.057456e+00   3.245806e-16   3.064953e-03   3.057473e-17   645472
  1.068086e+00   3.210967e-16   3.075342e-03   2.961183e-17   660906
  1.078726e+00   3.422357e-16   3.067576e-03   2.858280e-17   672856
  1.089356e+00   2.615540e-16   3.067094e-03   2.756480e-17   685980
  1.099980e+00   2.668778e-16   3.067978e-03   2.672812e-17   699256
  1.110619e+00   2.603919e-16   3.074976e-03   2.577769e-17   714730
  1.121246e+00   3.010952e-16   3.059348e-03   2.503691e-17   725152
  1.131863e+00   2.663943e-16   3.067634e-03   2.416649e-17   740420
  1.142485e+00   1.995551e-16   3.069089e-03   2.345090e-17   754312
  1.153114e+00   1.704916e-16   3.069897e-03   2.269639e-17   769114
  1.163749e+00   1.879035e-16   3.069209e-03   2.198866e-17   783488
  1.174365e+00   1.937557e-16   3.058900e-03   2.130566e-17   794968
  1.184981e+00   1.802274e-16   3.070107e-03   2.063832e-17   812366
  1.195609e+00   1.487808e-16   3.065134e-03   2.006229e-17   825976
  1.206250e+00   1.574585e-16   3.075220e-03   1.944248e-17   843352
  1.216898e+00   1.305020e-16   3.073224e-03   1.890301e-17   857280
  1.227524e+00   1.885908e-16   3.063189e-03   1.835975e-17   869542
  1.238147e+00   1.124378e-16   3.070752e-03   1.775119e-17   887128
  1.248772e+00   1.484471e-16   3.063166e-03   1.727404e-17   900032
  1.259388e+00   1.281018e-16   3.067377e-03   1.673334e-17   916560
  1.270005e+00   1.249017e-16   3.061783e-03   1.627028e-17   930922
  1.280635e+00   1.022619e-16   3.071795e-03   1.573503e-17   949844
  1.291287e+00   1.579758e-16   3.076939e-03   1.531756e-17   966736
  1.301925e+00   8.597337e-17   3.065819e-03   1.490846e-17   978776
  1.312537e+00   1.069377e-16   3.064137e-03   1.449641e-17   994522
  1.323161e+00   8.051992e-17   3.068907e-03   1.409967e-17   1012420
  1.333794e+00   6.842372e-17   3.071598e-03   1.368573e-17   1029408
  1.344410e+00   8.594480e-17   3.058405e-03   1.331862e-17   1041658
  1.355032e+00   1.123593e-16   3.072381e-03   1.292394e-17   1063520
  1.365659e+00   7.126849e-17   3.060689e-03   1.260480e-17   1075808
  1.376294e+00   8.170392e-17   3.080019e-03   1.225701e-17   1098956
  1.386928e+00   8.206556e-17   3.061670e-03   1.193269e-17   1109810
  1.397545e+00   6.364701e-17   3.065288e-03   1.160470e-17   1128608
  1.408178e+00   3.180667e-17   3.073589e-03   1.135567e-17   1148264
  1.418813e+00   7.429339e-17   3.067917e-03   1.102620e-17   1163252
  1.429436e+00   5.904773e-17   3.067070e-03   1.071695e-17   1181042
  1.440060e+00   5.750348e-17   3.064325e-03   1.045311e-17   1197848
  1.450692e+00   4.607073e-17   3.073737e-03   1.018840e-17   1218848
  1.461323e+00   6.351948e-17   3.064859e-03   9.932373e-18   1232916
  1.471945e+00   5.064746e-17   3.068844e-03   9.660475e-18   1253002
  1.482566e+00   4.397110e-17   3.062284e-03   9.408441e-18   1268576
  1.493191e+00   2.280350e-17   3.071552e-03   9.191354e-18   1290128
  1.503822e+00   4.193846e-17   3.068342e-03   8.965004e-18   1307402
  1.514455e+00   5.319581e-17   3.069122e-03   8.718750e-18   1327028
  1.525083e+00   5.042048e-17   3.064970e-03   8.537005e-18   1343648
  1.535711e+00   3.357810e-17   3.070217e-03   8.312001e-18   1364096
  1.546341e+00   4.168924e-17   3.068950e-03   8.112214e-18   1382730
  1.556974e+00   4.631277e-17   3.068757e-03   7.915684e-18   1402164
  1.567604e+00   4.603056e-17   3.068159e-03   7.722145e-18   1420464
  1.578221e+00   2.948024e-17   3.063798e-03   7.512745e-18   1437368
  1.588847e+00   4.672483e-18   3.072142e-03   7.342020e-18   1461530
  1.599480e+00   3.932990e-17   3.065069e-03   7.163762e-18   1478264
  1.610108e+00   3.009316e-17   3.068902e-03   7.006762e-18   1499356
  1.620732e+00   6.296468e-17   3.065238e-03   6.825363e-18   1517016
  1.631360e+00   2.301371e-17   3.070849e-03   6.675163e-18   1540090
  1.641988e+00   9.308573e-18   3.065366e-03   6.526851e-18   1557360
  1.652609e+00   2.069305e-17   3.066926e-03   6.366935e-18   1577780
  1.663242e+00   2.785283e-17   3.075107e-03   6.199002e-18   1602578
  1.673875e+00   4.604306e-17   3.063542e-03   6.101466e-18   1617672
  1.684498e+00   2.558784e-17   3.069033e-03   5.958640e-18   1641016
  1.695122e+00   2.776809e-17   3.065080e-03   5.815090e-18   1659416
  1.705746e+00   2.914558e-17   3.068431e-03   5.670169e-18   1682670
  1.716382e+00   2.640606e-17   3.070690e-03   5.545934e-18   1705256
  1.727024e+00   3.220023e-17   3.071890e-03   5.421458e-18   1726312
  1.737645e+00   3.268298e-17   3.062639e-03   5.296772e-18   1741880
  1.748261e+00   2.221151e-17   3.067156e-03   5.189598e-18   1766454
  1.758897e+00   3.057307e-17   3.073105e-03   5.072648e-18   1791784
  1.769528e+00   1.802352e-17   3.063894e-03   4.968395e-18   1807712
  1.780139e+00   1.701565e-17   3.062775e-03   4.863170e-18   1829002
  1.790759e+00   1.654026e-17   3.067263e-03   4.749829e-18   1854216
  1.801400e+00   3.094246e-17   3.074631e-03   4.640271e-18   1880156
  1.812037e+00   1.730264e-17   3.068349e-03   4.533705e-18   1897568
  1.822663e+00   1.904980e-17   3.068475e-03   4.453825e-18   1920458
  1.833288e+00   2.860043e-17   3.065997e-03   4.358081e-18   1942208
  1.843915e+00   2.508773e-17   3.067813e-03   4.262962e-18   1965612
  1.854544e+00   1.980033e-17   3.069639e-03   4.167777e-18   1989000
  1.865168e+00   1.663629e-17   3.064465e-03   4.082894e-18   2009114
  1.875791e+00   2.373859e-17   3.067400e-03   3.989557e-18   2034464
  1.886424e+00   1.839374e-17   3.070174e-03   3.910849e-18   2058476
  1.897052e+00   1.162907e-17   3.068039e-03   3.827904e-18   2079648
  1.907673e+00   2.839497e-17   3.065891e-03   3.748131e-18   2102578
  1.918306e+00   2.443181e-17   3.070742e-03   3.671007e-18   2129928
  1.928942e+00   2.951772e-17   3.069733e-03   3.599535e-18   2152096
  1.939563e+00   2.244327e-17   3.062858e-03   3.527873e-18   2171142
  1.950185e+00   1.830395e-17   3.069150e-03   3.455214e-18   2200248
  1.960824e+00   1.561899e-17   3.071017e-03   3.382585e-18   2225216
  1.971460e+00   1.875875e-17   3.070942e-03   3.311171e-18   2248448
  1.982084e+00   1.319289e-17   3.064272e-03   3.250954e-18   2267942
  1.992710e+00   1.433097e-17   3.071051e-03   3.179979e-18   2298072
  2.003337e+00   2.005763e-17   3.064068e-03   3.123684e-18   2317272
  2.013961e+00   1.756669e-17   3.069747e-03   3.056392e-18   2345808
  2.024580e+00   1.687760e-17   3.062469e-03   2.999517e-18   2365650
  2.035206e+00   2.060927e-17   3.069930e-03   2.938635e-18   2396940
  2.045842e+00   6.090850e-18   3.069936e-03   2.881106e-18   2421272
  2.056473e+00   2.296509e-17   3.068399e-03   2.828810e-18   2444576
  2.067102e+00   7.152147e-18   3.069748e-03   2.769652e-18   2471490
  2.077728e+00   1.527708e-17   3.064854e-03   2.718022e-18   2493180
  2.088349e+00   6.540643e-18   3.068019e-03   2.662557e-18   2520952
  2.098972e+00   2.082420e-17   3.065319e-03   2.611931e-18   2544946
  2.109598e+00   1.317714e-17   3.068311e-03   2.556289e-18   2573856
  2.120230e+00   1.991029e-17   3.069026e-03   2.515234e-18   2600016
  2.130862e+00   1.377894e-17   3.069102e-03   2.464853e-18   2625484
  2.141490e+00   1.202196e-17   3.068080e-03   2.420072e-18   2651122
  2.152130e+00   2.623304e-18   3.074348e-03   2.367327e-18   2683488
  2.162754e+00   4.497488e-18   3.059466e-03   2.330442e-18   2696352
  2.173371e+00   8.933909e-18   3.071171e-03   2.279761e-18   2733020
  2.184002e+00   1.230855e-17   3.067530e-03   2.239544e-18   2757378
  2.194631e+00   1.571768e-17   3.067942e-03   2.196243e-18   2784864
  2.205259e+00   1.430999e-17   3.067811e-03   2.153639e-18   2811168
  2.215874e+00   1.096173e-17   3.061061e-03   2.116507e-18   2832274
  2.226505e+00   9.824463e-18   3.075611e-03   2.074318e-18   2873636
  2.237142e+00   1.098765e-17   3.064877e-03   2.041485e-18   2890496
  2.247766e+00   7.896975e-18   3.069851e-03   2.001890e-18   2921800
  2.258399e+00   6.906644e-18   3.071101e-03   1.968099e-18   2951298
  2.269032e+00   7.896576e-18   3.066274e-03   1.932549e-18   2975476
  2.279663e+00   1.174544e-17   3.071375e-03   1.895666e-18   3007728
  2.290285e+00   1.192895e-17   3.061886e-03   1.862100e-18   3025776
  2.300910e+00   1.105204e-17   3.072955e-03   1.826820e-18   3065762
  2.311540e+00   1.172892e-17   3.063208e-03   1.796059e-18   3084856
  2.322162e+00   7.760561e-18   3.068985e-03   1.760883e-18   3118044
  2.332782e+00   9.305977e-18   3.064319e-03   1.727439e-18   3141352
  2.343410e+00   4.972121e-18   3.072036e-03   1.698888e-18   3179274
  2.354046e+00   1.053775e-17   3.067682e-03   1.667235e-18   3204120
  2.364668e+00   1.257818e-17   3.063610e-03   1.641896e-18   3227900
  2.375288e+00   8.100590e-18   3.068722e-03   1.610595e-18   3262394
  2.385925e+00   1.185814e-17   3.071814e-03   1.578572e-18   3295680
  2.396559e+00   6.721596e-18   3.067166e-03   1.557367e-18   3319560
  2.407184e+00   9.183327e-18   3.068070e-03   1.529646e-18   3348972
  2.417810e+00   5.981652e-18   3.068540e-03   1.499933e-18   3379722
  2.428441e+00   9.655168e-18   3.068348e-03   1.472000e-18   3410720
  2.439075e+00   9.442965e-18   3.069517e-03   1.447520e-18   3441504
  2.449697e+00   8.702051e-18   3.063301e-03   1.425012e-18   3463624
  2.460317e+00   7.274056e-18   3.068043e-03   1.399948e-18   3499790
  2.470951e+00   7.013849e-18   3.070702e-03   1.373773e-18   3533560
  2.481588e+00   1.151882e-17   3.069830e-03   1.349947e-18   3561920
  2.492209e+00   7.349649e-18   3.064208e-03   1.330508e-18   3585208
  2.502830e+00   7.491889e-18   3.069185e-03   1.304959e-18   3622518
  2.513468e+00   1.085641e-17   3.072344e-03   1.281468e-18   3657584
  2.524094e+00   8.098288e-18   3.062507e-03   1.262867e-18   3676440
  2.534707e+00   5.896400e-18   3.065232e-03   1.241625e-18   3711282
  2.545334e+00   8.413151e-18   3.068763e-03   1.219141e-18   3747696
  2.555965e+00   9.380351e-18   3.067225e-03   1.200213e-18   3776188
  2.566601e+00   8.694692e-18   3.074483e-03   1.178535e-18   3815304
  2.577232e+00   7.715195e-18   3.064660e-03   1.161636e-18   3835370
  2.587856e+00   3.987353e-18   3.068926e-03   1.139531e-18   3873424
  2.598487e+00   6.930565e-18   3.067978e-03   1.121887e-18   3903420
  2.609117e+00   7.021353e-18   3.070036e-03   1.103456e-18   3937624
  2.619745e+00   8.465664e-18   3.066011e-03   1.084053e-18   3965658
  2.630375e+00   6.853448e-18   3.069802e-03   1.064514e-18   4002984
  2.641001e+00   7.141106e-18   3.065136e-03   1.050782e-18   4027928
  2.651616e+00   7.843065e-18   3.064941e-03   1.031491e-18   4059844
  2.662241e+00   6.374420e-18   3.069945e-03   1.015197e-18   4100338
  2.672876e+00   5.902416e-18   3.069128e-03   9.983707e-19   4132264
  2.683506e+00   3.356617e-18   3.068474e-03   9.827158e-19   4163216
  2.694131e+00   6.424795e-18   3.066146e-03   9.668890e-19   4193350
  2.704761e+00   5.656748e-18   3.071068e-03   9.516311e-19   4234456
  2.715390e+00   6.115783e-18   3.064079e-03   9.371602e-19   4257264
  2.726012e+00   7.703531e-18   3.069774e-03   9.206991e-19   4297352
  2.736640e+00   6.474295e-18   3.067495e-03   9.072448e-19   4328642
  2.747272e+00   6.995215e-18   3.070663e-03   8.917713e-19   4367948
  2.757895e+00   6.664247e-18   3.061799e-03   8.783610e-19   4388384
  2.768519e+00   5.228094e-18   3.072247e-03   8.629662e-19   4436648
  2.779154e+00   5.155003e-18   3.067997e-03   8.498972e-19   4465658
  2.789787e+00   3.842423e-18   3.069677e-03   8.357069e-19   4502948
  2.800413e+00   4.622999e-18   3.064787e-03   8.233859e-19   4528880
  2.811033e+00   4.566555e-18   3.067181e-03   8.110133e-19   4566290
  2.821663e+00   4.222424e-18   3.070655e-03   7.975823e-19   4606856
  2.832293e+00   4.631306e-18   3.066552e-03   7.856582e-19   4635380
  2.842916e+00   4.086452e-18   3.067131e-03   7.732661e-19   4670384
  2.853543e+00   4.106953e-18   3.069161e-03   7.609244e-19   4709258
  2.864179e+00   3.071578e-18   3.070324e-03   7.489087e-19   4747352
  2.874805e+00   4.519033e-18   3.063655e-03   7.384564e-19   4771664
  2.885427e+00   3.987599e-18   3.068600e-03   7.265048e-19   4813532
  2.896058e+00   4.452387e-18   3.070437e-03   7.147267e-19   4852322
  2.906693e+00   4.377401e-18   3.069013e-03   7.035760e-19   4886480
  2.917320e+00   4.643029e-18   3.066289e-03   6.942248e-19   4917248
  2.927939e+00   4.316795e-18   3.065099e-03   6.826142e-19   4950828
  2.938569e+00   4.428379e-18   3.072788e-03   6.721875e-19   5000170
  2.949204e+00   3.089114e-18   3.066857e-03   6.617048e-19   5026952
  2.959825e+00   4.475314e-18   3.064676e-03   6.525216e-19   5058752
  2.970445e+00   3.069177e-18   3.067741e-03   6.419217e-19   5100722
  2.981076e+00   2.805016e-18   3.068979e-03   6.329981e-19   5140124
  2.991706e+00   3.296910e-18   3.067937e-03   6.223930e-19   5174072
  3.002335e+00   2.323250e-18   3.068928e-03   6.135988e-19   5211608
  3.012962e+00   2.421072e-18   3.067917e-03   6.038027e-19   5247794
  3.023589e+00   3.701186e-18   3.066908e-03   5.946522e-19   5284196
  3.034222e+00   3.938736e-18   3.071657e-03   5.857123e-19   5328800
  3.044847e+00   3.426195e-18   3.063109e-03   5.779276e-19   5350872
  3.055470e+00   2.550741e-18   3.069608e-03   5.687847e-19   5400634
  3.066097e+00   2.322917e-18   3.065291e-03   5.606517e-19   5430968
  3.076725e+00   3.586028e-18   3.070185e-03   5.517699e-19   5475908
  3.087355e+00   3.264440e-18   3.068352e-03   5.445435e-19   5510016
  3.097986e+00   4.767092e-18   3.069695e-03   5.358622e-19   5552114
  3.108620e+00   3.419075e-18   3.068841e-03   5.276190e-19   5588944
  3.119249e+00   3.350053e-18   3.067703e-03   5.208145e-19   5623828
  3.129873e+00   3.021990e-18   3.066629e-03   5.128003e-19   5660722
  3.140497e+00   2.434568e-18   3.066422e-03   5.052057e-19   5699896
  3.151124e+00   2.318551e-18   3.068968e-03   4.979629e-19   5741936
  3.161754e+00   1.800674e-18   3.069010e-03   4.905536e-19   5779568
  3.172381e+00   2.367965e-18   3.067639e-03   4.835189e-19   5817222
  3.183006e+00   1.864291e-18   3.066013e-03   4.765315e-19   5854600
  3.193635e+00   2.989059e-18   3.069791e-03   4.695903e-19   5900040
  3.204262e+00   1.829095e-18   3.066501e-03   4.627918e-19   5931976
  3.214890e+00   2.735806e-18   3.070101e-03   4.560914e-19   5979390
  3.225518e+00   1.538689e-18   3.065321e-03   4.497662e-19   6010200
  3.236144e+00   1.660096e-18   3.069327e-03   4.434435e-19   6056496
  3.246769e+00   1.981424e-18   3.066211e-03   4.375046e-19   6089504
  3.257396e+00   1.954801e-18   3.069391e-03   4.307426e-19   6137114
  3.268025e+00   3.268304e-18   3.067201e-03   4.247439e-19   6173332
  3.278652e+00   3.086164e-18   3.067882e-03   4.182644e-19   6214128
  3.289279e+00   1.919136e-18   3.067306e-03   4.124011e-19   6253874
  3.299910e+00   2.297532e-18   3.069629e-03   4.064317e-19   6300104
  3.310539e+00   1.635552e-18   3.066365e-03   4.010294e-19   6332612
  3.321166e+00   2.443937e-18   3.070240e-03   3.952120e-19   6379768
  3.331797e+00   8.055886e-19   3.068597e-03   3.897496e-19   6418218
  3.342427e+00   1.343769e-18   3.068360e-03   3.841247e-19   6459880
  3.353052e+00   1.535247e-18   3.066116e-03   3.787135e-19   6495652
  3.363680e+00   2.829636e-18   3.070231e-03   3.735412e-19   6545296
  3.374311e+00   1.393167e-18   3.067227e-03   3.684692e-19   6581570
  3.384935e+00   1.460818e-18   3.065246e-03   3.631275e-19   6618960
  3.395556e+00   1.970572e-18   3.067158e-03   3.578247e-19   6663352
  3.406178e+00   2.679730e-18   3.065376e-03   3.533690e-19   6701334
  3.416809e+00   1.657093e-18   3.072512e-03   3.481737e-19   6759920
  3.427444e+00   1.465483e-18   3.067179e-03   3.432244e-19   6789696
  3.438073e+00   1.980120e-18   3.069955e-03   3.390224e-19   6837208
  3.448703e+00   1.801435e-18   3.067492e-03   3.338964e-19   6874966
  3.459333e+00   2.221072e-18   3.068613e-03   3.293411e-19   6920864
  3.469960e+00   1.960504e-18   3.066758e-03   3.248241e-19   6957816
  3.480585e+00   8.432943e-19   3.068144e-03   3.202951e-19   7002232
  3.491208e+00   1.550852e-18   3.066540e-03   3.159205e-19   7043114
  3.501840e+00   9.397411e-19   3.070403e-03   3.116663e-19   7096020
  3.512471e+00   1.494169e-18   3.067394e-03   3.074911e-19   7130640
  3.523097e+00   1.547028e-18   3.068276e-03   3.033241e-19   7175472
  3.533723e+00   1.295597e-18   3.067248e-03   2.992626e-19   7217786
  3.544353e+00   9.556561e-19   3.068999e-03   2.951078e-19   7265564
  3.554979e+00   1.838916e-18   3.066319e-03   2.912298e-19   7301288
  3.565600e+00   1.397260e-18   3.066375e-03   2.872834e-19   7345330
  3.576227e+00   1.855483e-18   3.069052e-03   2.832448e-19   7397048
  3.586856e+00   1.427972e-18   3.067039e-03   2.796822e-19   7435920
  3.597485e+00   1.065655e-18   3.069220e-03   2.758066e-19   7484140
  3.608113e+00   1.100208e-18   3.067643e-03   2.724250e-19   7525578
  3.618741e+00   1.068983e-18   3.067518e-03   2.684287e-19   7571376
  3.629371e+00   1.686125e-18   3.068480e-03   2.650258e-19   7617064
  3.640002e+00   1.212295e-18   3.069456e-03   2.614308e-19   7662092
  3.650627e+00   9.698924e-19   3.066324e-03   2.578421e-19   7699658
  3.661254e+00   5.377130e-19   3.068945e-03   2.545799e-19   7752416
  3.671886e+00   1.069519e-18   3.069408e-03   2.509368e-19   7797776
  3.682511e+00   1.487759e-18   3.065176e-03   2.478837e-19   7831720
  3.693136e+00   9.673785e-19   3.069723e-03   2.444748e-19   7889926
  3.703768e+00   9.232990e-19   3.067981e-03   2.413867e-19   7931480
  3.714397e+00   9.878176e-19   3.068251e-03   2.380263e-19   7976688
  3.725016e+00   1.221042e-18   3.062621e-03   2.350578e-19   8007786
  3.735639e+00   5.716148e-19   3.070332e-03   2.319911e-19   8074564
  3.746275e+00   1.816949e-18   3.070085e-03   2.287448e-19   8118904
  3.756904e+00   3.922747e-19   3.066957e-03   2.260824e-19   8155824
  3.767533e+00   1.116761e-18   3.070641e-03   2.228048e-19   8212802
  3.778161e+00   8.593229e-19   3.065118e-03   2.200950e-19   8245268
  3.788791e+00   1.251248e-18   3.071754e-03   2.171878e-19   8308816
  3.799422e+00   1.177003e-18   3.066301e-03   2.145959e-19   8340304
  3.810044e+00   7.132802e-19   3.066222e-03   2.118721e-19   8387738
  3.820668e+00   2.831909e-19   3.067207e-03   2.089968e-19   8437624
  3.831296e+00   1.458545e-18   3.068826e-03   2.061647e-19   8487796
  3.841921e+00   8.561013e-19   3.066430e-03   2.036755e-19   8527936
  3.852549e+00   8.676567e-19   3.069409e-03   2.008829e-19   8585122
  3.863180e+00   1.062739e-18   3.067925e-03   1.982361e-19   8628200
  3.873811e+00   7.300234e-19   3.069670e-03   1.956048e-19   8679484
  3.884439e+00   1.704905e-19   3.067320e-03   1.933294e-19   8721466
  3.895064e+00   9.740604e-19   3.065795e-03   1.909524e-19   8765840
  3.905692e+00   5.944337e-19   3.070355e-03   1.884267e-19   8825136
  3.916320e+00   8.888281e-19   3.066753e-03   1.859949e-19   8861768
  3.926948e+00   9.201541e-19   3.069321e-03   1.835836e-19   8919278
  3.937577e+00   8.028534e-19   3.066595e-03   1.812594e-19   8961008
  3.948205e+00   4.912112e-19   3.068779e-03   1.790387e-19   9014456
  3.958835e+00   6.232301e-19   3.068818e-03   1.768559e-19   9062240
  3.969465e+00   3.958846e-19   3.068277e-03   1.746138e-19   9110510
  3.980091e+00   2.580621e-19   3.066455e-03   1.723756e-19   9154048
  3.990712e+00   5.606292e-19   3.065703e-03   1.702439e-19   9198928
  4.001336e+00   3.733372e-19   3.068826e-03   1.679653e-19   9257194
  4.011967e+00   8.139599e-19   3.069362e-03   1.660203e-19   9310168
  4.022596e+00   8.653109e-19   3.066324e-03   1.639791e-19   9350316
  4.033222e+00   5.972435e-19   3.069210e-03   1.617038e-19   9407120
  4.043852e+00   8.314575e-19   3.068250e-03   1.596864e-19   9454642
  4.054482e+00   6.323484e-19   3.068405e-03   1.577164e-19   9506272
  4.065111e+00   1.019612e-18   3.067355e-03   1.558023e-19   9551228
  4.075735e+00   5.784475e-19   3.067594e-03   1.540198e-19   9600264
  4.086360e+00   8.626589e-19   3.067530e-03   1.521246e-19   9651458
  4.096991e+00   5.941501e-19   3.070122e-03   1.499463e-19   9711488
  4.107620e+00   7.016445e-19   3.066189e-03   1.483920e-19   9749144
  4.118247e+00   6.429832e-19   3.069033e-03   1.464624e-19   9807908
  4.128876e+00   9.922117e-19   3.067607e-03   1.446392e-19   9854786
  4.139508e+00   8.465596e-19   3.070269e-03   1.427750e-19   9914304
  4.150134e+00   7.914883e-19   3.064668e-03   1.411966e-19   9945544
  4.160753e+00   1.024713e-18   3.066794e-03   1.392940e-19   10003414
  4.171379e+00   8.224479e-19   3.068671e-03   1.377446e-19   10062032
  4.182011e+00   9.939585e-19   3.069142e-03   1.359953e-19   10114792
  4.192645e+00   5.501490e-19   3.070449e-03   1.343647e-19   10169936
  4.203267e+00   8.807274e-19   3.062650e-03   1.328661e-19   10196602
  4.213895e+00   7.272951e-19   3.072265e-03   1.309550e-19   10281156
  4.224526e+00   6.220509e-19   3.065688e-03   1.295323e-19   10309376
  4.235150e+00   5.431777e-19   3.068567e-03   1.279230e-19   10369856
  4.245775e+00   7.466711e-19   3.066063e-03   1.263205e-19   10415370
  4.256404e+00   7.548922e-19   3.070045e-03   1.250225e-19   10481988
  4.267039e+00   6.808766e-19   3.069556e-03   1.233668e-19   10531200
  4.277665e+00   8.885588e-19   3.065408e-03   1.219804e-19   10569416
  4.288289e+00   7.278268e-19   3.068216e-03   1.204741e-19   10633066
  4.298919e+00   5.564109e-19   3.068866e-03   1.189759e-19   10687548
  4.309552e+00   6.436751e-19   3.070419e-03   1.176280e-19   10743968
  4.320180e+00   6.433191e-19   3.065849e-03   1.162593e-19   10782130
  4.330801e+00   8.559077e-19   3.066095e-03   1.148331e-19   10837792
  4.341427e+00   7.470460e-19   3.068321e-03   1.135103e-19   10897368
  4.352058e+00   9.635895e-19   3.069642e-03   1.120368e-19   10953940
  4.362687e+00   6.017310e-19   3.067969e-03   1.108642e-19   11003274
  4.373313e+00   7.258155e-19   3.066343e-03   1.095339e-19   11052800
  4.383943e+00   5.377714e-19   3.070099e-03   1.082078e-19   11118176
  4.394573e+00   4.922364e-19   3.067934e-03   1.069001e-19   11162268
  4.405196e+00   7.376259e-19   3.066117e-03   1.057536e-19   11211458
  4.415820e+00   4.800579e-19   3.067310e-03   1.045226e-19   11271888
  4.426448e+00   5.195712e-19   3.068640e-03   1.031941e-19   11329304
  4.437073e+00   3.778675e-19   3.066385e-03   1.019693e-19   11375026
  4.447701e+00   7.190212e-19   3.069261e-03   1.008752e-19   11442532
  4.458330e+00   2.583872e-19   3.066551e-03   9.977244e-20   11487264
  4.468957e+00   5.221005e-19   3.068098e-03   9.845483e-20   11545680
  4.479587e+00   6.199814e-19   3.069842e-03   9.737448e-20   11607058
  4.490221e+00   5.100422e-19   3.069925e-03   9.623550e-20   11664300
  4.500851e+00   4.937508e-19   3.066963e-03   9.515611e-20   11707488
  4.511474e+00   4.300267e-19   3.066617e-03   9.406192e-20   11759536
  4.522104e+00   2.917101e-19   3.071176e-03   9.286766e-20   11833690
  4.532737e+00   6.642566e-19   3.067542e-03   9.191842e-20   11877808
  4.543362e+00   5.179238e-19   3.065778e-03   9.094223e-20   11925836
  4.553987e+00   5.977987e-19   3.068899e-03   8.973140e-20   11992168
  4.564616e+00   4.423794e-19   3.067784e-03   8.880711e-20   12044554
  4.575242e+00   4.322563e-19   3.067168e-03   8.770458e-20   12098976
  4.585865e+00   5.474004e-19   3.066173e-03   8.678357e-20   12149996
  4.596487e+00   4.529339e-19   3.067038e-03   8.576386e-20   12209594
  4.607117e+00   6.067212e-19   3.069983e-03   8.476172e-20   12279272
  4.617752e+00   3.586640e-19   3.070004e-03   8.376826e-20   12336072
  4.628383e+00   4.522967e-19   3.067416e-03   8.294970e-20   12381744
  4.639009e+00   5.104296e-19   3.068068e-03   8.195357e-20   12441590
  4.649637e+00   5.747521e-19   3.067557e-03   8.110651e-20   12497256
  4.660262e+00   5.877399e-19   3.066825e-03   8.019605e-20   12550032
  4.670884e+00   5.977083e-19   3.066185e-03   7.929670e-20   12603936
  4.681508e+00   4.233704e-19   3.068111e-03   7.840695e-20   12671230
  4.692142e+00   4.312195e-19   3.070828e-03   7.747602e-20   12740920
  4.702775e+00   4.732704e-19   3.067767e-03   7.664119e-20   12784560
  4.713398e+00   5.178619e-19   3.065894e-03   7.583658e-20   12834176
  4.724025e+00   3.051671e-19   3.069663e-03   7.493951e-20   12909006
  4.734656e+00   5.318862e-19   3.068089e-03   7.417953e-20   12959680
  4.745283e+00   4.065738e-19   3.067551e-03   7.329578e-20   13014232
  4.755909e+00   6.796373e-19   3.068154e-03   7.247234e-20   13076514
  4.766534e+00   4.518978e-19   3.065684e-03   7.172921e-20   13127112
  4.777164e+00   2.797263e-19   3.070665e-03   7.087454e-20   13205852
  4.787797e+00   4.489088e-19   3.068206e-03   7.014170e-20   13252032
  4.798423e+00   5.362140e-19   3.066967e-03   6.941365e-20   13307450
  4.809051e+00   5.795144e-19   3.068506e-03   6.861870e-20   13374160
  4.819680e+00   5.593311e-19   3.067567e-03   6.791903e-20   13426348
  4.830308e+00   5.278745e-19   3.069633e-03   6.714522e-20   13492760
  4.840934e+00   5.823423e-19   3.066142e-03   6.645827e-20   13539546
  4.851560e+00   5.015706e-19   3.068338e-03   6.573908e-20   13610704
  4.862187e+00   4.708844e-19   3.066835e-03   6.510424e-20   13662024
  4.872813e+00   5.138123e-19   3.068248e-03   6.433264e-20   13727492
  4.883443e+00   6.392817e-19   3.069111e-03   6.366675e-20   13793394
  4.894073e+00   5.768559e-19   3.067154e-03   6.295390e-20   13844456
  4.904699e+00   5.171573e-19   3.067927e-03   6.223831e-20   13905184
  4.915325e+00   3.085245e-19   3.067971e-03   6.164733e-20   13965958
  4.925951e+00   6.152546e-19   3.067148e-03   6.102609e-20   14025192
  4.936580e+00   4.559518e-19   3.068951e-03   6.031056e-20   14093768
  4.947211e+00   2.483692e-19   3.068454e-03   5.971523e-20   14150440
  4.957840e+00   4.255743e-19   3.068630e-03   5.916185e-20   14213450
  4.968468e+00   3.529764e-19   3.066726e-03   5.846481e-20   14267036
  4.979095e+00   5.220203e-19   3.068568e-03   5.786878e-20   14335032
  4.989722e+00   6.333877e-19   3.067092e-03   5.724500e-20   14387664
  5.000347e+00   4.794430e-19   3.068270e-03   5.669515e-20   14455698
  5.010977e+00   5.898525e-19   3.068677e-03   5.606435e-20   14520452
  5.021607e+00   4.868400e-19   3.068497e-03   5.549316e-20   14580272
  5.032232e+00   3.860287e-19   3.065614e-03   5.495129e-20   14628050
  5.042860e+00   4.660700e-19   3.070982e-03   5.439860e-20   14716744
  5.053489e+00   4.161568e-19   3.065407e-03   5.385188e-20   14751712
  5.064115e+00   3.481981e-19   3.069456e-03   5.323870e-20   14831620
  5.074740e+00   4.683932e-19   3.065470e-03   5.274035e-20   14875522
  5.085366e+00   3.140943e-19   3.068961e-03   5.221754e-20   14956720
  5.095994e+00   3.778466e-19   3.066998e-03   5.167020e-20   15008272
  5.106620e+00   4.033346e-19   3.067783e-03   5.118734e-20   15073780
  5.117248e+00   3.948083e-19   3.069002e-03   5.064197e-20   15144866
  5.127883e+00   3.518576e-19   3.070052e-03   5.015794e-20   15213872
  5.138515e+00   3.820698e-19   3.067931e-03   4.963604e-20   15263976
  5.149140e+00   4.370717e-19   3.066723e-03   4.916968e-20   15320236
  5.159767e+00   4.474918e-19   3.069367e-03   4.870079e-20   15398322
  5.170396e+00   3.076695e-19   3.067121e-03   4.819864e-20   15450864
  5.181021e+00   3.052046e-19   3.067373e-03   4.771675e-20   15513888
  5.191645e+00   2.846637e-19   3.066596e-03   4.726660e-20   15574626
  5.202274e+00   3.983072e-19   3.069893e-03   4.671889e-20   15657956
  5.212904e+00   4.673941e-19   3.066736e-03   4.634592e-20   15704248
  5.223531e+00   4.642081e-19   3.068512e-03   4.588882e-20   15774824
  5.234161e+00   3.364407e-19   3.069354e-03   4.544005e-20   15844898
  5.244790e+00   4.393621e-19   3.066994e-03   4.503306e-20   15898956
  5.255415e+00   3.913823e-19   3.067091e-03   4.457836e-20   15961768
  5.266040e+00   3.907916e-19   3.068481e-03   4.412686e-20   16032208
  5.276669e+00   4.214860e-19   3.068464e-03   4.373881e-20   16099530
  5.287295e+00   3.940541e-19   3.065856e-03   4.335644e-20   16152712
  5.297924e+00   3.095800e-19   3.069693e-03   4.290068e-20   16235740
  5.308553e+00   3.907947e-19   3.067725e-03   4.253423e-20   16288856
  5.319183e+00   4.162248e-19   3.069408e-03   4.212220e-20   16365074
  5.329812e+00   3.842799e-19   3.067066e-03   4.173617e-20   16418248
  5.340434e+00   3.317607e-19   3.065573e-03   4.139275e-20   16473180
  5.351058e+00   3.715203e-19   3.069491e-03   4.095989e-20   16560234
  5.361687e+00   4.384882e-19   3.067046e-03   4.063634e-20   16616088
  5.372317e+00   2.968548e-19   3.069133e-03   4.022219e-20   16693264
  5.382948e+00   3.204672e-19   3.068526e-03   3.985518e-20   16753864
  5.393577e+00   1.505639e-19   3.068569e-03   3.948753e-20   16820702
  5.404204e+00   2.854563e-19   3.066887e-03   3.913723e-20   16879288
  5.414832e+00   3.677794e-19   3.068277e-03   3.879511e-20   16951712
  5.425456e+00   3.105694e-19   3.066689e-03   3.846623e-20   17007560
  5.436084e+00   3.748745e-19   3.069534e-03   3.810408e-20   17092086
  5.446713e+00   3.308889e-19   3.067265e-03   3.779228e-20   17148392
  5.457342e+00   2.485979e-19   3.068696e-03   3.742147e-20   17222288
  5.467971e+00   4.092454e-19   3.068089e-03   3.715212e-20   17285096
  5.478597e+00   2.829347e-19   3.066549e-03   3.685211e-20   17344826
  5.489223e+00   3.687220e-19   3.068300e-03   3.650925e-20   17421236
  5.499853e+00   3.726567e-19   3.069479e-03   3.614261e-20   17494160
  5.510478e+00   2.992823e-19   3.065109e-03   3.588652e-20   17538122
  5.521100e+00   3.132834e-19   3.067347e-03   3.556589e-20   17620136
  5.531731e+00   2.624162e-19   3.069687e-03   3.527307e-20   17700428
  5.542362e+00   2.818620e-19   3.068482e-03   3.496368e-20   17760320
  5.552991e+00   2.454329e-19   3.068060e-03   3.471235e-20   17827562
  5.563619e+00   3.079367e-19   3.067912e-03   3.442349e-20   17895488
  5.574247e+00   3.188727e-19   3.068230e-03   3.412926e-20   17963576
  5.584874e+00   2.545279e-19   3.067616e-03   3.382246e-20   18027500
  5.595502e+00   2.880946e-19   3.068831e-03   3.357482e-20   18105650
  5.606129e+00   2.740345e-19   3.066269e-03   3.334504e-20   18160880
  5.616752e+00   3.312950e-19   3.067084e-03   3.302307e-20   18233144
  5.627379e+00   2.740078e-19   3.067872e-03   3.275978e-20   18307310
  5.638008e+00   3.247347e-19   3.068420e-03   3.254972e-20   18381680
  5.648639e+00   2.684313e-19   3.068723e-03   3.229326e-20   18450536
  5.659270e+00   3.079708e-19   3.069549e-03   3.205272e-20   18522128
  5.669897e+00   3.427846e-19   3.067067e-03   3.180281e-20   18578414
  5.680523e+00   2.697748e-19   3.067781e-03   3.156080e-20   18654304
  5.691150e+00   3.713425e-19   3.067639e-03   3.133692e-20   18722304
  5.701780e+00   2.689214e-19   3.069442e-03   3.109182e-20   18802472
  5.712409e+00   3.504796e-19   3.067729e-03   3.084321e-20   18864266
  5.723037e+00   3.445215e-19   3.067347e-03   3.065387e-20   18933260
  5.733662e+00   3.870842e-19   3.066799e-03   3.037732e-20   18997448
  5.744288e+00   3.284714e-19   3.068953e-03   3.020779e-20   19079816
  5.754917e+00   3.454293e-19   3.067744e-03   3.001176e-20   19145330
  5.765545e+00   3.397861e-19   3.067941e-03   2.976787e-20   19218276
  5.776172e+00   3.696500e-19   3.067784e-03   2.959651e-20   19286200
  5.786797e+00   3.332797e-19   3.066457e-03   2.936318e-20   19349738
  5.797427e+00   2.934469e-19   3.070714e-03   2.917426e-20   19450040
  5.808057e+00   3.125567e-19   3.065907e-03   2.898460e-20   19489688
  5.818683e+00   3.023443e-19   3.068803e-03   2.877881e-20   19576868
  5.829310e+00   3.420600e-19   3.067331e-03   2.861495e-20   19640282
  5.839940e+00   2.471947e-19   3.069683e-03   2.843675e-20   19728800
  5.850566e+00   3.360432e-19   3.065237e-03   2.825911e-20   19770152
  5.861190e+00   3.305628e-19   3.068717e-03   2.805831e-20   19863516
  5.871821e+00   2.085335e-19   3.069639e-03   2.787919e-20   19943594
  5.882452e+00   3.168358e-19   3.067597e-03   2.774098e-20   20003440
  5.893081e+00   3.017398e-19   3.068832e-03   2.755570e-20   20081768
  5.903706e+00   3.257874e-19   3.066188e-03   2.740927e-20   20136200
  5.914335e+00   3.193210e-19   3.070449e-03   2.723320e-20   20238094
  5.924964e+00   2.920674e-19   3.066146e-03   2.710217e-20   20282544
  5.935584e+00   3.576602e-19   3.065727e-03   2.695894e-20   20351720
  5.946209e+00   2.793289e-19   3.068474e-03   2.678682e-20   20444714
  5.956838e+00   2.714464e-19   3.067781e-03   2.665690e-20   20515116
  5.967470e+00   3.244096e-19   3.070149e-03   2.649331e-20   20602384
  5.978102e+00   3.612118e-19   3.068165e-03   2.634881e-20   20659872
  5.988728e+00   3.166650e-19   3.067093e-03   2.622262e-20   20727682
  5.999356e+00   2.974335e-19   3.068732e-03   2.607456e-20   20814416
  6.009986e+00   2.880430e-19   3.068153e-03   2.594430e-20   20881100
  6.020612e+00   2.987873e-19   3.068117e-03   2.580870e-20   20953688
  6.031238e+00   2.696928e-19   3.066654e-03   2.570976e-20   21021050
  6.041866e+00   3.255869e-19   3.068891e-03   2.559898e-20   21111632
  6.052496e+00   2.436836e-19   3.068341e-03   2.545841e-20   21179972
  6.063121e+00   3.608340e-19   3.066368e-03   2.536366e-20   21240488
  6.073747e+00   2.771844e-19   3.068419e-03   2.526990e-20   21331418
  6.084375e+00   3.248331e-19   3.067338e-03   2.516991e-20   21397304
  6.095000e+00   2.957052e-19   3.067405e-03   2.503421e-20   21469764
  6.105627e+00   2.639143e-19   3.068819e-03   2.492181e-20   21556122
  6.116254e+00   3.216150e-19   3.066479e-03   2.484093e-20   21618312
  6.126884e+00   3.451739e-19   3.069809e-03   2.471030e-20   21716096
  6.137516e+00   2.908758e-19   3.068719e-03   2.465327e-20   21781352
  6.148144e+00   2.394632e-19   3.067428e-03   2.455760e-20   21848870
  6.158771e+00   3.388872e-19   3.067652e-03   2.447964e-20   21927536
  6.169400e+00   3.070688e-19   3.068795e-03   2.442770e-20   22008944
  6.180028e+00   3.269198e-19   3.067865e-03   2.431889e-20   22076136
  6.190652e+00   3.299086e-19   3.066547e-03   2.425398e-20   22145270
  6.201282e+00   2.587572e-19   3.070373e-03   2.414410e-20   22250960
  6.211913e+00   2.981523e-19   3.066914e-03   2.409325e-20   22300864
  6.222538e+00   3.046909e-19   3.067186e-03   2.403049e-20   22378586
  6.233165e+00   3.507138e-19   3.068261e-03   2.394924e-20   22464104
  6.243795e+00   3.405451e-19   3.068708e-03   2.388903e-20   22542892
  6.254421e+00   3.184542e-19   3.067123e-03   2.383599e-20   22606008
  6.265047e+00   2.861665e-19   3.067919e-03   2.377530e-20   22690002
  6.275673e+00   2.851233e-19   3.066936e-03   2.377879e-20   22762216
  6.286298e+00   2.960217e-19   3.068880e-03   2.356162e-20   22815779
  6.296927e+00   2.347672e-19   3.067733e-03   2.318308e-20   22772312
  6.307555e+00   2.094358e-19   3.067923e-03   2.274611e-20   22733708
  6.318183e+00   2.014806e-19   3.068441e-03   2.235017e-20   22697672
  6.328811e+00   1.225117e-19   3.067507e-03   2.197931e-20   22651460
  6.339438e+00   1.217855e-19   3.068199e-03   2.160531e-20   22616024
  6.350068e+00   1.718926e-19   3.069309e-03   2.122117e-20   22583496
  6.360694e+00   1.723399e-19   3.065960e-03   2.088127e-20   22519252
  6.371317e+00   9.892258e-20   3.067197e-03   2.052404e-20   22488992
  6.381944e+00   1.299530e-19   3.067780e-03   2.019281e-20   22453172
  6.392574e+00   9.038910e-20   3.069105e-03   1.985472e-20   22420584
  6.403204e+00   1.210144e-19   3.068296e-03   1.957569e-20   22371700
  6.413832e+00   1.483221e-19   3.068296e-03   1.925441e-20   22329896
  6.424460e+00   1.139185e-19   3.067512e-03   1.896071e-20   22282876
  6.435088e+00   1.582705e-19   3.068899e-03   1.864631e-20   22250692
  6.445715e+00   1.527775e-19   3.066872e-03   1.837485e-20   22194436
  6.456340e+00   1.132765e-19   3.066996e-03   1.810922e-20   22153540
  6.466968e+00   1.280107e-19   3.068722e-03   1.782971e-20   22122584
  6.477597e+00   1.448239e-19   3.067957e-03   1.757931e-20   22073004
  6.488227e+00   6.273802e-20   3.069406e-03   1.729593e-20   22039640
  6.498854e+00   1.085269e-19   3.066107e-03   1.704735e-20   21971624
  6.509482e+00   6.536422e-20   3.070097e-03   1.679269e-20   21955708
  6.520106e+00   9.258719e-20   3.063845e-03   1.657665e-20   21867720
  6.530733e+00   6.552663e-20   3.071600e-03   1.632346e-20   21878900
  6.541363e+00   7.007283e-20   3.065935e-03   1.610116e-20   21794260
  6.551990e+00   8.513072e-20   3.068881e-03   1.588377e-20   21770256
  6.562619e+00   7.870178e-20   3.068010e-03   1.565582e-20   21718124
  6.573247e+00   5.827783e-20   3.067905e-03   1.545089e-20   21671096
  6.583874e+00   6.891705e-20   3.067932e-03   1.521314e-20   21625412
  6.594503e+00   5.662474e-20   3.069070e-03   1.502817e-20   21587284
  6.605129e+00   4.875247e-20   3.066010e-03   1.482533e-20   21519648
  6.615755e+00   8.877376e-20   3.068792e-03   1.462770e-20   21493344
  6.626384e+00   1.011922e-19   3.067812e-03   1.443450e-20   21439360
  6.637013e+00   1.006795e-19   3.068679e-03   1.424709e-20   21398900
  6.647644e+00   6.767573e-20   3.068668e-03   1.405061e-20   21351488
  6.658271e+00   1.045195e-19   3.066526e-03   1.387883e-20   21288012
  6.668898e+00   3.965914e-20   3.068796e-03   1.369824e-20   21255052
  6.679525e+00   4.060392e-20   3.067400e-03   1.352238e-20   21196928
  6.690151e+00   6.306240e-20   3.067431e-03   1.337160e-20   21149036
  6.700778e+00   8.146200e-20   3.068015e-03   1.319065e-20   21105304
  6.711407e+00   5.224114e-20   3.068524e-03   1.302591e-20   21059992
  6.722038e+00   8.433653e-20   3.069263e-03   1.285798e-20   21014904
  6.732667e+00   7.417383e-20   3.067536e-03   1.271753e-20   20953620
  6.743293e+00   7.481899e-20   3.067478e-03   1.254983e-20   20902948
  6.753920e+00   7.346224e-20   3.068064e-03   1.240068e-20   20856528
  6.764548e+00   2.984361e-20   3.068448e-03   1.224081e-20   20808868
  6.775174e+00   6.358837e-20   3.066599e-03   1.209766e-20   20746700
  6.785798e+00   7.925156e-20   3.066925e-03   1.197111e-20   20699040
  6.796428e+00   6.394889e-20   3.069860e-03   1.182820e-20   20667584
  6.807054e+00   3.369275e-20   3.064988e-03   1.168282e-20   20583320
  6.817679e+00   6.267131e-20   3.069606e-03   1.154796e-20   20562728
  6.828310e+00   8.395793e-20   3.067915e-03   1.141455e-20   20499120
  6.838938e+00   3.441195e-20   3.068337e-03   1.128819e-20   20448668
  6.849566e+00   8.343746e-20   3.068077e-03   1.115894e-20   20394408
  6.860195e+00   5.415805e-20   3.068320e-03   1.104117e-20   20344236
  6.870823e+00   4.875739e-20   3.067630e-03   1.091459e-20   20287988
  6.881451e+00   5.854995e-20   3.068044e-03   1.078393e-20   20237280
  6.892077e+00   5.261688e-20   3.067320e-03   1.066412e-20   20178328
  6.902707e+00   6.478322e-20   3.069652e-03   1.054363e-20   20139844
  6.913336e+00   5.790055e-20   3.067174e-03   1.044036e-20   20069748
  6.923962e+00   5.863380e-20   3.067514e-03   1.030960e-20   20016800
  6.934587e+00   5.840010e-20   3.067642e-03   1.020673e-20   19962224
  6.945217e+00   4.137868e-20   3.069885e-03   1.009199e-20   19923568
  6.955848e+00   9.279553e-20   3.067490e-03   1.000377e-20   19854300
  6.966474e+00   3.615734e-20   3.067154e-03   9.881147e-21   19797056
  6.977101e+00   6.220585e-20   3.067706e-03   9.777366e-21   19744940
  6.987728e+00   3.929089e-20   3.068174e-03   9.687597e-21   19691768
  6.998356e+00   5.537846e-20   3.067321e-03   9.590531e-21   19629548
  7.008982e+00   5.481032e-20   3.067740e-03   9.481707e-21   19575480
  7.019610e+00   5.882403e-20   3.068413e-03   9.381917e-21   19523296
  7.030241e+00   6.279597e-20   3.069533e-03   9.297739e-21   19474344
  7.040867e+00   3.508210e-20   3.065611e-03   9.199641e-21   19392868
  7.051493e+00   5.323367e-20   3.069073e-03   9.095840e-21   19356176
  7.062123e+00   4.705066e-20   3.068592e-03   9.006367e-21   19294916
  7.072754e+00   5.564762e-20   3.069110e-03   8.925565e-21   19240856
  7.083382e+00   5.063577e-20   3.067066e-03   8.844746e-21   19170884
  7.094007e+00   3.346341e-20   3.066966e-03   8.748222e-21   19111352
  7.104633e+00   5.134031e-20   3.068278e-03   8.663868e-21   19060016
  7.115261e+00   3.758764e-20   3.067998e-03   8.584219e-21   18999752
  7.125886e+00   3.497356e-20   3.066210e-03   8.501752e-21   18930272
  7.136511e+00   4.042566e-20   3.068009e-03   8.416640e-21   18882340
  7.147141e+00   5.285614e-20   3.069133e-03   8.334794e-21   18829056
  7.157770e+00   5.800279e-20   3.067293e-03   8.263593e-21   18757640
  7.168398e+00   6.023837e-20   3.069197e-03   8.185149e-21   18709036
  7.179027e+00   4.861637e-20   3.067378e-03   8.106780e-21   18637668
  7.189656e+00   3.174749e-20   3.069146e-03   8.024232e-21   18587048
  7.200283e+00   2.279084e-20   3.066626e-03   7.954830e-21   18510972
  7.210909e+00   2.487322e-20   3.067730e-03   7.887425e-21   18456692
  7.221535e+00   4.296714e-20   3.067567e-03   7.813440e-21   18394084
  7.232164e+00   3.391215e-20   3.069110e-03   7.748156e-21   18341352
  7.242794e+00   5.153692e-20   3.068234e-03   7.672931e-21   18273884
  7.253423e+00   2.515182e-20   3.068036e-03   7.604132e-21   18211148
  7.264048e+00   4.305067e-20   3.066171e-03   7.535372e-21   18137692
  7.274674e+00   3.874427e-20   3.069088e-03   7.469858e-21   18091580
  7.285305e+00   4.446106e-20   3.068515e-03   7.408013e-21   18024560
  7.295932e+00   3.796104e-20   3.067362e-03   7.342495e-21   17955116
  7.306559e+00   3.216322e-20   3.067637e-03   7.280372e-21   17893232
  7.317187e+00   4.591552e-20   3.068343e-03   7.220227e-21   17832620
  7.327816e+00   2.436340e-20   3.068327e-03   7.158150e-21   17767864
  7.338445e+00   5.928983e-20   3.068809e-03   7.095047e-21   17706956
  7.349073e+00   4.326513e-20   3.066947e-03   7.043005e-21   17632632
  7.359699e+00   4.299702e-20   3.068061e-03   6.983869e-21   17573524
  7.370327e+00   3.027943e-20   3.067901e-03   6.925798e-21   17506380
  7.380954e+00   4.302493e-20   3.068207e-03   6.868197e-21   17442548
  7.391580e+00   3.142414e-20   3.066528e-03   6.815562e-21   17368556
  7.402208e+00   4.864671e-20   3.069314e-03   6.756405e-21   17318260
  7.412837e+00   3.943118e-20   3.067939e-03   6.710661e-21   17243792
  7.423463e+00   2.483052e-20   3.066549e-03   6.659611e-21   17169716
  7.434088e+00   3.436361e-20   3.067759e-03   6.595528e-21   17109768
  7.444715e+00   4.000809e-20   3.068012e-03   6.541795e-21   17044064
  7.455345e+00   3.081581e-20   3.068894e-03   6.497288e-21   16981560
  7.465972e+00   4.623448e-20   3.066680e-03   6.446845e-21   16902264
  7.476600e+00   3.701798e-20   3.069499e-03   6.396375e-21   16849940
  7.487230e+00   3.851964e-20   3.067461e-03   6.349760e-21   16770600
  7.497858e+00   3.461916e-20   3.068497e-03   6.300362e-21   16707512
  7.508485e+00   3.166250e-20   3.067634e-03   6.256969e-21   16634480
  7.519114e+00   4.420692e-20   3.068242e-03   6.210790e-21   16569424
  7.529741e+00   4.702919e-20   3.067751e-03   6.163658e-21   16497216
  7.540372e+00   5.131407e-20   3.069501e-03   6.121030e-21   16436416
  7.550999e+00   4.175970e-20   3.067032e-03   6.079326e-21   16353532
  7.561624e+00   4.128944e-20   3.067126e-03   6.031055e-21   16284908
  7.572251e+00   4.336787e-20   3.068426e-03   5.993518e-21   16221948
  7.582881e+00   2.793556e-20   3.068614e-03   5.948682e-21   16152552
  7.593510e+00   3.608087e-20   3.068122e-03   5.903855e-21   16078864
  7.604137e+00   3.647513e-20   3.067536e-03   5.868924e-21   16005296
  7.614766e+00   2.631649e-20   3.068300e-03   5.825314e-21   15938220
  7.625392e+00   3.144988e-20   3.066841e-03   5.790732e-21   15858440
  7.636016e+00   2.860672e-20   3.067373e-03   5.758245e-21   15789252
  7.646642e+00   1.543794e-20   3.067548e-03   5.711801e-21   15718944
  7.657269e+00   2.732329e-20   3.067947e-03   5.673305e-21   15648652
  7.667899e+00   3.476323e-20   3.069201e-03   5.637751e-21   15581944
  7.678531e+00   4.149108e-20   3.069010e-03   5.599978e-21   15508744
  7.689158e+00   2.366153e-20   3.066436e-03   5.565391e-21   15422472
  7.699784e+00   2.456813e-20   3.068878e-03   5.531277e-21   15361536
  7.710413e+00   3.572768e-20   3.067494e-03   5.494688e-21   15281048
  7.721038e+00   3.698386e-20   3.067557e-03   5.461947e-21   15207752
  7.731666e+00   2.407777e-20   3.067687e-03   5.432553e-21   15134800
  7.742292e+00   2.348804e-20   3.067594e-03   5.399611e-21   15059664
  7.752920e+00   3.231863e-20   3.068106e-03   5.363531e-21   14987020
  7.763550e+00   2.738110e-20   3.069757e-03   5.330386e-21   14919936
  7.774179e+00   3.009821e-20   3.066979e-03   5.302708e-21   14831776
  7.784807e+00   1.994554e-20   3.069197e-03   5.271624e-21   14767552
  7.795435e+00   2.836185e-20   3.066309e-03   5.247210e-21   14678336
  7.806062e+00   1.926426e-20   3.069079e-03   5.210389e-21   14615044
  7.816690e+00   2.671393e-20   3.067275e-03   5.182742e-21   14530200
  7.827317e+00   2.788517e-20   3.067927e-03   5.152021e-21   14457000
  7.837945e+00   3.420844e-20   3.068558e-03   5.122216e-21   14383440
  7.848573e+00   2.438149e-20   3.067003e-03   5.100179e-21   14299516
  7.859199e+00   2.265131e-20   3.067899e-03   5.071285e-21   14226024
  7.869825e+00   2.464993e-20   3.067223e-03   5.043487e-21   14145048
  7.880455e+00   1.948574e-20   3.070446e-03   5.018045e-21   14082144
  7.891083e+00   3.109964e-20   3.065393e-03   4.996855e-21   13981640
  7.901708e+00   2.679632e-20   3.068688e-03   4.974284e-21   13918460
  7.912338e+00   2.874904e-20   3.068702e-03   4.943448e-21   13839752
  7.922969e+00   3.408022e-20   3.069182e-03   4.922520e-21   13762736
  7.933598e+00   1.804310e-20   3.067868e-03   4.893577e-21   13677980
  7.944225e+00   1.356172e-20   3.067250e-03   4.877866e-21   13596196
  7.954850e+00   2.517622e-20   3.067470e-03   4.851058e-21   13517736
  7.965475e+00   2.816171e-20   3.066448e-03   4.832279e-21   13433184
  7.976100e+00   1.743414e-20   3.068623e-03   4.810695e-21   13362296
  7.986730e+00   1.931696e-20   3.068494e-03   4.784459e-21   13281376
  7.997360e+00   1.172332e-20   3.069113e-03   4.768106e-21   13203336
  8.007987e+00   2.353758e-20   3.066719e-03   4.749439e-21   13113016
  8.018613e+00   1.776324e-20   3.067735e-03   4.725335e-21   13036400
  8.029240e+00   -3.115058e-22   3.067468e-03   4.705409e-21   12953648
  8.039869e+00   6.770419e-21   3.069185e-03   4.685911e-21   12879016
  8.050498e+00   1.305235e-20   3.067538e-03   4.669180e-21   12790124
  8.061127e+00   1.108985e-20   3.068996e-03   4.649948e-21   12714152
  8.071753e+00   3.009262e-20   3.066076e-03   4.634431e-21   12619608
  8.082379e+00   1.179472e-20   3.068682e-03   4.612841e-21   12547232
  8.093011e+00   1.887657e-20   3.070245e-03   4.595821e-21   12470568
  8.103638e+00   2.133994e-20   3.065215e-03   4.578973e-21   12368136
  8.114264e+00   2.241702e-20   3.069116e-03   4.563779e-21   12300504
  8.124894e+00   1.455782e-20   3.068128e-03   4.547544e-21   12212172
  8.135522e+00   9.728269e-21   3.067779e-03   4.532161e-21   12126228
  8.146149e+00   1.428215e-20   3.068089e-03   4.521073e-21   12043352
  8.156778e+00   1.896993e-20   3.068301e-03   4.498170e-21   11959896
  8.167401e+00   3.411925e-20   3.065268e-03   4.495647e-21   11863804
  8.178026e+00   1.037251e-20   3.068937e-03   4.469443e-21   11792812
  8.188656e+00   1.875221e-20   3.068597e-03   4.463748e-21   11705392
  8.199283e+00   2.865307e-20   3.066984e-03   4.447422e-21   11613836
  8.209914e+00   2.079378e-20   3.070536e-03   4.433911e-21   11541532
  8.220543e+00   2.731420e-20   3.066346e-03   4.420271e-21   11440232
  8.231170e+00   2.790705e-20   3.068846e-03   4.406857e-21   11363008
  8.241796e+00   2.813726e-20   3.066631e-03   4.396555e-21   11267848
  8.252424e+00   2.121454e-20   3.069306e-03   4.387347e-21   11190640
  8.263054e+00   1.740479e-20   3.068558e-03   4.375878e-21   11101084
  8.273680e+00   1.973831e-20   3.065604e-03   4.368028e-21   11003284
  8.284304e+00   1.883906e-20   3.068360e-03   4.357072e-21   10925424
  8.294932e+00   2.040658e-20   3.067667e-03   4.340714e-21   10834724
  8.305560e+00   1.148464e-20   3.068711e-03   4.335651e-21   10750156
  8.316186e+00   2.010046e-20   3.066587e-03   4.324376e-21   10655280
  8.326811e+00   6.655909e-21   3.067310e-03   4.320075e-21   10569120
  8.337437e+00   1.450885e-20   3.067168e-03   4.306571e-21   10479672
  8.348070e+00   1.957734e-20   3.071527e-03   4.298565e-21   10404504
  8.358704e+00   1.753905e-20   3.068456e-03   4.292874e-21   10304108
  8.369331e+00   1.742921e-20   3.066991e-03   4.279814e-21   10209940
  8.379958e+00   2.490024e-20   3.068937e-03   4.281609e-21   10126584
  8.390585e+00   1.849900e-20   3.066106e-03   4.270186e-21   10027064
  8.401210e+00   1.761610e-20   3.068731e-03   4.264254e-21   9945072
  8.411836e+00   2.038875e-20   3.065849e-03   4.253758e-21   9844764
  8.422464e+00   1.715871e-20   3.070904e-03   4.247337e-21   9769940
  8.433095e+00   1.956160e-20   3.066721e-03   4.244627e-21   9666072
  8.443721e+00   7.750175e-21   3.067629e-03   4.237938e-21   9577112
  8.454348e+00   1.717817e-20   3.067871e-03   4.226780e-21   9485848
  8.464977e+00   6.123225e-21   3.068818e-03   4.217978e-21   9396136
  8.475607e+00   2.197558e-20   3.068947e-03   4.221192e-21   9304408
  8.486231e+00   1.851223e-20   3.064605e-03   4.215300e-21   9199028
  8.496854e+00   1.776531e-20   3.068671e-03   4.204913e-21   9118288
  8.507481e+00   2.915953e-20   3.066868e-03   4.198447e-21   9019624
  8.518111e+00   2.597609e-20   3.070919e-03   4.196380e-21   8937420
  8.528743e+00   1.277664e-20   3.067653e-03   4.189719e-21   8835200
  8.539369e+00   1.951827e-20   3.066847e-03   4.188180e-21   8739332
  8.549995e+00   2.607169e-20   3.067747e-03   4.182065e-21   8648112
  8.560624e+00   1.817237e-20   3.067898e-03   4.176662e-21   8553372
  8.571253e+00   2.249794e-20   3.069319e-03   4.168431e-21   8461944
  8.581883e+00   1.175243e-20   3.068067e-03   4.167259e-21   8363348
  8.592509e+00   1.667203e-20   3.067870e-03   4.163588e-21   8267792
  8.603135e+00   1.520126e-20   3.066599e-03   4.157843e-21   8169380
  8.613762e+00   1.413293e-20   3.069517e-03   4.157084e-21   8081008
  8.624389e+00   2.898000e-20   3.065774e-03   4.150957e-21   7975632
  8.635016e+00   1.234195e-20   3.069603e-03   4.153417e-21   7889116
  8.645643e+00   1.272055e-20   3.066011e-03   4.142585e-21   7784008
  8.656270e+00   1.578410e-20   3.068709e-03   4.129485e-21   7693848
  8.666897e+00   1.184510e-20   3.067011e-03   4.126233e-21   7592468
  8.677525e+00   4.696873e-21   3.068931e-03   4.115651e-21   7499076
  8.688155e+00   1.377424e-20   3.069474e-03   4.112068e-21   7402880
  8.698786e+00   9.328436e-21   3.067607e-03   4.105572e-21   7300768
  8.709411e+00   6.136405e-21   3.067652e-03   4.108312e-21   7203316
  8.720032e+00   1.717143e-20   3.063689e-03   4.084659e-21   7095724
  8.730662e+00   1.316365e-20   3.073665e-03   4.084520e-21   7019608
  8.741295e+00   1.507187e-20   3.065344e-03   4.065857e-21   6901916
  8.751922e+00   1.520013e-20   3.069704e-03   4.061810e-21   6812952
  8.762548e+00   1.934278e-20   3.065523e-03   4.031144e-21   6704548
  8.773175e+00   2.269517e-20   3.068967e-03   4.031847e-21   6612168
  8.783803e+00   1.043102e-20   3.067598e-03   4.010786e-21   6508628
  8.794433e+00   1.276009e-20   3.069277e-03   3.996673e-21   6412072
  8.805059e+00   1.181602e-20   3.066868e-03   3.973536e-21   6306660
  8.815685e+00   9.226567e-21   3.067492e-03   3.947751e-21   6207592
  8.826308e+00   4.411259e-21   3.066222e-03   3.926099e-21   6103860
  8.836934e+00   1.936839e-21   3.068576e-03   3.903023e-21   6007184
  8.847563e+00   5.864009e-21   3.068782e-03   3.873945e-21   5905660
  8.858194e+00   1.400181e-22   3.069160e-03   3.831250e-21   5805132
  8.868823e+00   9.076673e-21   3.067313e-03   3.791482e-21   5700008
  8.879446e+00   2.857404e-21   3.065734e-03   3.744172e-21   5594856
  8.890075e+00   9.431188e-21   3.070306e-03   3.700895e-21   5502341
  8.900707e+00   -2.731387e-21   3.068193e-03   3.670852e-21   5404852
  8.911333e+00   1.094787e-20   3.066920e-03   3.635483e-21   5313930
  8.921960e+00   4.963079e-21   3.068151e-03   3.610732e-21   5230396
  8.932587e+00   9.431406e-21   3.067037e-03   3.584691e-21   5145158
  8.943214e+00   6.260853e-21   3.067644e-03   3.556997e-21   5064506
  8.953844e+00   7.452146e-21   3.070354e-03   3.532508e-21   4989464
  8.964475e+00   7.571943e-21   3.067471e-03   3.508937e-21   4907486
  8.975102e+00   1.944549e-21   3.067454e-03   3.490264e-21   4831952
  8.985729e+00   9.189788e-21   3.067333e-03   3.469517e-21   4757392
  8.996357e+00   1.076659e-20   3.068563e-03   3.454486e-21   4685902
  9.006985e+00   2.716809e-21   3.067839e-03   3.432137e-21   4612826
  9.017611e+00   1.541713e-20   3.067647e-03   3.417448e-21   4542436
  9.028240e+00   1.550211e-20   3.068771e-03   3.401319e-21   4475408
  9.038866e+00   -7.770745e-22   3.065432e-03   3.384822e-21   4402686
  9.049492e+00   1.308899e-20   3.069222e-03   3.366051e-21   4340854
  9.060123e+00   3.728468e-21   3.068666e-03   3.348945e-21   4273862
  9.070751e+00   8.058304e-21   3.068093e-03   3.335703e-21   4208538
  9.081377e+00   1.033910e-20   3.066329e-03   3.326060e-21   4142584
  9.092002e+00   5.183383e-21   3.067445e-03   3.313994e-21   4081232
  9.102629e+00   3.718958e-21   3.068061e-03   3.300428e-21   4019668
  9.113260e+00   6.147133e-21   3.070507e-03   3.281670e-21   3961416
  9.123892e+00   5.800672e-21   3.068468e-03   3.278950e-21   3898848
  9.134518e+00   7.438514e-21   3.065914e-03   3.271214e-21   3836718
  9.145140e+00   8.070449e-21   3.066518e-03   3.253481e-21   3779272
  9.155765e+00   1.189205e-20   3.066689e-03   3.243270e-21   3721434
  9.166394e+00   7.529114e-21   3.070316e-03   3.233669e-21   3668198
  9.177028e+00   3.921153e-21   3.069776e-03   3.233242e-21   3611346
  9.187656e+00   1.123266e-20   3.066455e-03   3.218981e-21   3552442
  9.198281e+00   7.080055e-21   3.067337e-03   3.213557e-21   3498908
  9.208908e+00   9.862480e-21   3.067980e-03   3.208430e-21   3445382
  9.219536e+00   7.382723e-21   3.068389e-03   3.196440e-21   3392244
  9.230165e+00   6.975943e-21   3.068360e-03   3.189558e-21   3339634
  9.240792e+00   1.463239e-21   3.067248e-03   3.189931e-21   3286752
  9.251416e+00   5.120343e-21   3.065818e-03   3.184988e-21   3234180
  9.262040e+00   4.922379e-21   3.067094e-03   3.175434e-21   3184556
  9.272670e+00   8.068265e-21   3.070362e-03   3.167627e-21   3137238
  9.283304e+00   3.076221e-21   3.070377e-03   3.164120e-21   3087670
  9.293936e+00   1.016390e-20   3.068566e-03   3.158496e-21   3037460
  9.304560e+00   2.461053e-21   3.064548e-03   3.156183e-21   2985736
  9.315180e+00   6.697940e-21   3.066413e-03   3.151294e-21   2939708
  9.325811e+00   6.707850e-21   3.071553e-03   3.148466e-21   2897012
  9.336443e+00   5.319569e-21   3.067620e-03   3.146448e-21   2846890
  9.347067e+00   9.248070e-21   3.065693e-03   3.141095e-21   2799588
  9.357689e+00   2.964260e-21   3.066395e-03   3.140670e-21   2754954
  9.368315e+00   2.857592e-23   3.068270e-03   3.142503e-21   2711500
  9.378948e+00   1.223382e-20   3.070601e-03   3.141842e-21   2669006
  9.389576e+00   4.574772e-21   3.065837e-03   3.142148e-21   2621264
  9.400202e+00   3.239354e-21   3.068913e-03   3.133777e-21   2580726
  9.410830e+00   1.210585e-21   3.067141e-03   3.135960e-21   2536470
  9.421456e+00   1.015648e-20   3.067445e-03   3.143386e-21   2494370
  9.432084e+00   7.690560e-21   3.068834e-03   3.138248e-21   2453556
  9.442716e+00   9.283916e-21   3.070117e-03   3.143060e-21   2413246
  9.453347e+00   2.420295e-21   3.067994e-03   3.139649e-21   2370914
  9.463973e+00   4.111750e-22   3.067217e-03   3.146536e-21   2330126
  9.474601e+00   4.664523e-21   3.068570e-03   3.153135e-21   2291406
  9.485227e+00   7.762850e-22   3.066158e-03   3.147740e-21   2250410
  9.495850e+00   3.673774e-21   3.066006e-03   3.154405e-21   2211486
  9.506474e+00   6.880881e-21   3.067734e-03   3.153185e-21   2174194
  9.517102e+00   8.641018e-21   3.068176e-03   3.161180e-21   2136416
  9.527733e+00   1.200404e-20   3.069929e-03   3.171188e-21   2100070
  9.538360e+00   -2.063360e-22   3.065560e-03   3.175677e-21   2060026
  9.548986e+00   3.187784e-21   3.069362e-03   3.177868e-21   2025910
  9.559615e+00   9.334167e-21   3.067530e-03   3.177929e-21   1988576
  9.570241e+00   8.584943e-21   3.067060e-03   3.190740e-21   1952610
  9.580867e+00   8.111800e-21   3.067361e-03   3.194923e-21   1917470
  9.591493e+00   1.726483e-21   3.067399e-03   3.195778e-21   1882484
  9.602120e+00   9.011073e-21   3.068076e-03   3.206495e-21   1848262
  9.612753e+00   5.456543e-21   3.071327e-03   3.204311e-21   1816024
  9.623386e+00   2.337377e-21   3.068076e-03   3.221170e-21   1780418
  9.634012e+00   2.328906e-21   3.067038e-03   3.235302e-21   1746576
  9.644639e+00   5.619355e-21   3.068628e-03   3.249628e-21   1714622
  9.655268e+00   -4.797359e-21   3.067669e-03   3.250632e-21   1681692
  9.665895e+00   7.335494e-21   3.067468e-03   3.269749e-21   1649574
  9.676515e+00   4.881384e-21   3.063511e-03   3.277797e-21   1615788
  9.687137e+00   -1.176758e-21   3.068656e-03   3.289611e-21   1587064
  9.697769e+00   7.955386e-21   3.069826e-03   3.304351e-21   1556598
  9.708400e+00   4.228771e-21   3.068471e-03   3.314931e-21   1525380
  9.719030e+00   1.404350e-21   3.068670e-03   3.327095e-21   1495360
  9.729656e+00   9.746241e-21   3.066126e-03   3.337573e-21   1464370
  9.740281e+00   4.429362e-21   3.067601e-03   3.342504e-21   1435656
  9.750907e+00   4.898573e-21   3.067002e-03   3.367733e-21   1406304
  9.761532e+00   3.888857e-21   3.067147e-03   3.383042e-21   1377628
  9.772159e+00   9.664367e-21   3.068370e-03   3.395049e-21   1349744
  9.782788e+00   4.834771e-21   3.068343e-03   3.411651e-21   1321682
  9.793418e+00   4.474128e-22   3.069098e-03   3.423018e-21   1294376
  9.804048e+00   4.486492e-21   3.068140e-03   3.453784e-21   1266768
  9.814673e+00   1.143117e-20   3.066275e-03   3.476026e-21   1239172
  9.825295e+00   7.097435e-21   3.065238e-03   3.482715e-21   1212224
  9.835918e+00   2.801978e-21   3.067386e-03   3.503295e-21   1186796
  9.846547e+00   1.204124e-20   3.069034e-03   3.530031e-21   1161432
  9.857176e+00   1.465153e-20   3.067927e-03   3.552323e-21   1135408
  9.867804e+00   6.483358e-21   3.068239e-03   3.570853e-21   1110324
  9.878434e+00   1.485885e-20   3.068926e-03   3.599066e-21   1085680
  9.889062e+00   9.162820e-21   3.066842e-03   3.618996e-21   1060364
  9.899688e+00   6.507342e-21   3.068767e-03   3.650608e-21   1036736
  9.910321e+00   -3.913802e-23   3.070562e-03   3.666420e-21   1013388
  9.920951e+00   4.656594e-21   3.066769e-03   3.707364e-21   988656
  9.931575e+00   -4.275032e-21   3.066738e-03   3.721853e-21   965530
  9.942197e+00   1.332059e-20   3.064855e-03   3.756640e-21   942100
  9.952819e+00   1.095076e-20   3.066142e-03   3.773689e-21   919888
  9.963442e+00   4.664525e-21   3.066491e-03   3.811132e-21   897628
  9.974067e+00   1.307382e-21   3.067504e-03   3.847882e-21   875856
  9.984696e+00   -3.622570e-21   3.069599e-03   3.871935e-21   854736
  9.995330e+00   3.313349e-21   3.070044e-03   3.905277e-21   833510
  1.000596e+01   6.404790e-21   3.068120e-03   3.941515e-21   811976
  1.001659e+01   -6.264528e-22   3.066566e-03   3.987381e-21   790844
  1.002721e+01   1.766511e-21   3.066302e-03   4.020067e-21   770320
  1.003784e+01   -4.018026e-21   3.069162e-03   4.043159e-21   750838
  1.004847e+01   6.148727e-21   3.068729e-03   4.097588e-21   730864
  1.005909e+01   7.595086e-21   3.067039e-03   4.129174e-21   710984
  1.006972e+01   1.894352e-20   3.067274e-03   4.175395e-21   691894
  1.008035e+01   4.167718e-21   3.066106e-03   4.223951e-21   672776
  1.009097e+01   8.710364e-21   3.067065e-03   4.277478e-21   654372
  1.010160e+01   6.522211e-21   3.065537e-03   4.321579e-21   635682
  1.011222e+01   9.713074e-21   3.064886e-03   4.365673e-21   617460
  1.012284e+01   -4.456311e-21   3.066767e-03   4.402246e-21   600024
  1.013346e+01   5.477573e-21   3.068404e-03   4.452047e-21   582830
  1.014410e+01   7.023266e-21   3.070337e-03   4.533245e-21   566000
  1.015473e+01   1.147080e-21   3.066543e-03   4.577023e-21   548458
  1.016535e+01   6.054982e-21   3.067619e-03   4.638339e-21   532084
  1.017598e+01   1.081884e-20   3.065740e-03   4.700015e-21   515440
  1.018660e+01   -3.427801e-21   3.064533e-03   4.784672e-21   499174
  1.019722e+01   1.477790e-20   3.064552e-03   4.851802e-21   483368
  1.020784e+01   -3.504063e-21   3.067558e-03   4.898134e-21   468270
  1.021847e+01   -3.657474e-22   3.071740e-03   4.964963e-21   453568
  1.022911e+01   1.103536e-20   3.068522e-03   5.026356e-21   438106
  1.023974e+01   8.955769e-21   3.068674e-03   5.112327e-21   423508
  1.025036e+01   2.685367e-21   3.065352e-03   5.179286e-21   408754
  1.026098e+01   2.837779e-21   3.064549e-03   5.280641e-21   394612
  1.027160e+01   2.664234e-21   3.064825e-03   5.362494e-21   380826
  1.028223e+01   -1.057949e-20   3.063635e-03   5.435925e-21   367086
  1.029285e+01   3.613734e-21   3.065226e-03   5.529425e-21   353904
  1.030347e+01   2.059639e-21   3.067842e-03   5.607274e-21   341046
  1.031410e+01   1.241278e-20   3.067827e-03   5.741991e-21   328144
  1.032473e+01   -2.030758e-21   3.068491e-03   5.840405e-21   315598
  1.033536e+01   1.176441e-20   3.070442e-03   5.937559e-21   303466
  1.034599e+01   -1.449879e-21   3.070558e-03   6.079265e-21   291456
  1.035662e+01   6.288865e-21   3.069010e-03   6.184002e-21   279614
  1.036725e+01   7.849772e-21   3.062765e-03   6.320970e-21   267680
  1.037786e+01   1.120191e-20   3.061142e-03   6.411775e-21   256438
  1.038848e+01   2.578646e-20   3.062004e-03   6.546318e-21   245618
  1.039909e+01   -4.719011e-22   3.058865e-03   6.700983e-21   234708
  1.040970e+01   8.905434e-21   3.057929e-03   6.900166e-21   224210
  1.042032e+01   2.041610e-21   3.058509e-03   7.003673e-21   214046
  1.043093e+01   7.823055e-21   3.059874e-03   7.186682e-21   204152
  1.044155e+01   5.960259e-21   3.062766e-03   7.337507e-21   194558
  1.045217e+01   -7.020470e-21   3.062838e-03   7.554307e-21   185018
  1.046279e+01   1.487612e-20   3.066092e-03   7.714506e-21   175918
  1.047341e+01   1.718412e-20   3.068348e-03   7.874316e-21   166992
  1.048404e+01   1.461822e-20   3.070094e-03   8.134207e-21   158294
  1.049468e+01   4.998472e-21   3.071097e-03   8.377805e-21   149842
  1.050531e+01   -1.113312e-21   3.068653e-03   8.561232e-21   141530
  1.051593e+01   2.899514e-21   3.060509e-03   8.953259e-21   133284
  1.052654e+01   -6.693915e-21   3.057354e-03   9.157418e-21   125546
  1.053715e+01   7.582411e-21   3.051144e-03   9.429275e-21   117950
  1.054776e+01   7.356415e-21   3.048602e-03   9.771468e-21   110746
  1.055836e+01   2.067498e-20   3.039799e-03   9.988816e-21   103572
  1.056895e+01   1.575803e-21   3.036073e-03   1.036902e-20   96818
  1.057954e+01   2.501004e-20   3.031333e-03   1.084942e-20   90262
  1.059013e+01   2.035306e-20   3.027317e-03   1.120816e-20   83970
  1.060072e+01   2.074020e-20   3.019853e-03   1.166067e-20   77846
  1.061129e+01   3.919261e-20   3.012052e-03   1.212264e-20   71984
  1.062186e+01   -6.086638e-21   3.005730e-03   1.258381e-20   66398
  1.063243e+01   1.579623e-20   3.000369e-03   1.313355e-20   61058
  1.064300e+01   -9.183986e-21   2.995714e-03   1.373916e-20   55958
  1.065357e+01   -2.036408e-20   2.990697e-03   1.432795e-20   51082
  1.066413e+01   -1.650146e-20   2.981767e-03   1.503789e-20   46398
  1.067469e+01   -2.182001e-20   2.970930e-03   1.597890e-20   41954
  1.068524e+01   -2.217733e-20   2.955045e-03   1.667598e-20   37718
  1.069578e+01   -3.489157e-20   2.938133e-03   1.773739e-20   33736
  1.070631e+01   -3.705511e-20   2.922830e-03   1.882553e-20   30006
  1.071684e+01   5.913229e-20   2.912268e-03   2.017004e-20   26522
  1.072739e+01   -3.478526e-20   2.905476e-03   2.150055e-20   23254
  1.073793e+01   -4.584584e-20   2.895825e-03   2.330041e-20   20178
  1.074848e+01   -1.506644e-20   2.890787e-03   2.562167e-20   17342
  1.075903e+01   -4.435399e-20   2.886580e-03   2.676784e-20   14714
  1.076959e+01   -3.454463e-20   2.887906e-03   2.932022e-20   12310
  1.078015e+01   -2.928041e-20   2.880436e-03   3.265218e-20   10098
  1.079071e+01   6.193955e-20   2.879327e-03   3.719728e-20   8126
  1.080127e+01   -1.936118e-20   2.877797e-03   4.081817e-20   6362
  1.081184e+01   4.176221e-21   2.888638e-03   4.754999e-20   4822
  1.082239e+01   8.733894e-20   2.872451e-03   5.746027e-20   3474
  1.083292e+01   7.241467e-20   2.869225e-03   6.826021e-20   2366
  1.084344e+01   -5.758081e-20   2.860034e-03   8.622925e-20   1466
  1.085397e+01   2.440124e-20   2.925135e-03   1.215467e-19   790
  1.086426e+01   6.934308e-19   2.767211e-03   1.734012e-19   306
  1.087389e+01   -1.924369e-19   2.357714e-03   3.650837e-19   62
