# cross spectrum of phi(z1) and phi(z2)
# redshift z=4.996894
# k              Pk             sigma(k)       sigma(Pk)      count
  7.830312e-03   2.705950e-10   1.198114e-03   6.093600e-11   18
  1.686348e-02   3.211993e-10   2.897918e-03   3.070599e-11   152
  2.725284e-02   1.915608e-10   3.060867e-03   8.954843e-12   416
  3.742835e-02   1.049894e-10   2.912555e-03   3.923025e-12   770
  4.808679e-02   6.615788e-11   3.119650e-03   1.936621e-12   1364
  5.876109e-02   4.328506e-11   3.054550e-03   9.818042e-13   1976
  6.939824e-02   3.311888e-11   3.112555e-03   6.315275e-13   2792
  7.984642e-02   2.405825e-11   2.971805e-03   4.142259e-13   3578
  9.038229e-02   1.741217e-11   3.049521e-03   2.585416e-13   4724
  1.011318e-01   1.279685e-11   3.134595e-03   1.692790e-13   6032
  1.117485e-01   1.004646e-11   3.016599e-03   1.216689e-13   7072
  1.222702e-01   8.390166e-12   3.056387e-03   9.204354e-14   8634
  1.329722e-01   7.150837e-12   3.095256e-03   7.118450e-14   10336
  1.436677e-01   5.752033e-12   3.082009e-03   5.195229e-14   11940
  1.541872e-01   4.580808e-12   3.021465e-03   4.034437e-14   13490
  1.647185e-01   3.753860e-12   3.054444e-03   2.965355e-14   15656
  1.754149e-01   3.175149e-12   3.102608e-03   2.396765e-14   18008
  1.860920e-01   2.807070e-12   3.069464e-03   2.003538e-14   19964
  1.966957e-01   2.444205e-12   3.066093e-03   1.638771e-14   22354
  2.072851e-01   2.080532e-12   3.030819e-03   1.338926e-14   24648
  2.179134e-01   1.777221e-12   3.083109e-03   1.075898e-14   27592
  2.285517e-01   1.528752e-12   3.075318e-03   8.751502e-15   30152
  2.391687e-01   1.347550e-12   3.069056e-03   7.440621e-15   33046
  2.497808e-01   1.224351e-12   3.053846e-03   6.565092e-15   35992
  2.604233e-01   1.095951e-12   3.074764e-03   5.568187e-15   39304
  2.710722e-01   9.909017e-13   3.082145e-03   4.808695e-15   42608
  2.817050e-01   8.573501e-13   3.058267e-03   4.086630e-15   45758
  2.923349e-01   7.648398e-13   3.072286e-03   3.488282e-15   49536
  3.029238e-01   6.913402e-13   3.039208e-03   3.086481e-15   52488
  3.135134e-01   6.298968e-13   3.084628e-03   2.684358e-15   57034
  3.241511e-01   5.632525e-13   3.061146e-03   2.309163e-15   60648
  3.347969e-01   5.187993e-13   3.076329e-03   2.073582e-15   65044
  3.454223e-01   4.755326e-13   3.057760e-03   1.829099e-15   68720
  3.560505e-01   4.299410e-13   3.078281e-03   1.602056e-15   73538
  3.667175e-01   3.913650e-13   3.076939e-03   1.416611e-15   78080
  3.773260e-01   3.627719e-13   3.039859e-03   1.286891e-15   81572
  3.879192e-01   3.320768e-13   3.081238e-03   1.144108e-15   87248
  3.985882e-01   3.054055e-13   3.084591e-03   1.022070e-15   92266
  4.092322e-01   2.827614e-13   3.063169e-03   9.254070e-16   96696
  4.198039e-01   2.609149e-13   3.037602e-03   8.404592e-16   100904
  4.303789e-01   2.404147e-13   3.065517e-03   7.561951e-16   107036
  4.410480e-01   2.230741e-13   3.089487e-03   6.743555e-16   113362
  4.517307e-01   2.072626e-13   3.072092e-03   6.168754e-16   118176
  4.623378e-01   1.947603e-13   3.054661e-03   5.700211e-16   122944
  4.729644e-01   1.814029e-13   3.083007e-03   5.135688e-16   129902
  4.836049e-01   1.676209e-13   3.061727e-03   4.677968e-16   134944
  4.942158e-01   1.571600e-13   3.064979e-03   4.285883e-16   140952
  5.048213e-01   1.463842e-13   3.064662e-03   3.941858e-16   147072
  5.154342e-01   1.374240e-13   3.060800e-03   3.596054e-16   153382
  5.260893e-01   1.283270e-13   3.082622e-03   3.297414e-16   160952
  5.367508e-01   1.204583e-13   3.070294e-03   3.029084e-16   166640
  5.473579e-01   1.133269e-13   3.057153e-03   2.826440e-16   172448
  5.579787e-01   1.067625e-13   3.077577e-03   2.578926e-16   180594
  5.686178e-01   1.008985e-13   3.060710e-03   2.408456e-16   186556
  5.792219e-01   9.471032e-14   3.063394e-03   2.231791e-16   193528
  5.898242e-01   8.976238e-14   3.060684e-03   2.084735e-16   200626
  6.004609e-01   8.415990e-14   3.076604e-03   1.920363e-16   209256
  6.111150e-01   7.986039e-14   3.069663e-03   1.782367e-16   216020
  6.217510e-01   7.591624e-14   3.075746e-03   1.673028e-16   223768
  6.323610e-01   7.158927e-14   3.055783e-03   1.557852e-16   230234
  6.429887e-01   6.769693e-14   3.074922e-03   1.440541e-16   239800
  6.536248e-01   6.363797e-14   3.063054e-03   1.341557e-16   246568
  6.642393e-01   6.108811e-14   3.068328e-03   1.267325e-16   254828
  6.748534e-01   5.768468e-14   3.064424e-03   1.172381e-16   263074
  6.854951e-01   5.506364e-14   3.071509e-03   1.104496e-16   272312
  6.961385e-01   5.221997e-14   3.070197e-03   1.033470e-16   280376
  7.067732e-01   4.955078e-14   3.071500e-03   9.702686e-17   288884
  7.174012e-01   4.710890e-14   3.068501e-03   9.103512e-17   297602
  7.280177e-01   4.480100e-14   3.057614e-03   8.546880e-17   305520
  7.386402e-01   4.273804e-14   3.075198e-03   8.046649e-17   315976
  7.492461e-01   4.063450e-14   3.052723e-03   7.593661e-17   322778
  7.598720e-01   3.916786e-14   3.080021e-03   7.157963e-17   335372
  7.705286e-01   3.705382e-14   3.068318e-03   6.735540e-17   343464
  7.811635e-01   3.546879e-14   3.070705e-03   6.314157e-17   352912
  7.917934e-01   3.388477e-14   3.070498e-03   5.985277e-17   362666
  8.024224e-01   3.247328e-14   3.063690e-03   5.679617e-17   371884
  8.130465e-01   3.107805e-14   3.069929e-03   5.382084e-17   382280
  8.236583e-01   2.977635e-14   3.060755e-03   5.083581e-17   390888
  8.342648e-01   2.829069e-14   3.067168e-03   4.758722e-17   402234
  8.448912e-01   2.707326e-14   3.064832e-03   4.507241e-17   412576
  8.555263e-01   2.597266e-14   3.071788e-03   4.275963e-17   423732
  8.661590e-01   2.494595e-14   3.068142e-03   4.075742e-17   433624
  8.767950e-01   2.382926e-14   3.072203e-03   3.846079e-17   445154
  8.874347e-01   2.287554e-14   3.069139e-03   3.674361e-17   455584
  8.980596e-01   2.193132e-14   3.064716e-03   3.482071e-17   465588
  9.086714e-01   2.104906e-14   3.065163e-03   3.305299e-17   476762
  9.193048e-01   2.021683e-14   3.073106e-03   3.141016e-17   489552
  9.299472e-01   1.946652e-14   3.069632e-03   3.005050e-17   500328
  9.405628e-01   1.866956e-14   3.059261e-03   2.854677e-17   509852
  9.511854e-01   1.793581e-14   3.074339e-03   2.708350e-17   524234
  9.618189e-01   1.732841e-14   3.061952e-03   2.597646e-17   534104
  9.724448e-01   1.659959e-14   3.070528e-03   2.476271e-17   547048
  9.830800e-01   1.600501e-14   3.073862e-03   2.356672e-17   559328
  9.937180e-01   1.542760e-14   3.070866e-03   2.255462e-17   571326
  1.004339e+00   1.482582e-14   3.060367e-03   2.151513e-17   581920
  1.014951e+00   1.426987e-14   3.064588e-03   2.053868e-17   594832
  1.025571e+00   1.371648e-14   3.068054e-03   1.954663e-17   608048
  1.036206e+00   1.324775e-14   3.070252e-03   1.869777e-17   621526
  1.046839e+00   1.275599e-14   3.066112e-03   1.795183e-17   633240
  1.057456e+00   1.226335e-14   3.064953e-03   1.709791e-17   645472
  1.068086e+00   1.192031e-14   3.075342e-03   1.646739e-17   660906
  1.078726e+00   1.143047e-14   3.067576e-03   1.571095e-17   672856
  1.089356e+00   1.103294e-14   3.067094e-03   1.508423e-17   685980
  1.099980e+00   1.067665e-14   3.067978e-03   1.437967e-17   699256
  1.110619e+00   1.025644e-14   3.074976e-03   1.376971e-17   714730
  1.121246e+00   9.929377e-15   3.059348e-03   1.321193e-17   725152
  1.131863e+00   9.581035e-15   3.067634e-03   1.272611e-17   740420
  1.142485e+00   9.275923e-15   3.069089e-03   1.219933e-17   754312
  1.153114e+00   8.951996e-15   3.069897e-03   1.170178e-17   769114
  1.163749e+00   8.653793e-15   3.069209e-03   1.119748e-17   783488
  1.174365e+00   8.366442e-15   3.058900e-03   1.080692e-17   794968
  1.184981e+00   8.110921e-15   3.070107e-03   1.041256e-17   812366
  1.195609e+00   7.819249e-15   3.065134e-03   9.917135e-18   825976
  1.206250e+00   7.589630e-15   3.075220e-03   9.583978e-18   843352
  1.216898e+00   7.323704e-15   3.073224e-03   9.190695e-18   857280
  1.227524e+00   7.068928e-15   3.063189e-03   8.866419e-18   869542
  1.238147e+00   6.854376e-15   3.070752e-03   8.542117e-18   887128
  1.248772e+00   6.605629e-15   3.063166e-03   8.184360e-18   900032
  1.259388e+00   6.415065e-15   3.067377e-03   7.893093e-18   916560
  1.270005e+00   6.202731e-15   3.061783e-03   7.610216e-18   930922
  1.280635e+00   6.014033e-15   3.071795e-03   7.331738e-18   949844
  1.291287e+00   5.807300e-15   3.076939e-03   7.039602e-18   966736
  1.301925e+00   5.643320e-15   3.065819e-03   6.810036e-18   978776
  1.312537e+00   5.466658e-15   3.064137e-03   6.564373e-18   994522
  1.323161e+00   5.290083e-15   3.068907e-03   6.334987e-18   1012420
  1.333794e+00   5.129198e-15   3.071598e-03   6.105770e-18   1029408
  1.344410e+00   4.964720e-15   3.058405e-03   5.897342e-18   1041658
  1.355032e+00   4.827791e-15   3.072381e-03   5.680612e-18   1063520
  1.365659e+00   4.691229e-15   3.060689e-03   5.510707e-18   1075808
  1.376294e+00   4.543833e-15   3.080019e-03   5.305482e-18   1098956
  1.386928e+00   4.393111e-15   3.061670e-03   5.114544e-18   1109810
  1.397545e+00   4.274364e-15   3.065288e-03   4.941486e-18   1128608
  1.408178e+00   4.138740e-15   3.073589e-03   4.772599e-18   1148264
  1.418813e+00   4.021529e-15   3.067917e-03   4.624928e-18   1163252
  1.429436e+00   3.889950e-15   3.067070e-03   4.451964e-18   1181042
  1.440060e+00   3.781462e-15   3.064325e-03   4.325586e-18   1197848
  1.450692e+00   3.668771e-15   3.073737e-03   4.164867e-18   1218848
  1.461323e+00   3.557259e-15   3.064859e-03   4.030779e-18   1232916
  1.471945e+00   3.464027e-15   3.068844e-03   3.914179e-18   1253002
  1.482566e+00   3.365078e-15   3.062284e-03   3.785573e-18   1268576
  1.493191e+00   3.268741e-15   3.071552e-03   3.658973e-18   1290128
  1.503822e+00   3.168311e-15   3.068342e-03   3.539500e-18   1307402
  1.514455e+00   3.068453e-15   3.069122e-03   3.420728e-18   1327028
  1.525083e+00   2.993290e-15   3.064970e-03   3.322087e-18   1343648
  1.535711e+00   2.903706e-15   3.070217e-03   3.213066e-18   1364096
  1.546341e+00   2.813037e-15   3.068950e-03   3.118422e-18   1382730
  1.556974e+00   2.740325e-15   3.068757e-03   3.020141e-18   1402164
  1.567604e+00   2.654047e-15   3.068159e-03   2.918524e-18   1420464
  1.578221e+00   2.591820e-15   3.063798e-03   2.842755e-18   1437368
  1.588847e+00   2.518390e-15   3.072142e-03   2.752165e-18   1461530
  1.599480e+00   2.439307e-15   3.065069e-03   2.661799e-18   1478264
  1.610108e+00   2.380570e-15   3.068902e-03   2.586080e-18   1499356
  1.620732e+00   2.310959e-15   3.065238e-03   2.507676e-18   1517016
  1.631360e+00   2.253055e-15   3.070849e-03   2.443180e-18   1540090
  1.641988e+00   2.189046e-15   3.065366e-03   2.360668e-18   1557360
  1.652609e+00   2.131378e-15   3.066926e-03   2.297416e-18   1577780
  1.663242e+00   2.072939e-15   3.075107e-03   2.229735e-18   1602578
  1.673875e+00   2.013049e-15   3.063542e-03   2.162584e-18   1617672
  1.684498e+00   1.955512e-15   3.069033e-03   2.103349e-18   1641016
  1.695122e+00   1.901731e-15   3.065080e-03   2.038866e-18   1659416
  1.705746e+00   1.852279e-15   3.068431e-03   1.984163e-18   1682670
  1.716382e+00   1.798466e-15   3.070690e-03   1.921856e-18   1705256
  1.727024e+00   1.750547e-15   3.071890e-03   1.868679e-18   1726312
  1.737645e+00   1.707109e-15   3.062639e-03   1.822872e-18   1741880
  1.748261e+00   1.661556e-15   3.067156e-03   1.766094e-18   1766454
  1.758897e+00   1.614008e-15   3.073105e-03   1.716178e-18   1791784
  1.769528e+00   1.572453e-15   3.063894e-03   1.673121e-18   1807712
  1.780139e+00   1.530132e-15   3.062775e-03   1.623098e-18   1829002
  1.790759e+00   1.488537e-15   3.067263e-03   1.575977e-18   1854216
  1.801400e+00   1.452295e-15   3.074631e-03   1.537402e-18   1880156
  1.812037e+00   1.410721e-15   3.068349e-03   1.494892e-18   1897568
  1.822663e+00   1.372300e-15   3.068475e-03   1.454956e-18   1920458
  1.833288e+00   1.337110e-15   3.065997e-03   1.413926e-18   1942208
  1.843915e+00   1.303221e-15   3.067813e-03   1.378148e-18   1965612
  1.854544e+00   1.270477e-15   3.069639e-03   1.347145e-18   1989000
  1.865168e+00   1.236109e-15   3.064465e-03   1.307076e-18   2009114
  1.875791e+00   1.202680e-15   3.067400e-03   1.272958e-18   2034464
  1.886424e+00   1.173057e-15   3.070174e-03   1.239054e-18   2058476
  1.897052e+00   1.142831e-15   3.068039e-03   1.205965e-18   2079648
  1.907673e+00   1.112304e-15   3.065891e-03   1.177724e-18   2102578
  1.918306e+00   1.082533e-15   3.070742e-03   1.142015e-18   2129928
  1.928942e+00   1.056398e-15   3.069733e-03   1.115967e-18   2152096
  1.939563e+00   1.028224e-15   3.062858e-03   1.087245e-18   2171142
  1.950185e+00   1.001607e-15   3.069150e-03   1.058876e-18   2200248
  1.960824e+00   9.739204e-16   3.071017e-03   1.031447e-18   2225216
  1.971460e+00   9.509079e-16   3.070942e-03   1.006881e-18   2248448
  1.982084e+00   9.262732e-16   3.064272e-03   9.824876e-19   2267942
  1.992710e+00   9.026894e-16   3.071051e-03   9.580684e-19   2298072
  2.003337e+00   8.766504e-16   3.064068e-03   9.339034e-19   2317272
  2.013961e+00   8.588569e-16   3.069747e-03   9.117850e-19   2345808
  2.024580e+00   8.345930e-16   3.062469e-03   8.888883e-19   2365650
  2.035206e+00   8.135248e-16   3.069930e-03   8.680602e-19   2396940
  2.045842e+00   7.903428e-16   3.069936e-03   8.433763e-19   2421272
  2.056473e+00   7.717974e-16   3.068399e-03   8.253234e-19   2444576
  2.067102e+00   7.522404e-16   3.069748e-03   8.047879e-19   2471490
  2.077728e+00   7.349516e-16   3.064854e-03   7.853900e-19   2493180
  2.088349e+00   7.175215e-16   3.068019e-03   7.681613e-19   2520952
  2.098972e+00   6.975494e-16   3.065319e-03   7.492976e-19   2544946
  2.109598e+00   6.810292e-16   3.068311e-03   7.316981e-19   2573856
  2.120230e+00   6.633589e-16   3.069026e-03   7.135513e-19   2600016
  2.130862e+00   6.474018e-16   3.069102e-03   6.960595e-19   2625484
  2.141490e+00   6.303095e-16   3.068080e-03   6.804685e-19   2651122
  2.152130e+00   6.142059e-16   3.074348e-03   6.647766e-19   2683488
  2.162754e+00   5.991178e-16   3.059466e-03   6.507847e-19   2696352
  2.173371e+00   5.835585e-16   3.071171e-03   6.349926e-19   2733020
  2.184002e+00   5.706903e-16   3.067530e-03   6.207127e-19   2757378
  2.194631e+00   5.547333e-16   3.067942e-03   6.058131e-19   2784864
  2.205259e+00   5.414603e-16   3.067811e-03   5.932797e-19   2811168
  2.215874e+00   5.285794e-16   3.061061e-03   5.787688e-19   2832274
  2.226505e+00   5.153127e-16   3.075611e-03   5.659880e-19   2873636
  2.237142e+00   5.019869e-16   3.064877e-03   5.543387e-19   2890496
  2.247766e+00   4.889161e-16   3.069851e-03   5.405083e-19   2921800
  2.258399e+00   4.770056e-16   3.071101e-03   5.282437e-19   2951298
  2.269032e+00   4.660912e-16   3.066274e-03   5.163493e-19   2975476
  2.279663e+00   4.561143e-16   3.071375e-03   5.063413e-19   3007728
  2.290285e+00   4.425218e-16   3.061886e-03   4.954094e-19   3025776
  2.300910e+00   4.312481e-16   3.072955e-03   4.831550e-19   3065762
  2.311540e+00   4.228764e-16   3.063208e-03   4.747322e-19   3084856
  2.322162e+00   4.123838e-16   3.068985e-03   4.637824e-19   3118044
  2.332782e+00   4.016190e-16   3.064319e-03   4.539667e-19   3141352
  2.343410e+00   3.918483e-16   3.072036e-03   4.435973e-19   3179274
  2.354046e+00   3.819810e-16   3.067682e-03   4.347132e-19   3204120
  2.364668e+00   3.734745e-16   3.063610e-03   4.260440e-19   3227900
  2.375288e+00   3.629935e-16   3.068722e-03   4.163262e-19   3262394
  2.385925e+00   3.539008e-16   3.071814e-03   4.070689e-19   3295680
  2.396559e+00   3.460033e-16   3.067166e-03   3.992515e-19   3319560
  2.407184e+00   3.377880e-16   3.068070e-03   3.907852e-19   3348972
  2.417810e+00   3.298985e-16   3.068540e-03   3.833054e-19   3379722
  2.428441e+00   3.206336e-16   3.068348e-03   3.741504e-19   3410720
  2.439075e+00   3.140650e-16   3.069517e-03   3.667591e-19   3441504
  2.449697e+00   3.056943e-16   3.063301e-03   3.594509e-19   3463624
  2.460317e+00   2.985940e-16   3.068043e-03   3.520675e-19   3499790
  2.470951e+00   2.911378e-16   3.070702e-03   3.445330e-19   3533560
  2.481588e+00   2.838229e-16   3.069830e-03   3.377843e-19   3561920
  2.492209e+00   2.771988e-16   3.064208e-03   3.311588e-19   3585208
  2.502830e+00   2.712869e-16   3.069185e-03   3.245578e-19   3622518
  2.513468e+00   2.636576e-16   3.072344e-03   3.176034e-19   3657584
  2.524094e+00   2.578482e-16   3.062507e-03   3.120769e-19   3676440
  2.534707e+00   2.510717e-16   3.065232e-03   3.056441e-19   3711282
  2.545334e+00   2.446018e-16   3.068763e-03   2.989364e-19   3747696
  2.555965e+00   2.392761e-16   3.067225e-03   2.937700e-19   3776188
  2.566601e+00   2.333087e-16   3.074483e-03   2.877570e-19   3815304
  2.577232e+00   2.285865e-16   3.064660e-03   2.829024e-19   3835370
  2.587856e+00   2.226796e-16   3.068926e-03   2.770875e-19   3873424
  2.598487e+00   2.178042e-16   3.067978e-03   2.719733e-19   3903420
  2.609117e+00   2.119693e-16   3.070036e-03   2.661240e-19   3937624
  2.619745e+00   2.063330e-16   3.066011e-03   2.610625e-19   3965658
  2.630375e+00   2.018865e-16   3.069802e-03   2.558668e-19   4002984
  2.641001e+00   1.971052e-16   3.065136e-03   2.511890e-19   4027928
  2.651616e+00   1.920298e-16   3.064941e-03   2.464772e-19   4059844
  2.662241e+00   1.877947e-16   3.069945e-03   2.417742e-19   4100338
  2.672876e+00   1.826054e-16   3.069128e-03   2.370319e-19   4132264
  2.683506e+00   1.789071e-16   3.068474e-03   2.328549e-19   4163216
  2.694131e+00   1.745054e-16   3.066146e-03   2.284491e-19   4193350
  2.704761e+00   1.693786e-16   3.071068e-03   2.238421e-19   4234456
  2.715390e+00   1.664137e-16   3.064079e-03   2.200650e-19   4257264
  2.726012e+00   1.618963e-16   3.069774e-03   2.158632e-19   4297352
  2.736640e+00   1.579636e-16   3.067495e-03   2.118462e-19   4328642
  2.747272e+00   1.540194e-16   3.070663e-03   2.080351e-19   4367948
  2.757895e+00   1.507866e-16   3.061799e-03   2.046938e-19   4388384
  2.768519e+00   1.471902e-16   3.072247e-03   2.003717e-19   4436648
  2.779154e+00   1.434548e-16   3.067997e-03   1.970154e-19   4465658
  2.789787e+00   1.399789e-16   3.069677e-03   1.933789e-19   4502948
  2.800413e+00   1.360234e-16   3.064787e-03   1.898117e-19   4528880
  2.811033e+00   1.334623e-16   3.067181e-03   1.867796e-19   4566290
  2.821663e+00   1.304485e-16   3.070655e-03   1.833603e-19   4606856
  2.832293e+00   1.270558e-16   3.066552e-03   1.800896e-19   4635380
  2.842916e+00   1.246288e-16   3.067131e-03   1.769170e-19   4670384
  2.853543e+00   1.208895e-16   3.069161e-03   1.734611e-19   4709258
  2.864179e+00   1.184012e-16   3.070324e-03   1.705537e-19   4747352
  2.874805e+00   1.149392e-16   3.063655e-03   1.677414e-19   4771664
  2.885427e+00   1.127997e-16   3.068600e-03   1.645689e-19   4813532
  2.896058e+00   1.096420e-16   3.070437e-03   1.616718e-19   4852322
  2.906693e+00   1.076354e-16   3.069013e-03   1.591566e-19   4886480
  2.917320e+00   1.045695e-16   3.066289e-03   1.562226e-19   4917248
  2.927939e+00   1.021835e-16   3.065099e-03   1.536859e-19   4950828
  2.938569e+00   9.997782e-17   3.072788e-03   1.509171e-19   5000170
  2.949204e+00   9.753345e-17   3.066857e-03   1.484139e-19   5026952
  2.959825e+00   9.530977e-17   3.064676e-03   1.458760e-19   5058752
  2.970445e+00   9.266951e-17   3.067741e-03   1.435414e-19   5100722
  2.981076e+00   9.089691e-17   3.068979e-03   1.408690e-19   5140124
  2.991706e+00   8.839117e-17   3.067937e-03   1.385907e-19   5174072
  3.002335e+00   8.633504e-17   3.068928e-03   1.363654e-19   5211608
  3.012962e+00   8.412550e-17   3.067917e-03   1.340636e-19   5247794
  3.023589e+00   8.239922e-17   3.066908e-03   1.318051e-19   5284196
  3.034222e+00   8.039333e-17   3.071657e-03   1.294730e-19   5328800
  3.044847e+00   7.828740e-17   3.063109e-03   1.274523e-19   5350872
  3.055470e+00   7.646847e-17   3.069608e-03   1.252353e-19   5400634
  3.066097e+00   7.491541e-17   3.065291e-03   1.234481e-19   5430968
  3.076725e+00   7.317059e-17   3.070185e-03   1.214222e-19   5475908
  3.087355e+00   7.124719e-17   3.068352e-03   1.192867e-19   5510016
  3.097986e+00   6.932077e-17   3.069695e-03   1.174945e-19   5552114
  3.108620e+00   6.789701e-17   3.068841e-03   1.156293e-19   5588944
  3.119249e+00   6.635240e-17   3.067703e-03   1.136947e-19   5623828
  3.129873e+00   6.445408e-17   3.066629e-03   1.116906e-19   5660722
  3.140497e+00   6.322101e-17   3.066422e-03   1.102346e-19   5699896
  3.151124e+00   6.181414e-17   3.068968e-03   1.082828e-19   5741936
  3.161754e+00   6.000809e-17   3.069010e-03   1.064291e-19   5779568
  3.172381e+00   5.906692e-17   3.067639e-03   1.049702e-19   5817222
  3.183006e+00   5.729974e-17   3.066013e-03   1.033447e-19   5854600
  3.193635e+00   5.604760e-17   3.069791e-03   1.016380e-19   5900040
  3.204262e+00   5.496197e-17   3.066501e-03   1.000562e-19   5931976
  3.214890e+00   5.352361e-17   3.070101e-03   9.843023e-20   5979390
  3.225518e+00   5.199042e-17   3.065321e-03   9.691239e-20   6010200
  3.236144e+00   5.081164e-17   3.069327e-03   9.539716e-20   6056496
  3.246769e+00   4.972680e-17   3.066211e-03   9.385506e-20   6089504
  3.257396e+00   4.861668e-17   3.069391e-03   9.245889e-20   6137114
  3.268025e+00   4.737392e-17   3.067201e-03   9.110560e-20   6173332
  3.278652e+00   4.608924e-17   3.067882e-03   8.967710e-20   6214128
  3.289279e+00   4.516923e-17   3.067306e-03   8.831016e-20   6253874
  3.299910e+00   4.408842e-17   3.069629e-03   8.693150e-20   6300104
  3.310539e+00   4.300452e-17   3.066365e-03   8.571284e-20   6332612
  3.321166e+00   4.190475e-17   3.070240e-03   8.434712e-20   6379768
  3.331797e+00   4.093562e-17   3.068597e-03   8.300614e-20   6418218
  3.342427e+00   3.979579e-17   3.068360e-03   8.183296e-20   6459880
  3.353052e+00   3.912527e-17   3.066116e-03   8.068495e-20   6495652
  3.363680e+00   3.822625e-17   3.070231e-03   7.939683e-20   6545296
  3.374311e+00   3.739017e-17   3.067227e-03   7.832587e-20   6581570
  3.384935e+00   3.631303e-17   3.065246e-03   7.705986e-20   6618960
  3.395556e+00   3.554917e-17   3.067158e-03   7.594073e-20   6663352
  3.406178e+00   3.488856e-17   3.065376e-03   7.479885e-20   6701334
  3.416809e+00   3.391267e-17   3.072512e-03   7.370589e-20   6759920
  3.427444e+00   3.306526e-17   3.067179e-03   7.257669e-20   6789696
  3.438073e+00   3.229486e-17   3.069955e-03   7.155532e-20   6837208
  3.448703e+00   3.173090e-17   3.067492e-03   7.064909e-20   6874966
  3.459333e+00   3.092176e-17   3.068613e-03   6.959882e-20   6920864
  3.469960e+00   3.009577e-17   3.066758e-03   6.850685e-20   6957816
  3.480585e+00   2.961306e-17   3.068144e-03   6.759136e-20   7002232
  3.491208e+00   2.881234e-17   3.066540e-03   6.659992e-20   7043114
  3.501840e+00   2.807864e-17   3.070403e-03   6.560244e-20   7096020
  3.512471e+00   2.727374e-17   3.067394e-03   6.470253e-20   7130640
  3.523097e+00   2.677135e-17   3.068276e-03   6.372117e-20   7175472
  3.533723e+00   2.602984e-17   3.067248e-03   6.292741e-20   7217786
  3.544353e+00   2.546413e-17   3.068999e-03   6.202614e-20   7265564
  3.554979e+00   2.493472e-17   3.066319e-03   6.119115e-20   7301288
  3.565600e+00   2.418932e-17   3.066375e-03   6.031607e-20   7345330
  3.576227e+00   2.376308e-17   3.069052e-03   5.942568e-20   7397048
  3.586856e+00   2.325041e-17   3.067039e-03   5.865114e-20   7435920
  3.597485e+00   2.263718e-17   3.069220e-03   5.780214e-20   7484140
  3.608113e+00   2.210883e-17   3.067643e-03   5.699642e-20   7525578
  3.618741e+00   2.162551e-17   3.067518e-03   5.624950e-20   7571376
  3.629371e+00   2.133074e-17   3.068480e-03   5.548219e-20   7617064
  3.640002e+00   2.069086e-17   3.069456e-03   5.471962e-20   7662092
  3.650627e+00   2.023462e-17   3.066324e-03   5.392042e-20   7699658
  3.661254e+00   1.973357e-17   3.068945e-03   5.314996e-20   7752416
  3.671886e+00   1.919492e-17   3.069408e-03   5.241951e-20   7797776
  3.682511e+00   1.886085e-17   3.065176e-03   5.177608e-20   7831720
  3.693136e+00   1.847281e-17   3.069723e-03   5.107427e-20   7889926
  3.703768e+00   1.803920e-17   3.067981e-03   5.043543e-20   7931480
  3.714397e+00   1.758252e-17   3.068251e-03   4.976653e-20   7976688
  3.725016e+00   1.713072e-17   3.062621e-03   4.910912e-20   8007786
  3.735639e+00   1.681268e-17   3.070332e-03   4.842267e-20   8074564
  3.746275e+00   1.632587e-17   3.070085e-03   4.774558e-20   8118904
  3.756904e+00   1.599014e-17   3.066957e-03   4.709341e-20   8155824
  3.767533e+00   1.552570e-17   3.070641e-03   4.646235e-20   8212802
  3.778161e+00   1.527908e-17   3.065118e-03   4.594023e-20   8245268
  3.788791e+00   1.494618e-17   3.071754e-03   4.523873e-20   8308816
  3.799422e+00   1.445803e-17   3.066301e-03   4.471601e-20   8340304
  3.810044e+00   1.421467e-17   3.066222e-03   4.412574e-20   8387738
  3.820668e+00   1.395416e-17   3.067207e-03   4.355589e-20   8437624
  3.831296e+00   1.355364e-17   3.068826e-03   4.294678e-20   8487796
  3.841921e+00   1.334705e-17   3.066430e-03   4.240665e-20   8527936
  3.852549e+00   1.310642e-17   3.069409e-03   4.190015e-20   8585122
  3.863180e+00   1.277274e-17   3.067925e-03   4.132217e-20   8628200
  3.873811e+00   1.246681e-17   3.069670e-03   4.080298e-20   8679484
  3.884439e+00   1.213499e-17   3.067320e-03   4.033372e-20   8721466
  3.895064e+00   1.188699e-17   3.065795e-03   3.978189e-20   8765840
  3.905692e+00   1.158298e-17   3.070355e-03   3.924255e-20   8825136
  3.916320e+00   1.132858e-17   3.066753e-03   3.878476e-20   8861768
  3.926948e+00   1.104040e-17   3.069321e-03   3.827787e-20   8919278
  3.937577e+00   1.080246e-17   3.066595e-03   3.782154e-20   8961008
  3.948205e+00   1.063832e-17   3.068779e-03   3.734197e-20   9014456
  3.958835e+00   1.036717e-17   3.068818e-03   3.682895e-20   9062240
  3.969465e+00   1.015567e-17   3.068277e-03   3.639811e-20   9110510
  3.980091e+00   9.873221e-18   3.066455e-03   3.596322e-20   9154048
  3.990712e+00   9.688971e-18   3.065703e-03   3.552891e-20   9198928
  4.001336e+00   9.434298e-18   3.068826e-03   3.505862e-20   9257194
  4.011967e+00   9.272952e-18   3.069362e-03   3.468553e-20   9310168
  4.022596e+00   9.047286e-18   3.066324e-03   3.425399e-20   9350316
  4.033222e+00   8.899759e-18   3.069210e-03   3.381928e-20   9407120
  4.043852e+00   8.633416e-18   3.068250e-03   3.337647e-20   9454642
  4.054482e+00   8.539466e-18   3.068405e-03   3.297406e-20   9506272
  4.065111e+00   8.278702e-18   3.067355e-03   3.257661e-20   9551228
  4.075735e+00   8.080378e-18   3.067594e-03   3.223882e-20   9600264
  4.086360e+00   7.879806e-18   3.067530e-03   3.183266e-20   9651458
  4.096991e+00   7.736709e-18   3.070122e-03   3.140468e-20   9711488
  4.107620e+00   7.674203e-18   3.066189e-03   3.104746e-20   9749144
  4.118247e+00   7.457149e-18   3.069033e-03   3.065897e-20   9807908
  4.128876e+00   7.256727e-18   3.067607e-03   3.030915e-20   9854786
  4.139508e+00   7.171501e-18   3.070269e-03   2.991928e-20   9914304
  4.150134e+00   7.012631e-18   3.064668e-03   2.961092e-20   9945544
  4.160753e+00   6.907038e-18   3.066794e-03   2.925431e-20   10003414
  4.171379e+00   6.694443e-18   3.068671e-03   2.890724e-20   10062032
  4.182011e+00   6.617902e-18   3.069142e-03   2.859920e-20   10114792
  4.192645e+00   6.394924e-18   3.070449e-03   2.823773e-20   10169936
  4.203267e+00   6.171272e-18   3.062650e-03   2.792744e-20   10196602
  4.213895e+00   6.197131e-18   3.072265e-03   2.758090e-20   10281156
  4.224526e+00   6.063151e-18   3.065688e-03   2.728243e-20   10309376
  4.235150e+00   5.857227e-18   3.068567e-03   2.697395e-20   10369856
  4.245775e+00   5.757885e-18   3.066063e-03   2.667308e-20   10415370
  4.256404e+00   5.602891e-18   3.070045e-03   2.634093e-20   10481988
  4.267039e+00   5.578965e-18   3.069556e-03   2.601980e-20   10531200
  4.277665e+00   5.434407e-18   3.065408e-03   2.576390e-20   10569416
  4.288289e+00   5.297763e-18   3.068216e-03   2.545957e-20   10633066
  4.298919e+00   5.218227e-18   3.068866e-03   2.518153e-20   10687548
  4.309552e+00   5.111894e-18   3.070419e-03   2.486222e-20   10743968
  4.320180e+00   4.997783e-18   3.065849e-03   2.462038e-20   10782130
  4.330801e+00   4.913068e-18   3.066095e-03   2.432811e-20   10837792
  4.341427e+00   4.832409e-18   3.068321e-03   2.402039e-20   10897368
  4.352058e+00   4.734654e-18   3.069642e-03   2.377177e-20   10953940
  4.362687e+00   4.664359e-18   3.067969e-03   2.353425e-20   11003274
  4.373313e+00   4.584514e-18   3.066343e-03   2.330667e-20   11052800
  4.383943e+00   4.464088e-18   3.070099e-03   2.302110e-20   11118176
  4.394573e+00   4.382240e-18   3.067934e-03   2.275700e-20   11162268
  4.405196e+00   4.281547e-18   3.066117e-03   2.254292e-20   11211458
  4.415820e+00   4.190846e-18   3.067310e-03   2.228453e-20   11271888
  4.426448e+00   4.173898e-18   3.068640e-03   2.203713e-20   11329304
  4.437073e+00   4.012391e-18   3.066385e-03   2.178210e-20   11375026
  4.447701e+00   3.941191e-18   3.069261e-03   2.155049e-20   11442532
  4.458330e+00   3.905457e-18   3.066551e-03   2.135358e-20   11487264
  4.468957e+00   3.821148e-18   3.068098e-03   2.111584e-20   11545680
  4.479587e+00   3.739498e-18   3.069842e-03   2.088607e-20   11607058
  4.490221e+00   3.672229e-18   3.069925e-03   2.064772e-20   11664300
  4.500851e+00   3.649730e-18   3.066963e-03   2.044068e-20   11707488
  4.511474e+00   3.519750e-18   3.066617e-03   2.022757e-20   11759536
  4.522104e+00   3.498395e-18   3.071176e-03   1.999521e-20   11833690
  4.532737e+00   3.447374e-18   3.067542e-03   1.980668e-20   11877808
  4.543362e+00   3.297853e-18   3.065778e-03   1.957856e-20   11925836
  4.553987e+00   3.279824e-18   3.068899e-03   1.937231e-20   11992168
  4.564616e+00   3.273757e-18   3.067784e-03   1.919059e-20   12044554
  4.575242e+00   3.166874e-18   3.067168e-03   1.900258e-20   12098976
  4.585865e+00   3.107310e-18   3.066173e-03   1.879340e-20   12149996
  4.596487e+00   3.104408e-18   3.067038e-03   1.857920e-20   12209594
  4.607117e+00   2.988713e-18   3.069983e-03   1.841784e-20   12279272
  4.617752e+00   2.954780e-18   3.070004e-03   1.819416e-20   12336072
  4.628383e+00   2.929723e-18   3.067416e-03   1.804130e-20   12381744
  4.639009e+00   2.860178e-18   3.068068e-03   1.782546e-20   12441590
  4.649637e+00   2.792280e-18   3.067557e-03   1.764453e-20   12497256
  4.660262e+00   2.810276e-18   3.066825e-03   1.746964e-20   12550032
  4.670884e+00   2.701887e-18   3.066185e-03   1.730666e-20   12603936
  4.681508e+00   2.678334e-18   3.068111e-03   1.714579e-20   12671230
  4.692142e+00   2.649877e-18   3.070828e-03   1.698732e-20   12740920
  4.702775e+00   2.612201e-18   3.067767e-03   1.677495e-20   12784560
  4.713398e+00   2.580062e-18   3.065894e-03   1.662109e-20   12834176
  4.724025e+00   2.489088e-18   3.069663e-03   1.646997e-20   12909006
  4.734656e+00   2.445045e-18   3.068089e-03   1.628138e-20   12959680
  4.745283e+00   2.419400e-18   3.067551e-03   1.614692e-20   13014232
  4.755909e+00   2.391639e-18   3.068154e-03   1.597438e-20   13076514
  4.766534e+00   2.340153e-18   3.065684e-03   1.585822e-20   13127112
  4.777164e+00   2.303982e-18   3.070665e-03   1.566462e-20   13205852
  4.787797e+00   2.285493e-18   3.068206e-03   1.551102e-20   13252032
  4.798423e+00   2.264988e-18   3.066967e-03   1.537493e-20   13307450
  4.809051e+00   2.201219e-18   3.068506e-03   1.522865e-20   13374160
  4.819680e+00   2.190722e-18   3.067567e-03   1.508570e-20   13426348
  4.830308e+00   2.170091e-18   3.069633e-03   1.492893e-20   13492760
  4.840934e+00   2.114199e-18   3.066142e-03   1.481259e-20   13539546
  4.851560e+00   2.061074e-18   3.068338e-03   1.464933e-20   13610704
  4.862187e+00   2.056760e-18   3.066835e-03   1.452972e-20   13662024
  4.872813e+00   2.039068e-18   3.068248e-03   1.437764e-20   13727492
  4.883443e+00   2.016491e-18   3.069111e-03   1.426559e-20   13793394
  4.894073e+00   1.978025e-18   3.067154e-03   1.413582e-20   13844456
  4.904699e+00   1.962533e-18   3.067927e-03   1.399125e-20   13905184
  4.915325e+00   1.915725e-18   3.067971e-03   1.383798e-20   13965958
  4.925951e+00   1.895116e-18   3.067148e-03   1.375156e-20   14025192
  4.936580e+00   1.879681e-18   3.068951e-03   1.361020e-20   14093768
  4.947211e+00   1.789470e-18   3.068454e-03   1.348531e-20   14150440
  4.957840e+00   1.854649e-18   3.068630e-03   1.335799e-20   14213450
  4.968468e+00   1.837944e-18   3.066726e-03   1.326699e-20   14267036
  4.979095e+00   1.785799e-18   3.068568e-03   1.312436e-20   14335032
  4.989722e+00   1.752593e-18   3.067092e-03   1.300539e-20   14387664
  5.000347e+00   1.734086e-18   3.068270e-03   1.289031e-20   14455698
  5.010977e+00   1.701430e-18   3.068677e-03   1.278688e-20   14520452
  5.021607e+00   1.675519e-18   3.068497e-03   1.267328e-20   14580272
  5.032232e+00   1.655907e-18   3.065614e-03   1.255067e-20   14628050
  5.042860e+00   1.641030e-18   3.070982e-03   1.242987e-20   14716744
  5.053489e+00   1.588756e-18   3.065407e-03   1.233879e-20   14751712
  5.064115e+00   1.599617e-18   3.069456e-03   1.223274e-20   14831620
  5.074740e+00   1.604072e-18   3.065470e-03   1.213142e-20   14875522
  5.085366e+00   1.571211e-18   3.068961e-03   1.203608e-20   14956720
  5.095994e+00   1.555897e-18   3.066998e-03   1.191854e-20   15008272
  5.106620e+00   1.534856e-18   3.067783e-03   1.180909e-20   15073780
  5.117248e+00   1.518917e-18   3.069002e-03   1.171736e-20   15144866
  5.127883e+00   1.495039e-18   3.070052e-03   1.164459e-20   15213872
  5.138515e+00   1.479775e-18   3.067931e-03   1.153985e-20   15263976
  5.149140e+00   1.455602e-18   3.066723e-03   1.142556e-20   15320236
  5.159767e+00   1.460333e-18   3.069367e-03   1.134072e-20   15398322
  5.170396e+00   1.449897e-18   3.067121e-03   1.125934e-20   15450864
  5.181021e+00   1.421590e-18   3.067373e-03   1.114717e-20   15513888
  5.191645e+00   1.386059e-18   3.066596e-03   1.106223e-20   15574626
  5.202274e+00   1.370288e-18   3.069893e-03   1.097639e-20   15657956
  5.212904e+00   1.401368e-18   3.066736e-03   1.088032e-20   15704248
  5.223531e+00   1.364451e-18   3.068512e-03   1.079656e-20   15774824
  5.234161e+00   1.352626e-18   3.069354e-03   1.070979e-20   15844898
  5.244790e+00   1.345541e-18   3.066994e-03   1.064748e-20   15898956
  5.255415e+00   1.317739e-18   3.067091e-03   1.055637e-20   15961768
  5.266040e+00   1.315794e-18   3.068481e-03   1.045745e-20   16032208
  5.276669e+00   1.308656e-18   3.068464e-03   1.039314e-20   16099530
  5.287295e+00   1.300262e-18   3.065856e-03   1.033297e-20   16152712
  5.297924e+00   1.291597e-18   3.069693e-03   1.021881e-20   16235740
  5.308553e+00   1.247574e-18   3.067725e-03   1.012769e-20   16288856
  5.319183e+00   1.247337e-18   3.069408e-03   1.007330e-20   16365074
  5.329812e+00   1.245364e-18   3.067066e-03   1.001360e-20   16418248
  5.340434e+00   1.219393e-18   3.065573e-03   9.931709e-21   16473180
  5.351058e+00   1.236424e-18   3.069491e-03   9.836564e-21   16560234
  5.361687e+00   1.233618e-18   3.067046e-03   9.792240e-21   16616088
  5.372317e+00   1.233627e-18   3.069133e-03   9.708011e-21   16693264
  5.382948e+00   1.191194e-18   3.068526e-03   9.624198e-21   16753864
  5.393577e+00   1.169696e-18   3.068569e-03   9.567764e-21   16820702
  5.404204e+00   1.181801e-18   3.066887e-03   9.504100e-21   16879288
  5.414832e+00   1.160444e-18   3.068277e-03   9.432887e-21   16951712
  5.425456e+00   1.173239e-18   3.066689e-03   9.352525e-21   17007560
  5.436084e+00   1.178805e-18   3.069534e-03   9.301172e-21   17092086
  5.446713e+00   1.138510e-18   3.067265e-03   9.232391e-21   17148392
  5.457342e+00   1.130338e-18   3.068696e-03   9.162735e-21   17222288
  5.467971e+00   1.118674e-18   3.068089e-03   9.103474e-21   17285096
  5.478597e+00   1.115300e-18   3.066549e-03   9.064219e-21   17344826
  5.489223e+00   1.118693e-18   3.068300e-03   8.986427e-21   17421236
  5.499853e+00   1.103274e-18   3.069479e-03   8.923209e-21   17494160
  5.510478e+00   1.087836e-18   3.065109e-03   8.878958e-21   17538122
  5.521100e+00   1.073641e-18   3.067347e-03   8.812855e-21   17620136
  5.531731e+00   1.077530e-18   3.069687e-03   8.755388e-21   17700428
  5.542362e+00   1.065322e-18   3.068482e-03   8.698013e-21   17760320
  5.552991e+00   1.069910e-18   3.068060e-03   8.639807e-21   17827562
  5.563619e+00   1.073723e-18   3.067912e-03   8.585280e-21   17895488
  5.574247e+00   1.045929e-18   3.068230e-03   8.532411e-21   17963576
  5.584874e+00   1.032452e-18   3.067616e-03   8.482159e-21   18027500
  5.595502e+00   1.021003e-18   3.068831e-03   8.431038e-21   18105650
  5.606129e+00   1.032601e-18   3.066269e-03   8.381328e-21   18160880
  5.616752e+00   1.028498e-18   3.067084e-03   8.326464e-21   18233144
  5.627379e+00   1.004724e-18   3.067872e-03   8.272792e-21   18307310
  5.638008e+00   1.031030e-18   3.068420e-03   8.230665e-21   18381680
  5.648639e+00   1.001826e-18   3.068723e-03   8.186558e-21   18450536
  5.659270e+00   9.877562e-19   3.069549e-03   8.123914e-21   18522128
  5.669897e+00   9.924833e-19   3.067067e-03   8.075306e-21   18578414
  5.680523e+00   9.976597e-19   3.067781e-03   8.051166e-21   18654304
  5.691150e+00   9.861179e-19   3.067639e-03   8.008243e-21   18722304
  5.701780e+00   9.677154e-19   3.069442e-03   7.949707e-21   18802472
  5.712409e+00   9.775725e-19   3.067729e-03   7.909227e-21   18864266
  5.723037e+00   9.667143e-19   3.067347e-03   7.883446e-21   18933260
  5.733662e+00   9.675060e-19   3.066799e-03   7.840456e-21   18997448
  5.744288e+00   9.729594e-19   3.068953e-03   7.784539e-21   19079816
  5.754917e+00   9.572225e-19   3.067744e-03   7.759411e-21   19145330
  5.765545e+00   9.387092e-19   3.067941e-03   7.719941e-21   19218276
  5.776172e+00   9.435612e-19   3.067784e-03   7.677282e-21   19286200
  5.786797e+00   9.479499e-19   3.066457e-03   7.634084e-21   19349738
  5.797427e+00   9.376132e-19   3.070714e-03   7.607716e-21   19450040
  5.808057e+00   9.459071e-19   3.065907e-03   7.569547e-21   19489688
  5.818683e+00   9.397793e-19   3.068803e-03   7.529766e-21   19576868
  5.829310e+00   9.194425e-19   3.067331e-03   7.499094e-21   19640282
  5.839940e+00   9.216582e-19   3.069683e-03   7.476285e-21   19728800
  5.850566e+00   9.276586e-19   3.065237e-03   7.437417e-21   19770152
  5.861190e+00   8.940181e-19   3.068717e-03   7.388539e-21   19863516
  5.871821e+00   9.132002e-19   3.069639e-03   7.361190e-21   19943594
  5.882452e+00   9.116196e-19   3.067597e-03   7.347898e-21   20003440
  5.893081e+00   9.137786e-19   3.068832e-03   7.310122e-21   20081768
  5.903706e+00   8.917230e-19   3.066188e-03   7.273083e-21   20136200
  5.914335e+00   9.053318e-19   3.070449e-03   7.245592e-21   20238094
  5.924964e+00   9.062907e-19   3.066146e-03   7.227416e-21   20282544
  5.935584e+00   8.870085e-19   3.065727e-03   7.191228e-21   20351720
  5.946209e+00   8.794549e-19   3.068474e-03   7.161674e-21   20444714
  5.956838e+00   8.835158e-19   3.067781e-03   7.147371e-21   20515116
  5.967470e+00   8.800981e-19   3.070149e-03   7.111139e-21   20602384
  5.978102e+00   8.955157e-19   3.068165e-03   7.090419e-21   20659872
  5.988728e+00   8.830169e-19   3.067093e-03   7.064905e-21   20727682
  5.999356e+00   8.809190e-19   3.068732e-03   7.059331e-21   20814416
  6.009986e+00   8.865789e-19   3.068153e-03   7.016251e-21   20881100
  6.020612e+00   8.565896e-19   3.068117e-03   6.994313e-21   20953688
  6.031238e+00   8.723797e-19   3.066654e-03   7.002904e-21   21021050
  6.041866e+00   8.706939e-19   3.068891e-03   6.968138e-21   21111632
  6.052496e+00   8.833348e-19   3.068341e-03   6.939308e-21   21179972
  6.063121e+00   8.714513e-19   3.066368e-03   6.926262e-21   21240488
  6.073747e+00   8.660595e-19   3.068419e-03   6.917224e-21   21331418
  6.084375e+00   8.684027e-19   3.067338e-03   6.909035e-21   21397304
  6.095000e+00   8.676082e-19   3.067405e-03   6.881555e-21   21469764
  6.105627e+00   8.420860e-19   3.068819e-03   6.860623e-21   21556122
  6.116254e+00   8.446414e-19   3.066479e-03   6.862804e-21   21618312
  6.126884e+00   8.609168e-19   3.069809e-03   6.839042e-21   21716096
  6.137516e+00   8.658995e-19   3.068719e-03   6.817498e-21   21781352
  6.148144e+00   8.428795e-19   3.067428e-03   6.821888e-21   21848870
  6.158771e+00   8.488045e-19   3.067652e-03   6.795617e-21   21927536
  6.169400e+00   8.660518e-19   3.068795e-03   6.779147e-21   22008944
  6.180028e+00   8.576301e-19   3.067865e-03   6.778963e-21   22076136
  6.190652e+00   8.438218e-19   3.066547e-03   6.770303e-21   22145270
  6.201282e+00   8.423044e-19   3.070373e-03   6.760553e-21   22250960
  6.211913e+00   8.548347e-19   3.066914e-03   6.750571e-21   22300864
  6.222538e+00   8.514841e-19   3.067186e-03   6.744346e-21   22378586
  6.233165e+00   8.590179e-19   3.068261e-03   6.745209e-21   22464104
  6.243795e+00   8.419669e-19   3.068708e-03   6.741953e-21   22542892
  6.254421e+00   8.511746e-19   3.067123e-03   6.726816e-21   22606008
  6.265047e+00   8.599352e-19   3.067919e-03   6.731465e-21   22690002
  6.275673e+00   8.490488e-19   3.066936e-03   6.728403e-21   22762216
  6.286298e+00   8.298578e-19   3.068880e-03   6.634795e-21   22815779
  6.296927e+00   7.989475e-19   3.067733e-03   6.402550e-21   22772312
  6.307555e+00   7.294990e-19   3.067923e-03   6.193025e-21   22733708
  6.318183e+00   7.042265e-19   3.068441e-03   5.974458e-21   22697672
  6.328811e+00   6.610056e-19   3.067507e-03   5.782630e-21   22651460
  6.339438e+00   6.261401e-19   3.068199e-03   5.586994e-21   22616024
  6.350068e+00   5.930687e-19   3.069309e-03   5.402199e-21   22583496
  6.360694e+00   5.802563e-19   3.065960e-03   5.222927e-21   22519252
  6.371317e+00   5.165592e-19   3.067197e-03   5.057900e-21   22488992
  6.381944e+00   5.133062e-19   3.067780e-03   4.901267e-21   22453172
  6.392574e+00   4.731838e-19   3.069105e-03   4.742821e-21   22420584
  6.403204e+00   4.620278e-19   3.068296e-03   4.611497e-21   22371700
  6.413832e+00   4.227422e-19   3.068296e-03   4.475759e-21   22329896
  6.424460e+00   4.087100e-19   3.067512e-03   4.341107e-21   22282876
  6.435088e+00   3.855745e-19   3.068899e-03   4.222327e-21   22250692
  6.445715e+00   3.649044e-19   3.066872e-03   4.096347e-21   22194436
  6.456340e+00   3.552258e-19   3.066996e-03   3.983867e-21   22153540
  6.466968e+00   3.310960e-19   3.068722e-03   3.875306e-21   22122584
  6.477597e+00   3.181659e-19   3.067957e-03   3.770546e-21   22073004
  6.488227e+00   3.034419e-19   3.069406e-03   3.669622e-21   22039640
  6.498854e+00   2.852326e-19   3.066107e-03   3.576346e-21   21971624
  6.509482e+00   2.678263e-19   3.070097e-03   3.478607e-21   21955708
  6.520106e+00   2.535639e-19   3.063845e-03   3.392852e-21   21867720
  6.530733e+00   2.395296e-19   3.071600e-03   3.302160e-21   21878900
  6.541363e+00   2.294041e-19   3.065935e-03   3.227376e-21   21794260
  6.551990e+00   2.165096e-19   3.068881e-03   3.144907e-21   21770256
  6.562619e+00   2.067502e-19   3.068010e-03   3.070192e-21   21718124
  6.573247e+00   1.971969e-19   3.067905e-03   2.993426e-21   21671096
  6.583874e+00   1.878389e-19   3.067932e-03   2.927560e-21   21625412
  6.594503e+00   1.841014e-19   3.069070e-03   2.859873e-21   21587284
  6.605129e+00   1.727916e-19   3.066010e-03   2.796361e-21   21519648
  6.615755e+00   1.616806e-19   3.068792e-03   2.732861e-21   21493344
  6.626384e+00   1.589129e-19   3.067812e-03   2.666950e-21   21439360
  6.637013e+00   1.403953e-19   3.068679e-03   2.611809e-21   21398900
  6.647644e+00   1.422930e-19   3.068668e-03   2.556625e-21   21351488
  6.658271e+00   1.307472e-19   3.066526e-03   2.499778e-21   21288012
  6.668898e+00   1.226808e-19   3.068796e-03   2.452463e-21   21255052
  6.679525e+00   1.193783e-19   3.067400e-03   2.403018e-21   21196928
  6.690151e+00   1.146236e-19   3.067431e-03   2.353789e-21   21149036
  6.700778e+00   1.076151e-19   3.068015e-03   2.305136e-21   21105304
  6.711407e+00   1.077381e-19   3.068524e-03   2.256609e-21   21059992
  6.722038e+00   9.548259e-20   3.069263e-03   2.213926e-21   21014904
  6.732667e+00   9.401337e-20   3.067536e-03   2.172231e-21   20953620
  6.743293e+00   9.671316e-20   3.067478e-03   2.127915e-21   20902948
  6.753920e+00   8.792395e-20   3.068064e-03   2.090298e-21   20856528
  6.764548e+00   7.690824e-20   3.068448e-03   2.050409e-21   20808868
  6.775174e+00   7.704585e-20   3.066599e-03   2.012638e-21   20746700
  6.785798e+00   7.470707e-20   3.066925e-03   1.977911e-21   20699040
  6.796428e+00   6.984219e-20   3.069860e-03   1.938878e-21   20667584
  6.807054e+00   6.627282e-20   3.064988e-03   1.908423e-21   20583320
  6.817679e+00   6.285650e-20   3.069606e-03   1.873863e-21   20562728
  6.828310e+00   5.747028e-20   3.067915e-03   1.840923e-21   20499120
  6.838938e+00   6.080239e-20   3.068337e-03   1.809587e-21   20448668
  6.849566e+00   4.952834e-20   3.068077e-03   1.780186e-21   20394408
  6.860195e+00   5.297955e-20   3.068320e-03   1.750212e-21   20344236
  6.870823e+00   4.744457e-20   3.067630e-03   1.721785e-21   20287988
  6.881451e+00   5.026711e-20   3.068044e-03   1.695165e-21   20237280
  6.892077e+00   4.485323e-20   3.067320e-03   1.666532e-21   20178328
  6.902707e+00   4.233404e-20   3.069652e-03   1.639719e-21   20139844
  6.913336e+00   3.868837e-20   3.067174e-03   1.616683e-21   20069748
  6.923962e+00   3.697275e-20   3.067514e-03   1.591487e-21   20016800
  6.934587e+00   3.866516e-20   3.067642e-03   1.566514e-21   19962224
  6.945217e+00   3.822147e-20   3.069885e-03   1.541732e-21   19923568
  6.955848e+00   3.205381e-20   3.067490e-03   1.521353e-21   19854300
  6.966474e+00   3.576206e-20   3.067154e-03   1.499477e-21   19797056
  6.977101e+00   3.015415e-20   3.067706e-03   1.477042e-21   19744940
  6.987728e+00   2.888752e-20   3.068174e-03   1.456889e-21   19691768
  6.998356e+00   2.514493e-20   3.067321e-03   1.435749e-21   19629548
  7.008982e+00   2.383786e-20   3.067740e-03   1.415684e-21   19575480
  7.019610e+00   2.321889e-20   3.068413e-03   1.396004e-21   19523296
  7.030241e+00   2.784238e-20   3.069533e-03   1.377286e-21   19474344
  7.040867e+00   2.011798e-20   3.065611e-03   1.359429e-21   19392868
  7.051493e+00   2.068788e-20   3.069073e-03   1.341255e-21   19356176
  7.062123e+00   2.125360e-20   3.068592e-03   1.323631e-21   19294916
  7.072754e+00   1.986631e-20   3.069110e-03   1.305766e-21   19240856
  7.083382e+00   1.864257e-20   3.067066e-03   1.291248e-21   19170884
  7.094007e+00   1.699297e-20   3.066966e-03   1.275147e-21   19111352
  7.104633e+00   1.666196e-20   3.068278e-03   1.258037e-21   19060016
  7.115261e+00   1.544871e-20   3.067998e-03   1.242988e-21   18999752
  7.125886e+00   1.212211e-20   3.066210e-03   1.228197e-21   18930272
  7.136511e+00   1.498744e-20   3.068009e-03   1.213898e-21   18882340
  7.147141e+00   1.422335e-20   3.069133e-03   1.200504e-21   18829056
  7.157770e+00   1.358902e-20   3.067293e-03   1.186154e-21   18757640
  7.168398e+00   1.154554e-20   3.069197e-03   1.172470e-21   18709036
  7.179027e+00   1.250072e-20   3.067378e-03   1.159385e-21   18637668
  7.189656e+00   1.070021e-20   3.069146e-03   1.145565e-21   18587048
  7.200283e+00   1.159731e-20   3.066626e-03   1.134254e-21   18510972
  7.210909e+00   1.169885e-20   3.067730e-03   1.121749e-21   18456692
  7.221535e+00   8.604025e-21   3.067567e-03   1.109146e-21   18394084
  7.232164e+00   5.962953e-21   3.069110e-03   1.097248e-21   18341352
  7.242794e+00   7.155688e-21   3.068234e-03   1.085723e-21   18273884
  7.253423e+00   9.046104e-21   3.068036e-03   1.074039e-21   18211148
  7.264048e+00   5.193362e-21   3.066171e-03   1.063446e-21   18137692
  7.274674e+00   5.592420e-21   3.069088e-03   1.052966e-21   18091580
  7.285305e+00   4.719068e-21   3.068515e-03   1.043056e-21   18024560
  7.295932e+00   3.017893e-21   3.067362e-03   1.031929e-21   17955116
  7.306559e+00   4.949885e-21   3.067637e-03   1.022453e-21   17893232
  7.317187e+00   5.717927e-21   3.068343e-03   1.012655e-21   17832620
  7.327816e+00   4.697354e-21   3.068327e-03   1.002459e-21   17767864
  7.338445e+00   2.461465e-21   3.068809e-03   9.933991e-22   17706956
  7.349073e+00   5.034082e-21   3.066947e-03   9.840107e-22   17632632
  7.359699e+00   2.149258e-21   3.068061e-03   9.748455e-22   17573524
  7.370327e+00   3.814551e-21   3.067901e-03   9.665681e-22   17506380
  7.380954e+00   8.964167e-23   3.068207e-03   9.582080e-22   17442548
  7.391580e+00   2.764972e-21   3.066528e-03   9.508141e-22   17368556
  7.402208e+00   2.655915e-21   3.069314e-03   9.423205e-22   17318260
  7.412837e+00   1.806105e-22   3.067939e-03   9.334316e-22   17243792
  7.423463e+00   2.513743e-21   3.066549e-03   9.276261e-22   17169716
  7.434088e+00   4.850301e-22   3.067759e-03   9.181594e-22   17109768
  7.444715e+00   1.624663e-21   3.068012e-03   9.108853e-22   17044064
  7.455345e+00   1.621522e-21   3.068894e-03   9.035995e-22   16981560
  7.465972e+00   8.510725e-22   3.066680e-03   8.974159e-22   16902264
  7.476600e+00   -1.585312e-21   3.069499e-03   8.892482e-22   16849940
  7.487230e+00   2.391822e-21   3.067461e-03   8.830220e-22   16770600
  7.497858e+00   7.756260e-22   3.068497e-03   8.758516e-22   16707512
  7.508485e+00   1.957900e-22   3.067634e-03   8.696180e-22   16634480
  7.519114e+00   -2.241938e-21   3.068242e-03   8.643414e-22   16569424
  7.529741e+00   -2.365679e-21   3.067751e-03   8.578102e-22   16497216
  7.540372e+00   -1.512743e-21   3.069501e-03   8.504529e-22   16436416
  7.550999e+00   -1.799214e-21   3.067032e-03   8.459346e-22   16353532
  7.561624e+00   -3.175731e-21   3.067126e-03   8.392810e-22   16284908
  7.572251e+00   -3.122009e-21   3.068426e-03   8.346551e-22   16221948
  7.582881e+00   -1.871328e-21   3.068614e-03   8.280974e-22   16152552
  7.593510e+00   -1.602593e-21   3.068122e-03   8.237302e-22   16078864
  7.604137e+00   -1.713535e-21   3.067536e-03   8.181830e-22   16005296
  7.614766e+00   -2.230240e-21   3.068300e-03   8.126115e-22   15938220
  7.625392e+00   -7.765071e-22   3.066841e-03   8.081997e-22   15858440
  7.636016e+00   -2.292415e-21   3.067373e-03   8.029300e-22   15789252
  7.646642e+00   -1.249499e-21   3.067548e-03   7.979248e-22   15718944
  7.657269e+00   -3.133810e-21   3.067947e-03   7.934873e-22   15648652
  7.667899e+00   -4.143469e-21   3.069201e-03   7.884308e-22   15581944
  7.678531e+00   -2.978745e-21   3.069010e-03   7.839234e-22   15508744
  7.689158e+00   -3.294100e-21   3.066436e-03   7.800552e-22   15422472
  7.699784e+00   -4.148323e-21   3.068878e-03   7.754603e-22   15361536
  7.710413e+00   -2.806146e-21   3.067494e-03   7.716680e-22   15281048
  7.721038e+00   -3.717213e-21   3.067557e-03   7.673373e-22   15207752
  7.731666e+00   -3.121132e-21   3.067687e-03   7.624857e-22   15134800
  7.742292e+00   -2.614313e-21   3.067594e-03   7.598403e-22   15059664
  7.752920e+00   -3.044699e-21   3.068106e-03   7.555057e-22   14987020
  7.763550e+00   -4.913881e-21   3.069757e-03   7.510973e-22   14919936
  7.774179e+00   -4.009250e-21   3.066979e-03   7.481409e-22   14831776
  7.784807e+00   -2.842304e-21   3.069197e-03   7.444416e-22   14767552
  7.795435e+00   -4.593831e-21   3.066309e-03   7.413754e-22   14678336
  7.806062e+00   -5.219248e-21   3.069079e-03   7.383443e-22   14615044
  7.816690e+00   -4.708155e-21   3.067275e-03   7.351044e-22   14530200
  7.827317e+00   -3.475125e-21   3.067927e-03   7.314718e-22   14457000
  7.837945e+00   -3.081670e-21   3.068558e-03   7.284306e-22   14383440
  7.848573e+00   -3.590508e-21   3.067003e-03   7.249707e-22   14299516
  7.859199e+00   -2.845527e-21   3.067899e-03   7.230982e-22   14226024
  7.869825e+00   -2.767739e-21   3.067223e-03   7.195274e-22   14145048
  7.880455e+00   -3.947621e-21   3.070446e-03   7.165133e-22   14082144
  7.891083e+00   -8.488341e-21   3.065393e-03   7.138891e-22   13981640
  7.901708e+00   -4.563424e-21   3.068688e-03   7.117534e-22   13918460
  7.912338e+00   -5.270611e-21   3.068702e-03   7.088422e-22   13839752
  7.922969e+00   -3.967009e-21   3.069182e-03   7.060600e-22   13762736
  7.933598e+00   -5.174439e-21   3.067868e-03   7.040332e-22   13677980
  7.944225e+00   -6.391495e-21   3.067250e-03   7.017573e-22   13596196
  7.954850e+00   -4.456912e-21   3.067470e-03   6.989414e-22   13517736
  7.965475e+00   -6.675616e-21   3.066448e-03   6.972179e-22   13433184
  7.976100e+00   -3.808958e-21   3.068623e-03   6.945471e-22   13362296
  7.986730e+00   -5.533751e-21   3.068494e-03   6.927807e-22   13281376
  7.997360e+00   -5.648965e-21   3.069113e-03   6.904627e-22   13203336
  8.007987e+00   -5.834691e-21   3.066719e-03   6.889552e-22   13113016
  8.018613e+00   -3.877255e-21   3.067735e-03   6.867239e-22   13036400
  8.029240e+00   -4.544236e-21   3.067468e-03   6.851800e-22   12953648
  8.039869e+00   -3.515567e-21   3.069185e-03   6.834985e-22   12879016
  8.050498e+00   -6.007153e-21   3.067538e-03   6.814134e-22   12790124
  8.061127e+00   -6.060680e-21   3.068996e-03   6.802106e-22   12714152
  8.071753e+00   -5.527827e-21   3.066076e-03   6.789991e-22   12619608
  8.082379e+00   -5.401647e-21   3.068682e-03   6.766573e-22   12547232
  8.093011e+00   -4.202372e-21   3.070245e-03   6.753660e-22   12470568
  8.103638e+00   -5.314372e-21   3.065215e-03   6.745458e-22   12368136
  8.114264e+00   -4.862666e-21   3.069116e-03   6.731886e-22   12300504
  8.124894e+00   -3.946174e-21   3.068128e-03   6.716701e-22   12212172
  8.135522e+00   -4.965194e-21   3.067779e-03   6.709713e-22   12126228
  8.146149e+00   -7.082344e-21   3.068089e-03   6.692629e-22   12043352
  8.156778e+00   -7.098248e-21   3.068301e-03   6.681072e-22   11959896
  8.167401e+00   -5.125754e-21   3.065268e-03   6.674185e-22   11863804
  8.178026e+00   -5.413937e-21   3.068937e-03   6.661416e-22   11792812
  8.188656e+00   -4.484390e-21   3.068597e-03   6.657956e-22   11705392
  8.199283e+00   -7.572392e-21   3.066984e-03   6.636919e-22   11613836
  8.209914e+00   -3.963580e-21   3.070536e-03   6.638907e-22   11541532
  8.220543e+00   -6.459329e-21   3.066346e-03   6.622188e-22   11440232
  8.231170e+00   -4.773360e-21   3.068846e-03   6.625044e-22   11363008
  8.241796e+00   -3.741931e-21   3.066631e-03   6.604634e-22   11267848
  8.252424e+00   -6.048773e-21   3.069306e-03   6.598022e-22   11190640
  8.263054e+00   -4.907023e-21   3.068558e-03   6.598251e-22   11101084
  8.273680e+00   -5.359643e-21   3.065604e-03   6.589774e-22   11003284
  8.284304e+00   -5.137420e-21   3.068360e-03   6.586827e-22   10925424
  8.294932e+00   -4.865407e-21   3.067667e-03   6.576870e-22   10834724
  8.305560e+00   -5.559914e-21   3.068711e-03   6.579454e-22   10750156
  8.316186e+00   -3.629240e-21   3.066587e-03   6.563422e-22   10655280
  8.326811e+00   -7.817864e-21   3.067310e-03   6.568328e-22   10569120
  8.337437e+00   -4.614961e-21   3.067168e-03   6.561554e-22   10479672
  8.348070e+00   -4.833581e-21   3.071527e-03   6.556166e-22   10404504
  8.358704e+00   -5.837912e-21   3.068456e-03   6.553044e-22   10304108
  8.369331e+00   -6.869911e-21   3.066991e-03   6.549282e-22   10209940
  8.379958e+00   -5.320608e-21   3.068937e-03   6.542081e-22   10126584
  8.390585e+00   -6.945483e-21   3.066106e-03   6.531160e-22   10027064
  8.401210e+00   -5.665872e-21   3.068731e-03   6.548405e-22   9945072
  8.411836e+00   -5.553522e-21   3.065849e-03   6.534283e-22   9844764
  8.422464e+00   -5.451133e-21   3.070904e-03   6.531639e-22   9769940
  8.433095e+00   -6.285403e-21   3.066721e-03   6.524324e-22   9666072
  8.443721e+00   -4.370587e-21   3.067629e-03   6.525814e-22   9577112
  8.454348e+00   -6.003086e-21   3.067871e-03   6.524916e-22   9485848
  8.464977e+00   -4.972326e-21   3.068818e-03   6.525964e-22   9396136
  8.475607e+00   -6.209256e-21   3.068947e-03   6.515470e-22   9304408
  8.486231e+00   -3.666634e-21   3.064605e-03   6.519391e-22   9199028
  8.496854e+00   -4.805794e-21   3.068671e-03   6.512330e-22   9118288
  8.507481e+00   -5.463692e-21   3.066868e-03   6.503843e-22   9019624
  8.518111e+00   -5.271020e-21   3.070919e-03   6.510414e-22   8937420
  8.528743e+00   -7.853578e-21   3.067653e-03   6.499369e-22   8835200
  8.539369e+00   -5.808983e-21   3.066847e-03   6.495081e-22   8739332
  8.549995e+00   -5.841692e-21   3.067747e-03   6.499487e-22   8648112
  8.560624e+00   -3.916168e-21   3.067898e-03   6.500598e-22   8553372
  8.571253e+00   -4.214485e-21   3.069319e-03   6.487327e-22   8461944
  8.581883e+00   -5.818346e-21   3.068067e-03   6.484904e-22   8363348
  8.592509e+00   -4.577830e-21   3.067870e-03   6.488841e-22   8267792
  8.603135e+00   -3.744334e-21   3.066599e-03   6.471884e-22   8169380
  8.613762e+00   -6.622459e-21   3.069517e-03   6.470369e-22   8081008
  8.624389e+00   -5.257071e-21   3.065774e-03   6.453077e-22   7975632
  8.635016e+00   -5.761661e-21   3.069603e-03   6.457390e-22   7889116
  8.645643e+00   -5.465714e-21   3.066011e-03   6.438859e-22   7784008
  8.656270e+00   -4.999530e-21   3.068709e-03   6.420853e-22   7693848
  8.666897e+00   -5.446230e-21   3.067011e-03   6.421135e-22   7592468
  8.677525e+00   -6.420085e-21   3.068931e-03   6.395625e-22   7499076
  8.688155e+00   -5.272407e-21   3.069474e-03   6.389956e-22   7402880
  8.698786e+00   -5.009178e-21   3.067607e-03   6.371149e-22   7300768
  8.709411e+00   -2.196293e-21   3.067652e-03   6.371740e-22   7203316
  8.720032e+00   -5.668785e-21   3.063689e-03   6.311493e-22   7095724
  8.730662e+00   -4.987740e-21   3.073665e-03   6.316627e-22   7019608
  8.741295e+00   -4.480130e-21   3.065344e-03   6.262368e-22   6901916
  8.751922e+00   -4.117584e-21   3.069704e-03   6.252825e-22   6812952
  8.762548e+00   -4.168045e-21   3.065523e-03   6.203156e-22   6704548
  8.773175e+00   -4.061442e-21   3.068967e-03   6.171790e-22   6612168
  8.783803e+00   -2.823713e-21   3.067598e-03   6.134446e-22   6508628
  8.794433e+00   -2.706249e-21   3.069277e-03   6.074138e-22   6412072
  8.805059e+00   -3.739280e-21   3.066868e-03   6.034930e-22   6306660
  8.815685e+00   -2.770041e-21   3.067492e-03   5.979349e-22   6207592
  8.826308e+00   -2.740011e-21   3.066222e-03   5.905104e-22   6103860
  8.836934e+00   -1.910634e-21   3.068576e-03   5.825641e-22   6007184
  8.847563e+00   -3.101686e-21   3.068782e-03   5.757271e-22   5905660
  8.858194e+00   -1.544408e-21   3.069160e-03   5.637622e-22   5805132
  8.868823e+00   -1.449614e-21   3.067313e-03   5.555499e-22   5700008
  8.879446e+00   -3.115979e-21   3.065734e-03   5.414054e-22   5594856
  8.890075e+00   -2.386522e-21   3.070306e-03   5.311224e-22   5502341
  8.900707e+00   -1.511142e-21   3.068193e-03   5.188610e-22   5404852
  8.911333e+00   -1.818378e-21   3.066920e-03   5.110552e-22   5313930
  8.921960e+00   -8.511255e-22   3.068151e-03   5.039347e-22   5230396
  8.932587e+00   -1.786701e-21   3.067037e-03   4.990693e-22   5145158
  8.943214e+00   -1.111680e-21   3.067644e-03   4.906632e-22   5064506
  8.953844e+00   -4.847924e-22   3.070354e-03   4.860447e-22   4989464
  8.964475e+00   -8.605617e-22   3.067471e-03   4.806471e-22   4907486
  8.975102e+00   -8.443042e-22   3.067454e-03   4.754626e-22   4831952
  8.985729e+00   -7.299398e-22   3.067333e-03   4.709156e-22   4757392
  8.996357e+00   -8.964919e-22   3.068563e-03   4.661886e-22   4685902
  9.006985e+00   -3.056060e-22   3.067839e-03   4.623810e-22   4612826
  9.017611e+00   1.939320e-22   3.067647e-03   4.584116e-22   4542436
  9.028240e+00   9.470527e-22   3.068771e-03   4.550012e-22   4475408
  9.038866e+00   -1.725405e-21   3.065432e-03   4.518311e-22   4402686
  9.049492e+00   -3.114049e-22   3.069222e-03   4.488745e-22   4340854
  9.060123e+00   2.395074e-22   3.068666e-03   4.445309e-22   4273862
  9.070751e+00   2.972714e-22   3.068093e-03   4.424186e-22   4208538
  9.081377e+00   -1.314905e-22   3.066329e-03   4.405521e-22   4142584
  9.092002e+00   -5.899488e-22   3.067445e-03   4.368290e-22   4081232
  9.102629e+00   6.618088e-22   3.068061e-03   4.349517e-22   4019668
  9.113260e+00   2.041259e-22   3.070507e-03   4.324502e-22   3961416
  9.123892e+00   -6.736946e-23   3.068468e-03   4.307528e-22   3898848
  9.134518e+00   3.525893e-22   3.065914e-03   4.281168e-22   3836718
  9.145140e+00   1.095022e-21   3.066518e-03   4.265621e-22   3779272
  9.155765e+00   -9.895130e-22   3.066689e-03   4.251052e-22   3721434
  9.166394e+00   -4.829266e-23   3.070316e-03   4.230520e-22   3668198
  9.177028e+00   7.203081e-23   3.069776e-03   4.217447e-22   3611346
  9.187656e+00   -8.551857e-22   3.066455e-03   4.215950e-22   3552442
  9.198281e+00   5.055383e-22   3.067337e-03   4.190730e-22   3498908
  9.208908e+00   -5.619093e-22   3.067980e-03   4.179357e-22   3445382
  9.219536e+00   -4.789055e-22   3.068389e-03   4.172226e-22   3392244
  9.230165e+00   1.809726e-22   3.068360e-03   4.157810e-22   3339634
  9.240792e+00   -6.683054e-23   3.067248e-03   4.153879e-22   3286752
  9.251416e+00   -3.248275e-22   3.065818e-03   4.152544e-22   3234180
  9.262040e+00   -1.368145e-21   3.067094e-03   4.137933e-22   3184556
  9.272670e+00   3.792078e-22   3.070362e-03   4.142200e-22   3137238
  9.283304e+00   1.139415e-21   3.070377e-03   4.133031e-22   3087670
  9.293936e+00   2.803477e-22   3.068566e-03   4.130762e-22   3037460
  9.304560e+00   2.427891e-22   3.064548e-03   4.130634e-22   2985736
  9.315180e+00   2.621466e-22   3.066413e-03   4.123191e-22   2939708
  9.325811e+00   -8.662707e-22   3.071553e-03   4.119857e-22   2897012
  9.336443e+00   4.156314e-22   3.067620e-03   4.120472e-22   2846890
  9.347067e+00   1.470891e-22   3.065693e-03   4.119130e-22   2799588
  9.357689e+00   -5.061503e-22   3.066395e-03   4.131857e-22   2754954
  9.368315e+00   -2.630477e-22   3.068270e-03   4.128616e-22   2711500
  9.378948e+00   -5.154697e-22   3.070601e-03   4.137566e-22   2669006
  9.389576e+00   -1.720049e-21   3.065837e-03   4.138904e-22   2621264
  9.400202e+00   -4.584926e-22   3.068913e-03   4.143510e-22   2580726
  9.410830e+00   8.374747e-22   3.067141e-03   4.150082e-22   2536470
  9.421456e+00   3.121799e-22   3.067445e-03   4.154617e-22   2494370
  9.432084e+00   -6.325300e-22   3.068834e-03   4.161625e-22   2453556
  9.442716e+00   1.983751e-22   3.070117e-03   4.173290e-22   2413246
  9.453347e+00   6.559493e-23   3.067994e-03   4.177234e-22   2370914
  9.463973e+00   -5.138309e-22   3.067217e-03   4.182922e-22   2330126
  9.474601e+00   6.329303e-22   3.068570e-03   4.198572e-22   2291406
  9.485227e+00   2.812954e-22   3.066158e-03   4.213660e-22   2250410
  9.495850e+00   -3.430497e-22   3.066006e-03   4.226584e-22   2211486
  9.506474e+00   -1.887277e-22   3.067734e-03   4.233748e-22   2174194
  9.517102e+00   8.868182e-22   3.068176e-03   4.255092e-22   2136416
  9.527733e+00   -4.134408e-22   3.069929e-03   4.264382e-22   2100070
  9.538360e+00   6.490130e-22   3.065560e-03   4.283049e-22   2060026
  9.548986e+00   -1.274641e-22   3.069362e-03   4.292206e-22   2025910
  9.559615e+00   -1.757639e-22   3.067530e-03   4.310982e-22   1988576
  9.570241e+00   -3.827958e-22   3.067060e-03   4.333448e-22   1952610
  9.580867e+00   1.682627e-22   3.067361e-03   4.343729e-22   1917470
  9.591493e+00   -6.795951e-22   3.067399e-03   4.364521e-22   1882484
  9.602120e+00   1.237744e-21   3.068076e-03   4.380881e-22   1848262
  9.612753e+00   6.626480e-22   3.071327e-03   4.399228e-22   1816024
  9.623386e+00   7.374742e-22   3.068076e-03   4.425154e-22   1780418
  9.634012e+00   1.038252e-21   3.067038e-03   4.458002e-22   1746576
  9.644639e+00   8.428647e-22   3.068628e-03   4.474956e-22   1714622
  9.655268e+00   3.229229e-22   3.067669e-03   4.503192e-22   1681692
  9.665895e+00   2.382249e-22   3.067468e-03   4.525807e-22   1649574
  9.676515e+00   5.598050e-22   3.063511e-03   4.563032e-22   1615788
  9.687137e+00   3.464102e-22   3.068656e-03   4.596102e-22   1587064
  9.697769e+00   6.694959e-22   3.069826e-03   4.610281e-22   1556598
  9.708400e+00   3.097675e-22   3.068471e-03   4.638401e-22   1525380
  9.719030e+00   9.161478e-22   3.068670e-03   4.675746e-22   1495360
  9.729656e+00   5.134233e-22   3.066126e-03   4.705988e-22   1464370
  9.740281e+00   4.142670e-22   3.067601e-03   4.739490e-22   1435656
  9.750907e+00   1.951631e-22   3.067002e-03   4.762623e-22   1406304
  9.761532e+00   -7.442254e-22   3.067147e-03   4.811633e-22   1377628
  9.772159e+00   3.884219e-22   3.068370e-03   4.842002e-22   1349744
  9.782788e+00   -1.119927e-22   3.068343e-03   4.880531e-22   1321682
  9.793418e+00   -8.881414e-22   3.069098e-03   4.911296e-22   1294376
  9.804048e+00   1.923519e-22   3.068140e-03   4.955728e-22   1266768
  9.814673e+00   5.940021e-22   3.066275e-03   4.993328e-22   1239172
  9.825295e+00   7.508497e-24   3.065238e-03   5.036217e-22   1212224
  9.835918e+00   -9.215468e-22   3.067386e-03   5.082545e-22   1186796
  9.846547e+00   2.201322e-22   3.069034e-03   5.113951e-22   1161432
  9.857176e+00   -9.847928e-22   3.067927e-03   5.170474e-22   1135408
  9.867804e+00   4.426062e-22   3.068239e-03   5.211087e-22   1110324
  9.878434e+00   -5.999684e-22   3.068926e-03   5.258233e-22   1085680
  9.889062e+00   4.397523e-22   3.066842e-03   5.303176e-22   1060364
  9.899688e+00   -4.604027e-22   3.068767e-03   5.374285e-22   1036736
  9.910321e+00   7.249261e-22   3.070562e-03   5.412589e-22   1013388
  9.920951e+00   9.733829e-23   3.066769e-03   5.462713e-22   988656
  9.931575e+00   -2.913357e-22   3.066738e-03   5.515026e-22   965530
  9.942197e+00   -2.331891e-22   3.064855e-03   5.589273e-22   942100
  9.952819e+00   1.343262e-22   3.066142e-03   5.648484e-22   919888
  9.963442e+00   8.896653e-22   3.066491e-03   5.709205e-22   897628
  9.974067e+00   -1.469650e-21   3.067504e-03   5.769554e-22   875856
  9.984696e+00   1.237872e-21   3.069599e-03   5.827788e-22   854736
  9.995330e+00   -3.970549e-24   3.070044e-03   5.915775e-22   833510
  1.000596e+01   -1.270228e-21   3.068120e-03   5.963778e-22   811976
  1.001659e+01   1.092545e-21   3.066566e-03   6.050343e-22   790844
  1.002721e+01   1.682491e-21   3.066302e-03   6.122558e-22   770320
  1.003784e+01   1.854120e-21   3.069162e-03   6.184409e-22   750838
  1.004847e+01   -4.270288e-22   3.068729e-03   6.285861e-22   730864
  1.005909e+01   1.854559e-21   3.067039e-03   6.363510e-22   710984
  1.006972e+01   4.840146e-22   3.067274e-03   6.455954e-22   691894
  1.008035e+01   -7.018792e-22   3.066106e-03   6.509784e-22   672776
  1.009097e+01   -6.088174e-22   3.067065e-03   6.600757e-22   654372
  1.010160e+01   5.780250e-22   3.065537e-03   6.701617e-22   635682
  1.011222e+01   -1.314472e-21   3.064886e-03   6.796396e-22   617460
  1.012284e+01   1.495411e-23   3.066767e-03   6.865620e-22   600024
  1.013346e+01   -1.205088e-21   3.068404e-03   6.997974e-22   582830
  1.014410e+01   -3.521655e-22   3.070337e-03   7.067574e-22   566000
  1.015473e+01   -2.776817e-22   3.066543e-03   7.241897e-22   548458
  1.016535e+01   -2.805337e-22   3.067619e-03   7.334133e-22   532084
  1.017598e+01   2.953798e-22   3.065740e-03   7.447578e-22   515440
  1.018660e+01   1.624123e-21   3.064533e-03   7.538454e-22   499174
  1.019722e+01   9.331456e-22   3.064552e-03   7.694102e-22   483368
  1.020784e+01   2.588390e-22   3.067558e-03   7.770701e-22   468270
  1.021847e+01   8.659364e-22   3.071740e-03   7.905617e-22   453568
  1.022911e+01   -5.372356e-22   3.068522e-03   8.065863e-22   438106
  1.023974e+01   5.392428e-22   3.068674e-03   8.193196e-22   423508
  1.025036e+01   9.734441e-22   3.065352e-03   8.322572e-22   408754
  1.026098e+01   -9.587554e-25   3.064549e-03   8.501670e-22   394612
  1.027160e+01   -3.811108e-22   3.064825e-03   8.646822e-22   380826
  1.028223e+01   2.564292e-21   3.063635e-03   8.814520e-22   367086
  1.029285e+01   -1.667110e-21   3.065226e-03   8.998327e-22   353904
  1.030347e+01   1.427705e-21   3.067842e-03   9.160378e-22   341046
  1.031410e+01   6.464202e-22   3.067827e-03   9.288911e-22   328144
  1.032473e+01   1.938159e-21   3.068491e-03   9.559405e-22   315598
  1.033536e+01   4.010013e-23   3.070442e-03   9.713574e-22   303466
  1.034599e+01   -1.349284e-21   3.070558e-03   9.943909e-22   291456
  1.035662e+01   3.793460e-22   3.069010e-03   1.017274e-21   279614
  1.036725e+01   4.276789e-22   3.062765e-03   1.039816e-21   267680
  1.037786e+01   1.215115e-22   3.061142e-03   1.058586e-21   256438
  1.038848e+01   1.060870e-21   3.062004e-03   1.091908e-21   245618
  1.039909e+01   2.996044e-21   3.058865e-03   1.114086e-21   234708
  1.040970e+01   6.277519e-22   3.057929e-03   1.134953e-21   224210
  1.042032e+01   6.008401e-22   3.058509e-03   1.167691e-21   214046
  1.043093e+01   1.419297e-21   3.059874e-03   1.190593e-21   204152
  1.044155e+01   4.843983e-22   3.062766e-03   1.227419e-21   194558
  1.045217e+01   9.703635e-22   3.062838e-03   1.261460e-21   185018
  1.046279e+01   -2.864134e-21   3.066092e-03   1.290731e-21   175918
  1.047341e+01   -1.159186e-21   3.068348e-03   1.339410e-21   166992
  1.048404e+01   2.160567e-21   3.070094e-03   1.370868e-21   158294
  1.049468e+01   -3.072280e-21   3.071097e-03   1.414343e-21   149842
  1.050531e+01   -1.325790e-21   3.068653e-03   1.458423e-21   141530
  1.051593e+01   -2.756185e-22   3.060509e-03   1.495287e-21   133284
  1.052654e+01   5.882130e-22   3.057354e-03   1.551434e-21   125546
  1.053715e+01   1.796743e-21   3.051144e-03   1.608346e-21   117950
  1.054776e+01   3.087152e-21   3.048602e-03   1.652633e-21   110746
  1.055836e+01   -5.207944e-21   3.039799e-03   1.705835e-21   103572
  1.056895e+01   -5.547077e-22   3.036073e-03   1.760903e-21   96818
  1.057954e+01   8.524910e-22   3.031333e-03   1.822902e-21   90262
  1.059013e+01   5.125518e-21   3.027317e-03   1.914146e-21   83970
  1.060072e+01   2.718578e-21   3.019853e-03   1.997844e-21   77846
  1.061129e+01   -4.932443e-21   3.012052e-03   2.072608e-21   71984
  1.062186e+01   -1.454058e-21   3.005730e-03   2.167237e-21   66398
  1.063243e+01   -4.534638e-21   3.000369e-03   2.256263e-21   61058
  1.064300e+01   3.437476e-21   2.995714e-03   2.373026e-21   55958
  1.065357e+01   3.230778e-21   2.990697e-03   2.487717e-21   51082
  1.066413e+01   -3.732577e-21   2.981767e-03   2.570982e-21   46398
  1.067469e+01   -3.608130e-21   2.970930e-03   2.736540e-21   41954
  1.068524e+01   1.140953e-21   2.955045e-03   2.889501e-21   37718
  1.069578e+01   9.653349e-21   2.938133e-03   3.099539e-21   33736
  1.070631e+01   -1.069893e-21   2.922830e-03   3.298694e-21   30006
  1.071684e+01   -1.591658e-21   2.912268e-03   3.549280e-21   26522
  1.072739e+01   -5.430709e-21   2.905476e-03   3.717101e-21   23254
  1.073793e+01   7.996985e-21   2.895825e-03   3.974211e-21   20178
  1.074848e+01   1.445862e-21   2.890787e-03   4.382613e-21   17342
  1.075903e+01   -2.979597e-21   2.886580e-03   4.724630e-21   14714
  1.076959e+01   -1.192254e-20   2.887906e-03   5.115499e-21   12310
  1.078015e+01   1.370394e-20   2.880436e-03   5.780428e-21   10098
  1.079071e+01   -2.535343e-22   2.879327e-03   6.378331e-21   8126
  1.080127e+01   2.054588e-21   2.877797e-03   7.194537e-21   6362
  1.081184e+01   -1.018481e-20   2.888638e-03   8.163395e-21   4822
  1.082239e+01   1.021886e-20   2.872451e-03   9.479611e-21   3474
  1.083292e+01   -8.846277e-21   2.869225e-03   1.208476e-20   2366
  1.084344e+01   5.366328e-20   2.860034e-03   1.534690e-20   1466
  1.085397e+01   1.121111e-20   2.925135e-03   1.932264e-20   790
  1.086426e+01   2.044510e-20   2.767211e-03   3.475491e-20   306
  1.087389e+01   1.828339e-21   2.357714e-03   8.686025e-20   62
