# cross spectrum of phi(z1) and phi(z2)
# redshift z=-0.000147
# k              Pk             sigma(k)       sigma(Pk)      count
  7.830312e-03   2.137169e-10   1.198114e-03   4.811739e-11   18
  1.686348e-02   2.531858e-10   2.897918e-03   2.419538e-11   152
  2.725284e-02   1.508513e-10   3.060867e-03   7.063605e-12   416
  3.742835e-02   8.210552e-11   2.912555e-03   3.088615e-12   770
  4.808679e-02   5.101161e-11   3.119650e-03   1.509786e-12   1364
  5.876109e-02   3.302936e-11   3.054550e-03   7.628277e-13   1976
  6.939824e-02   2.477091e-11   3.112555e-03   4.817329e-13   2792
  7.984642e-02   1.771676e-11   2.971805e-03   3.125044e-13   3578
  9.038229e-02   1.236994e-11   3.049521e-03   1.919725e-13   4724
  1.011318e-01   8.872057e-12   3.134595e-03   1.266620e-13   6032
  1.117485e-01   6.693886e-12   3.016599e-03   9.015684e-14   7072
  1.222702e-01   5.457375e-12   3.056387e-03   6.709116e-14   8634
  1.329722e-01   4.427123e-12   3.095256e-03   5.098217e-14   10336
  1.436677e-01   3.445155e-12   3.082009e-03   3.706751e-14   11940
  1.541872e-01   2.615078e-12   3.021465e-03   2.854322e-14   13490
  1.647185e-01   2.069972e-12   3.054444e-03   2.127725e-14   15656
  1.754149e-01   1.638165e-12   3.102608e-03   1.655457e-14   18008
  1.860920e-01   1.355638e-12   3.069464e-03   1.363431e-14   19964
  1.966957e-01   1.119030e-12   3.066093e-03   1.128101e-14   22354
  2.072851e-01   8.841062e-13   3.030819e-03   9.071968e-15   24648
  2.179134e-01   6.962778e-13   3.083109e-03   7.204083e-15   27592
  2.285517e-01   5.602346e-13   3.075318e-03   6.124657e-15   30152
  2.391687e-01   4.605894e-13   3.069056e-03   5.078804e-15   33046
  2.497808e-01   3.887357e-13   3.053846e-03   4.423217e-15   35992
  2.604233e-01   3.190965e-13   3.074764e-03   3.796371e-15   39304
  2.710722e-01   2.628925e-13   3.082145e-03   3.223121e-15   42608
  2.817050e-01   2.096489e-13   3.058267e-03   2.786363e-15   45758
  2.923349e-01   1.616505e-13   3.072286e-03   2.409672e-15   49536
  3.029238e-01   1.373204e-13   3.039208e-03   2.127411e-15   52488
  3.135134e-01   1.110351e-13   3.084628e-03   1.878191e-15   57034
  3.241511e-01   8.648362e-14   3.061146e-03   1.639833e-15   60648
  3.347969e-01   7.318709e-14   3.076329e-03   1.467976e-15   65044
  3.454223e-01   6.155827e-14   3.057760e-03   1.316609e-15   68720
  3.560505e-01   4.766323e-14   3.078281e-03   1.164834e-15   73538
  3.667175e-01   4.120769e-14   3.076939e-03   1.054811e-15   78080
  3.773260e-01   3.428768e-14   3.039859e-03   9.631414e-16   81572
  3.879192e-01   2.533903e-14   3.081238e-03   8.621809e-16   87248
  3.985882e-01   2.025892e-14   3.084591e-03   7.810120e-16   92266
  4.092322e-01   1.770321e-14   3.063169e-03   7.130828e-16   96696
  4.198039e-01   1.322252e-14   3.037602e-03   6.497670e-16   100904
  4.303789e-01   1.152077e-14   3.065517e-03   5.896826e-16   107036
  4.410480e-01   1.008991e-14   3.089487e-03   5.409856e-16   113362
  4.517307e-01   8.009252e-15   3.072092e-03   4.977062e-16   118176
  4.623378e-01   5.709873e-15   3.054661e-03   4.636283e-16   122944
  4.729644e-01   5.031908e-15   3.083007e-03   4.222239e-16   129902
  4.836049e-01   4.320263e-15   3.061727e-03   3.919271e-16   134944
  4.942158e-01   3.915640e-15   3.064979e-03   3.618859e-16   140952
  5.048213e-01   2.324701e-15   3.064662e-03   3.384672e-16   147072
  5.154342e-01   2.196940e-15   3.060800e-03   3.126347e-16   153382
  5.260893e-01   1.262506e-15   3.082622e-03   2.887429e-16   160952
  5.367508e-01   1.732639e-15   3.070294e-03   2.709919e-16   166640
  5.473579e-01   1.132476e-15   3.057153e-03   2.512500e-16   172448
  5.579787e-01   1.276334e-15   3.077577e-03   2.343446e-16   180594
  5.686178e-01   1.159654e-15   3.060710e-03   2.204782e-16   186556
  5.792219e-01   1.487575e-15   3.063394e-03   2.051692e-16   193528
  5.898242e-01   2.856097e-16   3.060684e-03   1.932479e-16   200626
  6.004609e-01   9.112441e-16   3.076604e-03   1.794496e-16   209256
  6.111150e-01   3.392887e-16   3.069663e-03   1.688998e-16   216020
  6.217510e-01   6.115924e-16   3.075746e-03   1.588746e-16   223768
  6.323610e-01   3.752872e-16   3.055783e-03   1.506858e-16   230234
  6.429887e-01   3.181822e-16   3.074922e-03   1.408846e-16   239800
  6.536248e-01   3.367135e-16   3.063054e-03   1.325987e-16   246568
  6.642393e-01   2.080532e-16   3.068328e-03   1.261239e-16   254828
  6.748534e-01   3.942286e-16   3.064424e-03   1.183259e-16   263074
  6.854951e-01   2.038820e-16   3.071509e-03   1.124841e-16   272312
  6.961385e-01   3.263056e-16   3.070197e-03   1.064158e-16   280376
  7.067732e-01   2.383591e-16   3.071500e-03   1.003905e-16   288884
  7.174012e-01   1.986147e-17   3.068501e-03   9.533301e-17   297602
  7.280177e-01   1.352252e-16   3.057614e-03   9.018467e-17   305520
  7.386402e-01   1.945698e-16   3.075198e-03   8.519863e-17   315976
  7.492461e-01   1.265246e-16   3.052723e-03   8.123436e-17   322778
  7.598720e-01   1.955326e-16   3.080021e-03   7.735647e-17   335372
  7.705286e-01   1.022683e-16   3.068318e-03   7.324793e-17   343464
  7.811635e-01   1.725497e-16   3.070705e-03   6.990304e-17   352912
  7.917934e-01   1.451358e-16   3.070498e-03   6.672386e-17   362666
  8.024224e-01   4.324828e-17   3.063690e-03   6.342465e-17   371884
  8.130465e-01   4.041286e-17   3.069929e-03   6.030754e-17   382280
  8.236583e-01   -7.127113e-17   3.060755e-03   5.763389e-17   390888
  8.342648e-01   2.226397e-16   3.067168e-03   5.521204e-17   402234
  8.448912e-01   1.538916e-17   3.064832e-03   5.234138e-17   412576
  8.555263e-01   6.561525e-17   3.071788e-03   5.013792e-17   423732
  8.661590e-01   -5.110300e-17   3.068142e-03   4.797293e-17   433624
  8.767950e-01   1.407584e-16   3.072203e-03   4.581107e-17   445154
  8.874347e-01   3.581845e-17   3.069139e-03   4.364016e-17   455584
  8.980596e-01   -3.826519e-17   3.064716e-03   4.198661e-17   465588
  9.086714e-01   -2.255604e-18   3.065163e-03   4.017720e-17   476762
  9.193048e-01   7.408124e-17   3.073106e-03   3.855667e-17   489552
  9.299472e-01   1.376309e-16   3.069632e-03   3.701051e-17   500328
  9.405628e-01   1.147250e-16   3.059261e-03   3.554872e-17   509852
  9.511854e-01   -3.011324e-18   3.074339e-03   3.392846e-17   524234
  9.618189e-01   1.446545e-17   3.061952e-03   3.273477e-17   534104
  9.724448e-01   -6.888887e-17   3.070528e-03   3.135027e-17   547048
  9.830800e-01   -1.854746e-17   3.073862e-03   3.005349e-17   559328
  9.937180e-01   -1.059527e-17   3.070866e-03   2.891934e-17   571326
  1.004339e+00   1.440626e-18   3.060367e-03   2.787932e-17   581920
  1.014951e+00   -1.936659e-17   3.064588e-03   2.671306e-17   594832
  1.025571e+00   4.651552e-17   3.068054e-03   2.570686e-17   608048
  1.036206e+00   4.343760e-17   3.070252e-03   2.466484e-17   621526
  1.046839e+00   1.581889e-17   3.066112e-03   2.389090e-17   633240
  1.057456e+00   1.118377e-17   3.064953e-03   2.283222e-17   645472
  1.068086e+00   -2.186006e-17   3.075342e-03   2.209585e-17   660906
  1.078726e+00   3.181173e-17   3.067576e-03   2.132092e-17   672856
  1.089356e+00   -4.717079e-18   3.067094e-03   2.042806e-17   685980
  1.099980e+00   -1.667290e-17   3.067978e-03   1.979049e-17   699256
  1.110619e+00   -2.142471e-17   3.074976e-03   1.900554e-17   714730
  1.121246e+00   2.723465e-17   3.059348e-03   1.847087e-17   725152
  1.131863e+00   1.810710e-17   3.067634e-03   1.775811e-17   740420
  1.142485e+00   1.076945e-17   3.069089e-03   1.711689e-17   754312
  1.153114e+00   2.156764e-17   3.069897e-03   1.655331e-17   769114
  1.163749e+00   2.906491e-17   3.069209e-03   1.596790e-17   783488
  1.174365e+00   5.769473e-18   3.058900e-03   1.545195e-17   794968
  1.184981e+00   4.455226e-17   3.070107e-03   1.492930e-17   812366
  1.195609e+00   -3.245818e-17   3.065134e-03   1.441010e-17   825976
  1.206250e+00   3.723898e-17   3.075220e-03   1.391754e-17   843352
  1.216898e+00   1.235618e-17   3.073224e-03   1.345403e-17   857280
  1.227524e+00   -2.704216e-17   3.063189e-03   1.303295e-17   869542
  1.238147e+00   1.899612e-17   3.070752e-03   1.264918e-17   887128
  1.248772e+00   -1.700915e-18   3.063166e-03   1.216804e-17   900032
  1.259388e+00   1.546599e-17   3.067377e-03   1.180876e-17   916560
  1.270005e+00   -5.134056e-18   3.061783e-03   1.144003e-17   930922
  1.280635e+00   -4.172688e-18   3.071795e-03   1.103955e-17   949844
  1.291287e+00   6.733987e-18   3.076939e-03   1.069888e-17   966736
  1.301925e+00   2.074850e-18   3.065819e-03   1.042724e-17   978776
  1.312537e+00   1.221957e-17   3.064137e-03   1.009924e-17   994522
  1.323161e+00   9.585040e-18   3.068907e-03   9.753461e-18   1012420
  1.333794e+00   -1.876647e-18   3.071598e-03   9.461682e-18   1029408
  1.344410e+00   -8.645236e-18   3.058405e-03   9.171393e-18   1041658
  1.355032e+00   1.451382e-17   3.072381e-03   8.890912e-18   1063520
  1.365659e+00   -6.719525e-18   3.060689e-03   8.613985e-18   1075808
  1.376294e+00   1.546306e-17   3.080019e-03   8.362659e-18   1098956
  1.386928e+00   1.142897e-17   3.061670e-03   8.123758e-18   1109810
  1.397545e+00   7.467829e-18   3.065288e-03   7.864816e-18   1128608
  1.408178e+00   -1.169318e-17   3.073589e-03   7.650381e-18   1148264
  1.418813e+00   -1.237912e-17   3.067917e-03   7.430179e-18   1163252
  1.429436e+00   1.847775e-17   3.067070e-03   7.208985e-18   1181042
  1.440060e+00   1.335703e-17   3.064325e-03   7.000557e-18   1197848
  1.450692e+00   3.087680e-18   3.073737e-03   6.785820e-18   1218848
  1.461323e+00   -1.920113e-18   3.064859e-03   6.613287e-18   1232916
  1.471945e+00   5.990971e-18   3.068844e-03   6.414914e-18   1253002
  1.482566e+00   1.961146e-17   3.062284e-03   6.239148e-18   1268576
  1.493191e+00   8.282141e-18   3.071552e-03   6.062885e-18   1290128
  1.503822e+00   -6.244713e-18   3.068342e-03   5.894688e-18   1307402
  1.514455e+00   6.353156e-18   3.069122e-03   5.738154e-18   1327028
  1.525083e+00   1.365702e-18   3.064970e-03   5.580961e-18   1343648
  1.535711e+00   2.476644e-18   3.070217e-03   5.430001e-18   1364096
  1.546341e+00   9.552901e-18   3.068950e-03   5.283524e-18   1382730
  1.556974e+00   -1.801919e-18   3.068757e-03   5.129649e-18   1402164
  1.567604e+00   9.668422e-18   3.068159e-03   4.995005e-18   1420464
  1.578221e+00   -2.893806e-18   3.063798e-03   4.859678e-18   1437368
  1.588847e+00   -8.444340e-18   3.072142e-03   4.733418e-18   1461530
  1.599480e+00   6.736171e-18   3.065069e-03   4.610327e-18   1478264
  1.610108e+00   -3.573874e-18   3.068902e-03   4.483950e-18   1499356
  1.620732e+00   1.909821e-18   3.065238e-03   4.364905e-18   1517016
  1.631360e+00   -9.870834e-18   3.070849e-03   4.257357e-18   1540090
  1.641988e+00   -6.466590e-18   3.065366e-03   4.144255e-18   1557360
  1.652609e+00   -3.075059e-18   3.066926e-03   4.044434e-18   1577780
  1.663242e+00   -8.218799e-19   3.075107e-03   3.928933e-18   1602578
  1.673875e+00   -4.785252e-18   3.063542e-03   3.832579e-18   1617672
  1.684498e+00   8.936278e-18   3.069033e-03   3.742895e-18   1641016
  1.695122e+00   3.881032e-18   3.065080e-03   3.644459e-18   1659416
  1.705746e+00   5.329056e-18   3.068431e-03   3.550960e-18   1682670
  1.716382e+00   -5.596041e-18   3.070690e-03   3.448698e-18   1705256
  1.727024e+00   2.725793e-18   3.071890e-03   3.373320e-18   1726312
  1.737645e+00   -3.114104e-18   3.062639e-03   3.288363e-18   1741880
  1.748261e+00   5.975770e-18   3.067156e-03   3.212013e-18   1766454
  1.758897e+00   1.291930e-18   3.073105e-03   3.127424e-18   1791784
  1.769528e+00   -1.988848e-18   3.063894e-03   3.058444e-18   1807712
  1.780139e+00   4.967193e-19   3.062775e-03   2.989448e-18   1829002
  1.790759e+00   -6.658052e-18   3.067263e-03   2.912250e-18   1854216
  1.801400e+00   4.316053e-18   3.074631e-03   2.843333e-18   1880156
  1.812037e+00   6.958520e-18   3.068349e-03   2.771307e-18   1897568
  1.822663e+00   -2.567593e-18   3.068475e-03   2.705764e-18   1920458
  1.833288e+00   2.028496e-18   3.065997e-03   2.637747e-18   1942208
  1.843915e+00   3.020219e-18   3.067813e-03   2.578676e-18   1965612
  1.854544e+00   5.180799e-18   3.069639e-03   2.520593e-18   1989000
  1.865168e+00   -3.072519e-19   3.064465e-03   2.460382e-18   2009114
  1.875791e+00   -5.978441e-19   3.067400e-03   2.398908e-18   2034464
  1.886424e+00   1.085392e-19   3.070174e-03   2.343841e-18   2058476
  1.897052e+00   1.578970e-18   3.068039e-03   2.292618e-18   2079648
  1.907673e+00   -4.154186e-18   3.065891e-03   2.238106e-18   2102578
  1.918306e+00   2.186466e-18   3.070742e-03   2.183017e-18   2129928
  1.928942e+00   2.763427e-18   3.069733e-03   2.137449e-18   2152096
  1.939563e+00   -2.997167e-19   3.062858e-03   2.087038e-18   2171142
  1.950185e+00   2.763463e-18   3.069150e-03   2.038619e-18   2200248
  1.960824e+00   -1.838358e-18   3.071017e-03   1.992082e-18   2225216
  1.971460e+00   -4.929002e-18   3.070942e-03   1.945961e-18   2248448
  1.982084e+00   -1.722300e-18   3.064272e-03   1.907673e-18   2267942
  1.992710e+00   3.951277e-18   3.071051e-03   1.858246e-18   2298072
  2.003337e+00   -1.770837e-18   3.064068e-03   1.822167e-18   2317272
  2.013961e+00   3.246406e-18   3.069747e-03   1.780827e-18   2345808
  2.024580e+00   -2.154442e-18   3.062469e-03   1.743711e-18   2365650
  2.035206e+00   -7.375173e-19   3.069930e-03   1.704195e-18   2396940
  2.045842e+00   -3.191403e-18   3.069936e-03   1.668109e-18   2421272
  2.056473e+00   -1.167535e-19   3.068399e-03   1.628822e-18   2444576
  2.067102e+00   1.960347e-18   3.069748e-03   1.593221e-18   2471490
  2.077728e+00   1.857118e-18   3.064854e-03   1.561947e-18   2493180
  2.088349e+00   -1.386152e-18   3.068019e-03   1.529240e-18   2520952
  2.098972e+00   2.592841e-18   3.065319e-03   1.496819e-18   2544946
  2.109598e+00   -3.872274e-18   3.068311e-03   1.463990e-18   2573856
  2.120230e+00   -3.138396e-18   3.069026e-03   1.433025e-18   2600016
  2.130862e+00   2.199580e-18   3.069102e-03   1.399479e-18   2625484
  2.141490e+00   -4.196606e-20   3.068080e-03   1.371488e-18   2651122
  2.152130e+00   1.509743e-18   3.074348e-03   1.340138e-18   2683488
  2.162754e+00   -2.675760e-18   3.059466e-03   1.313967e-18   2696352
  2.173371e+00   1.138814e-18   3.071171e-03   1.287276e-18   2733020
  2.184002e+00   -2.952701e-19   3.067530e-03   1.258782e-18   2757378
  2.194631e+00   1.594139e-19   3.067942e-03   1.233618e-18   2784864
  2.205259e+00   -9.173455e-19   3.067811e-03   1.209006e-18   2811168
  2.215874e+00   -4.773695e-20   3.061061e-03   1.183603e-18   2832274
  2.226505e+00   6.473109e-19   3.075611e-03   1.158121e-18   2873636
  2.237142e+00   -5.155221e-19   3.064877e-03   1.138782e-18   2890496
  2.247766e+00   1.030434e-18   3.069851e-03   1.112996e-18   2921800
  2.258399e+00   -1.847554e-18   3.071101e-03   1.090461e-18   2951298
  2.269032e+00   9.741777e-19   3.066274e-03   1.068620e-18   2975476
  2.279663e+00   2.257494e-18   3.071375e-03   1.047789e-18   3007728
  2.290285e+00   -1.451909e-18   3.061886e-03   1.027123e-18   3025776
  2.300910e+00   -2.986544e-18   3.072955e-03   1.005416e-18   3065762
  2.311540e+00   -9.961271e-21   3.063208e-03   9.870166e-19   3084856
  2.322162e+00   -1.562746e-18   3.068985e-03   9.655968e-19   3118044
  2.332782e+00   -8.829137e-19   3.064319e-03   9.474489e-19   3141352
  2.343410e+00   3.169914e-19   3.072036e-03   9.266559e-19   3179274
  2.354046e+00   -1.388859e-18   3.067682e-03   9.094513e-19   3204120
  2.364668e+00   -1.143612e-18   3.063610e-03   8.939443e-19   3227900
  2.375288e+00   -7.934981e-19   3.068722e-03   8.754185e-19   3262394
  2.385925e+00   1.402183e-18   3.071814e-03   8.574714e-19   3295680
  2.396559e+00   -7.867863e-19   3.067166e-03   8.433569e-19   3319560
  2.407184e+00   1.778935e-18   3.068070e-03   8.252799e-19   3348972
  2.417810e+00   -7.248437e-19   3.068540e-03   8.098008e-19   3379722
  2.428441e+00   -3.258563e-19   3.068348e-03   7.945493e-19   3410720
  2.439075e+00   5.873404e-19   3.069517e-03   7.789310e-19   3441504
  2.449697e+00   3.376034e-20   3.063301e-03   7.650535e-19   3463624
  2.460317e+00   5.067293e-19   3.068043e-03   7.508647e-19   3499790
  2.470951e+00   -1.069256e-18   3.070702e-03   7.348043e-19   3533560
  2.481588e+00   1.390952e-18   3.069830e-03   7.223657e-19   3561920
  2.492209e+00   -1.153623e-18   3.064208e-03   7.081613e-19   3585208
  2.502830e+00   -1.073645e-18   3.069185e-03   6.947392e-19   3622518
  2.513468e+00   -1.135167e-18   3.072344e-03   6.821343e-19   3657584
  2.524094e+00   1.787672e-20   3.062507e-03   6.706657e-19   3676440
  2.534707e+00   7.099536e-19   3.065232e-03   6.585474e-19   3711282
  2.545334e+00   -1.238626e-19   3.068763e-03   6.442820e-19   3747696
  2.555965e+00   3.308489e-19   3.067225e-03   6.335111e-19   3776188
  2.566601e+00   1.238308e-18   3.074483e-03   6.208793e-19   3815304
  2.577232e+00   -4.861751e-19   3.064660e-03   6.110139e-19   3835370
  2.587856e+00   -1.393763e-19   3.068926e-03   5.990527e-19   3873424
  2.598487e+00   1.126380e-18   3.067978e-03   5.888020e-19   3903420
  2.609117e+00   5.364166e-19   3.070036e-03   5.773720e-19   3937624
  2.619745e+00   5.830569e-19   3.066011e-03   5.674836e-19   3965658
  2.630375e+00   8.411931e-20   3.069802e-03   5.576346e-19   4002984
  2.641001e+00   5.994454e-19   3.065136e-03   5.474463e-19   4027928
  2.651616e+00   -7.307104e-19   3.064941e-03   5.374195e-19   4059844
  2.662241e+00   1.600248e-18   3.069945e-03   5.271799e-19   4100338
  2.672876e+00   -1.385034e-19   3.069128e-03   5.187625e-19   4132264
  2.683506e+00   -2.041135e-19   3.068474e-03   5.095426e-19   4163216
  2.694131e+00   1.225928e-19   3.066146e-03   5.009214e-19   4193350
  2.704761e+00   2.926107e-19   3.071068e-03   4.911766e-19   4234456
  2.715390e+00   1.582738e-19   3.064079e-03   4.829382e-19   4257264
  2.726012e+00   -1.609876e-19   3.069774e-03   4.747279e-19   4297352
  2.736640e+00   -3.483926e-19   3.067495e-03   4.663466e-19   4328642
  2.747272e+00   -1.059210e-18   3.070663e-03   4.573650e-19   4367948
  2.757895e+00   -2.054704e-21   3.061799e-03   4.508130e-19   4388384
  2.768519e+00   1.049896e-18   3.072247e-03   4.417611e-19   4436648
  2.779154e+00   -1.118947e-18   3.067997e-03   4.347133e-19   4465658
  2.789787e+00   -7.348458e-19   3.069677e-03   4.270152e-19   4502948
  2.800413e+00   1.328069e-19   3.064787e-03   4.200238e-19   4528880
  2.811033e+00   -1.246841e-18   3.067181e-03   4.130495e-19   4566290
  2.821663e+00   2.794312e-19   3.070655e-03   4.058621e-19   4606856
  2.832293e+00   6.608447e-19   3.066552e-03   3.987649e-19   4635380
  2.842916e+00   4.743080e-21   3.067131e-03   3.920534e-19   4670384
  2.853543e+00   3.936269e-19   3.069161e-03   3.853226e-19   4709258
  2.864179e+00   -7.304781e-19   3.070324e-03   3.784930e-19   4747352
  2.874805e+00   -6.838101e-19   3.063655e-03   3.727527e-19   4771664
  2.885427e+00   4.800928e-19   3.068600e-03   3.665684e-19   4813532
  2.896058e+00   -8.225078e-19   3.070437e-03   3.601059e-19   4852322
  2.906693e+00   1.408608e-19   3.069013e-03   3.541017e-19   4886480
  2.917320e+00   -4.579920e-19   3.066289e-03   3.483371e-19   4917248
  2.927939e+00   -4.994853e-20   3.065099e-03   3.429547e-19   4950828
  2.938569e+00   2.473932e-19   3.072788e-03   3.365433e-19   5000170
  2.949204e+00   -4.877089e-19   3.066857e-03   3.311119e-19   5026952
  2.959825e+00   3.753507e-21   3.064676e-03   3.260710e-19   5058752
  2.970445e+00   8.495768e-20   3.067741e-03   3.205832e-19   5100722
  2.981076e+00   1.051075e-19   3.068979e-03   3.149255e-19   5140124
  2.991706e+00   1.904791e-19   3.067937e-03   3.102350e-19   5174072
  3.002335e+00   1.527991e-19   3.068928e-03   3.050979e-19   5211608
  3.012962e+00   4.760747e-19   3.067917e-03   3.003705e-19   5247794
  3.023589e+00   -2.491932e-19   3.066908e-03   2.954304e-19   5284196
  3.034222e+00   -6.158565e-20   3.071657e-03   2.907214e-19   5328800
  3.044847e+00   1.299297e-19   3.063109e-03   2.864473e-19   5350872
  3.055470e+00   5.144844e-20   3.069608e-03   2.813501e-19   5400634
  3.066097e+00   -3.111180e-19   3.065291e-03   2.772038e-19   5430968
  3.076725e+00   7.579405e-20   3.070185e-03   2.726097e-19   5475908
  3.087355e+00   -6.005790e-20   3.068352e-03   2.682148e-19   5510016
  3.097986e+00   9.707632e-20   3.069695e-03   2.639058e-19   5552114
  3.108620e+00   7.601574e-19   3.068841e-03   2.597950e-19   5588944
  3.119249e+00   -3.368226e-19   3.067703e-03   2.557743e-19   5623828
  3.129873e+00   -8.095745e-19   3.066629e-03   2.516802e-19   5660722
  3.140497e+00   -1.133818e-19   3.066422e-03   2.479903e-19   5699896
  3.151124e+00   -8.003409e-20   3.068968e-03   2.438195e-19   5741936
  3.161754e+00   9.127466e-20   3.069010e-03   2.403429e-19   5779568
  3.172381e+00   -3.054090e-19   3.067639e-03   2.364972e-19   5817222
  3.183006e+00   4.039037e-19   3.066013e-03   2.329983e-19   5854600
  3.193635e+00   -3.366639e-19   3.069791e-03   2.291792e-19   5900040
  3.204262e+00   -2.185796e-20   3.066501e-03   2.255800e-19   5931976
  3.214890e+00   6.501029e-20   3.070101e-03   2.222017e-19   5979390
  3.225518e+00   -4.342138e-19   3.065321e-03   2.189275e-19   6010200
  3.236144e+00   -2.797390e-19   3.069327e-03   2.155201e-19   6056496
  3.246769e+00   -1.490668e-19   3.066211e-03   2.122828e-19   6089504
  3.257396e+00   -1.562739e-19   3.069391e-03   2.088094e-19   6137114
  3.268025e+00   6.012386e-19   3.067201e-03   2.060298e-19   6173332
  3.278652e+00   4.583137e-19   3.067882e-03   2.026008e-19   6214128
  3.289279e+00   1.562408e-19   3.067306e-03   1.994809e-19   6253874
  3.299910e+00   1.099382e-20   3.069629e-03   1.964840e-19   6300104
  3.310539e+00   2.980419e-19   3.066365e-03   1.936105e-19   6332612
  3.321166e+00   4.307366e-20   3.070240e-03   1.905797e-19   6379768
  3.331797e+00   -1.961519e-19   3.068597e-03   1.876396e-19   6418218
  3.342427e+00   1.283970e-20   3.068360e-03   1.850356e-19   6459880
  3.353052e+00   6.487873e-20   3.066116e-03   1.823891e-19   6495652
  3.363680e+00   -4.430879e-19   3.070231e-03   1.798072e-19   6545296
  3.374311e+00   3.313386e-19   3.067227e-03   1.770591e-19   6581570
  3.384935e+00   1.030010e-19   3.065246e-03   1.742730e-19   6618960
  3.395556e+00   7.679994e-20   3.067158e-03   1.717213e-19   6663352
  3.406178e+00   2.381181e-19   3.065376e-03   1.694040e-19   6701334
  3.416809e+00   7.520950e-20   3.072512e-03   1.666509e-19   6759920
  3.427444e+00   6.366737e-19   3.067179e-03   1.644252e-19   6789696
  3.438073e+00   -1.392799e-19   3.069955e-03   1.619458e-19   6837208
  3.448703e+00   9.161168e-20   3.067492e-03   1.597152e-19   6874966
  3.459333e+00   -5.218025e-20   3.068613e-03   1.572761e-19   6920864
  3.469960e+00   1.852950e-19   3.066758e-03   1.548334e-19   6957816
  3.480585e+00   1.955986e-19   3.068144e-03   1.528059e-19   7002232
  3.491208e+00   -6.004613e-20   3.066540e-03   1.505802e-19   7043114
  3.501840e+00   1.403010e-19   3.070403e-03   1.482680e-19   7096020
  3.512471e+00   1.246610e-19   3.067394e-03   1.462600e-19   7130640
  3.523097e+00   -6.872829e-20   3.068276e-03   1.441762e-19   7175472
  3.533723e+00   -1.107816e-19   3.067248e-03   1.421577e-19   7217786
  3.544353e+00   -2.273950e-19   3.068999e-03   1.400600e-19   7265564
  3.554979e+00   -1.118511e-19   3.066319e-03   1.380953e-19   7301288
  3.565600e+00   -1.754467e-19   3.066375e-03   1.362373e-19   7345330
  3.576227e+00   1.443826e-19   3.069052e-03   1.341397e-19   7397048
  3.586856e+00   -1.183339e-19   3.067039e-03   1.322493e-19   7435920
  3.597485e+00   -7.707562e-20   3.069220e-03   1.305076e-19   7484140
  3.608113e+00   2.561851e-19   3.067643e-03   1.286300e-19   7525578
  3.618741e+00   8.550207e-20   3.067518e-03   1.268781e-19   7571376
  3.629371e+00   2.134323e-19   3.068480e-03   1.250665e-19   7617064
  3.640002e+00   -1.801842e-19   3.069456e-03   1.232602e-19   7662092
  3.650627e+00   -3.826183e-20   3.066324e-03   1.216942e-19   7699658
  3.661254e+00   3.854365e-19   3.068945e-03   1.198307e-19   7752416
  3.671886e+00   -3.121498e-19   3.069408e-03   1.181202e-19   7797776
  3.682511e+00   1.216314e-20   3.065176e-03   1.166453e-19   7831720
  3.693136e+00   1.955914e-19   3.069723e-03   1.148773e-19   7889926
  3.703768e+00   -6.313789e-20   3.067981e-03   1.134895e-19   7931480
  3.714397e+00   5.665576e-21   3.068251e-03   1.118433e-19   7976688
  3.725016e+00   2.045903e-19   3.062621e-03   1.104402e-19   8007786
  3.735639e+00   1.092398e-19   3.070332e-03   1.087994e-19   8074564
  3.746275e+00   -6.078887e-20   3.070085e-03   1.073011e-19   8118904
  3.756904e+00   2.047252e-19   3.066957e-03   1.058968e-19   8155824
  3.767533e+00   2.316089e-19   3.070641e-03   1.045004e-19   8212802
  3.778161e+00   4.637421e-19   3.065118e-03   1.031725e-19   8245268
  3.788791e+00   -5.111906e-20   3.071754e-03   1.016426e-19   8308816
  3.799422e+00   5.981930e-22   3.066301e-03   1.002440e-19   8340304
  3.810044e+00   1.408342e-19   3.066222e-03   9.895677e-20   8387738
  3.820668e+00   -2.874562e-20   3.067207e-03   9.774122e-20   8437624
  3.831296e+00   9.276935e-20   3.068826e-03   9.631349e-20   8487796
  3.841921e+00   -2.340944e-20   3.066430e-03   9.511059e-20   8527936
  3.852549e+00   -3.768927e-20   3.069409e-03   9.371537e-20   8585122
  3.863180e+00   5.422308e-20   3.067925e-03   9.260562e-20   8628200
  3.873811e+00   -3.263336e-20   3.069670e-03   9.134667e-20   8679484
  3.884439e+00   -1.080279e-19   3.067320e-03   9.021014e-20   8721466
  3.895064e+00   1.247424e-19   3.065795e-03   8.904087e-20   8765840
  3.905692e+00   -5.009272e-20   3.070355e-03   8.766575e-20   8825136
  3.916320e+00   5.984671e-20   3.066753e-03   8.663419e-20   8861768
  3.926948e+00   2.134458e-19   3.069321e-03   8.550210e-20   8919278
  3.937577e+00   -1.364014e-19   3.066595e-03   8.446084e-20   8961008
  3.948205e+00   8.978338e-20   3.068779e-03   8.327564e-20   9014456
  3.958835e+00   -1.723283e-19   3.068818e-03   8.219787e-20   9062240
  3.969465e+00   1.998778e-20   3.068277e-03   8.117309e-20   9110510
  3.980091e+00   2.702913e-20   3.066455e-03   8.012285e-20   9154048
  3.990712e+00   2.349810e-19   3.065703e-03   7.904247e-20   9198928
  4.001336e+00   7.586401e-20   3.068826e-03   7.801504e-20   9257194
  4.011967e+00   -1.609234e-20   3.069362e-03   7.701134e-20   9310168
  4.022596e+00   3.078435e-20   3.066324e-03   7.599795e-20   9350316
  4.033222e+00   -3.709731e-20   3.069210e-03   7.509523e-20   9407120
  4.043852e+00   7.141889e-20   3.068250e-03   7.408251e-20   9454642
  4.054482e+00   -3.016076e-20   3.068405e-03   7.311976e-20   9506272
  4.065111e+00   7.569771e-20   3.067355e-03   7.230283e-20   9551228
  4.075735e+00   -2.637018e-20   3.067594e-03   7.134415e-20   9600264
  4.086360e+00   -1.183509e-19   3.067530e-03   7.050996e-20   9651458
  4.096991e+00   3.612385e-20   3.070122e-03   6.952711e-20   9711488
  4.107620e+00   3.414992e-20   3.066189e-03   6.873015e-20   9749144
  4.118247e+00   -1.360017e-19   3.069033e-03   6.774588e-20   9807908
  4.128876e+00   -9.003698e-21   3.067607e-03   6.702283e-20   9854786
  4.139508e+00   -2.401200e-19   3.070269e-03   6.607893e-20   9914304
  4.150134e+00   1.121907e-19   3.064668e-03   6.536581e-20   9945544
  4.160753e+00   -7.072586e-20   3.066794e-03   6.453169e-20   10003414
  4.171379e+00   1.999113e-20   3.068671e-03   6.362355e-20   10062032
  4.182011e+00   2.629675e-20   3.069142e-03   6.291181e-20   10114792
  4.192645e+00   -6.904991e-20   3.070449e-03   6.208500e-20   10169936
  4.203267e+00   -4.466918e-20   3.062650e-03   6.140048e-20   10196602
  4.213895e+00   2.642794e-20   3.072265e-03   6.055038e-20   10281156
  4.224526e+00   4.189640e-20   3.065688e-03   5.991436e-20   10309376
  4.235150e+00   5.037043e-20   3.068567e-03   5.904715e-20   10369856
  4.245775e+00   5.573630e-20   3.066063e-03   5.843788e-20   10415370
  4.256404e+00   7.471960e-20   3.070045e-03   5.766530e-20   10481988
  4.267039e+00   1.263908e-19   3.069556e-03   5.698687e-20   10531200
  4.277665e+00   5.112807e-20   3.065408e-03   5.632659e-20   10569416
  4.288289e+00   -1.765667e-20   3.068216e-03   5.559083e-20   10633066
  4.298919e+00   -2.746707e-20   3.068866e-03   5.500879e-20   10687548
  4.309552e+00   -7.528176e-20   3.070419e-03   5.426674e-20   10743968
  4.320180e+00   1.214180e-20   3.065849e-03   5.362431e-20   10782130
  4.330801e+00   -2.998380e-20   3.066095e-03   5.291845e-20   10837792
  4.341427e+00   -6.014414e-20   3.068321e-03   5.230958e-20   10897368
  4.352058e+00   -4.399409e-20   3.069642e-03   5.168585e-20   10953940
  4.362687e+00   1.613222e-20   3.067969e-03   5.110564e-20   11003274
  4.373313e+00   3.082676e-21   3.066343e-03   5.051515e-20   11052800
  4.383943e+00   -1.696504e-20   3.070099e-03   4.988887e-20   11118176
  4.394573e+00   1.056564e-19   3.067934e-03   4.934520e-20   11162268
  4.405196e+00   1.497664e-20   3.066117e-03   4.872423e-20   11211458
  4.415820e+00   -1.019713e-19   3.067310e-03   4.811568e-20   11271888
  4.426448e+00   -3.442587e-20   3.068640e-03   4.759008e-20   11329304
  4.437073e+00   -1.512891e-19   3.066385e-03   4.702504e-20   11375026
  4.447701e+00   -7.733303e-20   3.069261e-03   4.651183e-20   11442532
  4.458330e+00   -4.332980e-20   3.066551e-03   4.597445e-20   11487264
  4.468957e+00   -3.701229e-20   3.068098e-03   4.539869e-20   11545680
  4.479587e+00   -3.660667e-20   3.069842e-03   4.483297e-20   11607058
  4.490221e+00   1.419211e-20   3.069925e-03   4.430542e-20   11664300
  4.500851e+00   -2.655556e-20   3.066963e-03   4.386449e-20   11707488
  4.511474e+00   -1.656044e-20   3.066617e-03   4.333558e-20   11759536
  4.522104e+00   -3.712728e-20   3.071176e-03   4.278923e-20   11833690
  4.532737e+00   -7.586872e-20   3.067542e-03   4.232917e-20   11877808
  4.543362e+00   -2.782025e-20   3.065778e-03   4.184641e-20   11925836
  4.553987e+00   4.423256e-20   3.068899e-03   4.133276e-20   11992168
  4.564616e+00   7.831738e-20   3.067784e-03   4.092861e-20   12044554
  4.575242e+00   -1.658445e-20   3.067168e-03   4.040017e-20   12098976
  4.585865e+00   -1.773222e-20   3.066173e-03   3.998220e-20   12149996
  4.596487e+00   -1.938972e-21   3.067038e-03   3.952724e-20   12209594
  4.607117e+00   -5.563196e-21   3.069983e-03   3.909390e-20   12279272
  4.617752e+00   3.675500e-20   3.070004e-03   3.863873e-20   12336072
  4.628383e+00   -1.221525e-19   3.067416e-03   3.823588e-20   12381744
  4.639009e+00   1.035566e-19   3.068068e-03   3.775815e-20   12441590
  4.649637e+00   1.143496e-19   3.067557e-03   3.737541e-20   12497256
  4.660262e+00   7.787296e-21   3.066825e-03   3.695452e-20   12550032
  4.670884e+00   -2.077602e-20   3.066185e-03   3.653895e-20   12603936
  4.681508e+00   -5.072636e-20   3.068111e-03   3.611069e-20   12671230
  4.692142e+00   -7.445790e-21   3.070828e-03   3.572338e-20   12740920
  4.702775e+00   -3.534923e-22   3.067767e-03   3.530759e-20   12784560
  4.713398e+00   1.550066e-20   3.065894e-03   3.493322e-20   12834176
  4.724025e+00   4.206296e-20   3.069663e-03   3.455885e-20   12909006
  4.734656e+00   2.878723e-22   3.068089e-03   3.415761e-20   12959680
  4.745283e+00   8.340029e-20   3.067551e-03   3.381185e-20   13014232
  4.755909e+00   -5.680972e-20   3.068154e-03   3.341748e-20   13076514
  4.766534e+00   -2.112685e-20   3.065684e-03   3.307417e-20   13127112
  4.777164e+00   -1.009047e-19   3.070665e-03   3.267575e-20   13205852
  4.787797e+00   -1.103214e-19   3.068206e-03   3.237646e-20   13252032
  4.798423e+00   -1.981845e-20   3.066967e-03   3.200963e-20   13307450
  4.809051e+00   1.947307e-20   3.068506e-03   3.165748e-20   13374160
  4.819680e+00   6.626605e-20   3.067567e-03   3.133223e-20   13426348
  4.830308e+00   3.271642e-20   3.069633e-03   3.096381e-20   13492760
  4.840934e+00   5.387296e-20   3.066142e-03   3.066754e-20   13539546
  4.851560e+00   1.724446e-20   3.068338e-03   3.033500e-20   13610704
  4.862187e+00   4.084818e-21   3.066835e-03   3.000618e-20   13662024
  4.872813e+00   -5.769517e-21   3.068248e-03   2.967309e-20   13727492
  4.883443e+00   6.022126e-20   3.069111e-03   2.937999e-20   13793394
  4.894073e+00   -1.121213e-20   3.067154e-03   2.904505e-20   13844456
  4.904699e+00   1.019912e-20   3.067927e-03   2.875034e-20   13905184
  4.915325e+00   5.688833e-20   3.067971e-03   2.843043e-20   13965958
  4.925951e+00   6.307715e-20   3.067148e-03   2.815931e-20   14025192
  4.936580e+00   4.447594e-20   3.068951e-03   2.785215e-20   14093768
  4.947211e+00   -2.184557e-20   3.068454e-03   2.758511e-20   14150440
  4.957840e+00   1.069268e-21   3.068630e-03   2.727278e-20   14213450
  4.968468e+00   -1.303887e-20   3.066726e-03   2.699095e-20   14267036
  4.979095e+00   -7.356993e-21   3.068568e-03   2.673104e-20   14335032
  4.989722e+00   1.630254e-20   3.067092e-03   2.644293e-20   14387664
  5.000347e+00   -3.416288e-20   3.068270e-03   2.619911e-20   14455698
  5.010977e+00   2.343650e-20   3.068677e-03   2.588802e-20   14520452
  5.021607e+00   1.943006e-20   3.068497e-03   2.564196e-20   14580272
  5.032232e+00   -4.862695e-21   3.065614e-03   2.537033e-20   14628050
  5.042860e+00   3.807034e-20   3.070982e-03   2.511985e-20   14716744
  5.053489e+00   7.102225e-20   3.065407e-03   2.486838e-20   14751712
  5.064115e+00   1.103994e-20   3.069456e-03   2.461761e-20   14831620
  5.074740e+00   2.235632e-20   3.065470e-03   2.439534e-20   14875522
  5.085366e+00   -1.699165e-20   3.068961e-03   2.413163e-20   14956720
  5.095994e+00   -1.407041e-20   3.066998e-03   2.386709e-20   15008272
  5.106620e+00   -1.277325e-20   3.067783e-03   2.364524e-20   15073780
  5.117248e+00   5.180997e-20   3.069002e-03   2.339880e-20   15144866
  5.127883e+00   -2.978007e-20   3.070052e-03   2.318392e-20   15213872
  5.138515e+00   6.090061e-20   3.067931e-03   2.295892e-20   15263976
  5.149140e+00   6.177735e-20   3.066723e-03   2.274774e-20   15320236
  5.159767e+00   -1.334078e-20   3.069367e-03   2.250457e-20   15398322
  5.170396e+00   2.736202e-20   3.067121e-03   2.229417e-20   15450864
  5.181021e+00   -1.913599e-20   3.067373e-03   2.208553e-20   15513888
  5.191645e+00   -1.012256e-21   3.066596e-03   2.186970e-20   15574626
  5.202274e+00   6.015652e-23   3.069893e-03   2.163914e-20   15657956
  5.212904e+00   -5.589199e-21   3.066736e-03   2.144177e-20   15704248
  5.223531e+00   -6.144533e-21   3.068512e-03   2.124244e-20   15774824
  5.234161e+00   2.082614e-20   3.069354e-03   2.101759e-20   15844898
  5.244790e+00   2.309857e-20   3.066994e-03   2.081307e-20   15898956
  5.255415e+00   -5.860180e-21   3.067091e-03   2.061960e-20   15961768
  5.266040e+00   -1.111171e-20   3.068481e-03   2.041259e-20   16032208
  5.276669e+00   3.191723e-20   3.068464e-03   2.022463e-20   16099530
  5.287295e+00   7.427380e-20   3.065856e-03   2.004967e-20   16152712
  5.297924e+00   2.017745e-20   3.069693e-03   1.984913e-20   16235740
  5.308553e+00   -3.067295e-20   3.067725e-03   1.968801e-20   16288856
  5.319183e+00   1.213822e-20   3.069408e-03   1.948148e-20   16365074
  5.329812e+00   4.993292e-21   3.067066e-03   1.932219e-20   16418248
  5.340434e+00   7.069609e-20   3.065573e-03   1.912977e-20   16473180
  5.351058e+00   -2.408385e-20   3.069491e-03   1.894514e-20   16560234
  5.361687e+00   -1.135036e-21   3.067046e-03   1.879106e-20   16616088
  5.372317e+00   -3.117921e-20   3.069133e-03   1.860556e-20   16693264
  5.382948e+00   -2.885981e-20   3.068526e-03   1.843834e-20   16753864
  5.393577e+00   -4.395694e-20   3.068569e-03   1.828437e-20   16820702
  5.404204e+00   1.287407e-20   3.066887e-03   1.810352e-20   16879288
  5.414832e+00   -8.603317e-21   3.068277e-03   1.794626e-20   16951712
  5.425456e+00   9.259393e-22   3.066689e-03   1.778696e-20   17007560
  5.436084e+00   -1.227089e-20   3.069534e-03   1.761627e-20   17092086
  5.446713e+00   -1.177359e-20   3.067265e-03   1.747919e-20   17148392
  5.457342e+00   -4.307048e-20   3.068696e-03   1.730601e-20   17222288
  5.467971e+00   1.059866e-20   3.068089e-03   1.713954e-20   17285096
  5.478597e+00   -1.868624e-20   3.066549e-03   1.702550e-20   17344826
  5.489223e+00   -4.295163e-20   3.068300e-03   1.685711e-20   17421236
  5.499853e+00   2.814940e-20   3.069479e-03   1.672118e-20   17494160
  5.510478e+00   -5.802664e-20   3.065109e-03   1.657427e-20   17538122
  5.521100e+00   2.278392e-20   3.067347e-03   1.644293e-20   17620136
  5.531731e+00   -2.421357e-21   3.069687e-03   1.630229e-20   17700428
  5.542362e+00   9.397810e-21   3.068482e-03   1.614461e-20   17760320
  5.552991e+00   -5.214157e-20   3.068060e-03   1.600479e-20   17827562
  5.563619e+00   8.070730e-21   3.067912e-03   1.588258e-20   17895488
  5.574247e+00   3.327134e-20   3.068230e-03   1.575188e-20   17963576
  5.584874e+00   -2.088560e-20   3.067616e-03   1.560162e-20   18027500
  5.595502e+00   -7.681312e-21   3.068831e-03   1.548580e-20   18105650
  5.606129e+00   1.146752e-20   3.066269e-03   1.534866e-20   18160880
  5.616752e+00   -2.455188e-20   3.067084e-03   1.522910e-20   18233144
  5.627379e+00   -2.006136e-20   3.067872e-03   1.511204e-20   18307310
  5.638008e+00   5.831316e-20   3.068420e-03   1.499382e-20   18381680
  5.648639e+00   2.410869e-21   3.068723e-03   1.486596e-20   18450536
  5.659270e+00   2.124312e-20   3.069549e-03   1.474278e-20   18522128
  5.669897e+00   1.744934e-20   3.067067e-03   1.462901e-20   18578414
  5.680523e+00   3.046643e-20   3.067781e-03   1.451718e-20   18654304
  5.691150e+00   1.122397e-20   3.067639e-03   1.439047e-20   18722304
  5.701780e+00   3.511651e-20   3.069442e-03   1.427935e-20   18802472
  5.712409e+00   3.526249e-20   3.067729e-03   1.417600e-20   18864266
  5.723037e+00   -2.435638e-20   3.067347e-03   1.407846e-20   18933260
  5.733662e+00   3.797351e-20   3.066799e-03   1.396119e-20   18997448
  5.744288e+00   1.008344e-20   3.068953e-03   1.384586e-20   19079816
  5.754917e+00   3.356426e-20   3.067744e-03   1.375479e-20   19145330
  5.765545e+00   -1.129518e-20   3.067941e-03   1.365246e-20   19218276
  5.776172e+00   -2.431782e-20   3.067784e-03   1.354315e-20   19286200
  5.786797e+00   1.472625e-20   3.066457e-03   1.345152e-20   19349738
  5.797427e+00   5.594367e-21   3.070714e-03   1.333723e-20   19450040
  5.808057e+00   -3.807301e-20   3.065907e-03   1.324652e-20   19489688
  5.818683e+00   1.143791e-21   3.068803e-03   1.314664e-20   19576868
  5.829310e+00   -1.796678e-20   3.067331e-03   1.306521e-20   19640282
  5.839940e+00   -2.957087e-20   3.069683e-03   1.296058e-20   19728800
  5.850566e+00   -2.807632e-22   3.065237e-03   1.287242e-20   19770152
  5.861190e+00   -8.238662e-21   3.068717e-03   1.277941e-20   19863516
  5.871821e+00   9.376106e-21   3.069639e-03   1.268885e-20   19943594
  5.882452e+00   5.646445e-21   3.067597e-03   1.260454e-20   20003440
  5.893081e+00   -1.863124e-20   3.068832e-03   1.251717e-20   20081768
  5.903706e+00   2.409288e-21   3.066188e-03   1.242668e-20   20136200
  5.914335e+00   9.882768e-21   3.070449e-03   1.235180e-20   20238094
  5.924964e+00   1.214812e-20   3.066146e-03   1.226941e-20   20282544
  5.935584e+00   1.758986e-20   3.065727e-03   1.219839e-20   20351720
  5.946209e+00   1.970074e-20   3.068474e-03   1.209964e-20   20444714
  5.956838e+00   2.945063e-20   3.067781e-03   1.202758e-20   20515116
  5.967470e+00   1.523124e-21   3.070149e-03   1.194769e-20   20602384
  5.978102e+00   -9.845825e-21   3.068165e-03   1.186381e-20   20659872
  5.988728e+00   -3.350318e-21   3.067093e-03   1.179491e-20   20727682
  5.999356e+00   -2.853046e-21   3.068732e-03   1.171145e-20   20814416
  6.009986e+00   -3.228843e-21   3.068153e-03   1.164302e-20   20881100
  6.020612e+00   6.560905e-21   3.068117e-03   1.156398e-20   20953688
  6.031238e+00   2.024889e-20   3.066654e-03   1.151926e-20   21021050
  6.041866e+00   -9.414060e-22   3.068891e-03   1.143636e-20   21111632
  6.052496e+00   -1.246674e-20   3.068341e-03   1.136121e-20   21179972
  6.063121e+00   -1.848107e-21   3.066368e-03   1.128930e-20   21240488
  6.073747e+00   -1.642254e-21   3.068419e-03   1.122977e-20   21331418
  6.084375e+00   -2.586681e-20   3.067338e-03   1.116582e-20   21397304
  6.095000e+00   -1.730862e-20   3.067405e-03   1.109335e-20   21469764
  6.105627e+00   -2.463078e-20   3.068819e-03   1.102211e-20   21556122
  6.116254e+00   8.760142e-21   3.066479e-03   1.096660e-20   21618312
  6.126884e+00   2.032308e-20   3.069809e-03   1.089398e-20   21716096
  6.137516e+00   -3.630961e-20   3.068719e-03   1.084335e-20   21781352
  6.148144e+00   6.582001e-21   3.067428e-03   1.077941e-20   21848870
  6.158771e+00   3.362738e-20   3.067652e-03   1.072283e-20   21927536
  6.169400e+00   7.149844e-22   3.068795e-03   1.066658e-20   22008944
  6.180028e+00   -7.814260e-21   3.067865e-03   1.058287e-20   22076136
  6.190652e+00   -1.109009e-20   3.066547e-03   1.053719e-20   22145270
  6.201282e+00   1.272629e-20   3.070373e-03   1.046217e-20   22250960
  6.211913e+00   -9.667250e-21   3.066914e-03   1.040611e-20   22300864
  6.222538e+00   2.167524e-20   3.067186e-03   1.033409e-20   22378586
  6.233165e+00   -5.653548e-21   3.068261e-03   1.027742e-20   22464104
  6.243795e+00   -1.152730e-20   3.068708e-03   1.020714e-20   22542892
  6.254421e+00   -1.837787e-20   3.067123e-03   1.012333e-20   22606008
  6.265047e+00   7.490131e-21   3.067919e-03   1.003147e-20   22690002
  6.275673e+00   1.830726e-20   3.066936e-03   8.370211e-21   22762216
  6.286298e+00   -1.276248e-20   3.068880e-03   4.373006e-21   22815779
  6.296927e+00   7.888090e-21   3.067733e-03   4.177627e-21   22772312
  6.307555e+00   -7.668886e-21   3.067923e-03   4.000522e-21   22733708
  6.318183e+00   5.602261e-21   3.068441e-03   3.830809e-21   22697672
  6.328811e+00   -3.609675e-21   3.067507e-03   3.681118e-21   22651460
  6.339438e+00   9.749149e-22   3.068199e-03   3.541667e-21   22616024
  6.350068e+00   5.431804e-21   3.069309e-03   3.414812e-21   22583496
  6.360694e+00   9.836116e-21   3.065960e-03   3.301676e-21   22519252
  6.371317e+00   -4.637535e-21   3.067197e-03   3.188229e-21   22488992
  6.381944e+00   2.196248e-21   3.067780e-03   3.087547e-21   22453172
  6.392574e+00   1.867022e-21   3.069105e-03   2.989284e-21   22420584
  6.403204e+00   2.226535e-21   3.068296e-03   2.898594e-21   22371700
  6.413832e+00   -9.717340e-22   3.068296e-03   2.811528e-21   22329896
  6.424460e+00   2.018120e-21   3.067512e-03   2.728934e-21   22282876
  6.435088e+00   3.937218e-21   3.068899e-03   2.650735e-21   22250692
  6.445715e+00   -1.727277e-21   3.066872e-03   2.574106e-21   22194436
  6.456340e+00   -1.221670e-21   3.066996e-03   2.503559e-21   22153540
  6.466968e+00   -1.314934e-21   3.068722e-03   2.439536e-21   22122584
  6.477597e+00   4.718812e-21   3.067957e-03   2.370092e-21   22073004
  6.488227e+00   -1.755627e-22   3.069406e-03   2.308851e-21   22039640
  6.498854e+00   3.129318e-21   3.066107e-03   2.252355e-21   21971624
  6.509482e+00   -5.041601e-21   3.070097e-03   2.196573e-21   21955708
  6.520106e+00   1.117978e-21   3.063845e-03   2.142102e-21   21867720
  6.530733e+00   4.435698e-21   3.071600e-03   2.086948e-21   21878900
  6.541363e+00   1.516342e-21   3.065935e-03   2.037491e-21   21794260
  6.551990e+00   1.216503e-21   3.068881e-03   1.988988e-21   21770256
  6.562619e+00   2.184364e-21   3.068010e-03   1.943537e-21   21718124
  6.573247e+00   1.513559e-21   3.067905e-03   1.896810e-21   21671096
  6.583874e+00   1.002641e-22   3.067932e-03   1.850326e-21   21625412
  6.594503e+00   -1.927194e-21   3.069070e-03   1.807945e-21   21587284
  6.605129e+00   -1.158190e-21   3.066010e-03   1.769127e-21   21519648
  6.615755e+00   -1.838605e-21   3.068792e-03   1.728642e-21   21493344
  6.626384e+00   -1.277562e-21   3.067812e-03   1.691593e-21   21439360
  6.637013e+00   7.624568e-22   3.068679e-03   1.655730e-21   21398900
  6.647644e+00   -2.288262e-21   3.068668e-03   1.619838e-21   21351488
  6.658271e+00   3.257660e-21   3.066526e-03   1.585129e-21   21288012
  6.668898e+00   7.058259e-22   3.068796e-03   1.551460e-21   21255052
  6.679525e+00   9.239745e-22   3.067400e-03   1.518263e-21   21196928
  6.690151e+00   2.043712e-21   3.067431e-03   1.487389e-21   21149036
  6.700778e+00   -4.187546e-21   3.068015e-03   1.456148e-21   21105304
  6.711407e+00   -4.664017e-21   3.068524e-03   1.425290e-21   21059992
  6.722038e+00   -2.646206e-21   3.069263e-03   1.398837e-21   21014904
  6.732667e+00   2.001103e-21   3.067536e-03   1.371148e-21   20953620
  6.743293e+00   9.336406e-22   3.067478e-03   1.342542e-21   20902948
  6.753920e+00   1.119986e-21   3.068064e-03   1.317514e-21   20856528
  6.764548e+00   -2.718971e-21   3.068448e-03   1.290637e-21   20808868
  6.775174e+00   2.298429e-21   3.066599e-03   1.265524e-21   20746700
  6.785798e+00   -5.632835e-22   3.066925e-03   1.241889e-21   20699040
  6.796428e+00   1.529612e-21   3.069860e-03   1.216964e-21   20667584
  6.807054e+00   -4.695290e-22   3.064988e-03   1.195321e-21   20583320
  6.817679e+00   -8.555246e-22   3.069606e-03   1.172247e-21   20562728
  6.828310e+00   1.840023e-21   3.067915e-03   1.150144e-21   20499120
  6.838938e+00   1.695324e-21   3.068337e-03   1.127742e-21   20448668
  6.849566e+00   -7.858759e-22   3.068077e-03   1.108624e-21   20394408
  6.860195e+00   -9.145574e-22   3.068320e-03   1.088408e-21   20344236
  6.870823e+00   -1.390162e-21   3.067630e-03   1.069768e-21   20287988
  6.881451e+00   2.102114e-21   3.068044e-03   1.049312e-21   20237280
  6.892077e+00   -4.566585e-22   3.067320e-03   1.030175e-21   20178328
  6.902707e+00   3.157531e-22   3.069652e-03   1.013831e-21   20139844
  6.913336e+00   -2.135792e-21   3.067174e-03   9.956619e-22   20069748
  6.923962e+00   -6.289998e-23   3.067514e-03   9.784594e-22   20016800
  6.934587e+00   1.021689e-21   3.067642e-03   9.605474e-22   19962224
  6.945217e+00   2.132378e-21   3.069885e-03   9.455396e-22   19923568
  6.955848e+00   6.645779e-22   3.067490e-03   9.299187e-22   19854300
  6.966474e+00   -1.597056e-21   3.067154e-03   9.148833e-22   19797056
  6.977101e+00   -2.699366e-22   3.067706e-03   8.994182e-22   19744940
  6.987728e+00   8.310187e-22   3.068174e-03   8.845347e-22   19691768
  6.998356e+00   7.604918e-22   3.067321e-03   8.691890e-22   19629548
  7.008982e+00   -2.653549e-22   3.067740e-03   8.562228e-22   19575480
  7.019610e+00   -5.102187e-23   3.068413e-03   8.417582e-22   19523296
  7.030241e+00   4.507156e-22   3.069533e-03   8.284370e-22   19474344
  7.040867e+00   -2.456097e-21   3.065611e-03   8.164646e-22   19392868
  7.051493e+00   -3.075274e-23   3.069073e-03   8.024134e-22   19356176
  7.062123e+00   1.110507e-21   3.068592e-03   7.901351e-22   19294916
  7.072754e+00   1.193062e-21   3.069110e-03   7.779536e-22   19240856
  7.083382e+00   7.911214e-22   3.067066e-03   7.657193e-22   19170884
  7.094007e+00   -1.657166e-21   3.066966e-03   7.537494e-22   19111352
  7.104633e+00   1.452821e-21   3.068278e-03   7.419861e-22   19060016
  7.115261e+00   3.863986e-22   3.067998e-03   7.315526e-22   18999752
  7.125886e+00   8.014246e-22   3.066210e-03   7.210364e-22   18930272
  7.136511e+00   -2.129185e-21   3.068009e-03   7.097155e-22   18882340
  7.147141e+00   -2.440688e-21   3.069133e-03   6.988095e-22   18829056
  7.157770e+00   1.483408e-22   3.067293e-03   6.905242e-22   18757640
  7.168398e+00   -6.852387e-22   3.069197e-03   6.799862e-22   18709036
  7.179027e+00   6.993760e-22   3.067378e-03   6.699574e-22   18637668
  7.189656e+00   -1.725072e-21   3.069146e-03   6.602658e-22   18587048
  7.200283e+00   1.202624e-21   3.066626e-03   6.517482e-22   18510972
  7.210909e+00   -1.324429e-21   3.067730e-03   6.417646e-22   18456692
  7.221535e+00   -1.106540e-21   3.067567e-03   6.328827e-22   18394084
  7.232164e+00   -1.144474e-21   3.069110e-03   6.244952e-22   18341352
  7.242794e+00   5.226571e-22   3.068234e-03   6.157240e-22   18273884
  7.253423e+00   9.112975e-23   3.068036e-03   6.079663e-22   18211148
  7.264048e+00   2.156060e-22   3.066171e-03   5.998688e-22   18137692
  7.274674e+00   -1.201763e-21   3.069088e-03   5.913783e-22   18091580
  7.285305e+00   2.728879e-22   3.068515e-03   5.839424e-22   18024560
  7.295932e+00   1.597358e-22   3.067362e-03   5.764242e-22   17955116
  7.306559e+00   1.027071e-21   3.067637e-03   5.687498e-22   17893232
  7.317187e+00   -1.507007e-21   3.068343e-03   5.620502e-22   17832620
  7.327816e+00   1.030930e-21   3.068327e-03   5.545355e-22   17767864
  7.338445e+00   4.083145e-22   3.068809e-03   5.477385e-22   17706956
  7.349073e+00   7.921675e-22   3.066947e-03   5.406356e-22   17632632
  7.359699e+00   1.247992e-21   3.068061e-03   5.337742e-22   17573524
  7.370327e+00   -3.984406e-22   3.067901e-03   5.276616e-22   17506380
  7.380954e+00   -1.485158e-22   3.068207e-03   5.207642e-22   17442548
  7.391580e+00   1.198883e-21   3.066528e-03   5.153265e-22   17368556
  7.402208e+00   -5.000232e-22   3.069314e-03   5.078817e-22   17318260
  7.412837e+00   2.440685e-22   3.067939e-03   5.025745e-22   17243792
  7.423463e+00   -6.035170e-22   3.066549e-03   4.967853e-22   17169716
  7.434088e+00   8.108263e-22   3.067759e-03   4.909910e-22   17109768
  7.444715e+00   2.317390e-22   3.068012e-03   4.852782e-22   17044064
  7.455345e+00   6.372008e-22   3.068894e-03   4.799496e-22   16981560
  7.465972e+00   3.481606e-22   3.066680e-03   4.745070e-22   16902264
  7.476600e+00   9.047107e-22   3.069499e-03   4.689882e-22   16849940
  7.487230e+00   -3.275890e-22   3.067461e-03   4.637117e-22   16770600
  7.497858e+00   1.684557e-22   3.068497e-03   4.587822e-22   16707512
  7.508485e+00   -8.103695e-22   3.067634e-03   4.542762e-22   16634480
  7.519114e+00   5.132945e-22   3.068242e-03   4.488433e-22   16569424
  7.529741e+00   9.258097e-22   3.067751e-03   4.442856e-22   16497216
  7.540372e+00   -4.622415e-22   3.069501e-03   4.395361e-22   16436416
  7.550999e+00   -6.960729e-22   3.067032e-03   4.348956e-22   16353532
  7.561624e+00   1.152037e-22   3.067126e-03   4.306323e-22   16284908
  7.572251e+00   1.279968e-21   3.068426e-03   4.262323e-22   16221948
  7.582881e+00   -2.432357e-22   3.068614e-03   4.217793e-22   16152552
  7.593510e+00   1.001614e-21   3.068122e-03   4.173462e-22   16078864
  7.604137e+00   1.462976e-22   3.067536e-03   4.129840e-22   16005296
  7.614766e+00   1.005595e-21   3.068300e-03   4.090854e-22   15938220
  7.625392e+00   -1.582526e-22   3.066841e-03   4.057024e-22   15858440
  7.636016e+00   -2.926903e-22   3.067373e-03   4.016466e-22   15789252
  7.646642e+00   -5.611321e-22   3.067548e-03   3.977473e-22   15718944
  7.657269e+00   -5.720702e-22   3.067947e-03   3.938829e-22   15648652
  7.667899e+00   -6.382275e-22   3.069201e-03   3.901073e-22   15581944
  7.678531e+00   6.146343e-23   3.069010e-03   3.865660e-22   15508744
  7.689158e+00   8.139391e-22   3.066436e-03   3.834812e-22   15422472
  7.699784e+00   2.777467e-22   3.068878e-03   3.799530e-22   15361536
  7.710413e+00   -3.878932e-23   3.067494e-03   3.761104e-22   15281048
  7.721038e+00   5.329777e-22   3.067557e-03   3.729632e-22   15207752
  7.731666e+00   -2.116072e-22   3.067687e-03   3.702086e-22   15134800
  7.742292e+00   2.042545e-22   3.067594e-03   3.669619e-22   15059664
  7.752920e+00   1.619875e-22   3.068106e-03   3.636608e-22   14987020
  7.763550e+00   -8.247305e-22   3.069757e-03   3.605024e-22   14919936
  7.774179e+00   -8.822132e-23   3.066979e-03   3.577943e-22   14831776
  7.784807e+00   2.790103e-23   3.069197e-03   3.549663e-22   14767552
  7.795435e+00   9.834555e-22   3.066309e-03   3.520763e-22   14678336
  7.806062e+00   -5.258255e-22   3.069079e-03   3.488484e-22   14615044
  7.816690e+00   2.909109e-22   3.067275e-03   3.465634e-22   14530200
  7.827317e+00   -2.155981e-22   3.067927e-03   3.438489e-22   14457000
  7.837945e+00   1.696323e-22   3.068558e-03   3.411654e-22   14383440
  7.848573e+00   2.163159e-23   3.067003e-03   3.388511e-22   14299516
  7.859199e+00   -6.303749e-22   3.067899e-03   3.365619e-22   14226024
  7.869825e+00   -1.879060e-22   3.067223e-03   3.339720e-22   14145048
  7.880455e+00   5.101932e-23   3.070446e-03   3.311278e-22   14082144
  7.891083e+00   2.006483e-24   3.065393e-03   3.294309e-22   13981640
  7.901708e+00   -5.901116e-23   3.068688e-03   3.269661e-22   13918460
  7.912338e+00   -9.318283e-24   3.068702e-03   3.246390e-22   13839752
  7.922969e+00   -6.941224e-22   3.069182e-03   3.225178e-22   13762736
  7.933598e+00   1.400933e-22   3.067868e-03   3.207122e-22   13677980
  7.944225e+00   3.682764e-22   3.067250e-03   3.184764e-22   13596196
  7.954850e+00   -1.075198e-22   3.067470e-03   3.160516e-22   13517736
  7.965475e+00   1.859626e-22   3.066448e-03   3.144233e-22   13433184
  7.976100e+00   9.521350e-23   3.068623e-03   3.120843e-22   13362296
  7.986730e+00   3.069631e-22   3.068494e-03   3.101845e-22   13281376
  7.997360e+00   -1.026719e-21   3.069113e-03   3.087379e-22   13203336
  8.007987e+00   -7.947910e-22   3.066719e-03   3.067703e-22   13113016
  8.018613e+00   5.631166e-22   3.067735e-03   3.050574e-22   13036400
  8.029240e+00   -4.960881e-22   3.067468e-03   3.032048e-22   12953648
  8.039869e+00   -9.414264e-23   3.069185e-03   3.018406e-22   12879016
  8.050498e+00   -2.305691e-22   3.067538e-03   3.002129e-22   12790124
  8.061127e+00   -4.350918e-22   3.068996e-03   2.979587e-22   12714152
  8.071753e+00   -1.289477e-21   3.066076e-03   2.969704e-22   12619608
  8.082379e+00   -3.610460e-22   3.068682e-03   2.949423e-22   12547232
  8.093011e+00   5.350645e-22   3.070245e-03   2.938466e-22   12470568
  8.103638e+00   -7.782727e-22   3.065215e-03   2.922691e-22   12368136
  8.114264e+00   -5.180039e-23   3.069116e-03   2.906285e-22   12300504
  8.124894e+00   2.247277e-22   3.068128e-03   2.893777e-22   12212172
  8.135522e+00   1.036844e-21   3.067779e-03   2.880907e-22   12126228
  8.146149e+00   1.716754e-22   3.068089e-03   2.866512e-22   12043352
  8.156778e+00   3.170990e-22   3.068301e-03   2.852500e-22   11959896
  8.167401e+00   -1.263739e-22   3.065268e-03   2.840645e-22   11863804
  8.178026e+00   -8.103937e-22   3.068937e-03   2.827431e-22   11792812
  8.188656e+00   -4.036421e-22   3.068597e-03   2.818790e-22   11705392
  8.199283e+00   -3.887975e-23   3.066984e-03   2.805195e-22   11613836
  8.209914e+00   2.180190e-22   3.070536e-03   2.792123e-22   11541532
  8.220543e+00   -4.907518e-22   3.066346e-03   2.783661e-22   11440232
  8.231170e+00   -3.552235e-23   3.068846e-03   2.770629e-22   11363008
  8.241796e+00   1.680160e-22   3.066631e-03   2.761539e-22   11267848
  8.252424e+00   1.110655e-22   3.069306e-03   2.750844e-22   11190640
  8.263054e+00   -2.937247e-22   3.068558e-03   2.742470e-22   11101084
  8.273680e+00   -2.912575e-22   3.065604e-03   2.735006e-22   11003284
  8.284304e+00   3.023793e-22   3.068360e-03   2.721614e-22   10925424
  8.294932e+00   5.416152e-22   3.067667e-03   2.715530e-22   10834724
  8.305560e+00   2.403751e-22   3.068711e-03   2.701785e-22   10750156
  8.316186e+00   1.153114e-22   3.066587e-03   2.693333e-22   10655280
  8.326811e+00   3.640437e-22   3.067310e-03   2.688516e-22   10569120
  8.337437e+00   9.336075e-23   3.067168e-03   2.678670e-22   10479672
  8.348070e+00   4.295406e-22   3.071527e-03   2.671294e-22   10404504
  8.358704e+00   1.941299e-22   3.068456e-03   2.663769e-22   10304108
  8.369331e+00   5.931496e-22   3.066991e-03   2.656650e-22   10209940
  8.379958e+00   2.916346e-23   3.068937e-03   2.649887e-22   10126584
  8.390585e+00   -8.114728e-22   3.066106e-03   2.643089e-22   10027064
  8.401210e+00   -2.808208e-22   3.068731e-03   2.637524e-22   9945072
  8.411836e+00   1.796981e-22   3.065849e-03   2.629859e-22   9844764
  8.422464e+00   -2.975878e-22   3.070904e-03   2.622372e-22   9769940
  8.433095e+00   2.577285e-23   3.066721e-03   2.616000e-22   9666072
  8.443721e+00   1.175345e-21   3.067629e-03   2.611930e-22   9577112
  8.454348e+00   -2.859480e-22   3.067871e-03   2.601322e-22   9485848
  8.464977e+00   2.001181e-22   3.068818e-03   2.598188e-22   9396136
  8.475607e+00   -1.762486e-22   3.068947e-03   2.595165e-22   9304408
  8.486231e+00   2.975970e-22   3.064605e-03   2.588703e-22   9199028
  8.496854e+00   7.263109e-24   3.068671e-03   2.583451e-22   9118288
  8.507481e+00   1.303103e-22   3.066868e-03   2.576116e-22   9019624
  8.518111e+00   -4.208534e-22   3.070919e-03   2.571442e-22   8937420
  8.528743e+00   -2.276048e-23   3.067653e-03   2.566600e-22   8835200
  8.539369e+00   -3.488547e-22   3.066847e-03   2.561096e-22   8739332
  8.549995e+00   1.721567e-23   3.067747e-03   2.557681e-22   8648112
  8.560624e+00   -6.170606e-22   3.067898e-03   2.550134e-22   8553372
  8.571253e+00   -1.680452e-22   3.069319e-03   2.546194e-22   8461944
  8.581883e+00   -5.827572e-22   3.068067e-03   2.537100e-22   8363348
  8.592509e+00   4.207424e-22   3.067870e-03   2.531899e-22   8267792
  8.603135e+00   -1.784049e-22   3.066599e-03   2.525903e-22   8169380
  8.613762e+00   -3.567055e-22   3.069517e-03   2.525171e-22   8081008
  8.624389e+00   4.961835e-25   3.065774e-03   2.511767e-22   7975632
  8.635016e+00   4.069223e-22   3.069603e-03   2.519331e-22   7889116
  8.645643e+00   1.074700e-21   3.066011e-03   2.505847e-22   7784008
  8.656270e+00   2.469752e-22   3.068709e-03   2.499039e-22   7693848
  8.666897e+00   -3.510518e-22   3.067011e-03   2.489604e-22   7592468
  8.677525e+00   4.132973e-22   3.068931e-03   2.482547e-22   7499076
  8.688155e+00   7.202784e-22   3.069474e-03   2.479512e-22   7402880
  8.698786e+00   -1.765830e-22   3.067607e-03   2.463223e-22   7300768
  8.709411e+00   2.666785e-22   3.067652e-03   2.457521e-22   7203316
  8.720032e+00   -1.350784e-22   3.063689e-03   2.448535e-22   7095724
  8.730662e+00   1.412120e-22   3.073665e-03   2.439196e-22   7019608
  8.741295e+00   3.158033e-23   3.065344e-03   2.417810e-22   6901916
  8.751922e+00   3.554709e-22   3.069704e-03   2.413651e-22   6812952
  8.762548e+00   4.889946e-22   3.065523e-03   2.396042e-22   6704548
  8.773175e+00   -4.585952e-22   3.068967e-03   2.391354e-22   6612168
  8.783803e+00   -3.472721e-22   3.067598e-03   2.365448e-22   6508628
  8.794433e+00   -1.121238e-22   3.069277e-03   2.347596e-22   6412072
  8.805059e+00   3.464805e-22   3.066868e-03   2.335052e-22   6306660
  8.815685e+00   -2.895174e-22   3.067492e-03   2.312298e-22   6207592
  8.826308e+00   -2.214496e-22   3.066222e-03   2.288241e-22   6103860
  8.836934e+00   -1.435547e-22   3.068576e-03   2.259034e-22   6007184
  8.847563e+00   3.570471e-22   3.068782e-03   2.234274e-22   5905660
  8.858194e+00   -2.402659e-22   3.069160e-03   2.195917e-22   5805132
  8.868823e+00   9.833046e-23   3.067313e-03   2.165350e-22   5700008
  8.879446e+00   -2.573250e-22   3.065734e-03   2.121781e-22   5594856
  8.890075e+00   1.073429e-23   3.070306e-03   2.080047e-22   5502341
  8.900707e+00   -1.032861e-22   3.068193e-03   2.044592e-22   5404852
  8.911333e+00   -1.821762e-22   3.066920e-03   2.014443e-22   5313930
  8.921960e+00   6.368412e-22   3.068151e-03   1.987315e-22   5230396
  8.932587e+00   6.783029e-23   3.067037e-03   1.957994e-22   5145158
  8.943214e+00   3.853643e-22   3.067644e-03   1.937640e-22   5064506
  8.953844e+00   9.709232e-23   3.070354e-03   1.917577e-22   4989464
  8.964475e+00   -2.426428e-23   3.067471e-03   1.891693e-22   4907486
  8.975102e+00   -5.795695e-22   3.067454e-03   1.867937e-22   4831952
  8.985729e+00   7.714401e-22   3.067333e-03   1.848764e-22   4757392
  8.996357e+00   1.400552e-22   3.068563e-03   1.836515e-22   4685902
  9.006985e+00   -1.662241e-22   3.067839e-03   1.813617e-22   4612826
  9.017611e+00   -3.546864e-22   3.067647e-03   1.798996e-22   4542436
  9.028240e+00   9.431965e-23   3.068771e-03   1.778718e-22   4475408
  9.038866e+00   -1.120760e-22   3.065432e-03   1.763764e-22   4402686
  9.049492e+00   2.515105e-22   3.069222e-03   1.750682e-22   4340854
  9.060123e+00   -3.059687e-22   3.068666e-03   1.732447e-22   4273862
  9.070751e+00   -1.396176e-22   3.068093e-03   1.718099e-22   4208538
  9.081377e+00   3.886792e-22   3.066329e-03   1.702827e-22   4142584
  9.092002e+00   2.918521e-23   3.067445e-03   1.690625e-22   4081232
  9.102629e+00   -5.455278e-22   3.068061e-03   1.675832e-22   4019668
  9.113260e+00   -1.573289e-22   3.070507e-03   1.661441e-22   3961416
  9.123892e+00   3.243478e-23   3.068468e-03   1.652840e-22   3898848
  9.134518e+00   -1.874706e-22   3.065914e-03   1.640346e-22   3836718
  9.145140e+00   -3.510332e-22   3.066518e-03   1.627596e-22   3779272
  9.155765e+00   -3.954790e-22   3.066689e-03   1.620388e-22   3721434
  9.166394e+00   -8.724834e-23   3.070316e-03   1.606933e-22   3668198
  9.177028e+00   9.618266e-23   3.069776e-03   1.597371e-22   3611346
  9.187656e+00   -3.170980e-22   3.066455e-03   1.589970e-22   3552442
  9.198281e+00   -1.859891e-22   3.067337e-03   1.578242e-22   3498908
  9.208908e+00   5.211097e-22   3.067980e-03   1.568218e-22   3445382
  9.219536e+00   3.541963e-22   3.068389e-03   1.561260e-22   3392244
  9.230165e+00   1.973189e-22   3.068360e-03   1.552443e-22   3339634
  9.240792e+00   1.055732e-22   3.067248e-03   1.542505e-22   3286752
  9.251416e+00   -1.830453e-22   3.065818e-03   1.537311e-22   3234180
  9.262040e+00   -7.653200e-23   3.067094e-03   1.525547e-22   3184556
  9.272670e+00   -8.608026e-23   3.070362e-03   1.524726e-22   3137238
  9.283304e+00   -1.784070e-24   3.070377e-03   1.521479e-22   3087670
  9.293936e+00   -4.643769e-22   3.068566e-03   1.512373e-22   3037460
  9.304560e+00   -4.130612e-23   3.064548e-03   1.501194e-22   2985736
  9.315180e+00   9.260224e-23   3.066413e-03   1.499928e-22   2939708
  9.325811e+00   -4.889155e-22   3.071553e-03   1.491162e-22   2897012
  9.336443e+00   1.194646e-23   3.067620e-03   1.485465e-22   2846890
  9.347067e+00   3.065730e-23   3.065693e-03   1.479612e-22   2799588
  9.357689e+00   6.686209e-23   3.066395e-03   1.476419e-22   2754954
  9.368315e+00   2.510252e-22   3.068270e-03   1.469593e-22   2711500
  9.378948e+00   -6.582971e-23   3.070601e-03   1.468393e-22   2669006
  9.389576e+00   -7.502109e-23   3.065837e-03   1.462593e-22   2621264
  9.400202e+00   1.333926e-22   3.068913e-03   1.457800e-22   2580726
  9.410830e+00   -2.415092e-23   3.067141e-03   1.454218e-22   2536470
  9.421456e+00   -3.279612e-22   3.067445e-03   1.448340e-22   2494370
  9.432084e+00   1.045312e-22   3.068834e-03   1.445398e-22   2453556
  9.442716e+00   3.938567e-23   3.070117e-03   1.445242e-22   2413246
  9.453347e+00   -3.791855e-23   3.067994e-03   1.443174e-22   2370914
  9.463973e+00   -1.835880e-22   3.067217e-03   1.439646e-22   2330126
  9.474601e+00   2.553822e-22   3.068570e-03   1.436564e-22   2291406
  9.485227e+00   4.899792e-22   3.066158e-03   1.438900e-22   2250410
  9.495850e+00   -7.606240e-23   3.066006e-03   1.433253e-22   2211486
  9.506474e+00   -1.528049e-23   3.067734e-03   1.433653e-22   2174194
  9.517102e+00   1.830353e-22   3.068176e-03   1.432181e-22   2136416
  9.527733e+00   -5.913865e-23   3.069929e-03   1.430569e-22   2100070
  9.538360e+00   -1.126498e-22   3.065560e-03   1.432314e-22   2060026
  9.548986e+00   3.831093e-23   3.069362e-03   1.433899e-22   2025910
  9.559615e+00   4.687403e-24   3.067530e-03   1.430877e-22   1988576
  9.570241e+00   1.363228e-22   3.067060e-03   1.426699e-22   1952610
  9.580867e+00   -2.543765e-22   3.067361e-03   1.429604e-22   1917470
  9.591493e+00   2.184527e-22   3.067399e-03   1.431204e-22   1882484
  9.602120e+00   8.540444e-23   3.068076e-03   1.433728e-22   1848262
  9.612753e+00   -2.502717e-22   3.071327e-03   1.434451e-22   1816024
  9.623386e+00   -2.022075e-23   3.068076e-03   1.433583e-22   1780418
  9.634012e+00   -9.556944e-23   3.067038e-03   1.438434e-22   1746576
  9.644639e+00   5.070706e-23   3.068628e-03   1.433288e-22   1714622
  9.655268e+00   1.697984e-23   3.067669e-03   1.437914e-22   1681692
  9.665895e+00   3.025964e-23   3.067468e-03   1.442752e-22   1649574
  9.676515e+00   -1.875189e-22   3.063511e-03   1.442511e-22   1615788
  9.687137e+00   -2.137258e-22   3.068656e-03   1.449763e-22   1587064
  9.697769e+00   2.188429e-22   3.069826e-03   1.452176e-22   1556598
  9.708400e+00   1.054963e-22   3.068471e-03   1.455548e-22   1525380
  9.719030e+00   8.866410e-23   3.068670e-03   1.455913e-22   1495360
  9.729656e+00   3.617356e-24   3.066126e-03   1.460489e-22   1464370
  9.740281e+00   -8.935934e-24   3.067601e-03   1.467906e-22   1435656
  9.750907e+00   1.791932e-22   3.067002e-03   1.469856e-22   1406304
  9.761532e+00   9.544216e-23   3.067147e-03   1.478697e-22   1377628
  9.772159e+00   1.489762e-22   3.068370e-03   1.481579e-22   1349744
  9.782788e+00   1.530722e-22   3.068343e-03   1.485842e-22   1321682
  9.793418e+00   -3.373904e-23   3.069098e-03   1.490795e-22   1294376
  9.804048e+00   1.866758e-22   3.068140e-03   1.496063e-22   1266768
  9.814673e+00   6.863691e-23   3.066275e-03   1.506890e-22   1239172
  9.825295e+00   -1.035829e-22   3.065238e-03   1.510094e-22   1212224
  9.835918e+00   -3.899633e-22   3.067386e-03   1.518010e-22   1186796
  9.846547e+00   -9.579477e-23   3.069034e-03   1.521290e-22   1161432
  9.857176e+00   -2.476768e-22   3.067927e-03   1.532287e-22   1135408
  9.867804e+00   -3.447485e-22   3.068239e-03   1.540029e-22   1110324
  9.878434e+00   -2.231821e-23   3.068926e-03   1.548265e-22   1085680
  9.889062e+00   -1.863714e-22   3.066842e-03   1.558731e-22   1060364
  9.899688e+00   -7.287046e-23   3.068767e-03   1.568244e-22   1036736
  9.910321e+00   -2.243755e-22   3.070562e-03   1.577985e-22   1013388
  9.920951e+00   9.641967e-23   3.066769e-03   1.586740e-22   988656
  9.931575e+00   -4.821379e-22   3.066738e-03   1.600520e-22   965530
  9.942197e+00   2.038767e-22   3.064855e-03   1.609600e-22   942100
  9.952819e+00   -6.609658e-23   3.066142e-03   1.623016e-22   919888
  9.963442e+00   6.295579e-23   3.066491e-03   1.635276e-22   897628
  9.974067e+00   2.041960e-22   3.067504e-03   1.638819e-22   875856
  9.984696e+00   5.109643e-23   3.069599e-03   1.658120e-22   854736
  9.995330e+00   3.826071e-22   3.070044e-03   1.670197e-22   833510
  1.000596e+01   -3.575914e-23   3.068120e-03   1.678900e-22   811976
  1.001659e+01   -5.358519e-23   3.066566e-03   1.697702e-22   790844
  1.002721e+01   3.062546e-22   3.066302e-03   1.710519e-22   770320
  1.003784e+01   5.394798e-22   3.069162e-03   1.723363e-22   750838
  1.004847e+01   1.911224e-23   3.068729e-03   1.739487e-22   730864
  1.005909e+01   -4.155703e-22   3.067039e-03   1.755696e-22   710984
  1.006972e+01   -1.516081e-22   3.067274e-03   1.768855e-22   691894
  1.008035e+01   -2.081862e-22   3.066106e-03   1.794048e-22   672776
  1.009097e+01   4.445367e-22   3.067065e-03   1.805954e-22   654372
  1.010160e+01   -8.893001e-23   3.065537e-03   1.820042e-22   635682
  1.011222e+01   -1.515958e-22   3.064886e-03   1.853369e-22   617460
  1.012284e+01   -3.038415e-22   3.066767e-03   1.870790e-22   600024
  1.013346e+01   -1.134180e-22   3.068404e-03   1.897456e-22   582830
  1.014410e+01   -5.267991e-22   3.070337e-03   1.911103e-22   566000
  1.015473e+01   -3.845532e-22   3.066543e-03   1.933749e-22   548458
  1.016535e+01   -7.633122e-23   3.067619e-03   1.959090e-22   532084
  1.017598e+01   1.957527e-23   3.065740e-03   1.983136e-22   515440
  1.018660e+01   1.275891e-22   3.064533e-03   2.008351e-22   499174
  1.019722e+01   6.813030e-22   3.064552e-03   2.034764e-22   483368
  1.020784e+01   1.409540e-22   3.067558e-03   2.066355e-22   468270
  1.021847e+01   -2.717756e-23   3.071740e-03   2.098486e-22   453568
  1.022911e+01   -7.061407e-22   3.068522e-03   2.132627e-22   438106
  1.023974e+01   2.562500e-22   3.068674e-03   2.145276e-22   423508
  1.025036e+01   -8.520474e-23   3.065352e-03   2.177659e-22   408754
  1.026098e+01   -1.736509e-23   3.064549e-03   2.219478e-22   394612
  1.027160e+01   3.192129e-22   3.064825e-03   2.248021e-22   380826
  1.028223e+01   -3.304566e-22   3.063635e-03   2.288982e-22   367086
  1.029285e+01   6.185934e-22   3.065226e-03   2.333392e-22   353904
  1.030347e+01   -6.501055e-23   3.067842e-03   2.369543e-22   341046
  1.031410e+01   -7.742561e-23   3.067827e-03   2.419074e-22   328144
  1.032473e+01   -6.340922e-22   3.068491e-03   2.449198e-22   315598
  1.033536e+01   1.194942e-22   3.070442e-03   2.506635e-22   303466
  1.034599e+01   -1.564486e-22   3.070558e-03   2.551874e-22   291456
  1.035662e+01   4.762762e-22   3.069010e-03   2.603823e-22   279614
  1.036725e+01   4.311354e-22   3.062765e-03   2.646826e-22   267680
  1.037786e+01   -7.570957e-22   3.061142e-03   2.712414e-22   256438
  1.038848e+01   -1.833594e-23   3.062004e-03   2.767515e-22   245618
  1.039909e+01   5.711907e-23   3.058865e-03   2.813866e-22   234708
  1.040970e+01   -9.798539e-23   3.057929e-03   2.872160e-22   224210
  1.042032e+01   -2.175199e-22   3.058509e-03   2.929647e-22   214046
  1.043093e+01   3.906986e-22   3.059874e-03   3.015370e-22   204152
  1.044155e+01   -6.900213e-22   3.062766e-03   3.094788e-22   194558
  1.045217e+01   -6.995696e-22   3.062838e-03   3.168503e-22   185018
  1.046279e+01   3.120118e-22   3.066092e-03   3.229910e-22   175918
  1.047341e+01   -1.287139e-22   3.068348e-03   3.338149e-22   166992
  1.048404e+01   1.471187e-22   3.070094e-03   3.399907e-22   158294
  1.049468e+01   5.199024e-22   3.071097e-03   3.500557e-22   149842
  1.050531e+01   3.006599e-22   3.068653e-03   3.611330e-22   141530
  1.051593e+01   -1.684612e-22   3.060509e-03   3.725513e-22   133284
  1.052654e+01   3.204136e-22   3.057354e-03   3.819711e-22   125546
  1.053715e+01   -9.052265e-22   3.051144e-03   3.969475e-22   117950
  1.054776e+01   -8.937868e-22   3.048602e-03   4.077673e-22   110746
  1.055836e+01   -8.872704e-22   3.039799e-03   4.197519e-22   103572
  1.056895e+01   2.519746e-22   3.036073e-03   4.384109e-22   96818
  1.057954e+01   2.370794e-22   3.031333e-03   4.531726e-22   90262
  1.059013e+01   -5.273530e-22   3.027317e-03   4.686323e-22   83970
  1.060072e+01   -3.938228e-22   3.019853e-03   4.938540e-22   77846
  1.061129e+01   -1.623781e-22   3.012052e-03   5.095899e-22   71984
  1.062186e+01   2.464533e-22   3.005730e-03   5.266332e-22   66398
  1.063243e+01   6.889469e-22   3.000369e-03   5.499277e-22   61058
  1.064300e+01   -2.789433e-22   2.995714e-03   5.757635e-22   55958
  1.065357e+01   -4.399729e-22   2.990697e-03   6.113627e-22   51082
  1.066413e+01   -9.454595e-22   2.981767e-03   6.305254e-22   46398
  1.067469e+01   5.620055e-22   2.970930e-03   6.775606e-22   41954
  1.068524e+01   -5.145911e-23   2.955045e-03   7.102220e-22   37718
  1.069578e+01   -7.575939e-22   2.938133e-03   7.524313e-22   33736
  1.070631e+01   5.202835e-22   2.922830e-03   7.928591e-22   30006
  1.071684e+01   6.640734e-23   2.912268e-03   8.523325e-22   26522
  1.072739e+01   1.994169e-21   2.905476e-03   9.263317e-22   23254
  1.073793e+01   -1.478923e-21   2.895825e-03   9.785432e-22   20178
  1.074848e+01   -1.402141e-21   2.890787e-03   1.040617e-21   17342
  1.075903e+01   1.108741e-22   2.886580e-03   1.128312e-21   14714
  1.076959e+01   -1.345285e-21   2.887906e-03   1.263943e-21   12310
  1.078015e+01   1.472038e-21   2.880436e-03   1.362445e-21   10098
  1.079071e+01   2.801096e-21   2.879327e-03   1.542680e-21   8126
  1.080127e+01   1.913597e-21   2.877797e-03   1.752191e-21   6362
  1.081184e+01   5.032258e-21   2.888638e-03   2.010961e-21   4822
  1.082239e+01   -1.200667e-21   2.872451e-03   2.450607e-21   3474
  1.083292e+01   -7.001931e-21   2.869225e-03   2.837194e-21   2366
  1.084344e+01   -1.221308e-20   2.860034e-03   3.540437e-21   1466
  1.085397e+01   -4.757902e-21   2.925135e-03   4.796673e-21   790
  1.086426e+01   5.429547e-21   2.767211e-03   6.775903e-21   306
  1.087389e+01   2.445492e-20   2.357714e-03   2.115559e-20   62
