# cross spectrum of phi(z1) and phi(z2)
# redshift z=2.596867
# k              Pk             sigma(k)       sigma(Pk)      count
  7.830312e-03   2.662189e-10   1.198114e-03   5.993988e-11   18
  1.686348e-02   3.157200e-10   2.897918e-03   3.017012e-11   152
  2.725284e-02   1.885208e-10   3.060867e-03   8.814185e-12   416
  3.742835e-02   1.033195e-10   2.912555e-03   3.865604e-12   770
  4.808679e-02   6.494687e-11   3.119650e-03   1.903413e-12   1364
  5.876109e-02   4.260869e-11   3.054550e-03   9.682209e-13   1976
  6.939824e-02   3.252540e-11   3.112555e-03   6.191301e-13   2792
  7.984642e-02   2.369641e-11   2.971805e-03   4.051019e-13   3578
  9.038229e-02   1.709713e-11   3.049521e-03   2.527760e-13   4724
  1.011318e-01   1.262517e-11   3.134595e-03   1.669844e-13   6032
  1.117485e-01   9.887562e-12   3.016599e-03   1.204542e-13   7072
  1.222702e-01   8.308177e-12   3.056387e-03   9.115349e-14   8634
  1.329722e-01   7.065532e-12   3.095256e-03   7.047474e-14   10336
  1.436677e-01   5.705962e-12   3.082009e-03   5.152313e-14   11940
  1.541872e-01   4.576893e-12   3.021465e-03   4.034279e-14   13490
  1.647185e-01   3.783686e-12   3.054444e-03   2.991596e-14   15656
  1.754149e-01   3.202653e-12   3.102608e-03   2.402321e-14   18008
  1.860920e-01   2.830379e-12   3.069464e-03   2.006559e-14   19964
  1.966957e-01   2.468454e-12   3.066093e-03   1.655131e-14   22354
  2.072851e-01   2.106749e-12   3.030819e-03   1.347922e-14   24648
  2.179134e-01   1.813643e-12   3.083109e-03   1.090191e-14   27592
  2.285517e-01   1.575977e-12   3.075318e-03   9.012997e-15   30152
  2.391687e-01   1.395457e-12   3.069056e-03   7.674348e-15   33046
  2.497808e-01   1.270796e-12   3.053846e-03   6.750934e-15   35992
  2.604233e-01   1.141391e-12   3.074764e-03   5.774305e-15   39304
  2.710722e-01   1.034742e-12   3.082145e-03   4.993898e-15   42608
  2.817050e-01   9.089991e-13   3.058267e-03   4.286769e-15   45758
  2.923349e-01   8.125287e-13   3.072286e-03   3.696698e-15   49536
  3.029238e-01   7.376813e-13   3.039208e-03   3.248054e-15   52488
  3.135134e-01   6.802600e-13   3.084628e-03   2.866565e-15   57034
  3.241511e-01   6.078093e-13   3.061146e-03   2.469170e-15   60648
  3.347969e-01   5.624586e-13   3.076329e-03   2.219903e-15   65044
  3.454223e-01   5.189574e-13   3.057760e-03   1.970881e-15   68720
  3.560505e-01   4.715434e-13   3.078281e-03   1.736948e-15   73538
  3.667175e-01   4.338157e-13   3.076939e-03   1.552970e-15   78080
  3.773260e-01   4.037029e-13   3.039859e-03   1.412545e-15   81572
  3.879192e-01   3.741673e-13   3.081238e-03   1.264802e-15   87248
  3.985882e-01   3.453449e-13   3.084591e-03   1.139800e-15   92266
  4.092322e-01   3.218116e-13   3.063169e-03   1.038999e-15   96696
  4.198039e-01   2.990640e-13   3.037602e-03   9.461077e-16   100904
  4.303789e-01   2.780449e-13   3.065517e-03   8.581465e-16   107036
  4.410480e-01   2.606466e-13   3.089487e-03   7.753036e-16   113362
  4.517307e-01   2.429835e-13   3.072092e-03   7.094894e-16   118176
  4.623378e-01   2.289344e-13   3.054661e-03   6.574749e-16   122944
  4.729644e-01   2.147613e-13   3.083007e-03   5.957931e-16   129902
  4.836049e-01   1.996908e-13   3.061727e-03   5.431540e-16   134944
  4.942158e-01   1.896378e-13   3.064979e-03   5.066832e-16   140952
  5.048213e-01   1.771016e-13   3.064662e-03   4.659234e-16   147072
  5.154342e-01   1.674572e-13   3.060800e-03   4.271245e-16   153382
  5.260893e-01   1.588667e-13   3.082622e-03   3.941464e-16   160952
  5.367508e-01   1.498082e-13   3.070294e-03   3.662310e-16   166640
  5.473579e-01   1.418166e-13   3.057153e-03   3.442411e-16   172448
  5.579787e-01   1.345715e-13   3.077577e-03   3.160039e-16   180594
  5.686178e-01   1.274603e-13   3.060710e-03   2.938936e-16   186556
  5.792219e-01   1.210685e-13   3.063394e-03   2.767504e-16   193528
  5.898242e-01   1.157176e-13   3.060684e-03   2.588317e-16   200626
  6.004609e-01   1.095621e-13   3.076604e-03   2.406259e-16   209256
  6.111150e-01   1.049158e-13   3.069663e-03   2.257481e-16   216020
  6.217510e-01   9.998880e-14   3.075746e-03   2.112285e-16   223768
  6.323610e-01   9.472236e-14   3.055783e-03   1.975537e-16   230234
  6.429887e-01   9.073525e-14   3.074922e-03   1.858969e-16   239800
  6.536248e-01   8.651390e-14   3.063054e-03   1.741966e-16   246568
  6.642393e-01   8.312977e-14   3.068328e-03   1.643945e-16   254828
  6.748534e-01   7.939628e-14   3.064424e-03   1.544419e-16   263074
  6.854951e-01   7.585847e-14   3.071509e-03   1.455696e-16   272312
  6.961385e-01   7.267998e-14   3.070197e-03   1.374885e-16   280376
  7.067732e-01   6.989180e-14   3.071500e-03   1.306686e-16   288884
  7.174012e-01   6.670889e-14   3.068501e-03   1.223446e-16   297602
  7.280177e-01   6.453581e-14   3.057614e-03   1.168944e-16   305520
  7.386402e-01   6.185894e-14   3.075198e-03   1.100795e-16   315976
  7.492461e-01   5.919353e-14   3.052723e-03   1.043457e-16   322778
  7.598720e-01   5.750812e-14   3.080021e-03   9.954449e-17   335372
  7.705286e-01   5.484157e-14   3.068318e-03   9.383763e-17   343464
  7.811635e-01   5.280973e-14   3.070705e-03   8.855715e-17   352912
  7.917934e-01   5.104115e-14   3.070498e-03   8.484432e-17   362666
  8.024224e-01   4.939309e-14   3.063690e-03   8.100158e-17   371884
  8.130465e-01   4.746132e-14   3.069929e-03   7.688380e-17   382280
  8.236583e-01   4.590101e-14   3.060755e-03   7.318477e-17   390888
  8.342648e-01   4.422480e-14   3.067168e-03   6.988118e-17   402234
  8.448912e-01   4.286872e-14   3.064832e-03   6.678051e-17   412576
  8.555263e-01   4.120265e-14   3.071788e-03   6.332193e-17   423732
  8.661590e-01   3.996823e-14   3.068142e-03   6.089701e-17   433624
  8.767950e-01   3.863358e-14   3.072203e-03   5.798438e-17   445154
  8.874347e-01   3.725876e-14   3.069139e-03   5.532642e-17   455584
  8.980596e-01   3.604841e-14   3.064716e-03   5.281952e-17   465588
  9.086714e-01   3.485083e-14   3.065163e-03   5.034092e-17   476762
  9.193048e-01   3.385021e-14   3.073106e-03   4.836445e-17   489552
  9.299472e-01   3.287222e-14   3.069632e-03   4.663128e-17   500328
  9.405628e-01   3.184737e-14   3.059261e-03   4.461213e-17   509852
  9.511854e-01   3.086299e-14   3.074339e-03   4.274997e-17   524234
  9.618189e-01   3.000748e-14   3.061952e-03   4.112417e-17   534104
  9.724448e-01   2.897995e-14   3.070528e-03   3.924833e-17   547048
  9.830800e-01   2.827120e-14   3.073862e-03   3.792886e-17   559328
  9.937180e-01   2.742355e-14   3.070866e-03   3.624803e-17   571326
  1.004339e+00   2.667483e-14   3.060367e-03   3.492202e-17   581920
  1.014951e+00   2.586942e-14   3.064588e-03   3.363284e-17   594832
  1.025571e+00   2.519375e-14   3.068054e-03   3.228338e-17   608048
  1.036206e+00   2.445392e-14   3.070252e-03   3.099722e-17   621526
  1.046839e+00   2.374964e-14   3.066112e-03   2.978764e-17   633240
  1.057456e+00   2.313383e-14   3.064953e-03   2.881777e-17   645472
  1.068086e+00   2.260652e-14   3.075342e-03   2.782302e-17   660906
  1.078726e+00   2.198513e-14   3.067576e-03   2.688845e-17   672856
  1.089356e+00   2.135284e-14   3.067094e-03   2.585688e-17   685980
  1.099980e+00   2.083442e-14   3.067978e-03   2.499607e-17   699256
  1.110619e+00   2.021880e-14   3.074976e-03   2.394643e-17   714730
  1.121246e+00   1.973395e-14   3.059348e-03   2.318956e-17   725152
  1.131863e+00   1.926537e-14   3.067634e-03   2.247452e-17   740420
  1.142485e+00   1.874673e-14   3.069089e-03   2.167777e-17   754312
  1.153114e+00   1.830796e-14   3.069897e-03   2.096340e-17   769114
  1.163749e+00   1.790275e-14   3.069209e-03   2.020883e-17   783488
  1.174365e+00   1.741533e-14   3.058900e-03   1.951189e-17   794968
  1.184981e+00   1.706811e-14   3.070107e-03   1.898959e-17   812366
  1.195609e+00   1.664373e-14   3.065134e-03   1.837281e-17   825976
  1.206250e+00   1.624401e-14   3.075220e-03   1.769670e-17   843352
  1.216898e+00   1.589515e-14   3.073224e-03   1.721358e-17   857280
  1.227524e+00   1.551186e-14   3.063189e-03   1.668624e-17   869542
  1.238147e+00   1.517774e-14   3.070752e-03   1.614887e-17   887128
  1.248772e+00   1.479685e-14   3.063166e-03   1.563757e-17   900032
  1.259388e+00   1.443766e-14   3.067377e-03   1.510373e-17   916560
  1.270005e+00   1.411745e-14   3.061783e-03   1.467283e-17   930922
  1.280635e+00   1.381415e-14   3.071795e-03   1.419300e-17   949844
  1.291287e+00   1.352769e-14   3.076939e-03   1.377769e-17   966736
  1.301925e+00   1.325283e-14   3.065819e-03   1.340102e-17   978776
  1.312537e+00   1.296519e-14   3.064137e-03   1.304782e-17   994522
  1.323161e+00   1.266147e-14   3.068907e-03   1.264151e-17   1012420
  1.333794e+00   1.240993e-14   3.071598e-03   1.227796e-17   1029408
  1.344410e+00   1.214383e-14   3.058405e-03   1.191702e-17   1041658
  1.355032e+00   1.188895e-14   3.072381e-03   1.156843e-17   1063520
  1.365659e+00   1.163467e-14   3.060689e-03   1.123012e-17   1075808
  1.376294e+00   1.142120e-14   3.080019e-03   1.091778e-17   1098956
  1.386928e+00   1.116692e-14   3.061670e-03   1.062992e-17   1109810
  1.397545e+00   1.097372e-14   3.065288e-03   1.035779e-17   1128608
  1.408178e+00   1.076080e-14   3.073589e-03   1.007520e-17   1148264
  1.418813e+00   1.053825e-14   3.067917e-03   9.822568e-18   1163252
  1.429436e+00   1.031761e-14   3.067070e-03   9.516851e-18   1181042
  1.440060e+00   1.011464e-14   3.064325e-03   9.278957e-18   1197848
  1.450692e+00   9.914354e-15   3.073737e-03   8.999091e-18   1218848
  1.461323e+00   9.721452e-15   3.064859e-03   8.780611e-18   1232916
  1.471945e+00   9.535402e-15   3.068844e-03   8.538125e-18   1253002
  1.482566e+00   9.341522e-15   3.062284e-03   8.305402e-18   1268576
  1.493191e+00   9.174119e-15   3.071552e-03   8.116659e-18   1290128
  1.503822e+00   9.033350e-15   3.068342e-03   7.928926e-18   1307402
  1.514455e+00   8.824932e-15   3.069122e-03   7.688951e-18   1327028
  1.525083e+00   8.663695e-15   3.064970e-03   7.484747e-18   1343648
  1.535711e+00   8.531746e-15   3.070217e-03   7.326338e-18   1364096
  1.546341e+00   8.355579e-15   3.068950e-03   7.133780e-18   1382730
  1.556974e+00   8.214806e-15   3.068757e-03   6.957768e-18   1402164
  1.567604e+00   8.061480e-15   3.068159e-03   6.791281e-18   1420464
  1.578221e+00   7.904617e-15   3.063798e-03   6.636654e-18   1437368
  1.588847e+00   7.785144e-15   3.072142e-03   6.452803e-18   1461530
  1.599480e+00   7.633703e-15   3.065069e-03   6.293143e-18   1478264
  1.610108e+00   7.512501e-15   3.068902e-03   6.164635e-18   1499356
  1.620732e+00   7.366914e-15   3.065238e-03   6.013265e-18   1517016
  1.631360e+00   7.255191e-15   3.070849e-03   5.870896e-18   1540090
  1.641988e+00   7.128028e-15   3.065366e-03   5.734563e-18   1557360
  1.652609e+00   6.996291e-15   3.066926e-03   5.596239e-18   1577780
  1.663242e+00   6.885910e-15   3.075107e-03   5.470627e-18   1602578
  1.673875e+00   6.771568e-15   3.063542e-03   5.340109e-18   1617672
  1.684498e+00   6.665446e-15   3.069033e-03   5.220924e-18   1641016
  1.695122e+00   6.551803e-15   3.065080e-03   5.108379e-18   1659416
  1.705746e+00   6.441071e-15   3.068431e-03   4.979547e-18   1682670
  1.716382e+00   6.335853e-15   3.070690e-03   4.872876e-18   1705256
  1.727024e+00   6.230814e-15   3.071890e-03   4.761943e-18   1726312
  1.737645e+00   6.124037e-15   3.062639e-03   4.659110e-18   1741880
  1.748261e+00   6.034522e-15   3.067156e-03   4.561131e-18   1766454
  1.758897e+00   5.942652e-15   3.073105e-03   4.459528e-18   1791784
  1.769528e+00   5.849379e-15   3.063894e-03   4.376484e-18   1807712
  1.780139e+00   5.750946e-15   3.062775e-03   4.274555e-18   1829002
  1.790759e+00   5.648759e-15   3.067263e-03   4.173025e-18   1854216
  1.801400e+00   5.571218e-15   3.074631e-03   4.089574e-18   1880156
  1.812037e+00   5.474854e-15   3.068349e-03   3.995623e-18   1897568
  1.822663e+00   5.403127e-15   3.068475e-03   3.913092e-18   1920458
  1.833288e+00   5.321450e-15   3.065997e-03   3.839102e-18   1942208
  1.843915e+00   5.234780e-15   3.067813e-03   3.756635e-18   1965612
  1.854544e+00   5.155901e-15   3.069639e-03   3.673365e-18   1989000
  1.865168e+00   5.075276e-15   3.064465e-03   3.594250e-18   2009114
  1.875791e+00   4.998871e-15   3.067400e-03   3.522334e-18   2034464
  1.886424e+00   4.926861e-15   3.070174e-03   3.454091e-18   2058476
  1.897052e+00   4.849065e-15   3.068039e-03   3.378828e-18   2079648
  1.907673e+00   4.778421e-15   3.065891e-03   3.308527e-18   2102578
  1.918306e+00   4.710568e-15   3.070742e-03   3.246943e-18   2129928
  1.928942e+00   4.644925e-15   3.069733e-03   3.182275e-18   2152096
  1.939563e+00   4.579639e-15   3.062858e-03   3.127991e-18   2171142
  1.950185e+00   4.512628e-15   3.069150e-03   3.059267e-18   2200248
  1.960824e+00   4.440567e-15   3.071017e-03   2.992024e-18   2225216
  1.971460e+00   4.378905e-15   3.070942e-03   2.934717e-18   2248448
  1.982084e+00   4.321889e-15   3.064272e-03   2.886062e-18   2267942
  1.992710e+00   4.253817e-15   3.071051e-03   2.820773e-18   2298072
  2.003337e+00   4.198881e-15   3.064068e-03   2.776594e-18   2317272
  2.013961e+00   4.134056e-15   3.069747e-03   2.716790e-18   2345808
  2.024580e+00   4.077075e-15   3.062469e-03   2.670580e-18   2365650
  2.035206e+00   4.027007e-15   3.069930e-03   2.615673e-18   2396940
  2.045842e+00   3.963104e-15   3.069936e-03   2.560484e-18   2421272
  2.056473e+00   3.915839e-15   3.068399e-03   2.519716e-18   2444576
  2.067102e+00   3.854902e-15   3.069748e-03   2.469689e-18   2471490
  2.077728e+00   3.802577e-15   3.064854e-03   2.425707e-18   2493180
  2.088349e+00   3.750253e-15   3.068019e-03   2.377630e-18   2520952
  2.098972e+00   3.703402e-15   3.065319e-03   2.340075e-18   2544946
  2.109598e+00   3.651259e-15   3.068311e-03   2.295404e-18   2573856
  2.120230e+00   3.605432e-15   3.069026e-03   2.252506e-18   2600016
  2.130862e+00   3.555390e-15   3.069102e-03   2.211171e-18   2625484
  2.141490e+00   3.509476e-15   3.068080e-03   2.171734e-18   2651122
  2.152130e+00   3.459934e-15   3.074348e-03   2.127033e-18   2683488
  2.162754e+00   3.417091e-15   3.059466e-03   2.097014e-18   2696352
  2.173371e+00   3.366633e-15   3.071171e-03   2.051156e-18   2733020
  2.184002e+00   3.324098e-15   3.067530e-03   2.018422e-18   2757378
  2.194631e+00   3.286513e-15   3.067942e-03   1.984868e-18   2784864
  2.205259e+00   3.240003e-15   3.067811e-03   1.948276e-18   2811168
  2.215874e+00   3.197975e-15   3.061061e-03   1.914518e-18   2832274
  2.226505e+00   3.159536e-15   3.075611e-03   1.879979e-18   2873636
  2.237142e+00   3.115885e-15   3.064877e-03   1.849171e-18   2890496
  2.247766e+00   3.077728e-15   3.069851e-03   1.814601e-18   2921800
  2.258399e+00   3.038063e-15   3.071101e-03   1.784497e-18   2951298
  2.269032e+00   3.004405e-15   3.066274e-03   1.757031e-18   2975476
  2.279663e+00   2.962969e-15   3.071375e-03   1.721842e-18   3007728
  2.290285e+00   2.924922e-15   3.061886e-03   1.696542e-18   3025776
  2.300910e+00   2.889809e-15   3.072955e-03   1.668889e-18   3065762
  2.311540e+00   2.854525e-15   3.063208e-03   1.637874e-18   3084856
  2.322162e+00   2.814182e-15   3.068985e-03   1.608748e-18   3118044
  2.332782e+00   2.781572e-15   3.064319e-03   1.583812e-18   3141352
  2.343410e+00   2.751998e-15   3.072036e-03   1.559960e-18   3179274
  2.354046e+00   2.713877e-15   3.067682e-03   1.529563e-18   3204120
  2.364668e+00   2.683082e-15   3.063610e-03   1.507610e-18   3227900
  2.375288e+00   2.647422e-15   3.068722e-03   1.480979e-18   3262394
  2.385925e+00   2.614789e-15   3.071814e-03   1.454934e-18   3295680
  2.396559e+00   2.583524e-15   3.067166e-03   1.430818e-18   3319560
  2.407184e+00   2.554143e-15   3.068070e-03   1.408478e-18   3348972
  2.417810e+00   2.524045e-15   3.068540e-03   1.385935e-18   3379722
  2.428441e+00   2.493179e-15   3.068348e-03   1.365020e-18   3410720
  2.439075e+00   2.464003e-15   3.069517e-03   1.342788e-18   3441504
  2.449697e+00   2.435787e-15   3.063301e-03   1.320588e-18   3463624
  2.460317e+00   2.407164e-15   3.068043e-03   1.301121e-18   3499790
  2.470951e+00   2.377852e-15   3.070702e-03   1.279394e-18   3533560
  2.481588e+00   2.347644e-15   3.069830e-03   1.256996e-18   3561920
  2.492209e+00   2.320859e-15   3.064208e-03   1.238892e-18   3585208
  2.502830e+00   2.293445e-15   3.069185e-03   1.217813e-18   3622518
  2.513468e+00   2.268140e-15   3.072344e-03   1.199009e-18   3657584
  2.524094e+00   2.241648e-15   3.062507e-03   1.182874e-18   3676440
  2.534707e+00   2.215530e-15   3.065232e-03   1.163518e-18   3711282
  2.545334e+00   2.191584e-15   3.068763e-03   1.144975e-18   3747696
  2.555965e+00   2.166558e-15   3.067225e-03   1.126914e-18   3776188
  2.566601e+00   2.145044e-15   3.074483e-03   1.110921e-18   3815304
  2.577232e+00   2.114732e-15   3.064660e-03   1.093027e-18   3835370
  2.587856e+00   2.091191e-15   3.068926e-03   1.075647e-18   3873424
  2.598487e+00   2.070759e-15   3.067978e-03   1.059429e-18   3903420
  2.609117e+00   2.046687e-15   3.070036e-03   1.044066e-18   3937624
  2.619745e+00   2.020520e-15   3.066011e-03   1.026871e-18   3965658
  2.630375e+00   1.998420e-15   3.069802e-03   1.009669e-18   4002984
  2.641001e+00   1.976347e-15   3.065136e-03   9.961374e-19   4027928
  2.651616e+00   1.952169e-15   3.064941e-03   9.804087e-19   4059844
  2.662241e+00   1.935064e-15   3.069945e-03   9.680046e-19   4100338
  2.672876e+00   1.912773e-15   3.069128e-03   9.518246e-19   4132264
  2.683506e+00   1.887687e-15   3.068474e-03   9.371828e-19   4163216
  2.694131e+00   1.870045e-15   3.066146e-03   9.249337e-19   4193350
  2.704761e+00   1.849317e-15   3.071068e-03   9.104180e-19   4234456
  2.715390e+00   1.831374e-15   3.064079e-03   8.991666e-19   4257264
  2.726012e+00   1.807505e-15   3.069774e-03   8.838609e-19   4297352
  2.736640e+00   1.788202e-15   3.067495e-03   8.710395e-19   4328642
  2.747272e+00   1.771251e-15   3.070663e-03   8.578843e-19   4367948
  2.757895e+00   1.750857e-15   3.061799e-03   8.465288e-19   4388384
  2.768519e+00   1.730643e-15   3.072247e-03   8.332239e-19   4436648
  2.779154e+00   1.714284e-15   3.067997e-03   8.230270e-19   4465658
  2.789787e+00   1.693382e-15   3.069677e-03   8.088009e-19   4502948
  2.800413e+00   1.674581e-15   3.064787e-03   7.979183e-19   4528880
  2.811033e+00   1.659430e-15   3.067181e-03   7.875037e-19   4566290
  2.821663e+00   1.641242e-15   3.070655e-03   7.763400e-19   4606856
  2.832293e+00   1.623910e-15   3.066552e-03   7.651707e-19   4635380
  2.842916e+00   1.607163e-15   3.067131e-03   7.545008e-19   4670384
  2.853543e+00   1.589883e-15   3.069161e-03   7.442903e-19   4709258
  2.864179e+00   1.571632e-15   3.070324e-03   7.314898e-19   4747352
  2.874805e+00   1.558564e-15   3.063655e-03   7.239690e-19   4771664
  2.885427e+00   1.539479e-15   3.068600e-03   7.120999e-19   4813532
  2.896058e+00   1.524557e-15   3.070437e-03   7.022111e-19   4852322
  2.906693e+00   1.507475e-15   3.069013e-03   6.934435e-19   4886480
  2.917320e+00   1.491087e-15   3.066289e-03   6.829071e-19   4917248
  2.927939e+00   1.477061e-15   3.065099e-03   6.747755e-19   4950828
  2.938569e+00   1.462874e-15   3.072788e-03   6.646215e-19   5000170
  2.949204e+00   1.447108e-15   3.066857e-03   6.555283e-19   5026952
  2.959825e+00   1.431655e-15   3.064676e-03   6.462903e-19   5058752
  2.970445e+00   1.416128e-15   3.067741e-03   6.376993e-19   5100722
  2.981076e+00   1.402795e-15   3.068979e-03   6.292549e-19   5140124
  2.991706e+00   1.386852e-15   3.067937e-03   6.196062e-19   5174072
  3.002335e+00   1.374781e-15   3.068928e-03   6.126141e-19   5211608
  3.012962e+00   1.359892e-15   3.067917e-03   6.039158e-19   5247794
  3.023589e+00   1.344922e-15   3.066908e-03   5.951334e-19   5284196
  3.034222e+00   1.331476e-15   3.071657e-03   5.866875e-19   5328800
  3.044847e+00   1.318737e-15   3.063109e-03   5.799502e-19   5350872
  3.055470e+00   1.306224e-15   3.069608e-03   5.718980e-19   5400634
  3.066097e+00   1.292037e-15   3.065291e-03   5.644555e-19   5430968
  3.076725e+00   1.279834e-15   3.070185e-03   5.572100e-19   5475908
  3.087355e+00   1.268323e-15   3.068352e-03   5.504062e-19   5510016
  3.097986e+00   1.254414e-15   3.069695e-03   5.423256e-19   5552114
  3.108620e+00   1.241557e-15   3.068841e-03   5.343850e-19   5588944
  3.119249e+00   1.231052e-15   3.067703e-03   5.286765e-19   5623828
  3.129873e+00   1.217766e-15   3.066629e-03   5.214265e-19   5660722
  3.140497e+00   1.205262e-15   3.066422e-03   5.148351e-19   5699896
  3.151124e+00   1.192815e-15   3.068968e-03   5.070371e-19   5741936
  3.161754e+00   1.181155e-15   3.069010e-03   5.008443e-19   5779568
  3.172381e+00   1.169202e-15   3.067639e-03   4.937979e-19   5817222
  3.183006e+00   1.158821e-15   3.066013e-03   4.888052e-19   5854600
  3.193635e+00   1.146966e-15   3.069791e-03   4.816902e-19   5900040
  3.204262e+00   1.135010e-15   3.066501e-03   4.754735e-19   5931976
  3.214890e+00   1.124747e-15   3.070101e-03   4.693790e-19   5979390
  3.225518e+00   1.113844e-15   3.065321e-03   4.632467e-19   6010200
  3.236144e+00   1.102977e-15   3.069327e-03   4.571983e-19   6056496
  3.246769e+00   1.093729e-15   3.066211e-03   4.526007e-19   6089504
  3.257396e+00   1.081670e-15   3.069391e-03   4.459975e-19   6137114
  3.268025e+00   1.071489e-15   3.067201e-03   4.407550e-19   6173332
  3.278652e+00   1.061182e-15   3.067882e-03   4.352544e-19   6214128
  3.289279e+00   1.050813e-15   3.067306e-03   4.292680e-19   6253874
  3.299910e+00   1.042229e-15   3.069629e-03   4.242921e-19   6300104
  3.310539e+00   1.030559e-15   3.066365e-03   4.185509e-19   6332612
  3.321166e+00   1.021868e-15   3.070240e-03   4.131667e-19   6379768
  3.331797e+00   1.011413e-15   3.068597e-03   4.085774e-19   6418218
  3.342427e+00   1.002423e-15   3.068360e-03   4.031208e-19   6459880
  3.353052e+00   9.924604e-16   3.066116e-03   3.983345e-19   6495652
  3.363680e+00   9.818754e-16   3.070231e-03   3.925049e-19   6545296
  3.374311e+00   9.727773e-16   3.067227e-03   3.876193e-19   6581570
  3.384935e+00   9.638308e-16   3.065246e-03   3.836586e-19   6618960
  3.395556e+00   9.549623e-16   3.067158e-03   3.785185e-19   6663352
  3.406178e+00   9.461124e-16   3.065376e-03   3.741717e-19   6701334
  3.416809e+00   9.372066e-16   3.072512e-03   3.694531e-19   6759920
  3.427444e+00   9.272889e-16   3.067179e-03   3.642171e-19   6789696
  3.438073e+00   9.209368e-16   3.069955e-03   3.608554e-19   6837208
  3.448703e+00   9.106839e-16   3.067492e-03   3.562794e-19   6874966
  3.459333e+00   9.026221e-16   3.068613e-03   3.517821e-19   6920864
  3.469960e+00   8.945429e-16   3.066758e-03   3.476568e-19   6957816
  3.480585e+00   8.853661e-16   3.068144e-03   3.431615e-19   7002232
  3.491208e+00   8.780058e-16   3.066540e-03   3.389895e-19   7043114
  3.501840e+00   8.692680e-16   3.070403e-03   3.349855e-19   7096020
  3.512471e+00   8.619165e-16   3.067394e-03   3.314952e-19   7130640
  3.523097e+00   8.536553e-16   3.068276e-03   3.270416e-19   7175472
  3.533723e+00   8.458711e-16   3.067248e-03   3.230789e-19   7217786
  3.544353e+00   8.379066e-16   3.068999e-03   3.193485e-19   7265564
  3.554979e+00   8.308043e-16   3.066319e-03   3.156910e-19   7301288
  3.565600e+00   8.220082e-16   3.066375e-03   3.115793e-19   7345330
  3.576227e+00   8.151280e-16   3.069052e-03   3.080584e-19   7397048
  3.586856e+00   8.079785e-16   3.067039e-03   3.047408e-19   7435920
  3.597485e+00   8.009895e-16   3.069220e-03   3.009446e-19   7484140
  3.608113e+00   7.937098e-16   3.067643e-03   2.973536e-19   7525578
  3.618741e+00   7.858724e-16   3.067518e-03   2.936422e-19   7571376
  3.629371e+00   7.793912e-16   3.068480e-03   2.903290e-19   7617064
  3.640002e+00   7.715528e-16   3.069456e-03   2.870058e-19   7662092
  3.650627e+00   7.648009e-16   3.066324e-03   2.836983e-19   7699658
  3.661254e+00   7.573717e-16   3.068945e-03   2.800612e-19   7752416
  3.671886e+00   7.519905e-16   3.069408e-03   2.770622e-19   7797776
  3.682511e+00   7.444180e-16   3.065176e-03   2.736652e-19   7831720
  3.693136e+00   7.378501e-16   3.069723e-03   2.707186e-19   7889926
  3.703768e+00   7.309977e-16   3.067981e-03   2.675452e-19   7931480
  3.714397e+00   7.244687e-16   3.068251e-03   2.646152e-19   7976688
  3.725016e+00   7.180208e-16   3.062621e-03   2.617475e-19   8007786
  3.735639e+00   7.117082e-16   3.070332e-03   2.584200e-19   8074564
  3.746275e+00   7.051175e-16   3.070085e-03   2.553446e-19   8118904
  3.756904e+00   6.996760e-16   3.066957e-03   2.528487e-19   8155824
  3.767533e+00   6.930081e-16   3.070641e-03   2.495419e-19   8212802
  3.778161e+00   6.866443e-16   3.065118e-03   2.468422e-19   8245268
  3.788791e+00   6.808125e-16   3.071754e-03   2.439438e-19   8308816
  3.799422e+00   6.745828e-16   3.066301e-03   2.413302e-19   8340304
  3.810044e+00   6.688736e-16   3.066222e-03   2.386742e-19   8387738
  3.820668e+00   6.635275e-16   3.067207e-03   2.358102e-19   8437624
  3.831296e+00   6.575103e-16   3.068826e-03   2.333877e-19   8487796
  3.841921e+00   6.511072e-16   3.066430e-03   2.307080e-19   8527936
  3.852549e+00   6.458208e-16   3.069409e-03   2.280613e-19   8585122
  3.863180e+00   6.398582e-16   3.067925e-03   2.252953e-19   8628200
  3.873811e+00   6.341264e-16   3.069670e-03   2.228771e-19   8679484
  3.884439e+00   6.290014e-16   3.067320e-03   2.206948e-19   8721466
  3.895064e+00   6.226723e-16   3.065795e-03   2.178339e-19   8765840
  3.905692e+00   6.178086e-16   3.070355e-03   2.153574e-19   8825136
  3.916320e+00   6.123439e-16   3.066753e-03   2.131708e-19   8861768
  3.926948e+00   6.072867e-16   3.069321e-03   2.108444e-19   8919278
  3.937577e+00   6.017741e-16   3.066595e-03   2.085303e-19   8961008
  3.948205e+00   5.970257e-16   3.068779e-03   2.063380e-19   9014456
  3.958835e+00   5.917520e-16   3.068818e-03   2.039529e-19   9062240
  3.969465e+00   5.865584e-16   3.068277e-03   2.014808e-19   9110510
  3.980091e+00   5.814606e-16   3.066455e-03   1.994009e-19   9154048
  3.990712e+00   5.765015e-16   3.065703e-03   1.972974e-19   9198928
  4.001336e+00   5.713869e-16   3.068826e-03   1.951034e-19   9257194
  4.011967e+00   5.671728e-16   3.069362e-03   1.932808e-19   9310168
  4.022596e+00   5.620483e-16   3.066324e-03   1.909643e-19   9350316
  4.033222e+00   5.571282e-16   3.069210e-03   1.890063e-19   9407120
  4.043852e+00   5.520830e-16   3.068250e-03   1.868869e-19   9454642
  4.054482e+00   5.476010e-16   3.068405e-03   1.845919e-19   9506272
  4.065111e+00   5.427233e-16   3.067355e-03   1.827474e-19   9551228
  4.075735e+00   5.384141e-16   3.067594e-03   1.809019e-19   9600264
  4.086360e+00   5.330992e-16   3.067530e-03   1.786600e-19   9651458
  4.096991e+00   5.290580e-16   3.070122e-03   1.769594e-19   9711488
  4.107620e+00   5.247142e-16   3.066189e-03   1.751235e-19   9749144
  4.118247e+00   5.202551e-16   3.069033e-03   1.733206e-19   9807908
  4.128876e+00   5.157456e-16   3.067607e-03   1.712709e-19   9854786
  4.139508e+00   5.111367e-16   3.070269e-03   1.694683e-19   9914304
  4.150134e+00   5.069327e-16   3.064668e-03   1.678306e-19   9945544
  4.160753e+00   5.030531e-16   3.066794e-03   1.661112e-19   10003414
  4.171379e+00   4.984607e-16   3.068671e-03   1.641798e-19   10062032
  4.182011e+00   4.944829e-16   3.069142e-03   1.624728e-19   10114792
  4.192645e+00   4.902214e-16   3.070449e-03   1.606649e-19   10169936
  4.203267e+00   4.863145e-16   3.062650e-03   1.592050e-19   10196602
  4.213895e+00   4.824608e-16   3.072265e-03   1.575126e-19   10281156
  4.224526e+00   4.780525e-16   3.065688e-03   1.558592e-19   10309376
  4.235150e+00   4.738810e-16   3.068567e-03   1.541193e-19   10369856
  4.245775e+00   4.697109e-16   3.066063e-03   1.524961e-19   10415370
  4.256404e+00   4.662351e-16   3.070045e-03   1.509278e-19   10481988
  4.267039e+00   4.624015e-16   3.069556e-03   1.492238e-19   10531200
  4.277665e+00   4.589123e-16   3.065408e-03   1.479530e-19   10569416
  4.288289e+00   4.548862e-16   3.068216e-03   1.463828e-19   10633066
  4.298919e+00   4.511471e-16   3.068866e-03   1.448765e-19   10687548
  4.309552e+00   4.475309e-16   3.070419e-03   1.433936e-19   10743968
  4.320180e+00   4.436675e-16   3.065849e-03   1.420322e-19   10782130
  4.330801e+00   4.400858e-16   3.066095e-03   1.404716e-19   10837792
  4.341427e+00   4.363534e-16   3.068321e-03   1.389877e-19   10897368
  4.352058e+00   4.328948e-16   3.069642e-03   1.375723e-19   10953940
  4.362687e+00   4.296311e-16   3.067969e-03   1.363314e-19   11003274
  4.373313e+00   4.260572e-16   3.066343e-03   1.349852e-19   11052800
  4.383943e+00   4.227734e-16   3.070099e-03   1.336178e-19   11118176
  4.394573e+00   4.189716e-16   3.067934e-03   1.323182e-19   11162268
  4.405196e+00   4.152758e-16   3.066117e-03   1.308817e-19   11211458
  4.415820e+00   4.122383e-16   3.067310e-03   1.295700e-19   11271888
  4.426448e+00   4.091150e-16   3.068640e-03   1.283036e-19   11329304
  4.437073e+00   4.054893e-16   3.066385e-03   1.269821e-19   11375026
  4.447701e+00   4.025329e-16   3.069261e-03   1.257705e-19   11442532
  4.458330e+00   3.989765e-16   3.066551e-03   1.245036e-19   11487264
  4.468957e+00   3.960027e-16   3.068098e-03   1.232404e-19   11545680
  4.479587e+00   3.927784e-16   3.069842e-03   1.220699e-19   11607058
  4.490221e+00   3.895578e-16   3.069925e-03   1.207954e-19   11664300
  4.500851e+00   3.864810e-16   3.066963e-03   1.196080e-19   11707488
  4.511474e+00   3.835635e-16   3.066617e-03   1.185828e-19   11759536
  4.522104e+00   3.802215e-16   3.071176e-03   1.171956e-19   11833690
  4.532737e+00   3.773252e-16   3.067542e-03   1.161297e-19   11877808
  4.543362e+00   3.744087e-16   3.065778e-03   1.150404e-19   11925836
  4.553987e+00   3.711192e-16   3.068899e-03   1.139359e-19   11992168
  4.564616e+00   3.685064e-16   3.067784e-03   1.128949e-19   12044554
  4.575242e+00   3.655971e-16   3.067168e-03   1.117674e-19   12098976
  4.585865e+00   3.625368e-16   3.066173e-03   1.106258e-19   12149996
  4.596487e+00   3.597757e-16   3.067038e-03   1.096177e-19   12209594
  4.607117e+00   3.571480e-16   3.069983e-03   1.085820e-19   12279272
  4.617752e+00   3.542582e-16   3.070004e-03   1.075526e-19   12336072
  4.628383e+00   3.514506e-16   3.067416e-03   1.065604e-19   12381744
  4.639009e+00   3.486560e-16   3.068068e-03   1.055579e-19   12441590
  4.649637e+00   3.459120e-16   3.067557e-03   1.045626e-19   12497256
  4.660262e+00   3.433646e-16   3.066825e-03   1.035879e-19   12550032
  4.670884e+00   3.404360e-16   3.066185e-03   1.025594e-19   12603936
  4.681508e+00   3.382063e-16   3.068111e-03   1.016746e-19   12671230
  4.692142e+00   3.354365e-16   3.070828e-03   1.005971e-19   12740920
  4.702775e+00   3.330730e-16   3.067767e-03   9.986215e-20   12784560
  4.713398e+00   3.300877e-16   3.065894e-03   9.875596e-20   12834176
  4.724025e+00   3.274722e-16   3.069663e-03   9.780534e-20   12909006
  4.734656e+00   3.253028e-16   3.068089e-03   9.699847e-20   12959680
  4.745283e+00   3.228245e-16   3.067551e-03   9.618105e-20   13014232
  4.755909e+00   3.201116e-16   3.068154e-03   9.514316e-20   13076514
  4.766534e+00   3.180727e-16   3.065684e-03   9.442697e-20   13127112
  4.777164e+00   3.151098e-16   3.070665e-03   9.336749e-20   13205852
  4.787797e+00   3.128283e-16   3.068206e-03   9.253939e-20   13252032
  4.798423e+00   3.107028e-16   3.066967e-03   9.180055e-20   13307450
  4.809051e+00   3.083196e-16   3.068506e-03   9.091787e-20   13374160
  4.819680e+00   3.061990e-16   3.067567e-03   9.019997e-20   13426348
  4.830308e+00   3.037965e-16   3.069633e-03   8.937709e-20   13492760
  4.840934e+00   3.011329e-16   3.066142e-03   8.850852e-20   13539546
  4.851560e+00   2.991774e-16   3.068338e-03   8.778969e-20   13610704
  4.862187e+00   2.969426e-16   3.066835e-03   8.699362e-20   13662024
  4.872813e+00   2.948173e-16   3.068248e-03   8.623737e-20   13727492
  4.883443e+00   2.926243e-16   3.069111e-03   8.548630e-20   13793394
  4.894073e+00   2.903432e-16   3.067154e-03   8.468344e-20   13844456
  4.904699e+00   2.881079e-16   3.067927e-03   8.399589e-20   13905184
  4.915325e+00   2.859304e-16   3.067971e-03   8.314288e-20   13965958
  4.925951e+00   2.837876e-16   3.067148e-03   8.246100e-20   14025192
  4.936580e+00   2.819020e-16   3.068951e-03   8.180774e-20   14093768
  4.947211e+00   2.797438e-16   3.068454e-03   8.105044e-20   14150440
  4.957840e+00   2.778021e-16   3.068630e-03   8.044283e-20   14213450
  4.968468e+00   2.758445e-16   3.066726e-03   7.981098e-20   14267036
  4.979095e+00   2.738390e-16   3.068568e-03   7.904280e-20   14335032
  4.989722e+00   2.717355e-16   3.067092e-03   7.835436e-20   14387664
  5.000347e+00   2.696805e-16   3.068270e-03   7.766674e-20   14455698
  5.010977e+00   2.678483e-16   3.068677e-03   7.706278e-20   14520452
  5.021607e+00   2.660102e-16   3.068497e-03   7.640676e-20   14580272
  5.032232e+00   2.640461e-16   3.065614e-03   7.581640e-20   14628050
  5.042860e+00   2.621793e-16   3.070982e-03   7.513041e-20   14716744
  5.053489e+00   2.603464e-16   3.065407e-03   7.457674e-20   14751712
  5.064115e+00   2.582241e-16   3.069456e-03   7.390938e-20   14831620
  5.074740e+00   2.566358e-16   3.065470e-03   7.342021e-20   14875522
  5.085366e+00   2.548588e-16   3.068961e-03   7.277892e-20   14956720
  5.095994e+00   2.528603e-16   3.066998e-03   7.214023e-20   15008272
  5.106620e+00   2.512039e-16   3.067783e-03   7.163090e-20   15073780
  5.117248e+00   2.492967e-16   3.069002e-03   7.098253e-20   15144866
  5.127883e+00   2.477907e-16   3.070052e-03   7.047933e-20   15213872
  5.138515e+00   2.458700e-16   3.067931e-03   6.976711e-20   15263976
  5.149140e+00   2.441146e-16   3.066723e-03   6.931655e-20   15320236
  5.159767e+00   2.425830e-16   3.069367e-03   6.879866e-20   15398322
  5.170396e+00   2.408524e-16   3.067121e-03   6.820437e-20   15450864
  5.181021e+00   2.391302e-16   3.067373e-03   6.776164e-20   15513888
  5.191645e+00   2.374959e-16   3.066596e-03   6.716299e-20   15574626
  5.202274e+00   2.359876e-16   3.069893e-03   6.664477e-20   15657956
  5.212904e+00   2.343458e-16   3.066736e-03   6.613538e-20   15704248
  5.223531e+00   2.329079e-16   3.068512e-03   6.573884e-20   15774824
  5.234161e+00   2.311230e-16   3.069354e-03   6.512180e-20   15844898
  5.244790e+00   2.296193e-16   3.066994e-03   6.463312e-20   15898956
  5.255415e+00   2.279122e-16   3.067091e-03   6.415382e-20   15961768
  5.266040e+00   2.265349e-16   3.068481e-03   6.366563e-20   16032208
  5.276669e+00   2.251277e-16   3.068464e-03   6.324789e-20   16099530
  5.287295e+00   2.235477e-16   3.065856e-03   6.280934e-20   16152712
  5.297924e+00   2.220284e-16   3.069693e-03   6.232004e-20   16235740
  5.308553e+00   2.205370e-16   3.067725e-03   6.183731e-20   16288856
  5.319183e+00   2.191972e-16   3.069408e-03   6.139179e-20   16365074
  5.329812e+00   2.177762e-16   3.067066e-03   6.099471e-20   16418248
  5.340434e+00   2.162579e-16   3.065573e-03   6.057157e-20   16473180
  5.351058e+00   2.148054e-16   3.069491e-03   6.005048e-20   16560234
  5.361687e+00   2.134042e-16   3.067046e-03   5.968201e-20   16616088
  5.372317e+00   2.123108e-16   3.069133e-03   5.931609e-20   16693264
  5.382948e+00   2.105797e-16   3.068526e-03   5.881276e-20   16753864
  5.393577e+00   2.094345e-16   3.068569e-03   5.850120e-20   16820702
  5.404204e+00   2.080298e-16   3.066887e-03   5.805439e-20   16879288
  5.414832e+00   2.068313e-16   3.068277e-03   5.770642e-20   16951712
  5.425456e+00   2.055565e-16   3.066689e-03   5.736231e-20   17007560
  5.436084e+00   2.042356e-16   3.069534e-03   5.691259e-20   17092086
  5.446713e+00   2.029173e-16   3.067265e-03   5.653369e-20   17148392
  5.457342e+00   2.015742e-16   3.068696e-03   5.613416e-20   17222288
  5.467971e+00   2.003874e-16   3.068089e-03   5.579258e-20   17285096
  5.478597e+00   1.992226e-16   3.066549e-03   5.550302e-20   17344826
  5.489223e+00   1.979153e-16   3.068300e-03   5.511715e-20   17421236
  5.499853e+00   1.967312e-16   3.069479e-03   5.479314e-20   17494160
  5.510478e+00   1.955087e-16   3.065109e-03   5.441647e-20   17538122
  5.521100e+00   1.945312e-16   3.067347e-03   5.414483e-20   17620136
  5.531731e+00   1.931982e-16   3.069687e-03   5.374736e-20   17700428
  5.542362e+00   1.920945e-16   3.068482e-03   5.340149e-20   17760320
  5.552991e+00   1.909792e-16   3.068060e-03   5.312886e-20   17827562
  5.563619e+00   1.899504e-16   3.067912e-03   5.287393e-20   17895488
  5.574247e+00   1.887909e-16   3.068230e-03   5.252791e-20   17963576
  5.584874e+00   1.875988e-16   3.067616e-03   5.214618e-20   18027500
  5.595502e+00   1.867462e-16   3.068831e-03   5.193247e-20   18105650
  5.606129e+00   1.855505e-16   3.066269e-03   5.164695e-20   18160880
  5.616752e+00   1.843406e-16   3.067084e-03   5.124207e-20   18233144
  5.627379e+00   1.833248e-16   3.067872e-03   5.097923e-20   18307310
  5.638008e+00   1.825097e-16   3.068420e-03   5.077701e-20   18381680
  5.648639e+00   1.814616e-16   3.068723e-03   5.050400e-20   18450536
  5.659270e+00   1.801760e-16   3.069549e-03   5.017156e-20   18522128
  5.669897e+00   1.794422e-16   3.067067e-03   4.997283e-20   18578414
  5.680523e+00   1.784404e-16   3.067781e-03   4.973205e-20   18654304
  5.691150e+00   1.775112e-16   3.067639e-03   4.949751e-20   18722304
  5.701780e+00   1.764602e-16   3.069442e-03   4.916323e-20   18802472
  5.712409e+00   1.755276e-16   3.067729e-03   4.893327e-20   18864266
  5.723037e+00   1.746568e-16   3.067347e-03   4.876547e-20   18933260
  5.733662e+00   1.736322e-16   3.066799e-03   4.841314e-20   18997448
  5.744288e+00   1.727947e-16   3.068953e-03   4.823293e-20   19079816
  5.754917e+00   1.719794e-16   3.067744e-03   4.810088e-20   19145330
  5.765545e+00   1.709284e-16   3.067941e-03   4.781716e-20   19218276
  5.776172e+00   1.701232e-16   3.067784e-03   4.758318e-20   19286200
  5.786797e+00   1.693207e-16   3.066457e-03   4.738325e-20   19349738
  5.797427e+00   1.685115e-16   3.070714e-03   4.716188e-20   19450040
  5.808057e+00   1.675974e-16   3.065907e-03   4.696104e-20   19489688
  5.818683e+00   1.668721e-16   3.068803e-03   4.679379e-20   19576868
  5.829310e+00   1.660131e-16   3.067331e-03   4.660506e-20   19640282
  5.839940e+00   1.652624e-16   3.069683e-03   4.638888e-20   19728800
  5.850566e+00   1.645906e-16   3.065237e-03   4.632347e-20   19770152
  5.861190e+00   1.636488e-16   3.068717e-03   4.601532e-20   19863516
  5.871821e+00   1.629380e-16   3.069639e-03   4.587933e-20   19943594
  5.882452e+00   1.621777e-16   3.067597e-03   4.575154e-20   20003440
  5.893081e+00   1.614545e-16   3.068832e-03   4.554884e-20   20081768
  5.903706e+00   1.606220e-16   3.066188e-03   4.538063e-20   20136200
  5.914335e+00   1.598953e-16   3.070449e-03   4.518471e-20   20238094
  5.924964e+00   1.592871e-16   3.066146e-03   4.512211e-20   20282544
  5.935584e+00   1.586531e-16   3.065727e-03   4.495864e-20   20351720
  5.946209e+00   1.578667e-16   3.068474e-03   4.475989e-20   20444714
  5.956838e+00   1.573418e-16   3.067781e-03   4.470501e-20   20515116
  5.967470e+00   1.567898e-16   3.070149e-03   4.457523e-20   20602384
  5.978102e+00   1.558499e-16   3.068165e-03   4.433623e-20   20659872
  5.988728e+00   1.552920e-16   3.067093e-03   4.428805e-20   20727682
  5.999356e+00   1.546806e-16   3.068732e-03   4.415093e-20   20814416
  6.009986e+00   1.540716e-16   3.068153e-03   4.405553e-20   20881100
  6.020612e+00   1.533811e-16   3.068117e-03   4.387946e-20   20953688
  6.031238e+00   1.529492e-16   3.066654e-03   4.386008e-20   21021050
  6.041866e+00   1.523711e-16   3.068891e-03   4.376885e-20   21111632
  6.052496e+00   1.517367e-16   3.068341e-03   4.365055e-20   21179972
  6.063121e+00   1.511567e-16   3.066368e-03   4.353860e-20   21240488
  6.073747e+00   1.506945e-16   3.068419e-03   4.352262e-20   21331418
  6.084375e+00   1.501679e-16   3.067338e-03   4.341784e-20   21397304
  6.095000e+00   1.495571e-16   3.067405e-03   4.326552e-20   21469764
  6.105627e+00   1.490119e-16   3.068819e-03   4.317815e-20   21556122
  6.116254e+00   1.486455e-16   3.066479e-03   4.317168e-20   21618312
  6.126884e+00   1.479628e-16   3.069809e-03   4.299199e-20   21716096
  6.137516e+00   1.476379e-16   3.068719e-03   4.299102e-20   21781352
  6.148144e+00   1.471389e-16   3.067428e-03   4.293367e-20   21848870
  6.158771e+00   1.466829e-16   3.067652e-03   4.290593e-20   21927536
  6.169400e+00   1.461725e-16   3.068795e-03   4.282511e-20   22008944
  6.180028e+00   1.457404e-16   3.067865e-03   4.275246e-20   22076136
  6.190652e+00   1.453884e-16   3.066547e-03   4.282594e-20   22145270
  6.201282e+00   1.449873e-16   3.070373e-03   4.273459e-20   22250960
  6.211913e+00   1.446361e-16   3.066914e-03   4.272002e-20   22300864
  6.222538e+00   1.440695e-16   3.067186e-03   4.263444e-20   22378586
  6.233165e+00   1.438453e-16   3.068261e-03   4.268562e-20   22464104
  6.243795e+00   1.433506e-16   3.068708e-03   4.260698e-20   22542892
  6.254421e+00   1.429524e-16   3.067123e-03   4.251223e-20   22606008
  6.265047e+00   1.426072e-16   3.067919e-03   4.254848e-20   22690002
  6.275673e+00   1.423954e-16   3.066936e-03   4.262052e-20   22762216
  6.286298e+00   1.414223e-16   3.068880e-03   4.229086e-20   22815779
  6.296927e+00   1.393268e-16   3.067733e-03   4.146344e-20   22772312
  6.307555e+00   1.372232e-16   3.067923e-03   4.066207e-20   22733708
  6.318183e+00   1.350542e-16   3.068441e-03   3.980133e-20   22697672
  6.328811e+00   1.330205e-16   3.067507e-03   3.899373e-20   22651460
  6.339438e+00   1.311016e-16   3.068199e-03   3.827754e-20   22616024
  6.350068e+00   1.291609e-16   3.069309e-03   3.752691e-20   22583496
  6.360694e+00   1.273004e-16   3.065960e-03   3.688193e-20   22519252
  6.371317e+00   1.254685e-16   3.067197e-03   3.618318e-20   22488992
  6.381944e+00   1.235618e-16   3.067780e-03   3.543548e-20   22453172
  6.392574e+00   1.220027e-16   3.069105e-03   3.492130e-20   22420584
  6.403204e+00   1.201756e-16   3.068296e-03   3.425172e-20   22371700
  6.413832e+00   1.185832e-16   3.068296e-03   3.371180e-20   22329896
  6.424460e+00   1.170016e-16   3.067512e-03   3.312845e-20   22282876
  6.435088e+00   1.152719e-16   3.068899e-03   3.253176e-20   22250692
  6.445715e+00   1.137873e-16   3.066872e-03   3.200504e-20   22194436
  6.456340e+00   1.122860e-16   3.066996e-03   3.150466e-20   22153540
  6.466968e+00   1.106797e-16   3.068722e-03   3.095331e-20   22122584
  6.477597e+00   1.093391e-16   3.067957e-03   3.049644e-20   22073004
  6.488227e+00   1.078595e-16   3.069406e-03   2.998848e-20   22039640
  6.498854e+00   1.063910e-16   3.066107e-03   2.950319e-20   21971624
  6.509482e+00   1.050384e-16   3.070097e-03   2.906470e-20   21955708
  6.520106e+00   1.036949e-16   3.063845e-03   2.863105e-20   21867720
  6.530733e+00   1.023726e-16   3.071600e-03   2.816652e-20   21878900
  6.541363e+00   1.010708e-16   3.065935e-03   2.777412e-20   21794260
  6.551990e+00   9.992429e-17   3.068881e-03   2.739604e-20   21770256
  6.562619e+00   9.860415e-17   3.068010e-03   2.695158e-20   21718124
  6.573247e+00   9.739318e-17   3.067905e-03   2.659034e-20   21671096
  6.583874e+00   9.608794e-17   3.067932e-03   2.616823e-20   21625412
  6.594503e+00   9.499618e-17   3.069070e-03   2.583373e-20   21587284
  6.605129e+00   9.382916e-17   3.066010e-03   2.545942e-20   21519648
  6.615755e+00   9.269096e-17   3.068792e-03   2.509606e-20   21493344
  6.626384e+00   9.156142e-17   3.067812e-03   2.479338e-20   21439360
  6.637013e+00   9.045366e-17   3.068679e-03   2.443746e-20   21398900
  6.647644e+00   8.937102e-17   3.068668e-03   2.410242e-20   21351488
  6.658271e+00   8.830259e-17   3.066526e-03   2.377938e-20   21288012
  6.668898e+00   8.731972e-17   3.068796e-03   2.347042e-20   21255052
  6.679525e+00   8.628362e-17   3.067400e-03   2.316619e-20   21196928
  6.690151e+00   8.530153e-17   3.067431e-03   2.288613e-20   21149036
  6.700778e+00   8.424263e-17   3.068015e-03   2.257079e-20   21105304
  6.711407e+00   8.331278e-17   3.068524e-03   2.228511e-20   21059992
  6.722038e+00   8.235886e-17   3.069263e-03   2.201147e-20   21014904
  6.732667e+00   8.151588e-17   3.067536e-03   2.177956e-20   20953620
  6.743293e+00   8.054252e-17   3.067478e-03   2.148343e-20   20902948
  6.753920e+00   7.961417e-17   3.068064e-03   2.119913e-20   20856528
  6.764548e+00   7.866777e-17   3.068448e-03   2.093428e-20   20808868
  6.775174e+00   7.784835e-17   3.066599e-03   2.072370e-20   20746700
  6.785798e+00   7.695744e-17   3.066925e-03   2.045935e-20   20699040
  6.796428e+00   7.615559e-17   3.069860e-03   2.022955e-20   20667584
  6.807054e+00   7.530504e-17   3.064988e-03   2.000101e-20   20583320
  6.817679e+00   7.444869e-17   3.069606e-03   1.975554e-20   20562728
  6.828310e+00   7.371277e-17   3.067915e-03   1.954949e-20   20499120
  6.838938e+00   7.289403e-17   3.068337e-03   1.932312e-20   20448668
  6.849566e+00   7.205556e-17   3.068077e-03   1.909893e-20   20394408
  6.860195e+00   7.132008e-17   3.068320e-03   1.888358e-20   20344236
  6.870823e+00   7.057950e-17   3.067630e-03   1.867790e-20   20287988
  6.881451e+00   6.978579e-17   3.068044e-03   1.846420e-20   20237280
  6.892077e+00   6.905733e-17   3.067320e-03   1.828245e-20   20178328
  6.902707e+00   6.828071e-17   3.069652e-03   1.804362e-20   20139844
  6.913336e+00   6.757650e-17   3.067174e-03   1.786611e-20   20069748
  6.923962e+00   6.686410e-17   3.067514e-03   1.767890e-20   20016800
  6.934587e+00   6.615469e-17   3.067642e-03   1.747951e-20   19962224
  6.945217e+00   6.550691e-17   3.069885e-03   1.730909e-20   19923568
  6.955848e+00   6.486083e-17   3.067490e-03   1.713444e-20   19854300
  6.966474e+00   6.413634e-17   3.067154e-03   1.696141e-20   19797056
  6.977101e+00   6.347941e-17   3.067706e-03   1.677302e-20   19744940
  6.987728e+00   6.287678e-17   3.068174e-03   1.663319e-20   19691768
  6.998356e+00   6.224699e-17   3.067321e-03   1.646250e-20   19629548
  7.008982e+00   6.160531e-17   3.067740e-03   1.628736e-20   19575480
  7.019610e+00   6.097462e-17   3.068413e-03   1.611940e-20   19523296
  7.030241e+00   6.038497e-17   3.069533e-03   1.597310e-20   19474344
  7.040867e+00   5.976065e-17   3.065611e-03   1.581803e-20   19392868
  7.051493e+00   5.916848e-17   3.069073e-03   1.566190e-20   19356176
  7.062123e+00   5.861710e-17   3.068592e-03   1.552627e-20   19294916
  7.072754e+00   5.800415e-17   3.069110e-03   1.537795e-20   19240856
  7.083382e+00   5.746377e-17   3.067066e-03   1.523677e-20   19170884
  7.094007e+00   5.690733e-17   3.066966e-03   1.509592e-20   19111352
  7.104633e+00   5.630610e-17   3.068278e-03   1.493949e-20   19060016
  7.115261e+00   5.581328e-17   3.067998e-03   1.482645e-20   18999752
  7.125886e+00   5.523647e-17   3.066210e-03   1.468880e-20   18930272
  7.136511e+00   5.472749e-17   3.068009e-03   1.455331e-20   18882340
  7.147141e+00   5.419189e-17   3.069133e-03   1.441449e-20   18829056
  7.157770e+00   5.368935e-17   3.067293e-03   1.429054e-20   18757640
  7.168398e+00   5.318910e-17   3.069197e-03   1.417723e-20   18709036
  7.179027e+00   5.265754e-17   3.067378e-03   1.403737e-20   18637668
  7.189656e+00   5.218669e-17   3.069146e-03   1.392193e-20   18587048
  7.200283e+00   5.166595e-17   3.066626e-03   1.380378e-20   18510972
  7.210909e+00   5.118553e-17   3.067730e-03   1.368940e-20   18456692
  7.221535e+00   5.068604e-17   3.067567e-03   1.355808e-20   18394084
  7.232164e+00   5.027378e-17   3.069110e-03   1.346291e-20   18341352
  7.242794e+00   4.977858e-17   3.068234e-03   1.334906e-20   18273884
  7.253423e+00   4.930069e-17   3.068036e-03   1.323283e-20   18211148
  7.264048e+00   4.888938e-17   3.066171e-03   1.314008e-20   18137692
  7.274674e+00   4.842407e-17   3.069088e-03   1.301603e-20   18091580
  7.285305e+00   4.799856e-17   3.068515e-03   1.291546e-20   18024560
  7.295932e+00   4.755247e-17   3.067362e-03   1.281360e-20   17955116
  7.306559e+00   4.710756e-17   3.067637e-03   1.271293e-20   17893232
  7.317187e+00   4.666950e-17   3.068343e-03   1.261200e-20   17832620
  7.327816e+00   4.630444e-17   3.068327e-03   1.253137e-20   17767864
  7.338445e+00   4.589493e-17   3.068809e-03   1.242983e-20   17706956
  7.349073e+00   4.543459e-17   3.066947e-03   1.232025e-20   17632632
  7.359699e+00   4.509707e-17   3.068061e-03   1.225892e-20   17573524
  7.370327e+00   4.467204e-17   3.067901e-03   1.216082e-20   17506380
  7.380954e+00   4.428528e-17   3.068207e-03   1.206865e-20   17442548
  7.391580e+00   4.388872e-17   3.066528e-03   1.197726e-20   17368556
  7.402208e+00   4.350176e-17   3.069314e-03   1.189001e-20   17318260
  7.412837e+00   4.317901e-17   3.067939e-03   1.181785e-20   17243792
  7.423463e+00   4.276546e-17   3.066549e-03   1.173322e-20   17169716
  7.434088e+00   4.238811e-17   3.067759e-03   1.163230e-20   17109768
  7.444715e+00   4.204214e-17   3.068012e-03   1.156424e-20   17044064
  7.455345e+00   4.169513e-17   3.068894e-03   1.149222e-20   16981560
  7.465972e+00   4.134171e-17   3.066680e-03   1.141255e-20   16902264
  7.476600e+00   4.097308e-17   3.069499e-03   1.132617e-20   16849940
  7.487230e+00   4.060283e-17   3.067461e-03   1.124585e-20   16770600
  7.497858e+00   4.027019e-17   3.068497e-03   1.117462e-20   16707512
  7.508485e+00   3.995813e-17   3.067634e-03   1.111072e-20   16634480
  7.519114e+00   3.963679e-17   3.068242e-03   1.104214e-20   16569424
  7.529741e+00   3.932262e-17   3.067751e-03   1.097501e-20   16497216
  7.540372e+00   3.899270e-17   3.069501e-03   1.090037e-20   16436416
  7.550999e+00   3.864382e-17   3.067032e-03   1.082529e-20   16353532
  7.561624e+00   3.832284e-17   3.067126e-03   1.075713e-20   16284908
  7.572251e+00   3.803070e-17   3.068426e-03   1.069679e-20   16221948
  7.582881e+00   3.774365e-17   3.068614e-03   1.064470e-20   16152552
  7.593510e+00   3.742376e-17   3.068122e-03   1.057517e-20   16078864
  7.604137e+00   3.711112e-17   3.067536e-03   1.050810e-20   16005296
  7.614766e+00   3.680878e-17   3.068300e-03   1.045635e-20   15938220
  7.625392e+00   3.653748e-17   3.066841e-03   1.040954e-20   15858440
  7.636016e+00   3.626348e-17   3.067373e-03   1.035237e-20   15789252
  7.646642e+00   3.594037e-17   3.067548e-03   1.027662e-20   15718944
  7.657269e+00   3.565818e-17   3.067947e-03   1.021934e-20   15648652
  7.667899e+00   3.539205e-17   3.069201e-03   1.017369e-20   15581944
  7.678531e+00   3.513133e-17   3.069010e-03   1.011260e-20   15508744
  7.689158e+00   3.484786e-17   3.066436e-03   1.006656e-20   15422472
  7.699784e+00   3.458101e-17   3.068878e-03   1.001393e-20   15361536
  7.710413e+00   3.431349e-17   3.067494e-03   9.970108e-21   15281048
  7.721038e+00   3.406354e-17   3.067557e-03   9.912939e-21   15207752
  7.731666e+00   3.382377e-17   3.067687e-03   9.871481e-21   15134800
  7.742292e+00   3.354840e-17   3.067594e-03   9.815159e-21   15059664
  7.752920e+00   3.330776e-17   3.068106e-03   9.778375e-21   14987020
  7.763550e+00   3.304867e-17   3.069757e-03   9.723612e-21   14919936
  7.774179e+00   3.282104e-17   3.066979e-03   9.698167e-21   14831776
  7.784807e+00   3.255574e-17   3.069197e-03   9.626464e-21   14767552
  7.795435e+00   3.230486e-17   3.066309e-03   9.600089e-21   14678336
  7.806062e+00   3.207815e-17   3.069079e-03   9.549887e-21   14615044
  7.816690e+00   3.184983e-17   3.067275e-03   9.510086e-21   14530200
  7.827317e+00   3.162389e-17   3.067927e-03   9.473175e-21   14457000
  7.837945e+00   3.136042e-17   3.068558e-03   9.428372e-21   14383440
  7.848573e+00   3.116250e-17   3.067003e-03   9.398004e-21   14299516
  7.859199e+00   3.090639e-17   3.067899e-03   9.354221e-21   14226024
  7.869825e+00   3.072280e-17   3.067223e-03   9.332198e-21   14145048
  7.880455e+00   3.049116e-17   3.070446e-03   9.278386e-21   14082144
  7.891083e+00   3.029811e-17   3.065393e-03   9.258193e-21   13981640
  7.901708e+00   3.009540e-17   3.068688e-03   9.232440e-21   13918460
  7.912338e+00   2.983560e-17   3.068702e-03   9.175276e-21   13839752
  7.922969e+00   2.963720e-17   3.069182e-03   9.147710e-21   13762736
  7.933598e+00   2.943420e-17   3.067868e-03   9.128984e-21   13677980
  7.944225e+00   2.924286e-17   3.067250e-03   9.095524e-21   13596196
  7.954850e+00   2.903055e-17   3.067470e-03   9.056744e-21   13517736
  7.965475e+00   2.883261e-17   3.066448e-03   9.038931e-21   13433184
  7.976100e+00   2.862304e-17   3.068623e-03   9.005763e-21   13362296
  7.986730e+00   2.840690e-17   3.068494e-03   8.967891e-21   13281376
  7.997360e+00   2.824161e-17   3.069113e-03   8.950284e-21   13203336
  8.007987e+00   2.806033e-17   3.066719e-03   8.932207e-21   13113016
  8.018613e+00   2.785318e-17   3.067735e-03   8.892289e-21   13036400
  8.029240e+00   2.767916e-17   3.067468e-03   8.881246e-21   12953648
  8.039869e+00   2.753903e-17   3.069185e-03   8.870310e-21   12879016
  8.050498e+00   2.729563e-17   3.067538e-03   8.822290e-21   12790124
  8.061127e+00   2.714621e-17   3.068996e-03   8.803446e-21   12714152
  8.071753e+00   2.696718e-17   3.066076e-03   8.787268e-21   12619608
  8.082379e+00   2.678091e-17   3.068682e-03   8.764410e-21   12547232
  8.093011e+00   2.659871e-17   3.070245e-03   8.742675e-21   12470568
  8.103638e+00   2.640068e-17   3.065215e-03   8.715417e-21   12368136
  8.114264e+00   2.623497e-17   3.069116e-03   8.696952e-21   12300504
  8.124894e+00   2.605807e-17   3.068128e-03   8.680858e-21   12212172
  8.135522e+00   2.591042e-17   3.067779e-03   8.673219e-21   12126228
  8.146149e+00   2.575559e-17   3.068089e-03   8.668588e-21   12043352
  8.156778e+00   2.554518e-17   3.068301e-03   8.633326e-21   11959896
  8.167401e+00   2.542220e-17   3.065268e-03   8.640624e-21   11863804
  8.178026e+00   2.525648e-17   3.068937e-03   8.615888e-21   11792812
  8.188656e+00   2.510771e-17   3.068597e-03   8.599104e-21   11705392
  8.199283e+00   2.493559e-17   3.066984e-03   8.594438e-21   11613836
  8.209914e+00   2.481936e-17   3.070536e-03   8.591696e-21   11541532
  8.220543e+00   2.462721e-17   3.066346e-03   8.564015e-21   11440232
  8.231170e+00   2.446903e-17   3.068846e-03   8.553539e-21   11363008
  8.241796e+00   2.430131e-17   3.066631e-03   8.542916e-21   11267848
  8.252424e+00   2.414807e-17   3.069306e-03   8.532602e-21   11190640
  8.263054e+00   2.400655e-17   3.068558e-03   8.523767e-21   11101084
  8.273680e+00   2.385103e-17   3.065604e-03   8.526407e-21   11003284
  8.284304e+00   2.369282e-17   3.068360e-03   8.509623e-21   10925424
  8.294932e+00   2.352907e-17   3.067667e-03   8.502809e-21   10834724
  8.305560e+00   2.338289e-17   3.068711e-03   8.491719e-21   10750156
  8.316186e+00   2.325155e-17   3.066587e-03   8.491536e-21   10655280
  8.326811e+00   2.312091e-17   3.067310e-03   8.498349e-21   10569120
  8.337437e+00   2.296007e-17   3.067168e-03   8.487049e-21   10479672
  8.348070e+00   2.280756e-17   3.071527e-03   8.470983e-21   10404504
  8.358704e+00   2.269371e-17   3.068456e-03   8.483183e-21   10304108
  8.369331e+00   2.251593e-17   3.066991e-03   8.471060e-21   10209940
  8.379958e+00   2.241214e-17   3.068937e-03   8.475599e-21   10126584
  8.390585e+00   2.223143e-17   3.066106e-03   8.473209e-21   10027064
  8.401210e+00   2.211614e-17   3.068731e-03   8.473656e-21   9945072
  8.411836e+00   2.196663e-17   3.065849e-03   8.471574e-21   9844764
  8.422464e+00   2.185589e-17   3.070904e-03   8.471817e-21   9769940
  8.433095e+00   2.168556e-17   3.066721e-03   8.471922e-21   9666072
  8.443721e+00   2.154908e-17   3.067629e-03   8.464176e-21   9577112
  8.454348e+00   2.141538e-17   3.067871e-03   8.468590e-21   9485848
  8.464977e+00   2.127923e-17   3.068818e-03   8.464437e-21   9396136
  8.475607e+00   2.113825e-17   3.068947e-03   8.478560e-21   9304408
  8.486231e+00   2.099283e-17   3.064605e-03   8.480390e-21   9199028
  8.496854e+00   2.086933e-17   3.068671e-03   8.473873e-21   9118288
  8.507481e+00   2.072888e-17   3.066868e-03   8.488444e-21   9019624
  8.518111e+00   2.057899e-17   3.070919e-03   8.476758e-21   8937420
  8.528743e+00   2.042891e-17   3.067653e-03   8.479972e-21   8835200
  8.539369e+00   2.032095e-17   3.066847e-03   8.505600e-21   8739332
  8.549995e+00   2.015225e-17   3.067747e-03   8.485614e-21   8648112
  8.560624e+00   2.001299e-17   3.067898e-03   8.488647e-21   8553372
  8.571253e+00   1.987736e-17   3.069319e-03   8.500157e-21   8461944
  8.581883e+00   1.973821e-17   3.068067e-03   8.507548e-21   8363348
  8.592509e+00   1.959661e-17   3.067870e-03   8.501488e-21   8267792
  8.603135e+00   1.942888e-17   3.066599e-03   8.493497e-21   8169380
  8.613762e+00   1.930618e-17   3.069517e-03   8.498956e-21   8081008
  8.624389e+00   1.913966e-17   3.065774e-03   8.498155e-21   7975632
  8.635016e+00   1.900860e-17   3.069603e-03   8.505452e-21   7889116
  8.645643e+00   1.885603e-17   3.066011e-03   8.494891e-21   7784008
  8.656270e+00   1.869050e-17   3.068709e-03   8.492823e-21   7693848
  8.666897e+00   1.851434e-17   3.067011e-03   8.471568e-21   7592468
  8.677525e+00   1.838742e-17   3.068931e-03   8.490520e-21   7499076
  8.688155e+00   1.821840e-17   3.069474e-03   8.470111e-21   7402880
  8.698786e+00   1.804727e-17   3.067607e-03   8.459768e-21   7300768
  8.709411e+00   1.791574e-17   3.067652e-03   8.474610e-21   7203316
  8.720032e+00   1.771731e-17   3.063689e-03   8.438156e-21   7095724
  8.730662e+00   1.757543e-17   3.073665e-03   8.437800e-21   7019608
  8.741295e+00   1.734249e-17   3.065344e-03   8.392412e-21   6901916
  8.751922e+00   1.722500e-17   3.069704e-03   8.415123e-21   6812952
  8.762548e+00   1.698126e-17   3.065523e-03   8.355415e-21   6704548
  8.773175e+00   1.683908e-17   3.068967e-03   8.354174e-21   6612168
  8.783803e+00   1.664187e-17   3.067598e-03   8.317594e-21   6508628
  8.794433e+00   1.643183e-17   3.069277e-03   8.272280e-21   6412072
  8.805059e+00   1.622559e-17   3.066868e-03   8.227624e-21   6306660
  8.815685e+00   1.601324e-17   3.067492e-03   8.179666e-21   6207592
  8.826308e+00   1.581245e-17   3.066222e-03   8.121765e-21   6103860
  8.836934e+00   1.559544e-17   3.068576e-03   8.037396e-21   6007184
  8.847563e+00   1.539447e-17   3.068782e-03   7.998329e-21   5905660
  8.858194e+00   1.512858e-17   3.069160e-03   7.880478e-21   5805132
  8.868823e+00   1.489530e-17   3.067313e-03   7.794782e-21   5700008
  8.879446e+00   1.463069e-17   3.065734e-03   7.677306e-21   5594856
  8.890075e+00   1.439847e-17   3.070306e-03   7.569247e-21   5502341
  8.900707e+00   1.415565e-17   3.068193e-03   7.471114e-21   5404852
  8.911333e+00   1.396689e-17   3.066920e-03   7.390578e-21   5313930
  8.921960e+00   1.378056e-17   3.068151e-03   7.311562e-21   5230396
  8.932587e+00   1.358422e-17   3.067037e-03   7.242256e-21   5145158
  8.943214e+00   1.343118e-17   3.067644e-03   7.190680e-21   5064506
  8.953844e+00   1.327885e-17   3.070354e-03   7.139935e-21   4989464
  8.964475e+00   1.308515e-17   3.067471e-03   7.063495e-21   4907486
  8.975102e+00   1.296049e-17   3.067454e-03   7.026916e-21   4831952
  8.985729e+00   1.281134e-17   3.067333e-03   6.987187e-21   4757392
  8.996357e+00   1.266415e-17   3.068563e-03   6.955561e-21   4685902
  9.006985e+00   1.251759e-17   3.067839e-03   6.894284e-21   4612826
  9.017611e+00   1.238374e-17   3.067647e-03   6.850383e-21   4542436
  9.028240e+00   1.225782e-17   3.068771e-03   6.828507e-21   4475408
  9.038866e+00   1.212170e-17   3.065432e-03   6.786034e-21   4402686
  9.049492e+00   1.200092e-17   3.069222e-03   6.750275e-21   4340854
  9.060123e+00   1.187916e-17   3.068666e-03   6.717556e-21   4273862
  9.070751e+00   1.175235e-17   3.068093e-03   6.688923e-21   4208538
  9.081377e+00   1.163598e-17   3.066329e-03   6.669021e-21   4142584
  9.092002e+00   1.152189e-17   3.067445e-03   6.621899e-21   4081232
  9.102629e+00   1.140356e-17   3.068061e-03   6.592734e-21   4019668
  9.113260e+00   1.128405e-17   3.070507e-03   6.561975e-21   3961416
  9.123892e+00   1.119665e-17   3.068468e-03   6.548871e-21   3898848
  9.134518e+00   1.107740e-17   3.065914e-03   6.523971e-21   3836718
  9.145140e+00   1.097469e-17   3.066518e-03   6.497631e-21   3779272
  9.155765e+00   1.088110e-17   3.066689e-03   6.477111e-21   3721434
  9.166394e+00   1.078406e-17   3.070316e-03   6.460253e-21   3668198
  9.177028e+00   1.070261e-17   3.069776e-03   6.460237e-21   3611346
  9.187656e+00   1.059380e-17   3.066455e-03   6.426055e-21   3552442
  9.198281e+00   1.050078e-17   3.067337e-03   6.411147e-21   3498908
  9.208908e+00   1.040831e-17   3.067980e-03   6.396793e-21   3445382
  9.219536e+00   1.031442e-17   3.068389e-03   6.386210e-21   3392244
  9.230165e+00   1.023518e-17   3.068360e-03   6.374836e-21   3339634
  9.240792e+00   1.014171e-17   3.067248e-03   6.358841e-21   3286752
  9.251416e+00   1.005156e-17   3.065818e-03   6.351078e-21   3234180
  9.262040e+00   9.974607e-18   3.067094e-03   6.331114e-21   3184556
  9.272670e+00   9.921044e-18   3.070362e-03   6.342924e-21   3137238
  9.283304e+00   9.818085e-18   3.070377e-03   6.313651e-21   3087670
  9.293936e+00   9.730910e-18   3.068566e-03   6.308228e-21   3037460
  9.304560e+00   9.651733e-18   3.064548e-03   6.302738e-21   2985736
  9.315180e+00   9.584031e-18   3.066413e-03   6.300677e-21   2939708
  9.325811e+00   9.510575e-18   3.071553e-03   6.296943e-21   2897012
  9.336443e+00   9.440890e-18   3.067620e-03   6.292510e-21   2846890
  9.347067e+00   9.370370e-18   3.065693e-03   6.283887e-21   2799588
  9.357689e+00   9.308746e-18   3.066395e-03   6.299424e-21   2754954
  9.368315e+00   9.225194e-18   3.068270e-03   6.276931e-21   2711500
  9.378948e+00   9.165233e-18   3.070601e-03   6.292970e-21   2669006
  9.389576e+00   9.095192e-18   3.065837e-03   6.287938e-21   2621264
  9.400202e+00   9.008734e-18   3.068913e-03   6.270638e-21   2580726
  9.410830e+00   8.964218e-18   3.067141e-03   6.285264e-21   2536470
  9.421456e+00   8.914409e-18   3.067445e-03   6.312413e-21   2494370
  9.432084e+00   8.848742e-18   3.068834e-03   6.306913e-21   2453556
  9.442716e+00   8.787913e-18   3.070117e-03   6.308320e-21   2413246
  9.453347e+00   8.722447e-18   3.067994e-03   6.316780e-21   2370914
  9.463973e+00   8.659249e-18   3.067217e-03   6.319919e-21   2330126
  9.474601e+00   8.612324e-18   3.068570e-03   6.338250e-21   2291406
  9.485227e+00   8.556296e-18   3.066158e-03   6.338013e-21   2250410
  9.495850e+00   8.482876e-18   3.066006e-03   6.341833e-21   2211486
  9.506474e+00   8.427839e-18   3.067734e-03   6.344078e-21   2174194
  9.517102e+00   8.374398e-18   3.068176e-03   6.365648e-21   2136416
  9.527733e+00   8.340155e-18   3.069929e-03   6.379085e-21   2100070
  9.538360e+00   8.271163e-18   3.065560e-03   6.387951e-21   2060026
  9.548986e+00   8.242195e-18   3.069362e-03   6.418112e-21   2025910
  9.559615e+00   8.158669e-18   3.067530e-03   6.409027e-21   1988576
  9.570241e+00   8.122095e-18   3.067060e-03   6.433226e-21   1952610
  9.580867e+00   8.065003e-18   3.067361e-03   6.448836e-21   1917470
  9.591493e+00   8.037480e-18   3.067399e-03   6.491027e-21   1882484
  9.602120e+00   7.990568e-18   3.068076e-03   6.495881e-21   1848262
  9.612753e+00   7.936295e-18   3.071327e-03   6.511944e-21   1816024
  9.623386e+00   7.881711e-18   3.068076e-03   6.535859e-21   1780418
  9.634012e+00   7.862091e-18   3.067038e-03   6.560993e-21   1746576
  9.644639e+00   7.824674e-18   3.068628e-03   6.604204e-21   1714622
  9.655268e+00   7.760973e-18   3.067669e-03   6.610170e-21   1681692
  9.665895e+00   7.722253e-18   3.067468e-03   6.630365e-21   1649574
  9.676515e+00   7.703341e-18   3.063511e-03   6.692362e-21   1615788
  9.687137e+00   7.655059e-18   3.068656e-03   6.694726e-21   1587064
  9.697769e+00   7.597134e-18   3.069826e-03   6.704915e-21   1556598
  9.708400e+00   7.572509e-18   3.068471e-03   6.754356e-21   1525380
  9.719030e+00   7.526001e-18   3.068670e-03   6.783513e-21   1495360
  9.729656e+00   7.489242e-18   3.066126e-03   6.831693e-21   1464370
  9.740281e+00   7.444152e-18   3.067601e-03   6.855538e-21   1435656
  9.750907e+00   7.413126e-18   3.067002e-03   6.884296e-21   1406304
  9.761532e+00   7.386845e-18   3.067147e-03   6.926454e-21   1377628
  9.772159e+00   7.356526e-18   3.068370e-03   6.981945e-21   1349744
  9.782788e+00   7.319207e-18   3.068343e-03   6.992743e-21   1321682
  9.793418e+00   7.275782e-18   3.069098e-03   7.021038e-21   1294376
  9.804048e+00   7.263968e-18   3.068140e-03   7.102027e-21   1266768
  9.814673e+00   7.216017e-18   3.066275e-03   7.119310e-21   1239172
  9.825295e+00   7.183794e-18   3.065238e-03   7.178327e-21   1212224
  9.835918e+00   7.166204e-18   3.067386e-03   7.220655e-21   1186796
  9.846547e+00   7.129741e-18   3.069034e-03   7.269558e-21   1161432
  9.857176e+00   7.110915e-18   3.067927e-03   7.319226e-21   1135408
  9.867804e+00   7.071807e-18   3.068239e-03   7.359409e-21   1110324
  9.878434e+00   7.061903e-18   3.068926e-03   7.451938e-21   1085680
  9.889062e+00   7.018111e-18   3.066842e-03   7.474154e-21   1060364
  9.899688e+00   6.991605e-18   3.068767e-03   7.544163e-21   1036736
  9.910321e+00   6.953633e-18   3.070562e-03   7.584906e-21   1013388
  9.920951e+00   6.951504e-18   3.066769e-03   7.684635e-21   988656
  9.931575e+00   6.915113e-18   3.066738e-03   7.738850e-21   965530
  9.942197e+00   6.897662e-18   3.064855e-03   7.794169e-21   942100
  9.952819e+00   6.855206e-18   3.066142e-03   7.837443e-21   919888
  9.963442e+00   6.831268e-18   3.066491e-03   7.907673e-21   897628
  9.974067e+00   6.820899e-18   3.067504e-03   7.977230e-21   875856
  9.984696e+00   6.800860e-18   3.069599e-03   8.088327e-21   854736
  9.995330e+00   6.767008e-18   3.070044e-03   8.147327e-21   833510
  1.000596e+01   6.733031e-18   3.068120e-03   8.179635e-21   811976
  1.001659e+01   6.734791e-18   3.066566e-03   8.299094e-21   790844
  1.002721e+01   6.698031e-18   3.066302e-03   8.366463e-21   770320
  1.003784e+01   6.681688e-18   3.069162e-03   8.445917e-21   750838
  1.004847e+01   6.672816e-18   3.068729e-03   8.582399e-21   730864
  1.005909e+01   6.643481e-18   3.067039e-03   8.621852e-21   710984
  1.006972e+01   6.649591e-18   3.067274e-03   8.755872e-21   691894
  1.008035e+01   6.631922e-18   3.066106e-03   8.855643e-21   672776
  1.009097e+01   6.635065e-18   3.067065e-03   8.991516e-21   654372
  1.010160e+01   6.592730e-18   3.065537e-03   9.091092e-21   635682
  1.011222e+01   6.576204e-18   3.064886e-03   9.188494e-21   617460
  1.012284e+01   6.550382e-18   3.066767e-03   9.241152e-21   600024
  1.013346e+01   6.540371e-18   3.068404e-03   9.398191e-21   582830
  1.014410e+01   6.529048e-18   3.070337e-03   9.553380e-21   566000
  1.015473e+01   6.512612e-18   3.066543e-03   9.632918e-21   548458
  1.016535e+01   6.517415e-18   3.067619e-03   9.827475e-21   532084
  1.017598e+01   6.497931e-18   3.065740e-03   9.923223e-21   515440
  1.018660e+01   6.483068e-18   3.064533e-03   1.002864e-20   499174
  1.019722e+01   6.462579e-18   3.064552e-03   1.020192e-20   483368
  1.020784e+01   6.463772e-18   3.067558e-03   1.033767e-20   468270
  1.021847e+01   6.435862e-18   3.071740e-03   1.047855e-20   453568
  1.022911e+01   6.406945e-18   3.068522e-03   1.062480e-20   438106
  1.023974e+01   6.429192e-18   3.068674e-03   1.084946e-20   423508
  1.025036e+01   6.407253e-18   3.065352e-03   1.096942e-20   408754
  1.026098e+01   6.431568e-18   3.064549e-03   1.127318e-20   394612
  1.027160e+01   6.414964e-18   3.064825e-03   1.139748e-20   380826
  1.028223e+01   6.397080e-18   3.063635e-03   1.163790e-20   367086
  1.029285e+01   6.369563e-18   3.065226e-03   1.171051e-20   353904
  1.030347e+01   6.372732e-18   3.067842e-03   1.198249e-20   341046
  1.031410e+01   6.359971e-18   3.067827e-03   1.221329e-20   328144
  1.032473e+01   6.337069e-18   3.068491e-03   1.241485e-20   315598
  1.033536e+01   6.343177e-18   3.070442e-03   1.260399e-20   303466
  1.034599e+01   6.350820e-18   3.070558e-03   1.294322e-20   291456
  1.035662e+01   6.359398e-18   3.069010e-03   1.321853e-20   279614
  1.036725e+01   6.336886e-18   3.062765e-03   1.345441e-20   267680
  1.037786e+01   6.360816e-18   3.061142e-03   1.378172e-20   256438
  1.038848e+01   6.316544e-18   3.062004e-03   1.400165e-20   245618
  1.039909e+01   6.303355e-18   3.058865e-03   1.426786e-20   234708
  1.040970e+01   6.365731e-18   3.057929e-03   1.470864e-20   224210
  1.042032e+01   6.326252e-18   3.058509e-03   1.510413e-20   214046
  1.043093e+01   6.330259e-18   3.059874e-03   1.532264e-20   204152
  1.044155e+01   6.341429e-18   3.062766e-03   1.578429e-20   194558
  1.045217e+01   6.309199e-18   3.062838e-03   1.611820e-20   185018
  1.046279e+01   6.325231e-18   3.066092e-03   1.658231e-20   175918
  1.047341e+01   6.316945e-18   3.068348e-03   1.695293e-20   166992
  1.048404e+01   6.324174e-18   3.070094e-03   1.744870e-20   158294
  1.049468e+01   6.379093e-18   3.071097e-03   1.810511e-20   149842
  1.050531e+01   6.334083e-18   3.068653e-03   1.846881e-20   141530
  1.051593e+01   6.291908e-18   3.060509e-03   1.896747e-20   133284
  1.052654e+01   6.353417e-18   3.057354e-03   1.975192e-20   125546
  1.053715e+01   6.371546e-18   3.051144e-03   2.045585e-20   117950
  1.054776e+01   6.337080e-18   3.048602e-03   2.081571e-20   110746
  1.055836e+01   6.360835e-18   3.039799e-03   2.159745e-20   103572
  1.056895e+01   6.348030e-18   3.036073e-03   2.253183e-20   96818
  1.057954e+01   6.431921e-18   3.031333e-03   2.329833e-20   90262
  1.059013e+01   6.410203e-18   3.027317e-03   2.418921e-20   83970
  1.060072e+01   6.380835e-18   3.019853e-03   2.525855e-20   77846
  1.061129e+01   6.352218e-18   3.012052e-03   2.647644e-20   71984
  1.062186e+01   6.331920e-18   3.005730e-03   2.691748e-20   66398
  1.063243e+01   6.464602e-18   3.000369e-03   2.859110e-20   61058
  1.064300e+01   6.319993e-18   2.995714e-03   2.925570e-20   55958
  1.065357e+01   6.415333e-18   2.990697e-03   3.140362e-20   51082
  1.066413e+01   6.329009e-18   2.981767e-03   3.216105e-20   46398
  1.067469e+01   6.428298e-18   2.970930e-03   3.444948e-20   41954
  1.068524e+01   6.390573e-18   2.955045e-03   3.617688e-20   37718
  1.069578e+01   6.367525e-18   2.938133e-03   3.829073e-20   33736
  1.070631e+01   6.431507e-18   2.922830e-03   4.088912e-20   30006
  1.071684e+01   6.489442e-18   2.912268e-03   4.415297e-20   26522
  1.072739e+01   6.463328e-18   2.905476e-03   4.682997e-20   23254
  1.073793e+01   6.494255e-18   2.895825e-03   4.983500e-20   20178
  1.074848e+01   6.601575e-18   2.890787e-03   5.415148e-20   17342
  1.075903e+01   6.386990e-18   2.886580e-03   5.740808e-20   14714
  1.076959e+01   6.499993e-18   2.887906e-03   6.512280e-20   12310
  1.078015e+01   6.694693e-18   2.880436e-03   7.374246e-20   10098
  1.079071e+01   6.553927e-18   2.879327e-03   7.769076e-20   8126
  1.080127e+01   6.653236e-18   2.877797e-03   9.263055e-20   6362
  1.081184e+01   6.517086e-18   2.888638e-03   1.031989e-19   4822
  1.082239e+01   6.868107e-18   2.872451e-03   1.304080e-19   3474
  1.083292e+01   6.336568e-18   2.869225e-03   1.510993e-19   2366
  1.084344e+01   6.143899e-18   2.860034e-03   1.762193e-19   1466
  1.085397e+01   6.911201e-18   2.925135e-03   2.834604e-19   790
  1.086426e+01   6.486812e-18   2.767211e-03   3.548213e-19   306
  1.087389e+01   9.499903e-18   2.357714e-03   1.220247e-18   62
