# cross spectrum of phi(z1) and phi(z2)
# redshift z=1.494108
# k              Pk             sigma(k)       sigma(Pk)      count
  7.830312e-03   2.611853e-10   1.198114e-03   5.880372e-11   18
  1.686348e-02   3.095646e-10   2.897918e-03   2.957674e-11   152
  2.725284e-02   1.849081e-10   3.060867e-03   8.646349e-12   416
  3.742835e-02   1.013069e-10   2.912555e-03   3.793065e-12   770
  4.808679e-02   6.359285e-11   3.119650e-03   1.864988e-12   1364
  5.876109e-02   4.176194e-11   3.054550e-03   9.498576e-13   1976
  6.939824e-02   3.182729e-11   3.112555e-03   6.057452e-13   2792
  7.984642e-02   2.320981e-11   2.971805e-03   3.957246e-13   3578
  9.038229e-02   1.671413e-11   3.049521e-03   2.469337e-13   4724
  1.011318e-01   1.236884e-11   3.134595e-03   1.636435e-13   6032
  1.117485e-01   9.667700e-12   3.016599e-03   1.183105e-13   7072
  1.222702e-01   8.141186e-12   3.056387e-03   8.951219e-14   8634
  1.329722e-01   6.908789e-12   3.095256e-03   6.920471e-14   10336
  1.436677e-01   5.589695e-12   3.082009e-03   5.062822e-14   11940
  1.541872e-01   4.495914e-12   3.021465e-03   3.977903e-14   13490
  1.647185e-01   3.732475e-12   3.054444e-03   2.964751e-14   15656
  1.754149e-01   3.156023e-12   3.102608e-03   2.371032e-14   18008
  1.860920e-01   2.785657e-12   3.069464e-03   1.981769e-14   19964
  1.966957e-01   2.429113e-12   3.066093e-03   1.640432e-14   22354
  2.072851e-01   2.072738e-12   3.030819e-03   1.332375e-14   24648
  2.179134e-01   1.789242e-12   3.083109e-03   1.080282e-14   27592
  2.285517e-01   1.562559e-12   3.075318e-03   9.038042e-15   30152
  2.391687e-01   1.383142e-12   3.069056e-03   7.694976e-15   33046
  2.497808e-01   1.257672e-12   3.053846e-03   6.727708e-15   35992
  2.604233e-01   1.130785e-12   3.074764e-03   5.788482e-15   39304
  2.710722e-01   1.024361e-12   3.082145e-03   4.998807e-15   42608
  2.817050e-01   9.052184e-13   3.058267e-03   4.307286e-15   45758
  2.923349e-01   8.084116e-13   3.072286e-03   3.728265e-15   49536
  3.029238e-01   7.352430e-13   3.039208e-03   3.266337e-15   52488
  3.135134e-01   6.794485e-13   3.084628e-03   2.901441e-15   57034
  3.241511e-01   6.058674e-13   3.061146e-03   2.499172e-15   60648
  3.347969e-01   5.615037e-13   3.076329e-03   2.248154e-15   65044
  3.454223e-01   5.180689e-13   3.057760e-03   2.000931e-15   68720
  3.560505e-01   4.708031e-13   3.078281e-03   1.768237e-15   73538
  3.667175e-01   4.339877e-13   3.076939e-03   1.587397e-15   78080
  3.773260e-01   4.038583e-13   3.039859e-03   1.445490e-15   81572
  3.879192e-01   3.749099e-13   3.081238e-03   1.296819e-15   87248
  3.985882e-01   3.458742e-13   3.084591e-03   1.168617e-15   92266
  4.092322e-01   3.226462e-13   3.063169e-03   1.069496e-15   96696
  4.198039e-01   2.990040e-13   3.037602e-03   9.710020e-16   100904
  4.303789e-01   2.791745e-13   3.065517e-03   8.854178e-16   107036
  4.410480e-01   2.620509e-13   3.089487e-03   8.036127e-16   113362
  4.517307e-01   2.439475e-13   3.072092e-03   7.312028e-16   118176
  4.623378e-01   2.294353e-13   3.054661e-03   6.819538e-16   122944
  4.729644e-01   2.154683e-13   3.083007e-03   6.207383e-16   129902
  4.836049e-01   2.000932e-13   3.061727e-03   5.646956e-16   134944
  4.942158e-01   1.905580e-13   3.064979e-03   5.287674e-16   140952
  5.048213e-01   1.775473e-13   3.064662e-03   4.852724e-16   147072
  5.154342e-01   1.679385e-13   3.060800e-03   4.461779e-16   153382
  5.260893e-01   1.594621e-13   3.082622e-03   4.114395e-16   160952
  5.367508e-01   1.499122e-13   3.070294e-03   3.837321e-16   166640
  5.473579e-01   1.424000e-13   3.057153e-03   3.609819e-16   172448
  5.579787e-01   1.344656e-13   3.077577e-03   3.322084e-16   180594
  5.686178e-01   1.274106e-13   3.060710e-03   3.088418e-16   186556
  5.792219e-01   1.209904e-13   3.063394e-03   2.909752e-16   193528
  5.898242e-01   1.154197e-13   3.060684e-03   2.717760e-16   200626
  6.004609e-01   1.092746e-13   3.076604e-03   2.538177e-16   209256
  6.111150e-01   1.044408e-13   3.069663e-03   2.383082e-16   216020
  6.217510e-01   9.948009e-14   3.075746e-03   2.231323e-16   223768
  6.323610e-01   9.407633e-14   3.055783e-03   2.093502e-16   230234
  6.429887e-01   9.007461e-14   3.074922e-03   1.968154e-16   239800
  6.536248e-01   8.607933e-14   3.063054e-03   1.850320e-16   246568
  6.642393e-01   8.243581e-14   3.068328e-03   1.746061e-16   254828
  6.748534e-01   7.840569e-14   3.064424e-03   1.638752e-16   263074
  6.854951e-01   7.476653e-14   3.071509e-03   1.545734e-16   272312
  6.961385e-01   7.168419e-14   3.070197e-03   1.466102e-16   280376
  7.067732e-01   6.884089e-14   3.071500e-03   1.388716e-16   288884
  7.174012e-01   6.559492e-14   3.068501e-03   1.302104e-16   297602
  7.280177e-01   6.347290e-14   3.057614e-03   1.247153e-16   305520
  7.386402e-01   6.051467e-14   3.075198e-03   1.171889e-16   315976
  7.492461e-01   5.795055e-14   3.052723e-03   1.111532e-16   322778
  7.598720e-01   5.605135e-14   3.080021e-03   1.062370e-16   335372
  7.705286e-01   5.338775e-14   3.068318e-03   1.003038e-16   343464
  7.811635e-01   5.122730e-14   3.070705e-03   9.498771e-17   352912
  7.917934e-01   4.935530e-14   3.070498e-03   9.070695e-17   362666
  8.024224e-01   4.777108e-14   3.063690e-03   8.691049e-17   371884
  8.130465e-01   4.569014e-14   3.069929e-03   8.222601e-17   382280
  8.236583e-01   4.399975e-14   3.060755e-03   7.825990e-17   390888
  8.342648e-01   4.237553e-14   3.067168e-03   7.472269e-17   402234
  8.448912e-01   4.107486e-14   3.064832e-03   7.170348e-17   412576
  8.555263e-01   3.924419e-14   3.071788e-03   6.798271e-17   423732
  8.661590e-01   3.798570e-14   3.068142e-03   6.511899e-17   433624
  8.767950e-01   3.660217e-14   3.072203e-03   6.205157e-17   445154
  8.874347e-01   3.527362e-14   3.069139e-03   5.952899e-17   455584
  8.980596e-01   3.402161e-14   3.064716e-03   5.692281e-17   465588
  9.086714e-01   3.269721e-14   3.065163e-03   5.418796e-17   476762
  9.193048e-01   3.170335e-14   3.073106e-03   5.187214e-17   489552
  9.299472e-01   3.068771e-14   3.069632e-03   5.012445e-17   500328
  9.405628e-01   2.966068e-14   3.059261e-03   4.799822e-17   509852
  9.511854e-01   2.855463e-14   3.074339e-03   4.602835e-17   524234
  9.618189e-01   2.762204e-14   3.061952e-03   4.407059e-17   534104
  9.724448e-01   2.669333e-14   3.070528e-03   4.229390e-17   547048
  9.830800e-01   2.582548e-14   3.073862e-03   4.057888e-17   559328
  9.937180e-01   2.501191e-14   3.070866e-03   3.908287e-17   571326
  1.004339e+00   2.423779e-14   3.060367e-03   3.747949e-17   581920
  1.014951e+00   2.336571e-14   3.064588e-03   3.605241e-17   594832
  1.025571e+00   2.268709e-14   3.068054e-03   3.472864e-17   608048
  1.036206e+00   2.192698e-14   3.070252e-03   3.337096e-17   621526
  1.046839e+00   2.122506e-14   3.066112e-03   3.219823e-17   633240
  1.057456e+00   2.058137e-14   3.064953e-03   3.091195e-17   645472
  1.068086e+00   1.999435e-14   3.075342e-03   2.985124e-17   660906
  1.078726e+00   1.938720e-14   3.067576e-03   2.887102e-17   672856
  1.089356e+00   1.873379e-14   3.067094e-03   2.775292e-17   685980
  1.099980e+00   1.813795e-14   3.067978e-03   2.676621e-17   699256
  1.110619e+00   1.761598e-14   3.074976e-03   2.570888e-17   714730
  1.121246e+00   1.706032e-14   3.059348e-03   2.489905e-17   725152
  1.131863e+00   1.653003e-14   3.067634e-03   2.405621e-17   740420
  1.142485e+00   1.600489e-14   3.069089e-03   2.319059e-17   754312
  1.153114e+00   1.553696e-14   3.069897e-03   2.238213e-17   769114
  1.163749e+00   1.519532e-14   3.069209e-03   2.168065e-17   783488
  1.174365e+00   1.466342e-14   3.058900e-03   2.092448e-17   794968
  1.184981e+00   1.427576e-14   3.070107e-03   2.025907e-17   812366
  1.195609e+00   1.386161e-14   3.065134e-03   1.960821e-17   825976
  1.206250e+00   1.343960e-14   3.075220e-03   1.893673e-17   843352
  1.216898e+00   1.308186e-14   3.073224e-03   1.832796e-17   857280
  1.227524e+00   1.273753e-14   3.063189e-03   1.783657e-17   869542
  1.238147e+00   1.236061e-14   3.070752e-03   1.722261e-17   887128
  1.248772e+00   1.201696e-14   3.063166e-03   1.668595e-17   900032
  1.259388e+00   1.163004e-14   3.067377e-03   1.608166e-17   916560
  1.270005e+00   1.127974e-14   3.061783e-03   1.563240e-17   930922
  1.280635e+00   1.099182e-14   3.071795e-03   1.509416e-17   949844
  1.291287e+00   1.069566e-14   3.076939e-03   1.468290e-17   966736
  1.301925e+00   1.040667e-14   3.065819e-03   1.427675e-17   978776
  1.312537e+00   1.013696e-14   3.064137e-03   1.391266e-17   994522
  1.323161e+00   9.827439e-15   3.068907e-03   1.342051e-17   1012420
  1.333794e+00   9.560887e-15   3.071598e-03   1.301566e-17   1029408
  1.344410e+00   9.310097e-15   3.058405e-03   1.266798e-17   1041658
  1.355032e+00   9.043739e-15   3.072381e-03   1.227401e-17   1063520
  1.365659e+00   8.793427e-15   3.060689e-03   1.191877e-17   1075808
  1.376294e+00   8.573650e-15   3.080019e-03   1.158480e-17   1098956
  1.386928e+00   8.343722e-15   3.061670e-03   1.126019e-17   1109810
  1.397545e+00   8.139500e-15   3.065288e-03   1.095937e-17   1128608
  1.408178e+00   7.909494e-15   3.073589e-03   1.061724e-17   1148264
  1.418813e+00   7.681151e-15   3.067917e-03   1.033833e-17   1163252
  1.429436e+00   7.477267e-15   3.067070e-03   1.004777e-17   1181042
  1.440060e+00   7.294438e-15   3.064325e-03   9.767314e-18   1197848
  1.450692e+00   7.086128e-15   3.073737e-03   9.508837e-18   1218848
  1.461323e+00   6.886025e-15   3.064859e-03   9.250779e-18   1232916
  1.471945e+00   6.712635e-15   3.068844e-03   8.981254e-18   1253002
  1.482566e+00   6.525107e-15   3.062284e-03   8.744673e-18   1268576
  1.493191e+00   6.380018e-15   3.071552e-03   8.535619e-18   1290128
  1.503822e+00   6.193520e-15   3.068342e-03   8.320731e-18   1307402
  1.514455e+00   6.039969e-15   3.069122e-03   8.105040e-18   1327028
  1.525083e+00   5.882878e-15   3.064970e-03   7.876191e-18   1343648
  1.535711e+00   5.746756e-15   3.070217e-03   7.700638e-18   1364096
  1.546341e+00   5.593553e-15   3.068950e-03   7.472657e-18   1382730
  1.556974e+00   5.414216e-15   3.068757e-03   7.271445e-18   1402164
  1.567604e+00   5.295945e-15   3.068159e-03   7.108425e-18   1420464
  1.578221e+00   5.155644e-15   3.063798e-03   6.929292e-18   1437368
  1.588847e+00   5.043835e-15   3.072142e-03   6.761871e-18   1461530
  1.599480e+00   4.890014e-15   3.065069e-03   6.580924e-18   1478264
  1.610108e+00   4.771545e-15   3.068902e-03   6.423354e-18   1499356
  1.620732e+00   4.632121e-15   3.065238e-03   6.270692e-18   1517016
  1.631360e+00   4.536473e-15   3.070849e-03   6.120219e-18   1540090
  1.641988e+00   4.409917e-15   3.065366e-03   5.970692e-18   1557360
  1.652609e+00   4.296777e-15   3.066926e-03   5.826406e-18   1577780
  1.663242e+00   4.187409e-15   3.075107e-03   5.676862e-18   1602578
  1.673875e+00   4.084380e-15   3.063542e-03   5.555728e-18   1617672
  1.684498e+00   3.988425e-15   3.069033e-03   5.428913e-18   1641016
  1.695122e+00   3.888057e-15   3.065080e-03   5.308543e-18   1659416
  1.705746e+00   3.778452e-15   3.068431e-03   5.170444e-18   1682670
  1.716382e+00   3.688684e-15   3.070690e-03   5.045265e-18   1705256
  1.727024e+00   3.588171e-15   3.071890e-03   4.934290e-18   1726312
  1.737645e+00   3.501425e-15   3.062639e-03   4.834922e-18   1741880
  1.748261e+00   3.418778e-15   3.067156e-03   4.720804e-18   1766454
  1.758897e+00   3.329664e-15   3.073105e-03   4.604337e-18   1791784
  1.769528e+00   3.249988e-15   3.063894e-03   4.528242e-18   1807712
  1.780139e+00   3.166432e-15   3.062775e-03   4.420163e-18   1829002
  1.790759e+00   3.084651e-15   3.067263e-03   4.314417e-18   1854216
  1.801400e+00   3.013807e-15   3.074631e-03   4.222212e-18   1880156
  1.812037e+00   2.920420e-15   3.068349e-03   4.120153e-18   1897568
  1.822663e+00   2.859150e-15   3.068475e-03   4.043336e-18   1920458
  1.833288e+00   2.787047e-15   3.065997e-03   3.947101e-18   1942208
  1.843915e+00   2.729298e-15   3.067813e-03   3.876101e-18   1965612
  1.854544e+00   2.649644e-15   3.069639e-03   3.779893e-18   1989000
  1.865168e+00   2.579563e-15   3.064465e-03   3.698432e-18   2009114
  1.875791e+00   2.510044e-15   3.067400e-03   3.616175e-18   2034464
  1.886424e+00   2.458360e-15   3.070174e-03   3.547255e-18   2058476
  1.897052e+00   2.385964e-15   3.068039e-03   3.474663e-18   2079648
  1.907673e+00   2.337661e-15   3.065891e-03   3.403228e-18   2102578
  1.918306e+00   2.272436e-15   3.070742e-03   3.328245e-18   2129928
  1.928942e+00   2.214942e-15   3.069733e-03   3.265731e-18   2152096
  1.939563e+00   2.166465e-15   3.062858e-03   3.205390e-18   2171142
  1.950185e+00   2.117520e-15   3.069150e-03   3.136376e-18   2200248
  1.960824e+00   2.051157e-15   3.071017e-03   3.056587e-18   2225216
  1.971460e+00   2.009965e-15   3.070942e-03   3.004042e-18   2248448
  1.982084e+00   1.961463e-15   3.064272e-03   2.940560e-18   2267942
  1.992710e+00   1.914944e-15   3.071051e-03   2.889647e-18   2298072
  2.003337e+00   1.869602e-15   3.064068e-03   2.838761e-18   2317272
  2.013961e+00   1.818195e-15   3.069747e-03   2.772885e-18   2345808
  2.024580e+00   1.767908e-15   3.062469e-03   2.717997e-18   2365650
  2.035206e+00   1.722568e-15   3.069930e-03   2.668854e-18   2396940
  2.045842e+00   1.686224e-15   3.069936e-03   2.613778e-18   2421272
  2.056473e+00   1.648380e-15   3.068399e-03   2.573984e-18   2444576
  2.067102e+00   1.608654e-15   3.069748e-03   2.520030e-18   2471490
  2.077728e+00   1.566189e-15   3.064854e-03   2.468502e-18   2493180
  2.088349e+00   1.529938e-15   3.068019e-03   2.421644e-18   2520952
  2.098972e+00   1.483070e-15   3.065319e-03   2.372693e-18   2544946
  2.109598e+00   1.448508e-15   3.068311e-03   2.327062e-18   2573856
  2.120230e+00   1.415725e-15   3.069026e-03   2.287065e-18   2600016
  2.130862e+00   1.382549e-15   3.069102e-03   2.242437e-18   2625484
  2.141490e+00   1.347858e-15   3.068080e-03   2.204611e-18   2651122
  2.152130e+00   1.315391e-15   3.074348e-03   2.158336e-18   2683488
  2.162754e+00   1.284898e-15   3.059466e-03   2.126697e-18   2696352
  2.173371e+00   1.251075e-15   3.071171e-03   2.080513e-18   2733020
  2.184002e+00   1.215956e-15   3.067530e-03   2.044048e-18   2757378
  2.194631e+00   1.191298e-15   3.067942e-03   2.010043e-18   2784864
  2.205259e+00   1.165345e-15   3.067811e-03   1.970742e-18   2811168
  2.215874e+00   1.134448e-15   3.061061e-03   1.936670e-18   2832274
  2.226505e+00   1.108719e-15   3.075611e-03   1.902804e-18   2873636
  2.237142e+00   1.082348e-15   3.064877e-03   1.869576e-18   2890496
  2.247766e+00   1.052656e-15   3.069851e-03   1.835939e-18   2921800
  2.258399e+00   1.027976e-15   3.071101e-03   1.800007e-18   2951298
  2.269032e+00   9.994830e-16   3.066274e-03   1.773289e-18   2975476
  2.279663e+00   9.746320e-16   3.071375e-03   1.738699e-18   3007728
  2.290285e+00   9.563623e-16   3.061886e-03   1.710981e-18   3025776
  2.300910e+00   9.297097e-16   3.072955e-03   1.681884e-18   3065762
  2.311540e+00   9.063263e-16   3.063208e-03   1.652522e-18   3084856
  2.322162e+00   8.856922e-16   3.068985e-03   1.622262e-18   3118044
  2.332782e+00   8.608324e-16   3.064319e-03   1.592700e-18   3141352
  2.343410e+00   8.465089e-16   3.072036e-03   1.569064e-18   3179274
  2.354046e+00   8.198495e-16   3.067682e-03   1.539030e-18   3204120
  2.364668e+00   7.988270e-16   3.063610e-03   1.516084e-18   3227900
  2.375288e+00   7.829671e-16   3.068722e-03   1.489970e-18   3262394
  2.385925e+00   7.631857e-16   3.071814e-03   1.464207e-18   3295680
  2.396559e+00   7.427437e-16   3.067166e-03   1.438920e-18   3319560
  2.407184e+00   7.276956e-16   3.068070e-03   1.416141e-18   3348972
  2.417810e+00   7.107497e-16   3.068540e-03   1.392366e-18   3379722
  2.428441e+00   6.939586e-16   3.068348e-03   1.369954e-18   3410720
  2.439075e+00   6.750398e-16   3.069517e-03   1.347578e-18   3441504
  2.449697e+00   6.593130e-16   3.063301e-03   1.326557e-18   3463624
  2.460317e+00   6.447529e-16   3.068043e-03   1.303385e-18   3499790
  2.470951e+00   6.268000e-16   3.070702e-03   1.281909e-18   3533560
  2.481588e+00   6.106115e-16   3.069830e-03   1.258649e-18   3561920
  2.492209e+00   5.943086e-16   3.064208e-03   1.242082e-18   3585208
  2.502830e+00   5.845518e-16   3.069185e-03   1.219649e-18   3622518
  2.513468e+00   5.660163e-16   3.072344e-03   1.199466e-18   3657584
  2.524094e+00   5.523099e-16   3.062507e-03   1.183733e-18   3676440
  2.534707e+00   5.381016e-16   3.065232e-03   1.164527e-18   3711282
  2.545334e+00   5.265271e-16   3.068763e-03   1.145822e-18   3747696
  2.555965e+00   5.132677e-16   3.067225e-03   1.128291e-18   3776188
  2.566601e+00   5.031647e-16   3.074483e-03   1.107822e-18   3815304
  2.577232e+00   4.878583e-16   3.064660e-03   1.092351e-18   3835370
  2.587856e+00   4.767924e-16   3.068926e-03   1.073486e-18   3873424
  2.598487e+00   4.652282e-16   3.067978e-03   1.058778e-18   3903420
  2.609117e+00   4.540207e-16   3.070036e-03   1.042220e-18   3937624
  2.619745e+00   4.423345e-16   3.066011e-03   1.024116e-18   3965658
  2.630375e+00   4.332453e-16   3.069802e-03   1.008236e-18   4002984
  2.641001e+00   4.223872e-16   3.065136e-03   9.944885e-19   4027928
  2.651616e+00   4.095767e-16   3.064941e-03   9.774773e-19   4059844
  2.662241e+00   4.039945e-16   3.069945e-03   9.628293e-19   4100338
  2.672876e+00   3.919585e-16   3.069128e-03   9.465212e-19   4132264
  2.683506e+00   3.816382e-16   3.068474e-03   9.338973e-19   4163216
  2.694131e+00   3.743807e-16   3.066146e-03   9.213063e-19   4193350
  2.704761e+00   3.657404e-16   3.071068e-03   9.058067e-19   4234456
  2.715390e+00   3.542799e-16   3.064079e-03   8.934155e-19   4257264
  2.726012e+00   3.483494e-16   3.069774e-03   8.780013e-19   4297352
  2.736640e+00   3.387300e-16   3.067495e-03   8.667660e-19   4328642
  2.747272e+00   3.301149e-16   3.070663e-03   8.534529e-19   4367948
  2.757895e+00   3.208685e-16   3.061799e-03   8.406162e-19   4388384
  2.768519e+00   3.163290e-16   3.072247e-03   8.264345e-19   4436648
  2.779154e+00   3.074589e-16   3.067997e-03   8.162313e-19   4465658
  2.789787e+00   2.993357e-16   3.069677e-03   8.030719e-19   4502948
  2.800413e+00   2.924581e-16   3.064787e-03   7.911674e-19   4528880
  2.811033e+00   2.882257e-16   3.067181e-03   7.812133e-19   4566290
  2.821663e+00   2.773974e-16   3.070655e-03   7.679838e-19   4606856
  2.832293e+00   2.718681e-16   3.066552e-03   7.582884e-19   4635380
  2.842916e+00   2.653128e-16   3.067131e-03   7.462036e-19   4670384
  2.853543e+00   2.585769e-16   3.069161e-03   7.351147e-19   4709258
  2.864179e+00   2.543563e-16   3.070324e-03   7.242855e-19   4747352
  2.874805e+00   2.465035e-16   3.063655e-03   7.159998e-19   4771664
  2.885427e+00   2.414922e-16   3.068600e-03   7.042367e-19   4813532
  2.896058e+00   2.343686e-16   3.070437e-03   6.936491e-19   4852322
  2.906693e+00   2.299361e-16   3.069013e-03   6.833480e-19   4886480
  2.917320e+00   2.245680e-16   3.066289e-03   6.748708e-19   4917248
  2.927939e+00   2.175637e-16   3.065099e-03   6.640145e-19   4950828
  2.938569e+00   2.139591e-16   3.072788e-03   6.554512e-19   5000170
  2.949204e+00   2.097977e-16   3.066857e-03   6.464070e-19   5026952
  2.959825e+00   2.050041e-16   3.064676e-03   6.374868e-19   5058752
  2.970445e+00   1.987494e-16   3.067741e-03   6.280587e-19   5100722
  2.981076e+00   1.944887e-16   3.068979e-03   6.194405e-19   5140124
  2.991706e+00   1.885687e-16   3.067937e-03   6.102918e-19   5174072
  3.002335e+00   1.842914e-16   3.068928e-03   6.020747e-19   5211608
  3.012962e+00   1.805507e-16   3.067917e-03   5.931950e-19   5247794
  3.023589e+00   1.778390e-16   3.066908e-03   5.854386e-19   5284196
  3.034222e+00   1.726239e-16   3.071657e-03   5.761836e-19   5328800
  3.044847e+00   1.671812e-16   3.063109e-03   5.698577e-19   5350872
  3.055470e+00   1.641938e-16   3.069608e-03   5.606294e-19   5400634
  3.066097e+00   1.606164e-16   3.065291e-03   5.541754e-19   5430968
  3.076725e+00   1.567544e-16   3.070185e-03   5.448488e-19   5475908
  3.087355e+00   1.534217e-16   3.068352e-03   5.385629e-19   5510016
  3.097986e+00   1.511282e-16   3.069695e-03   5.310043e-19   5552114
  3.108620e+00   1.464387e-16   3.068841e-03   5.239975e-19   5588944
  3.119249e+00   1.440799e-16   3.067703e-03   5.172453e-19   5623828
  3.129873e+00   1.397808e-16   3.066629e-03   5.099440e-19   5660722
  3.140497e+00   1.372255e-16   3.066422e-03   5.031592e-19   5699896
  3.151124e+00   1.335848e-16   3.068968e-03   4.960076e-19   5741936
  3.161754e+00   1.300333e-16   3.069010e-03   4.890825e-19   5779568
  3.172381e+00   1.277294e-16   3.067639e-03   4.825006e-19   5817222
  3.183006e+00   1.243115e-16   3.066013e-03   4.764517e-19   5854600
  3.193635e+00   1.209134e-16   3.069791e-03   4.693915e-19   5900040
  3.204262e+00   1.191919e-16   3.066501e-03   4.635354e-19   5931976
  3.214890e+00   1.179360e-16   3.070101e-03   4.574487e-19   5979390
  3.225518e+00   1.143824e-16   3.065321e-03   4.512711e-19   6010200
  3.236144e+00   1.120527e-16   3.069327e-03   4.447721e-19   6056496
  3.246769e+00   1.102281e-16   3.066211e-03   4.397442e-19   6089504
  3.257396e+00   1.073203e-16   3.069391e-03   4.333074e-19   6137114
  3.268025e+00   1.051883e-16   3.067201e-03   4.280189e-19   6173332
  3.278652e+00   1.018686e-16   3.067882e-03   4.221867e-19   6214128
  3.289279e+00   1.005999e-16   3.067306e-03   4.166612e-19   6253874
  3.299910e+00   9.631053e-17   3.069629e-03   4.109675e-19   6300104
  3.310539e+00   9.574283e-17   3.066365e-03   4.059011e-19   6332612
  3.321166e+00   9.284782e-17   3.070240e-03   4.002977e-19   6379768
  3.331797e+00   9.151291e-17   3.068597e-03   3.953668e-19   6418218
  3.342427e+00   8.919132e-17   3.068360e-03   3.901211e-19   6459880
  3.353052e+00   8.710060e-17   3.066116e-03   3.853127e-19   6495652
  3.363680e+00   8.695195e-17   3.070231e-03   3.797673e-19   6545296
  3.374311e+00   8.398748e-17   3.067227e-03   3.756272e-19   6581570
  3.384935e+00   8.104790e-17   3.065246e-03   3.698804e-19   6618960
  3.395556e+00   8.005069e-17   3.067158e-03   3.654149e-19   6663352
  3.406178e+00   7.910713e-17   3.065376e-03   3.607390e-19   6701334
  3.416809e+00   7.646677e-17   3.072512e-03   3.558406e-19   6759920
  3.427444e+00   7.494302e-17   3.067179e-03   3.516190e-19   6789696
  3.438073e+00   7.320385e-17   3.069955e-03   3.472651e-19   6837208
  3.448703e+00   7.249769e-17   3.067492e-03   3.424775e-19   6874966
  3.459333e+00   6.991041e-17   3.068613e-03   3.378221e-19   6920864
  3.469960e+00   7.027084e-17   3.066758e-03   3.337718e-19   6957816
  3.480585e+00   6.702949e-17   3.068144e-03   3.296880e-19   7002232
  3.491208e+00   6.664337e-17   3.066540e-03   3.256353e-19   7043114
  3.501840e+00   6.503389e-17   3.070403e-03   3.212487e-19   7096020
  3.512471e+00   6.285709e-17   3.067394e-03   3.176202e-19   7130640
  3.523097e+00   6.168974e-17   3.068276e-03   3.133302e-19   7175472
  3.533723e+00   5.995514e-17   3.067248e-03   3.091304e-19   7217786
  3.544353e+00   5.982314e-17   3.068999e-03   3.053749e-19   7265564
  3.554979e+00   5.848411e-17   3.066319e-03   3.016696e-19   7301288
  3.565600e+00   5.819711e-17   3.066375e-03   2.976547e-19   7345330
  3.576227e+00   5.602590e-17   3.069052e-03   2.938735e-19   7397048
  3.586856e+00   5.564456e-17   3.067039e-03   2.904524e-19   7435920
  3.597485e+00   5.393528e-17   3.069220e-03   2.867735e-19   7484140
  3.608113e+00   5.329668e-17   3.067643e-03   2.833983e-19   7525578
  3.618741e+00   5.197205e-17   3.067518e-03   2.800293e-19   7571376
  3.629371e+00   5.166325e-17   3.068480e-03   2.763012e-19   7617064
  3.640002e+00   5.037048e-17   3.069456e-03   2.726885e-19   7662092
  3.650627e+00   4.936135e-17   3.066324e-03   2.695994e-19   7699658
  3.661254e+00   4.836624e-17   3.068945e-03   2.661641e-19   7752416
  3.671886e+00   4.703538e-17   3.069408e-03   2.630413e-19   7797776
  3.682511e+00   4.621212e-17   3.065176e-03   2.599360e-19   7831720
  3.693136e+00   4.607448e-17   3.069723e-03   2.564829e-19   7889926
  3.703768e+00   4.450809e-17   3.067981e-03   2.531958e-19   7931480
  3.714397e+00   4.410142e-17   3.068251e-03   2.499653e-19   7976688
  3.725016e+00   4.438075e-17   3.062621e-03   2.475274e-19   8007786
  3.735639e+00   4.216062e-17   3.070332e-03   2.442944e-19   8074564
  3.746275e+00   4.125082e-17   3.070085e-03   2.409997e-19   8118904
  3.756904e+00   4.099329e-17   3.066957e-03   2.381265e-19   8155824
  3.767533e+00   4.014776e-17   3.070641e-03   2.355294e-19   8212802
  3.778161e+00   3.971147e-17   3.065118e-03   2.325373e-19   8245268
  3.788791e+00   3.867074e-17   3.071754e-03   2.297485e-19   8308816
  3.799422e+00   3.873071e-17   3.066301e-03   2.271187e-19   8340304
  3.810044e+00   3.755339e-17   3.066222e-03   2.242550e-19   8387738
  3.820668e+00   3.715604e-17   3.067207e-03   2.215823e-19   8437624
  3.831296e+00   3.666404e-17   3.068826e-03   2.189559e-19   8487796
  3.841921e+00   3.596636e-17   3.066430e-03   2.165958e-19   8527936
  3.852549e+00   3.524770e-17   3.069409e-03   2.135449e-19   8585122
  3.863180e+00   3.451372e-17   3.067925e-03   2.111088e-19   8628200
  3.873811e+00   3.392436e-17   3.069670e-03   2.086074e-19   8679484
  3.884439e+00   3.346283e-17   3.067320e-03   2.064219e-19   8721466
  3.895064e+00   3.276361e-17   3.065795e-03   2.035756e-19   8765840
  3.905692e+00   3.218641e-17   3.070355e-03   2.011731e-19   8825136
  3.916320e+00   3.205913e-17   3.066753e-03   1.988959e-19   8861768
  3.926948e+00   3.149806e-17   3.069321e-03   1.966777e-19   8919278
  3.937577e+00   3.098986e-17   3.066595e-03   1.943231e-19   8961008
  3.948205e+00   3.064698e-17   3.068779e-03   1.920343e-19   9014456
  3.958835e+00   3.010109e-17   3.068818e-03   1.897761e-19   9062240
  3.969465e+00   2.892289e-17   3.068277e-03   1.875104e-19   9110510
  3.980091e+00   2.899811e-17   3.066455e-03   1.851967e-19   9154048
  3.990712e+00   2.862068e-17   3.065703e-03   1.832456e-19   9198928
  4.001336e+00   2.825393e-17   3.068826e-03   1.810327e-19   9257194
  4.011967e+00   2.801736e-17   3.069362e-03   1.790395e-19   9310168
  4.022596e+00   2.674755e-17   3.066324e-03   1.769348e-19   9350316
  4.033222e+00   2.686261e-17   3.069210e-03   1.746347e-19   9407120
  4.043852e+00   2.656473e-17   3.068250e-03   1.726252e-19   9454642
  4.054482e+00   2.560689e-17   3.068405e-03   1.706253e-19   9506272
  4.065111e+00   2.565653e-17   3.067355e-03   1.687415e-19   9551228
  4.075735e+00   2.509395e-17   3.067594e-03   1.669555e-19   9600264
  4.086360e+00   2.519877e-17   3.067530e-03   1.647561e-19   9651458
  4.096991e+00   2.484100e-17   3.070122e-03   1.627723e-19   9711488
  4.107620e+00   2.437616e-17   3.066189e-03   1.610414e-19   9749144
  4.118247e+00   2.423993e-17   3.069033e-03   1.591329e-19   9807908
  4.128876e+00   2.320193e-17   3.067607e-03   1.573511e-19   9854786
  4.139508e+00   2.320384e-17   3.070269e-03   1.554564e-19   9914304
  4.150134e+00   2.285307e-17   3.064668e-03   1.539778e-19   9945544
  4.160753e+00   2.295887e-17   3.066794e-03   1.521834e-19   10003414
  4.171379e+00   2.247747e-17   3.068671e-03   1.501570e-19   10062032
  4.182011e+00   2.213083e-17   3.069142e-03   1.485824e-19   10114792
  4.192645e+00   2.223838e-17   3.070449e-03   1.466895e-19   10169936
  4.203267e+00   2.147121e-17   3.062650e-03   1.454122e-19   10196602
  4.213895e+00   2.133426e-17   3.072265e-03   1.435353e-19   10281156
  4.224526e+00   2.113918e-17   3.065688e-03   1.419135e-19   10309376
  4.235150e+00   2.094564e-17   3.068567e-03   1.403217e-19   10369856
  4.245775e+00   2.080979e-17   3.066063e-03   1.389546e-19   10415370
  4.256404e+00   2.010286e-17   3.070045e-03   1.372176e-19   10481988
  4.267039e+00   2.000443e-17   3.069556e-03   1.356634e-19   10531200
  4.277665e+00   1.984780e-17   3.065408e-03   1.343037e-19   10569416
  4.288289e+00   1.967472e-17   3.068216e-03   1.326745e-19   10633066
  4.298919e+00   1.915881e-17   3.068866e-03   1.310203e-19   10687548
  4.309552e+00   1.903794e-17   3.070419e-03   1.296776e-19   10743968
  4.320180e+00   1.903863e-17   3.065849e-03   1.282956e-19   10782130
  4.330801e+00   1.871952e-17   3.066095e-03   1.269335e-19   10837792
  4.341427e+00   1.853705e-17   3.068321e-03   1.255269e-19   10897368
  4.352058e+00   1.815799e-17   3.069642e-03   1.240810e-19   10953940
  4.362687e+00   1.808691e-17   3.067969e-03   1.226852e-19   11003274
  4.373313e+00   1.783560e-17   3.066343e-03   1.213691e-19   11052800
  4.383943e+00   1.774815e-17   3.070099e-03   1.200631e-19   11118176
  4.394573e+00   1.756892e-17   3.067934e-03   1.186813e-19   11162268
  4.405196e+00   1.737473e-17   3.066117e-03   1.173929e-19   11211458
  4.415820e+00   1.712514e-17   3.067310e-03   1.161205e-19   11271888
  4.426448e+00   1.696997e-17   3.068640e-03   1.148989e-19   11329304
  4.437073e+00   1.669803e-17   3.066385e-03   1.136989e-19   11375026
  4.447701e+00   1.644385e-17   3.069261e-03   1.123233e-19   11442532
  4.458330e+00   1.642285e-17   3.066551e-03   1.111588e-19   11487264
  4.468957e+00   1.636843e-17   3.068098e-03   1.098219e-19   11545680
  4.479587e+00   1.592891e-17   3.069842e-03   1.087325e-19   11607058
  4.490221e+00   1.631606e-17   3.069925e-03   1.075765e-19   11664300
  4.500851e+00   1.578824e-17   3.066963e-03   1.064055e-19   11707488
  4.511474e+00   1.554747e-17   3.066617e-03   1.052807e-19   11759536
  4.522104e+00   1.542736e-17   3.071176e-03   1.040888e-19   11833690
  4.532737e+00   1.556151e-17   3.067542e-03   1.030639e-19   11877808
  4.543362e+00   1.539298e-17   3.065778e-03   1.018895e-19   11925836
  4.553987e+00   1.476166e-17   3.068899e-03   1.008798e-19   11992168
  4.564616e+00   1.444787e-17   3.067784e-03   9.970052e-20   12044554
  4.575242e+00   1.480516e-17   3.067168e-03   9.870414e-20   12098976
  4.585865e+00   1.463103e-17   3.066173e-03   9.768481e-20   12149996
  4.596487e+00   1.464805e-17   3.067038e-03   9.655022e-20   12209594
  4.607117e+00   1.436463e-17   3.069983e-03   9.555862e-20   12279272
  4.617752e+00   1.426930e-17   3.070004e-03   9.455872e-20   12336072
  4.628383e+00   1.406089e-17   3.067416e-03   9.361528e-20   12381744
  4.639009e+00   1.418470e-17   3.068068e-03   9.253695e-20   12441590
  4.649637e+00   1.391462e-17   3.067557e-03   9.165741e-20   12497256
  4.660262e+00   1.351592e-17   3.066825e-03   9.080554e-20   12550032
  4.670884e+00   1.388249e-17   3.066185e-03   8.970518e-20   12603936
  4.681508e+00   1.358601e-17   3.068111e-03   8.886600e-20   12671230
  4.692142e+00   1.336856e-17   3.070828e-03   8.782078e-20   12740920
  4.702775e+00   1.350234e-17   3.067767e-03   8.693708e-20   12784560
  4.713398e+00   1.331164e-17   3.065894e-03   8.600399e-20   12834176
  4.724025e+00   1.303096e-17   3.069663e-03   8.507879e-20   12909006
  4.734656e+00   1.301054e-17   3.068089e-03   8.429278e-20   12959680
  4.745283e+00   1.282738e-17   3.067551e-03   8.344784e-20   13014232
  4.755909e+00   1.261730e-17   3.068154e-03   8.245229e-20   13076514
  4.766534e+00   1.272581e-17   3.065684e-03   8.181642e-20   13127112
  4.777164e+00   1.245917e-17   3.070665e-03   8.078810e-20   13205852
  4.787797e+00   1.258771e-17   3.068206e-03   8.004682e-20   13252032
  4.798423e+00   1.240267e-17   3.066967e-03   7.920648e-20   13307450
  4.809051e+00   1.224749e-17   3.068506e-03   7.845288e-20   13374160
  4.819680e+00   1.232070e-17   3.067567e-03   7.762922e-20   13426348
  4.830308e+00   1.208253e-17   3.069633e-03   7.685494e-20   13492760
  4.840934e+00   1.210145e-17   3.066142e-03   7.607472e-20   13539546
  4.851560e+00   1.211461e-17   3.068338e-03   7.528732e-20   13610704
  4.862187e+00   1.187187e-17   3.066835e-03   7.459004e-20   13662024
  4.872813e+00   1.189143e-17   3.068248e-03   7.378133e-20   13727492
  4.883443e+00   1.173755e-17   3.069111e-03   7.305853e-20   13793394
  4.894073e+00   1.162252e-17   3.067154e-03   7.231880e-20   13844456
  4.904699e+00   1.142008e-17   3.067927e-03   7.164636e-20   13905184
  4.915325e+00   1.142046e-17   3.067971e-03   7.086939e-20   13965958
  4.925951e+00   1.162130e-17   3.067148e-03   7.026645e-20   14025192
  4.936580e+00   1.159730e-17   3.068951e-03   6.953190e-20   14093768
  4.947211e+00   1.121088e-17   3.068454e-03   6.888869e-20   14150440
  4.957840e+00   1.138620e-17   3.068630e-03   6.824203e-20   14213450
  4.968468e+00   1.119644e-17   3.066726e-03   6.753835e-20   14267036
  4.979095e+00   1.117668e-17   3.068568e-03   6.684723e-20   14335032
  4.989722e+00   1.082885e-17   3.067092e-03   6.621057e-20   14387664
  5.000347e+00   1.095977e-17   3.068270e-03   6.561392e-20   14455698
  5.010977e+00   1.089760e-17   3.068677e-03   6.494063e-20   14520452
  5.021607e+00   1.060362e-17   3.068497e-03   6.434399e-20   14580272
  5.032232e+00   1.080214e-17   3.065614e-03   6.370737e-20   14628050
  5.042860e+00   1.078923e-17   3.070982e-03   6.311018e-20   14716744
  5.053489e+00   1.073503e-17   3.065407e-03   6.257561e-20   14751712
  5.064115e+00   1.073751e-17   3.069456e-03   6.186627e-20   14831620
  5.074740e+00   1.034417e-17   3.065470e-03   6.137799e-20   14875522
  5.085366e+00   1.037302e-17   3.068961e-03   6.076830e-20   14956720
  5.095994e+00   1.037312e-17   3.066998e-03   6.018551e-20   15008272
  5.106620e+00   1.037531e-17   3.067783e-03   5.965177e-20   15073780
  5.117248e+00   1.039433e-17   3.069002e-03   5.908986e-20   15144866
  5.127883e+00   1.031005e-17   3.070052e-03   5.854962e-20   15213872
  5.138515e+00   1.009214e-17   3.067931e-03   5.796082e-20   15263976
  5.149140e+00   1.016410e-17   3.066723e-03   5.740524e-20   15320236
  5.159767e+00   9.987104e-18   3.069367e-03   5.686587e-20   15398322
  5.170396e+00   9.865307e-18   3.067121e-03   5.641367e-20   15450864
  5.181021e+00   1.004965e-17   3.067373e-03   5.587618e-20   15513888
  5.191645e+00   9.936549e-18   3.066596e-03   5.540709e-20   15574626
  5.202274e+00   9.862601e-18   3.069893e-03   5.493742e-20   15657956
  5.212904e+00   9.818979e-18   3.066736e-03   5.438136e-20   15704248
  5.223531e+00   9.711854e-18   3.068512e-03   5.392057e-20   15774824
  5.234161e+00   9.725447e-18   3.069354e-03   5.345224e-20   15844898
  5.244790e+00   9.665558e-18   3.066994e-03   5.299396e-20   15898956
  5.255415e+00   9.632951e-18   3.067091e-03   5.249311e-20   15961768
  5.266040e+00   9.608644e-18   3.068481e-03   5.198976e-20   16032208
  5.276669e+00   9.463128e-18   3.068464e-03   5.155279e-20   16099530
  5.287295e+00   9.520237e-18   3.065856e-03   5.113363e-20   16152712
  5.297924e+00   9.404918e-18   3.069693e-03   5.067803e-20   16235740
  5.308553e+00   9.439700e-18   3.067725e-03   5.022617e-20   16288856
  5.319183e+00   9.442274e-18   3.069408e-03   4.976938e-20   16365074
  5.329812e+00   9.365274e-18   3.067066e-03   4.937854e-20   16418248
  5.340434e+00   9.262850e-18   3.065573e-03   4.895661e-20   16473180
  5.351058e+00   9.248762e-18   3.069491e-03   4.855144e-20   16560234
  5.361687e+00   9.172140e-18   3.067046e-03   4.811786e-20   16616088
  5.372317e+00   9.247286e-18   3.069133e-03   4.772725e-20   16693264
  5.382948e+00   9.108721e-18   3.068526e-03   4.727903e-20   16753864
  5.393577e+00   9.103801e-18   3.068569e-03   4.693568e-20   16820702
  5.404204e+00   8.973289e-18   3.066887e-03   4.653448e-20   16879288
  5.414832e+00   8.934543e-18   3.068277e-03   4.615128e-20   16951712
  5.425456e+00   8.964884e-18   3.066689e-03   4.576354e-20   17007560
  5.436084e+00   8.967330e-18   3.069534e-03   4.542144e-20   17092086
  5.446713e+00   8.975339e-18   3.067265e-03   4.505295e-20   17148392
  5.457342e+00   8.919703e-18   3.068696e-03   4.470833e-20   17222288
  5.467971e+00   8.931167e-18   3.068089e-03   4.429449e-20   17285096
  5.478597e+00   8.897638e-18   3.066549e-03   4.399989e-20   17344826
  5.489223e+00   8.793904e-18   3.068300e-03   4.364541e-20   17421236
  5.499853e+00   8.723046e-18   3.069479e-03   4.325055e-20   17494160
  5.510478e+00   8.690909e-18   3.065109e-03   4.294589e-20   17538122
  5.521100e+00   8.703826e-18   3.067347e-03   4.265412e-20   17620136
  5.531731e+00   8.761594e-18   3.069687e-03   4.230649e-20   17700428
  5.542362e+00   8.622930e-18   3.068482e-03   4.194666e-20   17760320
  5.552991e+00   8.582711e-18   3.068060e-03   4.165223e-20   17827562
  5.563619e+00   8.516660e-18   3.067912e-03   4.133621e-20   17895488
  5.574247e+00   8.606639e-18   3.068230e-03   4.103270e-20   17963576
  5.584874e+00   8.542417e-18   3.067616e-03   4.072583e-20   18027500
  5.595502e+00   8.417517e-18   3.068831e-03   4.046452e-20   18105650
  5.606129e+00   8.494790e-18   3.066269e-03   4.014332e-20   18160880
  5.616752e+00   8.448436e-18   3.067084e-03   3.987222e-20   18233144
  5.627379e+00   8.466371e-18   3.067872e-03   3.952698e-20   18307310
  5.638008e+00   8.487151e-18   3.068420e-03   3.929321e-20   18381680
  5.648639e+00   8.377982e-18   3.068723e-03   3.904893e-20   18450536
  5.659270e+00   8.448705e-18   3.069549e-03   3.877290e-20   18522128
  5.669897e+00   8.368127e-18   3.067067e-03   3.849256e-20   18578414
  5.680523e+00   8.379454e-18   3.067781e-03   3.821161e-20   18654304
  5.691150e+00   8.298820e-18   3.067639e-03   3.795038e-20   18722304
  5.701780e+00   8.275006e-18   3.069442e-03   3.764744e-20   18802472
  5.712409e+00   8.245814e-18   3.067729e-03   3.745729e-20   18864266
  5.723037e+00   8.279673e-18   3.067347e-03   3.722880e-20   18933260
  5.733662e+00   8.257852e-18   3.066799e-03   3.695903e-20   18997448
  5.744288e+00   8.298099e-18   3.068953e-03   3.672217e-20   19079816
  5.754917e+00   8.171592e-18   3.067744e-03   3.653803e-20   19145330
  5.765545e+00   8.161559e-18   3.067941e-03   3.625531e-20   19218276
  5.776172e+00   8.248257e-18   3.067784e-03   3.599282e-20   19286200
  5.786797e+00   8.148817e-18   3.066457e-03   3.584077e-20   19349738
  5.797427e+00   8.154894e-18   3.070714e-03   3.559667e-20   19450040
  5.808057e+00   8.127176e-18   3.065907e-03   3.541863e-20   19489688
  5.818683e+00   8.110933e-18   3.068803e-03   3.518949e-20   19576868
  5.829310e+00   8.083900e-18   3.067331e-03   3.498706e-20   19640282
  5.839940e+00   8.040620e-18   3.069683e-03   3.476064e-20   19728800
  5.850566e+00   8.113428e-18   3.065237e-03   3.456571e-20   19770152
  5.861190e+00   7.993287e-18   3.068717e-03   3.435968e-20   19863516
  5.871821e+00   7.980266e-18   3.069639e-03   3.421669e-20   19943594
  5.882452e+00   7.986398e-18   3.067597e-03   3.401740e-20   20003440
  5.893081e+00   8.083928e-18   3.068832e-03   3.385584e-20   20081768
  5.903706e+00   8.064206e-18   3.066188e-03   3.365408e-20   20136200
  5.914335e+00   7.994828e-18   3.070449e-03   3.346552e-20   20238094
  5.924964e+00   7.993164e-18   3.066146e-03   3.331043e-20   20282544
  5.935584e+00   8.045387e-18   3.065727e-03   3.315898e-20   20351720
  5.946209e+00   7.939394e-18   3.068474e-03   3.295270e-20   20444714
  5.956838e+00   7.938381e-18   3.067781e-03   3.281424e-20   20515116
  5.967470e+00   7.981403e-18   3.070149e-03   3.265894e-20   20602384
  5.978102e+00   7.883540e-18   3.068165e-03   3.249714e-20   20659872
  5.988728e+00   7.970733e-18   3.067093e-03   3.231254e-20   20727682
  5.999356e+00   7.985832e-18   3.068732e-03   3.221194e-20   20814416
  6.009986e+00   7.907453e-18   3.068153e-03   3.206119e-20   20881100
  6.020612e+00   7.868260e-18   3.068117e-03   3.190925e-20   20953688
  6.031238e+00   7.849445e-18   3.066654e-03   3.184140e-20   21021050
  6.041866e+00   7.944820e-18   3.068891e-03   3.165687e-20   21111632
  6.052496e+00   7.935830e-18   3.068341e-03   3.153543e-20   21179972
  6.063121e+00   7.921608e-18   3.066368e-03   3.141402e-20   21240488
  6.073747e+00   7.916171e-18   3.068419e-03   3.130478e-20   21331418
  6.084375e+00   7.902560e-18   3.067338e-03   3.116487e-20   21397304
  6.095000e+00   7.902970e-18   3.067405e-03   3.105740e-20   21469764
  6.105627e+00   7.848318e-18   3.068819e-03   3.091910e-20   21556122
  6.116254e+00   7.883526e-18   3.066479e-03   3.085499e-20   21618312
  6.126884e+00   7.866472e-18   3.069809e-03   3.071109e-20   21716096
  6.137516e+00   7.862110e-18   3.068719e-03   3.060734e-20   21781352
  6.148144e+00   7.921134e-18   3.067428e-03   3.054810e-20   21848870
  6.158771e+00   7.888139e-18   3.067652e-03   3.042003e-20   21927536
  6.169400e+00   7.890336e-18   3.068795e-03   3.033960e-20   22008944
  6.180028e+00   7.844274e-18   3.067865e-03   3.028468e-20   22076136
  6.190652e+00   7.827703e-18   3.066547e-03   3.023509e-20   22145270
  6.201282e+00   7.851859e-18   3.070373e-03   3.011239e-20   22250960
  6.211913e+00   7.817993e-18   3.066914e-03   3.003080e-20   22300864
  6.222538e+00   7.796016e-18   3.067186e-03   2.996392e-20   22378586
  6.233165e+00   7.856439e-18   3.068261e-03   2.993990e-20   22464104
  6.243795e+00   7.830716e-18   3.068708e-03   2.985845e-20   22542892
  6.254421e+00   7.840899e-18   3.067123e-03   2.978893e-20   22606008
  6.265047e+00   7.783630e-18   3.067919e-03   2.969325e-20   22690002
  6.275673e+00   7.860235e-18   3.066936e-03   2.964415e-20   22762216
  6.286298e+00   7.688700e-18   3.068880e-03   2.943023e-20   22815779
  6.296927e+00   7.395968e-18   3.067733e-03   2.895526e-20   22772312
  6.307555e+00   6.982641e-18   3.067923e-03   2.841293e-20   22733708
  6.318183e+00   6.640187e-18   3.068441e-03   2.792981e-20   22697672
  6.328811e+00   6.363253e-18   3.067507e-03   2.744226e-20   22651460
  6.339438e+00   6.017280e-18   3.068199e-03   2.697846e-20   22616024
  6.350068e+00   5.722785e-18   3.069309e-03   2.651897e-20   22583496
  6.360694e+00   5.454156e-18   3.065960e-03   2.610697e-20   22519252
  6.371317e+00   5.224529e-18   3.067197e-03   2.567244e-20   22488992
  6.381944e+00   5.002596e-18   3.067780e-03   2.523034e-20   22453172
  6.392574e+00   4.732469e-18   3.069105e-03   2.484078e-20   22420584
  6.403204e+00   4.565006e-18   3.068296e-03   2.445601e-20   22371700
  6.413832e+00   4.352463e-18   3.068296e-03   2.407062e-20   22329896
  6.424460e+00   4.203591e-18   3.067512e-03   2.370851e-20   22282876
  6.435088e+00   3.991925e-18   3.068899e-03   2.335336e-20   22250692
  6.445715e+00   3.841823e-18   3.066872e-03   2.299090e-20   22194436
  6.456340e+00   3.659307e-18   3.066996e-03   2.264915e-20   22153540
  6.466968e+00   3.525416e-18   3.068722e-03   2.232195e-20   22122584
  6.477597e+00   3.402458e-18   3.067957e-03   2.200912e-20   22073004
  6.488227e+00   3.280996e-18   3.069406e-03   2.169482e-20   22039640
  6.498854e+00   3.086164e-18   3.066107e-03   2.139993e-20   21971624
  6.509482e+00   3.043512e-18   3.070097e-03   2.106907e-20   21955708
  6.520106e+00   2.874118e-18   3.063845e-03   2.079647e-20   21867720
  6.530733e+00   2.803071e-18   3.071600e-03   2.048254e-20   21878900
  6.541363e+00   2.679033e-18   3.065935e-03   2.025113e-20   21794260
  6.551990e+00   2.646784e-18   3.068881e-03   1.995640e-20   21770256
  6.562619e+00   2.500161e-18   3.068010e-03   1.969517e-20   21718124
  6.573247e+00   2.426643e-18   3.067905e-03   1.944644e-20   21671096
  6.583874e+00   2.355681e-18   3.067932e-03   1.918917e-20   21625412
  6.594503e+00   2.264509e-18   3.069070e-03   1.892736e-20   21587284
  6.605129e+00   2.210868e-18   3.066010e-03   1.868678e-20   21519648
  6.615755e+00   2.164602e-18   3.068792e-03   1.845150e-20   21493344
  6.626384e+00   2.044847e-18   3.067812e-03   1.820371e-20   21439360
  6.637013e+00   1.996568e-18   3.068679e-03   1.798288e-20   21398900
  6.647644e+00   1.955785e-18   3.068668e-03   1.775813e-20   21351488
  6.658271e+00   1.896766e-18   3.066526e-03   1.754743e-20   21288012
  6.668898e+00   1.787213e-18   3.068796e-03   1.731320e-20   21255052
  6.679525e+00   1.787872e-18   3.067400e-03   1.711984e-20   21196928
  6.690151e+00   1.739044e-18   3.067431e-03   1.691290e-20   21149036
  6.700778e+00   1.701196e-18   3.068015e-03   1.671554e-20   21105304
  6.711407e+00   1.619248e-18   3.068524e-03   1.651859e-20   21059992
  6.722038e+00   1.670601e-18   3.069263e-03   1.631986e-20   21014904
  6.732667e+00   1.567520e-18   3.067536e-03   1.614701e-20   20953620
  6.743293e+00   1.555450e-18   3.067478e-03   1.594030e-20   20902948
  6.753920e+00   1.497797e-18   3.068064e-03   1.576412e-20   20856528
  6.764548e+00   1.410339e-18   3.068448e-03   1.558022e-20   20808868
  6.775174e+00   1.465615e-18   3.066599e-03   1.539784e-20   20746700
  6.785798e+00   1.387330e-18   3.066925e-03   1.522638e-20   20699040
  6.796428e+00   1.343843e-18   3.069860e-03   1.506288e-20   20667584
  6.807054e+00   1.329353e-18   3.064988e-03   1.490982e-20   20583320
  6.817679e+00   1.271071e-18   3.069606e-03   1.473163e-20   20562728
  6.828310e+00   1.288127e-18   3.067915e-03   1.457952e-20   20499120
  6.838938e+00   1.241579e-18   3.068337e-03   1.443087e-20   20448668
  6.849566e+00   1.196778e-18   3.068077e-03   1.426007e-20   20394408
  6.860195e+00   1.222334e-18   3.068320e-03   1.410151e-20   20344236
  6.870823e+00   1.221273e-18   3.067630e-03   1.396698e-20   20287988
  6.881451e+00   1.149912e-18   3.068044e-03   1.380708e-20   20237280
  6.892077e+00   1.156165e-18   3.067320e-03   1.366801e-20   20178328
  6.902707e+00   1.079423e-18   3.069652e-03   1.352538e-20   20139844
  6.913336e+00   1.107399e-18   3.067174e-03   1.340260e-20   20069748
  6.923962e+00   1.093755e-18   3.067514e-03   1.324518e-20   20016800
  6.934587e+00   1.099682e-18   3.067642e-03   1.310904e-20   19962224
  6.945217e+00   1.047543e-18   3.069885e-03   1.298507e-20   19923568
  6.955848e+00   1.046539e-18   3.067490e-03   1.285802e-20   19854300
  6.966474e+00   1.001645e-18   3.067154e-03   1.271602e-20   19797056
  6.977101e+00   9.811758e-19   3.067706e-03   1.259312e-20   19744940
  6.987728e+00   1.007413e-18   3.068174e-03   1.248651e-20   19691768
  6.998356e+00   9.498449e-19   3.067321e-03   1.235695e-20   19629548
  7.008982e+00   9.751200e-19   3.067740e-03   1.222862e-20   19575480
  7.019610e+00   9.414388e-19   3.068413e-03   1.212085e-20   19523296
  7.030241e+00   9.292484e-19   3.069533e-03   1.200686e-20   19474344
  7.040867e+00   9.463385e-19   3.065611e-03   1.189174e-20   19392868
  7.051493e+00   9.202364e-19   3.069073e-03   1.176030e-20   19356176
  7.062123e+00   8.871572e-19   3.068592e-03   1.167045e-20   19294916
  7.072754e+00   8.692224e-19   3.069110e-03   1.155887e-20   19240856
  7.083382e+00   8.986608e-19   3.067066e-03   1.146484e-20   19170884
  7.094007e+00   8.723107e-19   3.066966e-03   1.136021e-20   19111352
  7.104633e+00   8.490493e-19   3.068278e-03   1.124796e-20   19060016
  7.115261e+00   8.436857e-19   3.067998e-03   1.115364e-20   18999752
  7.125886e+00   8.324491e-19   3.066210e-03   1.104263e-20   18930272
  7.136511e+00   8.247435e-19   3.068009e-03   1.094292e-20   18882340
  7.147141e+00   8.441796e-19   3.069133e-03   1.085705e-20   18829056
  7.157770e+00   7.774658e-19   3.067293e-03   1.075724e-20   18757640
  7.168398e+00   8.308496e-19   3.069197e-03   1.066981e-20   18709036
  7.179027e+00   8.138341e-19   3.067378e-03   1.057683e-20   18637668
  7.189656e+00   7.670346e-19   3.069146e-03   1.047426e-20   18587048
  7.200283e+00   7.977270e-19   3.066626e-03   1.039234e-20   18510972
  7.210909e+00   7.685233e-19   3.067730e-03   1.030384e-20   18456692
  7.221535e+00   7.384993e-19   3.067567e-03   1.021678e-20   18394084
  7.232164e+00   7.725411e-19   3.069110e-03   1.013977e-20   18341352
  7.242794e+00   7.825045e-19   3.068234e-03   1.004684e-20   18273884
  7.253423e+00   7.553274e-19   3.068036e-03   9.972305e-21   18211148
  7.264048e+00   7.583693e-19   3.066171e-03   9.893043e-21   18137692
  7.274674e+00   7.456420e-19   3.069088e-03   9.811186e-21   18091580
  7.285305e+00   7.171033e-19   3.068515e-03   9.730435e-21   18024560
  7.295932e+00   7.210748e-19   3.067362e-03   9.653918e-21   17955116
  7.306559e+00   6.993575e-19   3.067637e-03   9.577128e-21   17893232
  7.317187e+00   7.207016e-19   3.068343e-03   9.497850e-21   17832620
  7.327816e+00   7.185592e-19   3.068327e-03   9.425791e-21   17767864
  7.338445e+00   6.956476e-19   3.068809e-03   9.358578e-21   17706956
  7.349073e+00   6.793150e-19   3.066947e-03   9.281413e-21   17632632
  7.359699e+00   6.736573e-19   3.068061e-03   9.214447e-21   17573524
  7.370327e+00   6.827187e-19   3.067901e-03   9.147386e-21   17506380
  7.380954e+00   6.961531e-19   3.068207e-03   9.077445e-21   17442548
  7.391580e+00   6.693413e-19   3.066528e-03   9.012386e-21   17368556
  7.402208e+00   6.663460e-19   3.069314e-03   8.944055e-21   17318260
  7.412837e+00   6.738560e-19   3.067939e-03   8.886493e-21   17243792
  7.423463e+00   6.865919e-19   3.066549e-03   8.818473e-21   17169716
  7.434088e+00   6.671309e-19   3.067759e-03   8.749736e-21   17109768
  7.444715e+00   6.396305e-19   3.068012e-03   8.689906e-21   17044064
  7.455345e+00   6.551040e-19   3.068894e-03   8.627353e-21   16981560
  7.465972e+00   6.147181e-19   3.066680e-03   8.564619e-21   16902264
  7.476600e+00   6.413243e-19   3.069499e-03   8.506490e-21   16849940
  7.487230e+00   6.139126e-19   3.067461e-03   8.449617e-21   16770600
  7.497858e+00   6.140582e-19   3.068497e-03   8.391119e-21   16707512
  7.508485e+00   5.938340e-19   3.067634e-03   8.338604e-21   16634480
  7.519114e+00   6.064185e-19   3.068242e-03   8.280647e-21   16569424
  7.529741e+00   5.973058e-19   3.067751e-03   8.228422e-21   16497216
  7.540372e+00   6.101888e-19   3.069501e-03   8.174282e-21   16436416
  7.550999e+00   6.154802e-19   3.067032e-03   8.115833e-21   16353532
  7.561624e+00   5.933824e-19   3.067126e-03   8.065543e-21   16284908
  7.572251e+00   5.866311e-19   3.068426e-03   8.017658e-21   16221948
  7.582881e+00   5.808879e-19   3.068614e-03   7.966666e-21   16152552
  7.593510e+00   5.849829e-19   3.068122e-03   7.917160e-21   16078864
  7.604137e+00   5.785111e-19   3.067536e-03   7.871815e-21   16005296
  7.614766e+00   5.619874e-19   3.068300e-03   7.819782e-21   15938220
  7.625392e+00   5.597183e-19   3.066841e-03   7.771046e-21   15858440
  7.636016e+00   5.626142e-19   3.067373e-03   7.728553e-21   15789252
  7.646642e+00   5.867087e-19   3.067548e-03   7.681639e-21   15718944
  7.657269e+00   5.688186e-19   3.067947e-03   7.641144e-21   15648652
  7.667899e+00   5.765320e-19   3.069201e-03   7.588899e-21   15581944
  7.678531e+00   5.628371e-19   3.069010e-03   7.549640e-21   15508744
  7.689158e+00   5.579606e-19   3.066436e-03   7.510385e-21   15422472
  7.699784e+00   5.485542e-19   3.068878e-03   7.463280e-21   15361536
  7.710413e+00   5.630391e-19   3.067494e-03   7.421813e-21   15281048
  7.721038e+00   5.467430e-19   3.067557e-03   7.381462e-21   15207752
  7.731666e+00   5.361421e-19   3.067687e-03   7.341501e-21   15134800
  7.742292e+00   5.361892e-19   3.067594e-03   7.303798e-21   15059664
  7.752920e+00   5.219527e-19   3.068106e-03   7.261288e-21   14987020
  7.763550e+00   5.387186e-19   3.069757e-03   7.229588e-21   14919936
  7.774179e+00   5.247440e-19   3.066979e-03   7.193378e-21   14831776
  7.784807e+00   5.222919e-19   3.069197e-03   7.157774e-21   14767552
  7.795435e+00   5.181145e-19   3.066309e-03   7.117320e-21   14678336
  7.806062e+00   5.256098e-19   3.069079e-03   7.086232e-21   14615044
  7.816690e+00   5.237228e-19   3.067275e-03   7.052944e-21   14530200
  7.827317e+00   5.068863e-19   3.067927e-03   7.021880e-21   14457000
  7.837945e+00   5.055430e-19   3.068558e-03   6.989651e-21   14383440
  7.848573e+00   5.020248e-19   3.067003e-03   6.949568e-21   14299516
  7.859199e+00   5.076322e-19   3.067899e-03   6.917785e-21   14226024
  7.869825e+00   4.947421e-19   3.067223e-03   6.888692e-21   14145048
  7.880455e+00   4.864601e-19   3.070446e-03   6.857306e-21   14082144
  7.891083e+00   5.188451e-19   3.065393e-03   6.831300e-21   13981640
  7.901708e+00   5.009969e-19   3.068688e-03   6.796953e-21   13918460
  7.912338e+00   4.790946e-19   3.068702e-03   6.766692e-21   13839752
  7.922969e+00   4.928445e-19   3.069182e-03   6.738750e-21   13762736
  7.933598e+00   4.970603e-19   3.067868e-03   6.712853e-21   13677980
  7.944225e+00   4.939990e-19   3.067250e-03   6.689046e-21   13596196
  7.954850e+00   4.928738e-19   3.067470e-03   6.660154e-21   13517736
  7.965475e+00   4.910241e-19   3.066448e-03   6.633687e-21   13433184
  7.976100e+00   4.676905e-19   3.068623e-03   6.609672e-21   13362296
  7.986730e+00   5.020790e-19   3.068494e-03   6.582197e-21   13281376
  7.997360e+00   4.839308e-19   3.069113e-03   6.556434e-21   13203336
  8.007987e+00   4.914042e-19   3.066719e-03   6.543506e-21   13113016
  8.018613e+00   4.631988e-19   3.067735e-03   6.512914e-21   13036400
  8.029240e+00   4.826930e-19   3.067468e-03   6.492170e-21   12953648
  8.039869e+00   4.837355e-19   3.069185e-03   6.467099e-21   12879016
  8.050498e+00   4.624591e-19   3.067538e-03   6.452677e-21   12790124
  8.061127e+00   4.525800e-19   3.068996e-03   6.418141e-21   12714152
  8.071753e+00   4.719208e-19   3.066076e-03   6.409435e-21   12619608
  8.082379e+00   4.646065e-19   3.068682e-03   6.387678e-21   12547232
  8.093011e+00   4.646640e-19   3.070245e-03   6.366446e-21   12470568
  8.103638e+00   4.265789e-19   3.065215e-03   6.348361e-21   12368136
  8.114264e+00   4.647130e-19   3.069116e-03   6.325211e-21   12300504
  8.124894e+00   4.493638e-19   3.068128e-03   6.309458e-21   12212172
  8.135522e+00   4.513443e-19   3.067779e-03   6.290534e-21   12126228
  8.146149e+00   4.363752e-19   3.068089e-03   6.276923e-21   12043352
  8.156778e+00   4.488069e-19   3.068301e-03   6.253150e-21   11959896
  8.167401e+00   4.375393e-19   3.065268e-03   6.256103e-21   11863804
  8.178026e+00   4.329712e-19   3.068937e-03   6.227858e-21   11792812
  8.188656e+00   4.524394e-19   3.068597e-03   6.213670e-21   11705392
  8.199283e+00   4.219064e-19   3.066984e-03   6.200651e-21   11613836
  8.209914e+00   4.411977e-19   3.070536e-03   6.185222e-21   11541532
  8.220543e+00   4.202919e-19   3.066346e-03   6.166592e-21   11440232
  8.231170e+00   4.359757e-19   3.068846e-03   6.155119e-21   11363008
  8.241796e+00   4.340746e-19   3.066631e-03   6.141287e-21   11267848
  8.252424e+00   4.299832e-19   3.069306e-03   6.133981e-21   11190640
  8.263054e+00   4.251730e-19   3.068558e-03   6.122685e-21   11101084
  8.273680e+00   4.191107e-19   3.065604e-03   6.115691e-21   11003284
  8.284304e+00   4.167415e-19   3.068360e-03   6.098696e-21   10925424
  8.294932e+00   4.169201e-19   3.067667e-03   6.092696e-21   10834724
  8.305560e+00   4.125164e-19   3.068711e-03   6.077505e-21   10750156
  8.316186e+00   3.899925e-19   3.066587e-03   6.070978e-21   10655280
  8.326811e+00   4.013104e-19   3.067310e-03   6.071155e-21   10569120
  8.337437e+00   4.037777e-19   3.067168e-03   6.044956e-21   10479672
  8.348070e+00   3.900959e-19   3.071527e-03   6.042796e-21   10404504
  8.358704e+00   4.096870e-19   3.068456e-03   6.041058e-21   10304108
  8.369331e+00   4.040178e-19   3.066991e-03   6.029670e-21   10209940
  8.379958e+00   4.088065e-19   3.068937e-03   6.019837e-21   10126584
  8.390585e+00   3.723137e-19   3.066106e-03   6.015497e-21   10027064
  8.401210e+00   3.885549e-19   3.068731e-03   6.009061e-21   9945072
  8.411836e+00   3.817283e-19   3.065849e-03   6.005040e-21   9844764
  8.422464e+00   3.822352e-19   3.070904e-03   5.995826e-21   9769940
  8.433095e+00   3.668671e-19   3.066721e-03   5.985408e-21   9666072
  8.443721e+00   3.721000e-19   3.067629e-03   5.983984e-21   9577112
  8.454348e+00   3.817932e-19   3.067871e-03   5.977104e-21   9485848
  8.464977e+00   3.635673e-19   3.068818e-03   5.971092e-21   9396136
  8.475607e+00   3.891275e-19   3.068947e-03   5.969560e-21   9304408
  8.486231e+00   3.814681e-19   3.064605e-03   5.965872e-21   9199028
  8.496854e+00   3.762927e-19   3.068671e-03   5.963897e-21   9118288
  8.507481e+00   3.596251e-19   3.066868e-03   5.950814e-21   9019624
  8.518111e+00   3.571234e-19   3.070919e-03   5.950173e-21   8937420
  8.528743e+00   3.450476e-19   3.067653e-03   5.945445e-21   8835200
  8.539369e+00   3.505458e-19   3.066847e-03   5.953778e-21   8739332
  8.549995e+00   3.315791e-19   3.067747e-03   5.938969e-21   8648112
  8.560624e+00   3.441115e-19   3.067898e-03   5.939065e-21   8553372
  8.571253e+00   3.277680e-19   3.069319e-03   5.934114e-21   8461944
  8.581883e+00   3.324890e-19   3.068067e-03   5.923164e-21   8363348
  8.592509e+00   3.288773e-19   3.067870e-03   5.920804e-21   8267792
  8.603135e+00   3.127300e-19   3.066599e-03   5.923774e-21   8169380
  8.613762e+00   3.185950e-19   3.069517e-03   5.919091e-21   8081008
  8.624389e+00   3.147842e-19   3.065774e-03   5.904698e-21   7975632
  8.635016e+00   3.057989e-19   3.069603e-03   5.918447e-21   7889116
  8.645643e+00   2.822606e-19   3.066011e-03   5.897206e-21   7784008
  8.656270e+00   2.997268e-19   3.068709e-03   5.899526e-21   7693848
  8.666897e+00   2.829199e-19   3.067011e-03   5.897196e-21   7592468
  8.677525e+00   3.056858e-19   3.068931e-03   5.887745e-21   7499076
  8.688155e+00   2.876430e-19   3.069474e-03   5.874492e-21   7402880
  8.698786e+00   2.933084e-19   3.067607e-03   5.859992e-21   7300768
  8.709411e+00   2.789181e-19   3.067652e-03   5.876632e-21   7203316
  8.720032e+00   2.505141e-19   3.063689e-03   5.832097e-21   7095724
  8.730662e+00   2.597823e-19   3.073665e-03   5.839688e-21   7019608
  8.741295e+00   2.609330e-19   3.065344e-03   5.816210e-21   6901916
  8.751922e+00   2.653580e-19   3.069704e-03   5.812787e-21   6812952
  8.762548e+00   2.283203e-19   3.065523e-03   5.777893e-21   6704548
  8.773175e+00   2.536990e-19   3.068967e-03   5.770785e-21   6612168
  8.783803e+00   2.268732e-19   3.067598e-03   5.751583e-21   6508628
  8.794433e+00   2.341831e-19   3.069277e-03   5.726080e-21   6412072
  8.805059e+00   2.359554e-19   3.066868e-03   5.692781e-21   6306660
  8.815685e+00   2.292577e-19   3.067492e-03   5.670658e-21   6207592
  8.826308e+00   2.169512e-19   3.066222e-03   5.640897e-21   6103860
  8.836934e+00   2.047228e-19   3.068576e-03   5.596877e-21   6007184
  8.847563e+00   1.852466e-19   3.068782e-03   5.570133e-21   5905660
  8.858194e+00   1.890038e-19   3.069160e-03   5.502282e-21   5805132
  8.868823e+00   1.857381e-19   3.067313e-03   5.457853e-21   5700008
  8.879446e+00   1.656510e-19   3.065734e-03   5.401188e-21   5594856
  8.890075e+00   1.650905e-19   3.070306e-03   5.342017e-21   5502341
  8.900707e+00   1.460396e-19   3.068193e-03   5.292359e-21   5404852
  8.911333e+00   1.434447e-19   3.066920e-03   5.242269e-21   5313930
  8.921960e+00   1.313778e-19   3.068151e-03   5.207156e-21   5230396
  8.932587e+00   1.269147e-19   3.067037e-03   5.170533e-21   5145158
  8.943214e+00   1.302581e-19   3.067644e-03   5.131804e-21   5064506
  8.953844e+00   1.315809e-19   3.070354e-03   5.112010e-21   4989464
  8.964475e+00   1.318661e-19   3.067471e-03   5.076438e-21   4907486
  8.975102e+00   1.280777e-19   3.067454e-03   5.056136e-21   4831952
  8.985729e+00   1.159531e-19   3.067333e-03   5.031443e-21   4757392
  8.996357e+00   1.123380e-19   3.068563e-03   5.003022e-21   4685902
  9.006985e+00   1.246457e-19   3.067839e-03   4.975945e-21   4612826
  9.017611e+00   1.215738e-19   3.067647e-03   4.950011e-21   4542436
  9.028240e+00   1.119127e-19   3.068771e-03   4.933343e-21   4475408
  9.038866e+00   1.132607e-19   3.065432e-03   4.919189e-21   4402686
  9.049492e+00   1.257454e-19   3.069222e-03   4.889621e-21   4340854
  9.060123e+00   9.153366e-20   3.068666e-03   4.865349e-21   4273862
  9.070751e+00   1.029451e-19   3.068093e-03   4.869834e-21   4208538
  9.081377e+00   1.032803e-19   3.066329e-03   4.843610e-21   4142584
  9.092002e+00   1.074157e-19   3.067445e-03   4.827308e-21   4081232
  9.102629e+00   1.022858e-19   3.068061e-03   4.810093e-21   4019668
  9.113260e+00   9.104701e-20   3.070507e-03   4.799812e-21   3961416
  9.123892e+00   1.004176e-19   3.068468e-03   4.796224e-21   3898848
  9.134518e+00   9.589246e-20   3.065914e-03   4.781816e-21   3836718
  9.145140e+00   9.904106e-20   3.066518e-03   4.754398e-21   3779272
  9.155765e+00   9.682132e-20   3.066689e-03   4.748927e-21   3721434
  9.166394e+00   8.248374e-20   3.070316e-03   4.743572e-21   3668198
  9.177028e+00   7.728407e-20   3.069776e-03   4.722429e-21   3611346
  9.187656e+00   9.502000e-20   3.066455e-03   4.718063e-21   3552442
  9.198281e+00   1.030411e-19   3.067337e-03   4.713909e-21   3498908
  9.208908e+00   9.073234e-20   3.067980e-03   4.701153e-21   3445382
  9.219536e+00   9.089085e-20   3.068389e-03   4.695069e-21   3392244
  9.230165e+00   8.265263e-20   3.068360e-03   4.690491e-21   3339634
  9.240792e+00   9.400207e-20   3.067248e-03   4.680827e-21   3286752
  9.251416e+00   7.554067e-20   3.065818e-03   4.676579e-21   3234180
  9.262040e+00   9.449153e-20   3.067094e-03   4.673980e-21   3184556
  9.272670e+00   8.029414e-20   3.070362e-03   4.670166e-21   3137238
  9.283304e+00   8.545099e-20   3.070377e-03   4.666677e-21   3087670
  9.293936e+00   7.626218e-20   3.068566e-03   4.650394e-21   3037460
  9.304560e+00   8.350830e-20   3.064548e-03   4.660301e-21   2985736
  9.315180e+00   9.023691e-20   3.066413e-03   4.660827e-21   2939708
  9.325811e+00   8.805958e-20   3.071553e-03   4.650449e-21   2897012
  9.336443e+00   8.865215e-20   3.067620e-03   4.654315e-21   2846890
  9.347067e+00   8.785633e-20   3.065693e-03   4.659183e-21   2799588
  9.357689e+00   8.264875e-20   3.066395e-03   4.655791e-21   2754954
  9.368315e+00   8.737710e-20   3.068270e-03   4.662721e-21   2711500
  9.378948e+00   7.365411e-20   3.070601e-03   4.651390e-21   2669006
  9.389576e+00   9.945822e-20   3.065837e-03   4.660090e-21   2621264
  9.400202e+00   8.906738e-20   3.068913e-03   4.660987e-21   2580726
  9.410830e+00   8.020633e-20   3.067141e-03   4.660993e-21   2536470
  9.421456e+00   7.114262e-20   3.067445e-03   4.664462e-21   2494370
  9.432084e+00   8.394604e-20   3.068834e-03   4.677382e-21   2453556
  9.442716e+00   7.966563e-20   3.070117e-03   4.681695e-21   2413246
  9.453347e+00   8.570402e-20   3.067994e-03   4.684382e-21   2370914
  9.463973e+00   8.256973e-20   3.067217e-03   4.687397e-21   2330126
  9.474601e+00   8.464102e-20   3.068570e-03   4.697526e-21   2291406
  9.485227e+00   9.261263e-20   3.066158e-03   4.693597e-21   2250410
  9.495850e+00   9.015756e-20   3.066006e-03   4.711768e-21   2211486
  9.506474e+00   8.154363e-20   3.067734e-03   4.717913e-21   2174194
  9.517102e+00   8.307269e-20   3.068176e-03   4.729576e-21   2136416
  9.527733e+00   8.890235e-20   3.069929e-03   4.746755e-21   2100070
  9.538360e+00   7.784261e-20   3.065560e-03   4.757820e-21   2060026
  9.548986e+00   7.858298e-20   3.069362e-03   4.767935e-21   2025910
  9.559615e+00   8.090498e-20   3.067530e-03   4.767965e-21   1988576
  9.570241e+00   8.103682e-20   3.067060e-03   4.784910e-21   1952610
  9.580867e+00   6.549462e-20   3.067361e-03   4.800316e-21   1917470
  9.591493e+00   8.957298e-20   3.067399e-03   4.814331e-21   1882484
  9.602120e+00   7.033557e-20   3.068076e-03   4.829261e-21   1848262
  9.612753e+00   8.363920e-20   3.071327e-03   4.847483e-21   1816024
  9.623386e+00   8.601635e-20   3.068076e-03   4.869184e-21   1780418
  9.634012e+00   7.560568e-20   3.067038e-03   4.883742e-21   1746576
  9.644639e+00   8.019298e-20   3.068628e-03   4.906345e-21   1714622
  9.655268e+00   7.929812e-20   3.067669e-03   4.901260e-21   1681692
  9.665895e+00   9.467325e-20   3.067468e-03   4.936576e-21   1649574
  9.676515e+00   8.043707e-20   3.063511e-03   4.951487e-21   1615788
  9.687137e+00   7.488185e-20   3.068656e-03   4.973082e-21   1587064
  9.697769e+00   8.778817e-20   3.069826e-03   5.001948e-21   1556598
  9.708400e+00   8.544886e-20   3.068471e-03   5.008730e-21   1525380
  9.719030e+00   8.745125e-20   3.068670e-03   5.028747e-21   1495360
  9.729656e+00   8.064933e-20   3.066126e-03   5.067549e-21   1464370
  9.740281e+00   8.756359e-20   3.067601e-03   5.084319e-21   1435656
  9.750907e+00   8.985149e-20   3.067002e-03   5.106328e-21   1406304
  9.761532e+00   9.109438e-20   3.067147e-03   5.154325e-21   1377628
  9.772159e+00   7.634786e-20   3.068370e-03   5.171424e-21   1349744
  9.782788e+00   8.245052e-20   3.068343e-03   5.199144e-21   1321682
  9.793418e+00   7.855584e-20   3.069098e-03   5.222020e-21   1294376
  9.804048e+00   8.689358e-20   3.068140e-03   5.258553e-21   1266768
  9.814673e+00   8.079036e-20   3.066275e-03   5.289283e-21   1239172
  9.825295e+00   9.206600e-20   3.065238e-03   5.322475e-21   1212224
  9.835918e+00   8.738995e-20   3.067386e-03   5.363544e-21   1186796
  9.846547e+00   8.241889e-20   3.069034e-03   5.389741e-21   1161432
  9.857176e+00   8.119886e-20   3.067927e-03   5.444738e-21   1135408
  9.867804e+00   8.188647e-20   3.068239e-03   5.458878e-21   1110324
  9.878434e+00   8.726128e-20   3.068926e-03   5.515058e-21   1085680
  9.889062e+00   7.916214e-20   3.066842e-03   5.546257e-21   1060364
  9.899688e+00   9.487043e-20   3.068767e-03   5.581195e-21   1036736
  9.910321e+00   8.312196e-20   3.070562e-03   5.639094e-21   1013388
  9.920951e+00   8.093134e-20   3.066769e-03   5.694965e-21   988656
  9.931575e+00   7.823211e-20   3.066738e-03   5.722145e-21   965530
  9.942197e+00   8.719507e-20   3.064855e-03   5.779245e-21   942100
  9.952819e+00   8.419553e-20   3.066142e-03   5.806693e-21   919888
  9.963442e+00   7.493790e-20   3.066491e-03   5.886562e-21   897628
  9.974067e+00   8.419094e-20   3.067504e-03   5.930693e-21   875856
  9.984696e+00   7.513106e-20   3.069599e-03   5.979421e-21   854736
  9.995330e+00   8.214385e-20   3.070044e-03   6.040740e-21   833510
  1.000596e+01   7.846429e-20   3.068120e-03   6.094737e-21   811976
  1.001659e+01   9.425250e-20   3.066566e-03   6.137195e-21   790844
  1.002721e+01   7.753438e-20   3.066302e-03   6.207633e-21   770320
  1.003784e+01   8.460434e-20   3.069162e-03   6.263421e-21   750838
  1.004847e+01   7.854401e-20   3.068729e-03   6.322985e-21   730864
  1.005909e+01   8.137880e-20   3.067039e-03   6.380405e-21   710984
  1.006972e+01   8.134455e-20   3.067274e-03   6.472898e-21   691894
  1.008035e+01   7.939429e-20   3.066106e-03   6.548894e-21   672776
  1.009097e+01   7.656639e-20   3.067065e-03   6.634098e-21   654372
  1.010160e+01   7.270607e-20   3.065537e-03   6.692688e-21   635682
  1.011222e+01   8.185096e-20   3.064886e-03   6.773704e-21   617460
  1.012284e+01   8.819520e-20   3.066767e-03   6.880648e-21   600024
  1.013346e+01   5.508927e-20   3.068404e-03   6.931545e-21   582830
  1.014410e+01   7.584445e-20   3.070337e-03   6.986443e-21   566000
  1.015473e+01   7.366199e-20   3.066543e-03   7.122824e-21   548458
  1.016535e+01   8.622535e-20   3.067619e-03   7.229591e-21   532084
  1.017598e+01   9.339144e-20   3.065740e-03   7.340829e-21   515440
  1.018660e+01   7.866794e-20   3.064533e-03   7.397946e-21   499174
  1.019722e+01   9.726097e-20   3.064552e-03   7.497518e-21   483368
  1.020784e+01   7.706149e-20   3.067558e-03   7.631761e-21   468270
  1.021847e+01   1.020791e-19   3.071740e-03   7.768380e-21   453568
  1.022911e+01   7.688833e-20   3.068522e-03   7.844664e-21   438106
  1.023974e+01   7.511173e-20   3.068674e-03   7.988968e-21   423508
  1.025036e+01   9.646646e-20   3.065352e-03   8.120613e-21   408754
  1.026098e+01   1.067235e-19   3.064549e-03   8.272832e-21   394612
  1.027160e+01   8.236261e-20   3.064825e-03   8.398096e-21   380826
  1.028223e+01   9.142961e-20   3.063635e-03   8.504568e-21   367086
  1.029285e+01   1.008438e-19   3.065226e-03   8.643736e-21   353904
  1.030347e+01   1.015242e-19   3.067842e-03   8.849197e-21   341046
  1.031410e+01   8.364569e-20   3.067827e-03   8.956351e-21   328144
  1.032473e+01   1.129037e-19   3.068491e-03   9.155463e-21   315598
  1.033536e+01   1.098376e-19   3.070442e-03   9.343881e-21   303466
  1.034599e+01   8.621368e-20   3.070558e-03   9.504065e-21   291456
  1.035662e+01   8.947354e-20   3.069010e-03   9.700727e-21   279614
  1.036725e+01   1.145921e-19   3.062765e-03   9.890858e-21   267680
  1.037786e+01   9.671614e-20   3.061142e-03   1.010135e-20   256438
  1.038848e+01   9.033374e-20   3.062004e-03   1.029401e-20   245618
  1.039909e+01   1.052023e-19   3.058865e-03   1.058295e-20   234708
  1.040970e+01   1.019940e-19   3.057929e-03   1.081917e-20   224210
  1.042032e+01   7.680553e-20   3.058509e-03   1.102927e-20   214046
  1.043093e+01   8.364968e-20   3.059874e-03   1.124531e-20   204152
  1.044155e+01   1.030141e-19   3.062766e-03   1.151471e-20   194558
  1.045217e+01   8.634182e-20   3.062838e-03   1.181794e-20   185018
  1.046279e+01   1.121748e-19   3.066092e-03   1.215338e-20   175918
  1.047341e+01   1.030042e-19   3.068348e-03   1.240940e-20   166992
  1.048404e+01   1.152958e-19   3.070094e-03   1.284530e-20   158294
  1.049468e+01   1.268499e-19   3.071097e-03   1.318676e-20   149842
  1.050531e+01   9.709482e-20   3.068653e-03   1.350429e-20   141530
  1.051593e+01   5.667992e-20   3.060509e-03   1.397437e-20   133284
  1.052654e+01   9.994177e-20   3.057354e-03   1.441866e-20   125546
  1.053715e+01   1.014086e-19   3.051144e-03   1.497295e-20   117950
  1.054776e+01   7.036659e-20   3.048602e-03   1.534424e-20   110746
  1.055836e+01   7.860414e-20   3.039799e-03   1.576416e-20   103572
  1.056895e+01   1.071855e-19   3.036073e-03   1.645355e-20   96818
  1.057954e+01   8.667071e-20   3.031333e-03   1.706931e-20   90262
  1.059013e+01   6.963337e-20   3.027317e-03   1.776271e-20   83970
  1.060072e+01   1.099842e-19   3.019853e-03   1.848727e-20   77846
  1.061129e+01   9.624186e-20   3.012052e-03   1.908214e-20   71984
  1.062186e+01   8.764968e-20   3.005730e-03   1.990309e-20   66398
  1.063243e+01   9.496048e-20   3.000369e-03   2.077872e-20   61058
  1.064300e+01   1.096107e-19   2.995714e-03   2.167967e-20   55958
  1.065357e+01   1.282437e-19   2.990697e-03   2.295219e-20   51082
  1.066413e+01   1.255266e-19   2.981767e-03   2.402522e-20   46398
  1.067469e+01   4.979585e-20   2.970930e-03   2.517223e-20   41954
  1.068524e+01   1.495555e-19   2.955045e-03   2.671940e-20   37718
  1.069578e+01   1.067557e-19   2.938133e-03   2.796041e-20   33736
  1.070631e+01   1.142072e-19   2.922830e-03   3.000191e-20   30006
  1.071684e+01   1.526617e-19   2.912268e-03   3.227858e-20   26522
  1.072739e+01   1.206191e-19   2.905476e-03   3.449614e-20   23254
  1.073793e+01   7.020465e-20   2.895825e-03   3.636218e-20   20178
  1.074848e+01   -3.025229e-20   2.890787e-03   3.924332e-20   17342
  1.075903e+01   1.121553e-19   2.886580e-03   4.334268e-20   14714
  1.076959e+01   1.446535e-19   2.887906e-03   4.862634e-20   12310
  1.078015e+01   1.153303e-19   2.880436e-03   5.270520e-20   10098
  1.079071e+01   4.965187e-21   2.879327e-03   5.976910e-20   8126
  1.080127e+01   -1.833474e-20   2.877797e-03   6.730861e-20   6362
  1.081184e+01   -6.098920e-20   2.888638e-03   7.497204e-20   4822
  1.082239e+01   1.440696e-19   2.872451e-03   8.577198e-20   3474
  1.083292e+01   1.523680e-19   2.869225e-03   1.132775e-19   2366
  1.084344e+01   4.921734e-20   2.860034e-03   1.509044e-19   1466
  1.085397e+01   1.587027e-19   2.925135e-03   1.964743e-19   790
  1.086426e+01   2.476149e-19   2.767211e-03   3.252942e-19   306
  1.087389e+01   8.363364e-19   2.357714e-03   5.975465e-19   62
