# cross spectrum of phi(z1) and phi(z2)
# redshift z=0.398845
# k              Pk             sigma(k)       sigma(Pk)      count
  7.830312e-03   2.386586e-10   1.198114e-03   5.373240e-11   18
  1.686348e-02   2.824762e-10   2.897918e-03   2.698327e-11   152
  2.725284e-02   1.686812e-10   3.060867e-03   7.891194e-12   416
  3.742835e-02   9.223639e-11   2.912555e-03   3.460251e-12   770
  4.808679e-02   5.766539e-11   3.119650e-03   1.695535e-12   1364
  5.876109e-02   3.782424e-11   3.054550e-03   8.636416e-13   1976
  6.939824e-02   2.866372e-11   3.112555e-03   5.477428e-13   2792
  7.984642e-02   2.085448e-11   2.971805e-03   3.564127e-13   3578
  9.038229e-02   1.489246e-11   3.049521e-03   2.218437e-13   4724
  1.011318e-01   1.099844e-11   3.134595e-03   1.473630e-13   6032
  1.117485e-01   8.513886e-12   3.016599e-03   1.066200e-13   7072
  1.222702e-01   7.148489e-12   3.056387e-03   8.036485e-14   8634
  1.329722e-01   5.996559e-12   3.095256e-03   6.192670e-14   10336
  1.436677e-01   4.833302e-12   3.082009e-03   4.524878e-14   11940
  1.541872e-01   3.862881e-12   3.021465e-03   3.553387e-14   13490
  1.647185e-01   3.201787e-12   3.054444e-03   2.664483e-14   15656
  1.754149e-01   2.671351e-12   3.102608e-03   2.106611e-14   18008
  1.860920e-01   2.325216e-12   3.069464e-03   1.756170e-14   19964
  1.966957e-01   2.006695e-12   3.066093e-03   1.455831e-14   22354
  2.072851e-01   1.687630e-12   3.030819e-03   1.172122e-14   24648
  2.179134e-01   1.440540e-12   3.083109e-03   9.453800e-15   27592
  2.285517e-01   1.251195e-12   3.075318e-03   8.063209e-15   30152
  2.391687e-01   1.090575e-12   3.069056e-03   6.810983e-15   33046
  2.497808e-01   9.745368e-13   3.053846e-03   5.865754e-15   35992
  2.604233e-01   8.637584e-13   3.074764e-03   5.067106e-15   39304
  2.710722e-01   7.671751e-13   3.082145e-03   4.321600e-15   42608
  2.817050e-01   6.717848e-13   3.058267e-03   3.727336e-15   45758
  2.923349e-01   5.865206e-13   3.072286e-03   3.218041e-15   49536
  3.029238e-01   5.257852e-13   3.039208e-03   2.805404e-15   52488
  3.135134e-01   4.766321e-13   3.084628e-03   2.491193e-15   57034
  3.241511e-01   4.150020e-13   3.061146e-03   2.139805e-15   60648
  3.347969e-01   3.792590e-13   3.076329e-03   1.924162e-15   65044
  3.454223e-01   3.418506e-13   3.057760e-03   1.708642e-15   68720
  3.560505e-01   3.034500e-13   3.078281e-03   1.508659e-15   73538
  3.667175e-01   2.746175e-13   3.076939e-03   1.355243e-15   78080
  3.773260e-01   2.504524e-13   3.039859e-03   1.231525e-15   81572
  3.879192e-01   2.253861e-13   3.081238e-03   1.101188e-15   87248
  3.985882e-01   2.019996e-13   3.084591e-03   9.839575e-16   92266
  4.092322e-01   1.850184e-13   3.063169e-03   9.008291e-16   96696
  4.198039e-01   1.655707e-13   3.037602e-03   8.145590e-16   100904
  4.303789e-01   1.518455e-13   3.065517e-03   7.404905e-16   107036
  4.410480e-01   1.389419e-13   3.089487e-03   6.693132e-16   113362
  4.517307e-01   1.255425e-13   3.072092e-03   6.094995e-16   118176
  4.623378e-01   1.139516e-13   3.054661e-03   5.688117e-16   122944
  4.729644e-01   1.042867e-13   3.083007e-03   5.200399e-16   129902
  4.836049e-01   9.369438e-14   3.061727e-03   4.735616e-16   134944
  4.942158e-01   8.719084e-14   3.064979e-03   4.412203e-16   140952
  5.048213e-01   7.789212e-14   3.064662e-03   4.061388e-16   147072
  5.154342e-01   7.130842e-14   3.060800e-03   3.737438e-16   153382
  5.260893e-01   6.496549e-14   3.082622e-03   3.447101e-16   160952
  5.367508e-01   5.934768e-14   3.070294e-03   3.208775e-16   166640
  5.473579e-01   5.553613e-14   3.057153e-03   3.011173e-16   172448
  5.579787e-01   4.994307e-14   3.077577e-03   2.796835e-16   180594
  5.686178e-01   4.587278e-14   3.060710e-03   2.610526e-16   186556
  5.792219e-01   4.210060e-14   3.063394e-03   2.424962e-16   193528
  5.898242e-01   3.806459e-14   3.060684e-03   2.278762e-16   200626
  6.004609e-01   3.512676e-14   3.076604e-03   2.119546e-16   209256
  6.111150e-01   3.205867e-14   3.069663e-03   1.998872e-16   216020
  6.217510e-01   2.948702e-14   3.075746e-03   1.883403e-16   223768
  6.323610e-01   2.665149e-14   3.055783e-03   1.778429e-16   230234
  6.429887e-01   2.460409e-14   3.074922e-03   1.665418e-16   239800
  6.536248e-01   2.277534e-14   3.063054e-03   1.574057e-16   246568
  6.642393e-01   2.107282e-14   3.068328e-03   1.498593e-16   254828
  6.748534e-01   1.909847e-14   3.064424e-03   1.402583e-16   263074
  6.854951e-01   1.720861e-14   3.071509e-03   1.327253e-16   272312
  6.961385e-01   1.617062e-14   3.070197e-03   1.262029e-16   280376
  7.067732e-01   1.470442e-14   3.071500e-03   1.196374e-16   288884
  7.174012e-01   1.322698e-14   3.068501e-03   1.128494e-16   297602
  7.280177e-01   1.257969e-14   3.057614e-03   1.079458e-16   305520
  7.386402e-01   1.149830e-14   3.075198e-03   1.019467e-16   315976
  7.492461e-01   1.019984e-14   3.052723e-03   9.773463e-17   322778
  7.598720e-01   9.612342e-15   3.080021e-03   9.280663e-17   335372
  7.705286e-01   8.715054e-15   3.068318e-03   8.794274e-17   343464
  7.811635e-01   8.122529e-15   3.070705e-03   8.403730e-17   352912
  7.917934e-01   7.403889e-15   3.070498e-03   8.041373e-17   362666
  8.024224e-01   6.871216e-15   3.063690e-03   7.647996e-17   371884
  8.130465e-01   6.183068e-15   3.069929e-03   7.304905e-17   382280
  8.236583e-01   5.724675e-15   3.060755e-03   7.024318e-17   390888
  8.342648e-01   5.259995e-15   3.067168e-03   6.716269e-17   402234
  8.448912e-01   4.610469e-15   3.064832e-03   6.425170e-17   412576
  8.555263e-01   4.382000e-15   3.071788e-03   6.119070e-17   423732
  8.661590e-01   3.980009e-15   3.068142e-03   5.891417e-17   433624
  8.767950e-01   3.749249e-15   3.072203e-03   5.632606e-17   445154
  8.874347e-01   3.409125e-15   3.069139e-03   5.404129e-17   455584
  8.980596e-01   3.083987e-15   3.064716e-03   5.203057e-17   465588
  9.086714e-01   2.860326e-15   3.065163e-03   4.980707e-17   476762
  9.193048e-01   2.653859e-15   3.073106e-03   4.794161e-17   489552
  9.299472e-01   2.518580e-15   3.069632e-03   4.623018e-17   500328
  9.405628e-01   2.327089e-15   3.059261e-03   4.434271e-17   509852
  9.511854e-01   2.092438e-15   3.074339e-03   4.258491e-17   524234
  9.618189e-01   1.875135e-15   3.061952e-03   4.106824e-17   534104
  9.724448e-01   1.812740e-15   3.070528e-03   3.930481e-17   547048
  9.830800e-01   1.467959e-15   3.073862e-03   3.798563e-17   559328
  9.937180e-01   1.486831e-15   3.070866e-03   3.662592e-17   571326
  1.004339e+00   1.373284e-15   3.060367e-03   3.549043e-17   581920
  1.014951e+00   1.196575e-15   3.064588e-03   3.418360e-17   594832
  1.025571e+00   1.153280e-15   3.068054e-03   3.301014e-17   608048
  1.036206e+00   1.083781e-15   3.070252e-03   3.178957e-17   621526
  1.046839e+00   9.857650e-16   3.066112e-03   3.062679e-17   633240
  1.057456e+00   9.796191e-16   3.064953e-03   2.966435e-17   645472
  1.068086e+00   8.660137e-16   3.075342e-03   2.863752e-17   660906
  1.078726e+00   8.023261e-16   3.067576e-03   2.775080e-17   672856
  1.089356e+00   7.139143e-16   3.067094e-03   2.667990e-17   685980
  1.099980e+00   6.861632e-16   3.067978e-03   2.588584e-17   699256
  1.110619e+00   6.307954e-16   3.074976e-03   2.490199e-17   714730
  1.121246e+00   6.401956e-16   3.059348e-03   2.425606e-17   725152
  1.131863e+00   5.486208e-16   3.067634e-03   2.337685e-17   740420
  1.142485e+00   4.593023e-16   3.069089e-03   2.270148e-17   754312
  1.153114e+00   4.206655e-16   3.069897e-03   2.198761e-17   769114
  1.163749e+00   4.254412e-16   3.069209e-03   2.125109e-17   783488
  1.174365e+00   4.305558e-16   3.058900e-03   2.058593e-17   794968
  1.184981e+00   4.096162e-16   3.070107e-03   1.995467e-17   812366
  1.195609e+00   3.558092e-16   3.065134e-03   1.938123e-17   825976
  1.206250e+00   2.979464e-16   3.075220e-03   1.879077e-17   843352
  1.216898e+00   2.528553e-16   3.073224e-03   1.824129e-17   857280
  1.227524e+00   3.036135e-16   3.063189e-03   1.773072e-17   869542
  1.238147e+00   2.583553e-16   3.070752e-03   1.712616e-17   887128
  1.248772e+00   2.870106e-16   3.063166e-03   1.669809e-17   900032
  1.259388e+00   2.423310e-16   3.067377e-03   1.615662e-17   916560
  1.270005e+00   1.956158e-16   3.061783e-03   1.574940e-17   930922
  1.280635e+00   2.174069e-16   3.071795e-03   1.520945e-17   949844
  1.291287e+00   2.275132e-16   3.076939e-03   1.479684e-17   966736
  1.301925e+00   1.613420e-16   3.065819e-03   1.441291e-17   978776
  1.312537e+00   1.724726e-16   3.064137e-03   1.399678e-17   994522
  1.323161e+00   1.569917e-16   3.068907e-03   1.362320e-17   1012420
  1.333794e+00   1.496021e-16   3.071598e-03   1.323340e-17   1029408
  1.344410e+00   1.605160e-16   3.058405e-03   1.290868e-17   1041658
  1.355032e+00   1.813986e-16   3.072381e-03   1.250128e-17   1063520
  1.365659e+00   1.587451e-16   3.060689e-03   1.220307e-17   1075808
  1.376294e+00   1.411228e-16   3.080019e-03   1.184487e-17   1098956
  1.386928e+00   1.394302e-16   3.061670e-03   1.154102e-17   1109810
  1.397545e+00   1.279346e-16   3.065288e-03   1.122271e-17   1128608
  1.408178e+00   1.096286e-16   3.073589e-03   1.095343e-17   1148264
  1.418813e+00   1.153583e-16   3.067917e-03   1.065935e-17   1163252
  1.429436e+00   1.094040e-16   3.067070e-03   1.038349e-17   1181042
  1.440060e+00   1.062062e-16   3.064325e-03   1.010085e-17   1197848
  1.450692e+00   9.110203e-17   3.073737e-03   9.863783e-18   1218848
  1.461323e+00   9.453462e-17   3.064859e-03   9.604532e-18   1232916
  1.471945e+00   9.986487e-17   3.068844e-03   9.353488e-18   1253002
  1.482566e+00   9.720565e-17   3.062284e-03   9.120536e-18   1268576
  1.493191e+00   6.989464e-17   3.071552e-03   8.911146e-18   1290128
  1.503822e+00   8.808083e-17   3.068342e-03   8.695363e-18   1307402
  1.514455e+00   9.536305e-17   3.069122e-03   8.420869e-18   1327028
  1.525083e+00   7.519570e-17   3.064970e-03   8.267588e-18   1343648
  1.535711e+00   6.516834e-17   3.070217e-03   8.048510e-18   1364096
  1.546341e+00   6.841964e-17   3.068950e-03   7.850208e-18   1382730
  1.556974e+00   6.632249e-17   3.068757e-03   7.672767e-18   1402164
  1.567604e+00   6.425484e-17   3.068159e-03   7.466536e-18   1420464
  1.578221e+00   6.000129e-17   3.063798e-03   7.308897e-18   1437368
  1.588847e+00   4.584830e-17   3.072142e-03   7.120615e-18   1461530
  1.599480e+00   5.557604e-17   3.065069e-03   6.947181e-18   1478264
  1.610108e+00   5.613870e-17   3.068902e-03   6.802833e-18   1499356
  1.620732e+00   7.616782e-17   3.065238e-03   6.620149e-18   1517016
  1.631360e+00   3.195871e-17   3.070849e-03   6.474353e-18   1540090
  1.641988e+00   3.912823e-17   3.065366e-03   6.340698e-18   1557360
  1.652609e+00   5.182042e-17   3.066926e-03   6.166749e-18   1577780
  1.663242e+00   4.773064e-17   3.075107e-03   6.030158e-18   1602578
  1.673875e+00   5.240439e-17   3.063542e-03   5.907634e-18   1617672
  1.684498e+00   4.541400e-17   3.069033e-03   5.771408e-18   1641016
  1.695122e+00   4.565627e-17   3.065080e-03   5.646826e-18   1659416
  1.705746e+00   5.608006e-17   3.068431e-03   5.512923e-18   1682670
  1.716382e+00   4.354354e-17   3.070690e-03   5.394297e-18   1705256
  1.727024e+00   3.069312e-17   3.071890e-03   5.257779e-18   1726312
  1.737645e+00   4.430124e-17   3.062639e-03   5.157364e-18   1741880
  1.748261e+00   4.207967e-17   3.067156e-03   5.042167e-18   1766454
  1.758897e+00   4.241048e-17   3.073105e-03   4.929285e-18   1791784
  1.769528e+00   2.491687e-17   3.063894e-03   4.826630e-18   1807712
  1.780139e+00   2.417038e-17   3.062775e-03   4.721910e-18   1829002
  1.790759e+00   2.821613e-17   3.067263e-03   4.604722e-18   1854216
  1.801400e+00   2.046253e-17   3.074631e-03   4.516252e-18   1880156
  1.812037e+00   2.217205e-17   3.068349e-03   4.421270e-18   1897568
  1.822663e+00   3.586617e-17   3.068475e-03   4.326175e-18   1920458
  1.833288e+00   3.138024e-17   3.065997e-03   4.237624e-18   1942208
  1.843915e+00   3.331878e-17   3.067813e-03   4.142992e-18   1965612
  1.854544e+00   3.075093e-17   3.069639e-03   4.053581e-18   1989000
  1.865168e+00   2.605387e-17   3.064465e-03   3.971165e-18   2009114
  1.875791e+00   1.880750e-17   3.067400e-03   3.882104e-18   2034464
  1.886424e+00   2.142818e-17   3.070174e-03   3.811160e-18   2058476
  1.897052e+00   2.422496e-17   3.068039e-03   3.726029e-18   2079648
  1.907673e+00   3.082275e-17   3.065891e-03   3.647224e-18   2102578
  1.918306e+00   2.237872e-17   3.070742e-03   3.573687e-18   2129928
  1.928942e+00   2.248764e-17   3.069733e-03   3.504780e-18   2152096
  1.939563e+00   2.544282e-17   3.062858e-03   3.443659e-18   2171142
  1.950185e+00   2.413773e-17   3.069150e-03   3.364401e-18   2200248
  1.960824e+00   2.476380e-17   3.071017e-03   3.295315e-18   2225216
  1.971460e+00   2.250590e-17   3.070942e-03   3.232529e-18   2248448
  1.982084e+00   9.961181e-18   3.064272e-03   3.166303e-18   2267942
  1.992710e+00   1.819336e-17   3.071051e-03   3.102694e-18   2298072
  2.003337e+00   1.255250e-17   3.064068e-03   3.040839e-18   2317272
  2.013961e+00   2.249571e-17   3.069747e-03   2.982299e-18   2345808
  2.024580e+00   1.640943e-17   3.062469e-03   2.925751e-18   2365650
  2.035206e+00   1.460507e-17   3.069930e-03   2.867648e-18   2396940
  2.045842e+00   1.189585e-17   3.069936e-03   2.809584e-18   2421272
  2.056473e+00   2.033842e-17   3.068399e-03   2.761534e-18   2444576
  2.067102e+00   1.787382e-17   3.069748e-03   2.697939e-18   2471490
  2.077728e+00   1.516510e-17   3.064854e-03   2.657617e-18   2493180
  2.088349e+00   1.251161e-17   3.068019e-03   2.600423e-18   2520952
  2.098972e+00   1.815967e-17   3.065319e-03   2.553617e-18   2544946
  2.109598e+00   1.316485e-17   3.068311e-03   2.498554e-18   2573856
  2.120230e+00   1.450867e-17   3.069026e-03   2.448925e-18   2600016
  2.130862e+00   1.746447e-17   3.069102e-03   2.406515e-18   2625484
  2.141490e+00   1.525534e-17   3.068080e-03   2.362718e-18   2651122
  2.152130e+00   1.794227e-17   3.074348e-03   2.316881e-18   2683488
  2.162754e+00   1.623092e-17   3.059466e-03   2.275412e-18   2696352
  2.173371e+00   1.463257e-17   3.071171e-03   2.231121e-18   2733020
  2.184002e+00   1.546666e-17   3.067530e-03   2.188039e-18   2757378
  2.194631e+00   1.719365e-17   3.067942e-03   2.150093e-18   2784864
  2.205259e+00   2.016706e-17   3.067811e-03   2.110691e-18   2811168
  2.215874e+00   1.017374e-17   3.061061e-03   2.072090e-18   2832274
  2.226505e+00   1.557860e-17   3.075611e-03   2.031056e-18   2873636
  2.237142e+00   1.486983e-17   3.064877e-03   1.994739e-18   2890496
  2.247766e+00   1.360912e-17   3.069851e-03   1.957759e-18   2921800
  2.258399e+00   1.779456e-17   3.071101e-03   1.922823e-18   2951298
  2.269032e+00   1.631840e-17   3.066274e-03   1.892292e-18   2975476
  2.279663e+00   1.550045e-17   3.071375e-03   1.855289e-18   3007728
  2.290285e+00   1.039943e-17   3.061886e-03   1.822696e-18   3025776
  2.300910e+00   1.466857e-17   3.072955e-03   1.787861e-18   3065762
  2.311540e+00   1.476413e-17   3.063208e-03   1.759193e-18   3084856
  2.322162e+00   1.298036e-17   3.068985e-03   1.724637e-18   3118044
  2.332782e+00   1.240073e-17   3.064319e-03   1.697109e-18   3141352
  2.343410e+00   1.250630e-17   3.072036e-03   1.664352e-18   3179274
  2.354046e+00   1.066646e-17   3.067682e-03   1.634177e-18   3204120
  2.364668e+00   1.589996e-17   3.063610e-03   1.606844e-18   3227900
  2.375288e+00   1.476131e-17   3.068722e-03   1.578688e-18   3262394
  2.385925e+00   1.652563e-17   3.071814e-03   1.550744e-18   3295680
  2.396559e+00   1.271581e-17   3.067166e-03   1.523611e-18   3319560
  2.407184e+00   1.335472e-17   3.068070e-03   1.498512e-18   3348972
  2.417810e+00   1.051171e-17   3.068540e-03   1.471287e-18   3379722
  2.428441e+00   1.428793e-17   3.068348e-03   1.445763e-18   3410720
  2.439075e+00   1.228004e-17   3.069517e-03   1.422987e-18   3441504
  2.449697e+00   1.323015e-17   3.063301e-03   1.397673e-18   3463624
  2.460317e+00   1.040266e-17   3.068043e-03   1.375935e-18   3499790
  2.470951e+00   7.349472e-18   3.070702e-03   1.348148e-18   3533560
  2.481588e+00   8.234677e-18   3.069830e-03   1.326618e-18   3561920
  2.492209e+00   9.279239e-18   3.064208e-03   1.305115e-18   3585208
  2.502830e+00   1.043753e-17   3.069185e-03   1.280352e-18   3622518
  2.513468e+00   9.444508e-18   3.072344e-03   1.259743e-18   3657584
  2.524094e+00   1.003470e-17   3.062507e-03   1.239828e-18   3676440
  2.534707e+00   8.320424e-18   3.065232e-03   1.219933e-18   3711282
  2.545334e+00   8.076344e-18   3.068763e-03   1.198388e-18   3747696
  2.555965e+00   7.163977e-18   3.067225e-03   1.177684e-18   3776188
  2.566601e+00   8.391387e-18   3.074483e-03   1.159709e-18   3815304
  2.577232e+00   7.356245e-18   3.064660e-03   1.139744e-18   3835370
  2.587856e+00   9.548172e-18   3.068926e-03   1.121389e-18   3873424
  2.598487e+00   6.270228e-18   3.067978e-03   1.103712e-18   3903420
  2.609117e+00   9.447644e-18   3.070036e-03   1.084257e-18   3937624
  2.619745e+00   9.762724e-18   3.066011e-03   1.065743e-18   3965658
  2.630375e+00   1.122371e-17   3.069802e-03   1.049168e-18   4002984
  2.641001e+00   8.129569e-18   3.065136e-03   1.032096e-18   4027928
  2.651616e+00   7.591589e-18   3.064941e-03   1.015275e-18   4059844
  2.662241e+00   5.308231e-18   3.069945e-03   9.996416e-19   4100338
  2.672876e+00   5.505828e-18   3.069128e-03   9.825271e-19   4132264
  2.683506e+00   7.181259e-18   3.068474e-03   9.666773e-19   4163216
  2.694131e+00   6.865236e-18   3.066146e-03   9.514873e-19   4193350
  2.704761e+00   6.499921e-18   3.071068e-03   9.352274e-19   4234456
  2.715390e+00   4.200248e-18   3.064079e-03   9.220435e-19   4257264
  2.726012e+00   8.402309e-18   3.069774e-03   9.053258e-19   4297352
  2.736640e+00   7.716352e-18   3.067495e-03   8.919294e-19   4328642
  2.747272e+00   5.771363e-18   3.070663e-03   8.771604e-19   4367948
  2.757895e+00   5.253039e-18   3.061799e-03   8.647244e-19   4388384
  2.768519e+00   4.482422e-18   3.072247e-03   8.494722e-19   4436648
  2.779154e+00   7.248576e-18   3.067997e-03   8.372150e-19   4465658
  2.789787e+00   5.736724e-18   3.069677e-03   8.237077e-19   4502948
  2.800413e+00   5.420449e-18   3.064787e-03   8.106005e-19   4528880
  2.811033e+00   6.400609e-18   3.067181e-03   7.981965e-19   4566290
  2.821663e+00   7.233091e-18   3.070655e-03   7.858219e-19   4606856
  2.832293e+00   6.369974e-18   3.066552e-03   7.740212e-19   4635380
  2.842916e+00   8.340652e-18   3.067131e-03   7.617963e-19   4670384
  2.853543e+00   5.001282e-18   3.069161e-03   7.496936e-19   4709258
  2.864179e+00   4.514432e-18   3.070324e-03   7.381639e-19   4747352
  2.874805e+00   7.790815e-18   3.063655e-03   7.280622e-19   4771664
  2.885427e+00   4.625331e-18   3.068600e-03   7.162622e-19   4813532
  2.896058e+00   6.780614e-18   3.070437e-03   7.052613e-19   4852322
  2.906693e+00   8.072556e-18   3.069013e-03   6.941452e-19   4886480
  2.917320e+00   6.347934e-18   3.066289e-03   6.843960e-19   4917248
  2.927939e+00   4.019965e-18   3.065099e-03   6.728312e-19   4950828
  2.938569e+00   5.511978e-18   3.072788e-03   6.628516e-19   5000170
  2.949204e+00   6.469979e-18   3.066857e-03   6.540407e-19   5026952
  2.959825e+00   5.571627e-18   3.064676e-03   6.434570e-19   5058752
  2.970445e+00   5.781986e-18   3.067741e-03   6.331251e-19   5100722
  2.981076e+00   5.552676e-18   3.068979e-03   6.238095e-19   5140124
  2.991706e+00   4.360263e-18   3.067937e-03   6.138127e-19   5174072
  3.002335e+00   3.983532e-18   3.068928e-03   6.052990e-19   5211608
  3.012962e+00   4.167661e-18   3.067917e-03   5.966163e-19   5247794
  3.023589e+00   6.294144e-18   3.066908e-03   5.873004e-19   5284196
  3.034222e+00   4.562105e-18   3.071657e-03   5.777730e-19   5328800
  3.044847e+00   5.915685e-18   3.063109e-03   5.711002e-19   5350872
  3.055470e+00   5.211638e-18   3.069608e-03   5.621276e-19   5400634
  3.066097e+00   4.843715e-18   3.065291e-03   5.537856e-19   5430968
  3.076725e+00   4.135339e-18   3.070185e-03   5.449048e-19   5475908
  3.087355e+00   3.730553e-18   3.068352e-03   5.376274e-19   5510016
  3.097986e+00   4.282396e-18   3.069695e-03   5.290405e-19   5552114
  3.108620e+00   4.541913e-18   3.068841e-03   5.221013e-19   5588944
  3.119249e+00   4.273086e-18   3.067703e-03   5.142385e-19   5623828
  3.129873e+00   4.990612e-18   3.066629e-03   5.070472e-19   5660722
  3.140497e+00   4.384348e-18   3.066422e-03   4.997337e-19   5699896
  3.151124e+00   5.377476e-18   3.068968e-03   4.913044e-19   5741936
  3.161754e+00   4.269952e-18   3.069010e-03   4.850365e-19   5779568
  3.172381e+00   5.158796e-18   3.067639e-03   4.777452e-19   5817222
  3.183006e+00   4.496496e-18   3.066013e-03   4.715535e-19   5854600
  3.193635e+00   3.185201e-18   3.069791e-03   4.640258e-19   5900040
  3.204262e+00   3.606092e-18   3.066501e-03   4.575414e-19   5931976
  3.214890e+00   3.237414e-18   3.070101e-03   4.511159e-19   5979390
  3.225518e+00   3.480304e-18   3.065321e-03   4.449169e-19   6010200
  3.236144e+00   3.423755e-18   3.069327e-03   4.382962e-19   6056496
  3.246769e+00   3.680199e-18   3.066211e-03   4.324841e-19   6089504
  3.257396e+00   4.151391e-18   3.069391e-03   4.253648e-19   6137114
  3.268025e+00   3.859593e-18   3.067201e-03   4.201614e-19   6173332
  3.278652e+00   3.423668e-18   3.067882e-03   4.138960e-19   6214128
  3.289279e+00   3.358234e-18   3.067306e-03   4.078994e-19   6253874
  3.299910e+00   4.519254e-18   3.069629e-03   4.023097e-19   6300104
  3.310539e+00   3.403160e-18   3.066365e-03   3.963529e-19   6332612
  3.321166e+00   3.229241e-18   3.070240e-03   3.910728e-19   6379768
  3.331797e+00   2.893957e-18   3.068597e-03   3.857746e-19   6418218
  3.342427e+00   3.881378e-18   3.068360e-03   3.803422e-19   6459880
  3.353052e+00   3.633405e-18   3.066116e-03   3.748040e-19   6495652
  3.363680e+00   3.182730e-18   3.070231e-03   3.695668e-19   6545296
  3.374311e+00   2.534773e-18   3.067227e-03   3.648287e-19   6581570
  3.384935e+00   2.773760e-18   3.065246e-03   3.597492e-19   6618960
  3.395556e+00   2.816928e-18   3.067158e-03   3.547674e-19   6663352
  3.406178e+00   3.624939e-18   3.065376e-03   3.499564e-19   6701334
  3.416809e+00   1.903519e-18   3.072512e-03   3.447603e-19   6759920
  3.427444e+00   2.097139e-18   3.067179e-03   3.401334e-19   6789696
  3.438073e+00   3.281195e-18   3.069955e-03   3.355666e-19   6837208
  3.448703e+00   1.917871e-18   3.067492e-03   3.311297e-19   6874966
  3.459333e+00   2.309264e-18   3.068613e-03   3.264350e-19   6920864
  3.469960e+00   2.096586e-18   3.066758e-03   3.221445e-19   6957816
  3.480585e+00   2.561068e-18   3.068144e-03   3.175283e-19   7002232
  3.491208e+00   2.956839e-18   3.066540e-03   3.135640e-19   7043114
  3.501840e+00   1.678137e-18   3.070403e-03   3.090211e-19   7096020
  3.512471e+00   2.475172e-18   3.067394e-03   3.049329e-19   7130640
  3.523097e+00   1.862735e-18   3.068276e-03   3.006403e-19   7175472
  3.533723e+00   2.336079e-18   3.067248e-03   2.966693e-19   7217786
  3.544353e+00   1.851984e-18   3.068999e-03   2.925078e-19   7265564
  3.554979e+00   1.959446e-18   3.066319e-03   2.888615e-19   7301288
  3.565600e+00   2.327579e-18   3.066375e-03   2.849878e-19   7345330
  3.576227e+00   2.069906e-18   3.069052e-03   2.812380e-19   7397048
  3.586856e+00   2.273444e-18   3.067039e-03   2.772805e-19   7435920
  3.597485e+00   2.008795e-18   3.069220e-03   2.737134e-19   7484140
  3.608113e+00   2.733208e-18   3.067643e-03   2.700831e-19   7525578
  3.618741e+00   2.622804e-18   3.067518e-03   2.664280e-19   7571376
  3.629371e+00   2.633286e-18   3.068480e-03   2.626724e-19   7617064
  3.640002e+00   1.747291e-18   3.069456e-03   2.593911e-19   7662092
  3.650627e+00   2.032744e-18   3.066324e-03   2.560553e-19   7699658
  3.661254e+00   1.164371e-18   3.068945e-03   2.524847e-19   7752416
  3.671886e+00   2.137419e-18   3.069408e-03   2.496212e-19   7797776
  3.682511e+00   1.809273e-18   3.065176e-03   2.462042e-19   7831720
  3.693136e+00   1.987350e-18   3.069723e-03   2.428481e-19   7889926
  3.703768e+00   1.369251e-18   3.067981e-03   2.395116e-19   7931480
  3.714397e+00   1.886198e-18   3.068251e-03   2.366266e-19   7976688
  3.725016e+00   1.847613e-18   3.062621e-03   2.337536e-19   8007786
  3.735639e+00   1.663883e-18   3.070332e-03   2.306867e-19   8074564
  3.746275e+00   1.417249e-18   3.070085e-03   2.274752e-19   8118904
  3.756904e+00   1.904624e-18   3.066957e-03   2.246452e-19   8155824
  3.767533e+00   1.805273e-18   3.070641e-03   2.216112e-19   8212802
  3.778161e+00   1.871242e-18   3.065118e-03   2.188225e-19   8245268
  3.788791e+00   1.680669e-18   3.071754e-03   2.157095e-19   8308816
  3.799422e+00   1.694817e-18   3.066301e-03   2.132445e-19   8340304
  3.810044e+00   1.794952e-18   3.066222e-03   2.105640e-19   8387738
  3.820668e+00   1.400635e-18   3.067207e-03   2.076708e-19   8437624
  3.831296e+00   1.660700e-18   3.068826e-03   2.052291e-19   8487796
  3.841921e+00   1.527381e-18   3.066430e-03   2.025084e-19   8527936
  3.852549e+00   1.500910e-18   3.069409e-03   1.998712e-19   8585122
  3.863180e+00   1.644008e-18   3.067925e-03   1.973881e-19   8628200
  3.873811e+00   1.087883e-18   3.069670e-03   1.947961e-19   8679484
  3.884439e+00   1.069874e-18   3.067320e-03   1.925311e-19   8721466
  3.895064e+00   1.715796e-18   3.065795e-03   1.900234e-19   8765840
  3.905692e+00   1.390985e-18   3.070355e-03   1.875404e-19   8825136
  3.916320e+00   1.786193e-18   3.066753e-03   1.853303e-19   8861768
  3.926948e+00   1.604823e-18   3.069321e-03   1.827849e-19   8919278
  3.937577e+00   1.740186e-18   3.066595e-03   1.805616e-19   8961008
  3.948205e+00   1.562854e-18   3.068779e-03   1.782814e-19   9014456
  3.958835e+00   1.450855e-18   3.068818e-03   1.761740e-19   9062240
  3.969465e+00   1.464022e-18   3.068277e-03   1.739320e-19   9110510
  3.980091e+00   1.629458e-18   3.066455e-03   1.715707e-19   9154048
  3.990712e+00   1.086981e-18   3.065703e-03   1.697334e-19   9198928
  4.001336e+00   6.667182e-19   3.068826e-03   1.674500e-19   9257194
  4.011967e+00   1.353201e-18   3.069362e-03   1.654765e-19   9310168
  4.022596e+00   1.378492e-18   3.066324e-03   1.633932e-19   9350316
  4.033222e+00   1.209721e-18   3.069210e-03   1.613204e-19   9407120
  4.043852e+00   1.306594e-18   3.068250e-03   1.594152e-19   9454642
  4.054482e+00   1.201071e-18   3.068405e-03   1.573949e-19   9506272
  4.065111e+00   1.172441e-18   3.067355e-03   1.554203e-19   9551228
  4.075735e+00   1.274947e-18   3.067594e-03   1.536288e-19   9600264
  4.086360e+00   1.302140e-18   3.067530e-03   1.515405e-19   9651458
  4.096991e+00   8.784708e-19   3.070122e-03   1.497366e-19   9711488
  4.107620e+00   1.320852e-18   3.066189e-03   1.480116e-19   9749144
  4.118247e+00   1.555804e-18   3.069033e-03   1.460339e-19   9807908
  4.128876e+00   1.117331e-18   3.067607e-03   1.444240e-19   9854786
  4.139508e+00   7.902910e-19   3.070269e-03   1.424423e-19   9914304
  4.150134e+00   1.394742e-18   3.064668e-03   1.409639e-19   9945544
  4.160753e+00   1.360027e-18   3.066794e-03   1.392287e-19   10003414
  4.171379e+00   1.022380e-18   3.068671e-03   1.373605e-19   10062032
  4.182011e+00   8.750709e-19   3.069142e-03   1.358553e-19   10114792
  4.192645e+00   1.170181e-18   3.070449e-03   1.341577e-19   10169936
  4.203267e+00   1.591547e-18   3.062650e-03   1.327612e-19   10196602
  4.213895e+00   1.119769e-18   3.072265e-03   1.309992e-19   10281156
  4.224526e+00   1.213055e-18   3.065688e-03   1.294794e-19   10309376
  4.235150e+00   9.934882e-19   3.068567e-03   1.278695e-19   10369856
  4.245775e+00   1.018790e-18   3.066063e-03   1.262851e-19   10415370
  4.256404e+00   1.287929e-18   3.070045e-03   1.248350e-19   10481988
  4.267039e+00   7.267272e-19   3.069556e-03   1.232990e-19   10531200
  4.277665e+00   8.290084e-19   3.065408e-03   1.220343e-19   10569416
  4.288289e+00   1.126972e-18   3.068216e-03   1.205687e-19   10633066
  4.298919e+00   8.032950e-19   3.068866e-03   1.191285e-19   10687548
  4.309552e+00   1.259632e-18   3.070419e-03   1.176257e-19   10743968
  4.320180e+00   1.059608e-18   3.065849e-03   1.163083e-19   10782130
  4.330801e+00   8.528608e-19   3.066095e-03   1.150234e-19   10837792
  4.341427e+00   1.052562e-18   3.068321e-03   1.135566e-19   10897368
  4.352058e+00   1.182156e-18   3.069642e-03   1.121667e-19   10953940
  4.362687e+00   1.031760e-18   3.067969e-03   1.110106e-19   11003274
  4.373313e+00   1.216266e-18   3.066343e-03   1.098062e-19   11052800
  4.383943e+00   9.819224e-19   3.070099e-03   1.082931e-19   11118176
  4.394573e+00   1.214900e-18   3.067934e-03   1.070196e-19   11162268
  4.405196e+00   1.023082e-18   3.066117e-03   1.059118e-19   11211458
  4.415820e+00   1.291165e-18   3.067310e-03   1.046702e-19   11271888
  4.426448e+00   1.151161e-18   3.068640e-03   1.035164e-19   11329304
  4.437073e+00   8.135067e-19   3.066385e-03   1.022237e-19   11375026
  4.447701e+00   8.652957e-19   3.069261e-03   1.011253e-19   11442532
  4.458330e+00   6.675338e-19   3.066551e-03   9.989496e-20   11487264
  4.468957e+00   9.714038e-19   3.068098e-03   9.879949e-20   11545680
  4.479587e+00   8.920950e-19   3.069842e-03   9.759146e-20   11607058
  4.490221e+00   6.907609e-19   3.069925e-03   9.645457e-20   11664300
  4.500851e+00   6.709999e-19   3.066963e-03   9.545279e-20   11707488
  4.511474e+00   7.676980e-19   3.066617e-03   9.436060e-20   11759536
  4.522104e+00   9.157780e-19   3.071176e-03   9.319502e-20   11833690
  4.532737e+00   8.090870e-19   3.067542e-03   9.212867e-20   11877808
  4.543362e+00   1.047706e-18   3.065778e-03   9.115516e-20   11925836
  4.553987e+00   8.982978e-19   3.068899e-03   9.014827e-20   11992168
  4.564616e+00   7.021535e-19   3.067784e-03   8.919574e-20   12044554
  4.575242e+00   8.982536e-19   3.067168e-03   8.818321e-20   12098976
  4.585865e+00   7.374928e-19   3.066173e-03   8.719024e-20   12149996
  4.596487e+00   9.341561e-19   3.067038e-03   8.614563e-20   12209594
  4.607117e+00   7.766866e-19   3.069983e-03   8.518228e-20   12279272
  4.617752e+00   7.975592e-19   3.070004e-03   8.421929e-20   12336072
  4.628383e+00   9.186123e-19   3.067416e-03   8.332653e-20   12381744
  4.639009e+00   9.363852e-19   3.068068e-03   8.245256e-20   12441590
  4.649637e+00   9.696233e-19   3.067557e-03   8.150298e-20   12497256
  4.660262e+00   9.835901e-19   3.066825e-03   8.066461e-20   12550032
  4.670884e+00   7.276424e-19   3.066185e-03   7.975180e-20   12603936
  4.681508e+00   7.920681e-19   3.068111e-03   7.877260e-20   12671230
  4.692142e+00   9.739229e-19   3.070828e-03   7.796452e-20   12740920
  4.702775e+00   8.996786e-19   3.067767e-03   7.718932e-20   12784560
  4.713398e+00   6.914152e-19   3.065894e-03   7.626361e-20   12834176
  4.724025e+00   8.556955e-19   3.069663e-03   7.546653e-20   12909006
  4.734656e+00   7.037375e-19   3.068089e-03   7.468433e-20   12959680
  4.745283e+00   8.750079e-19   3.067551e-03   7.380899e-20   13014232
  4.755909e+00   7.379548e-19   3.068154e-03   7.296240e-20   13076514
  4.766534e+00   6.819086e-19   3.065684e-03   7.230482e-20   13127112
  4.777164e+00   7.747738e-19   3.070665e-03   7.137710e-20   13205852
  4.787797e+00   8.113580e-19   3.068206e-03   7.064550e-20   13252032
  4.798423e+00   6.877390e-19   3.066967e-03   6.991625e-20   13307450
  4.809051e+00   6.427872e-19   3.068506e-03   6.918832e-20   13374160
  4.819680e+00   6.773160e-19   3.067567e-03   6.849400e-20   13426348
  4.830308e+00   7.196558e-19   3.069633e-03   6.768668e-20   13492760
  4.840934e+00   9.102692e-19   3.066142e-03   6.700052e-20   13539546
  4.851560e+00   7.594126e-19   3.068338e-03   6.633439e-20   13610704
  4.862187e+00   5.537865e-19   3.066835e-03   6.558950e-20   13662024
  4.872813e+00   7.398924e-19   3.068248e-03   6.489308e-20   13727492
  4.883443e+00   6.531984e-19   3.069111e-03   6.423492e-20   13793394
  4.894073e+00   6.885215e-19   3.067154e-03   6.360830e-20   13844456
  4.904699e+00   7.922857e-19   3.067927e-03   6.290920e-20   13905184
  4.915325e+00   7.070260e-19   3.067971e-03   6.225005e-20   13965958
  4.925951e+00   6.868015e-19   3.067148e-03   6.157609e-20   14025192
  4.936580e+00   5.048961e-19   3.068951e-03   6.093546e-20   14093768
  4.947211e+00   7.473790e-19   3.068454e-03   6.029931e-20   14150440
  4.957840e+00   7.594725e-19   3.068630e-03   5.967479e-20   14213450
  4.968468e+00   7.159711e-19   3.066726e-03   5.910807e-20   14267036
  4.979095e+00   6.326244e-19   3.068568e-03   5.850958e-20   14335032
  4.989722e+00   9.120981e-19   3.067092e-03   5.790537e-20   14387664
  5.000347e+00   6.993124e-19   3.068270e-03   5.727083e-20   14455698
  5.010977e+00   7.032120e-19   3.068677e-03   5.677011e-20   14520452
  5.021607e+00   6.407475e-19   3.068497e-03   5.613542e-20   14580272
  5.032232e+00   6.774839e-19   3.065614e-03   5.559108e-20   14628050
  5.042860e+00   7.420496e-19   3.070982e-03   5.501578e-20   14716744
  5.053489e+00   7.871910e-19   3.065407e-03   5.447708e-20   14751712
  5.064115e+00   5.973007e-19   3.069456e-03   5.393241e-20   14831620
  5.074740e+00   6.285114e-19   3.065470e-03   5.340722e-20   14875522
  5.085366e+00   6.908311e-19   3.068961e-03   5.289746e-20   14956720
  5.095994e+00   7.874272e-19   3.066998e-03   5.235536e-20   15008272
  5.106620e+00   6.167927e-19   3.067783e-03   5.184953e-20   15073780
  5.117248e+00   6.196681e-19   3.069002e-03   5.132599e-20   15144866
  5.127883e+00   7.373049e-19   3.070052e-03   5.083339e-20   15213872
  5.138515e+00   5.690933e-19   3.067931e-03   5.029119e-20   15263976
  5.149140e+00   6.449679e-19   3.066723e-03   4.983640e-20   15320236
  5.159767e+00   6.260844e-19   3.069367e-03   4.935541e-20   15398322
  5.170396e+00   6.683178e-19   3.067121e-03   4.888647e-20   15450864
  5.181021e+00   5.429791e-19   3.067373e-03   4.844322e-20   15513888
  5.191645e+00   6.301385e-19   3.066596e-03   4.797402e-20   15574626
  5.202274e+00   6.322919e-19   3.069893e-03   4.744212e-20   15657956
  5.212904e+00   5.604644e-19   3.066736e-03   4.706799e-20   15704248
  5.223531e+00   7.012435e-19   3.068512e-03   4.659682e-20   15774824
  5.234161e+00   5.883542e-19   3.069354e-03   4.612810e-20   15844898
  5.244790e+00   6.361782e-19   3.066994e-03   4.571537e-20   15898956
  5.255415e+00   5.670361e-19   3.067091e-03   4.526987e-20   15961768
  5.266040e+00   6.201737e-19   3.068481e-03   4.487433e-20   16032208
  5.276669e+00   5.737355e-19   3.068464e-03   4.444096e-20   16099530
  5.287295e+00   6.468492e-19   3.065856e-03   4.403180e-20   16152712
  5.297924e+00   7.381903e-19   3.069693e-03   4.359306e-20   16235740
  5.308553e+00   5.740796e-19   3.067725e-03   4.319007e-20   16288856
  5.319183e+00   6.490372e-19   3.069408e-03   4.285765e-20   16365074
  5.329812e+00   5.319990e-19   3.067066e-03   4.247105e-20   16418248
  5.340434e+00   6.389663e-19   3.065573e-03   4.209609e-20   16473180
  5.351058e+00   4.972915e-19   3.069491e-03   4.165570e-20   16560234
  5.361687e+00   6.066311e-19   3.067046e-03   4.130867e-20   16616088
  5.372317e+00   5.695559e-19   3.069133e-03   4.097407e-20   16693264
  5.382948e+00   5.592925e-19   3.068526e-03   4.057158e-20   16753864
  5.393577e+00   6.309541e-19   3.068569e-03   4.022845e-20   16820702
  5.404204e+00   5.814407e-19   3.066887e-03   3.985824e-20   16879288
  5.414832e+00   5.375347e-19   3.068277e-03   3.956866e-20   16951712
  5.425456e+00   5.939849e-19   3.066689e-03   3.920665e-20   17007560
  5.436084e+00   4.621839e-19   3.069534e-03   3.885870e-20   17092086
  5.446713e+00   5.291797e-19   3.067265e-03   3.851257e-20   17148392
  5.457342e+00   5.911995e-19   3.068696e-03   3.816716e-20   17222288
  5.467971e+00   6.235187e-19   3.068089e-03   3.784464e-20   17285096
  5.478597e+00   4.682287e-19   3.066549e-03   3.756183e-20   17344826
  5.489223e+00   4.093881e-19   3.068300e-03   3.720608e-20   17421236
  5.499853e+00   5.796466e-19   3.069479e-03   3.691403e-20   17494160
  5.510478e+00   4.552899e-19   3.065109e-03   3.664154e-20   17538122
  5.521100e+00   4.686311e-19   3.067347e-03   3.634601e-20   17620136
  5.531731e+00   5.043399e-19   3.069687e-03   3.600253e-20   17700428
  5.542362e+00   5.028372e-19   3.068482e-03   3.572443e-20   17760320
  5.552991e+00   4.806152e-19   3.068060e-03   3.546013e-20   17827562
  5.563619e+00   5.340847e-19   3.067912e-03   3.518146e-20   17895488
  5.574247e+00   4.431846e-19   3.068230e-03   3.488413e-20   17963576
  5.584874e+00   4.358069e-19   3.067616e-03   3.459715e-20   18027500
  5.595502e+00   5.028050e-19   3.068831e-03   3.435298e-20   18105650
  5.606129e+00   4.989564e-19   3.066269e-03   3.406296e-20   18160880
  5.616752e+00   5.436865e-19   3.067084e-03   3.380877e-20   18233144
  5.627379e+00   4.497307e-19   3.067872e-03   3.355305e-20   18307310
  5.638008e+00   5.664667e-19   3.068420e-03   3.332641e-20   18381680
  5.648639e+00   5.506510e-19   3.068723e-03   3.304289e-20   18450536
  5.659270e+00   5.314048e-19   3.069549e-03   3.278275e-20   18522128
  5.669897e+00   4.495366e-19   3.067067e-03   3.252412e-20   18578414
  5.680523e+00   4.783297e-19   3.067781e-03   3.232483e-20   18654304
  5.691150e+00   5.029593e-19   3.067639e-03   3.206987e-20   18722304
  5.701780e+00   5.239812e-19   3.069442e-03   3.184746e-20   18802472
  5.712409e+00   4.377402e-19   3.067729e-03   3.162680e-20   18864266
  5.723037e+00   5.327437e-19   3.067347e-03   3.143129e-20   18933260
  5.733662e+00   5.000896e-19   3.066799e-03   3.117890e-20   18997448
  5.744288e+00   5.131648e-19   3.068953e-03   3.095807e-20   19079816
  5.754917e+00   4.979959e-19   3.067744e-03   3.074856e-20   19145330
  5.765545e+00   4.582537e-19   3.067941e-03   3.053747e-20   19218276
  5.776172e+00   4.935906e-19   3.067784e-03   3.034113e-20   19286200
  5.786797e+00   5.600716e-19   3.066457e-03   3.013394e-20   19349738
  5.797427e+00   5.012353e-19   3.070714e-03   2.994490e-20   19450040
  5.808057e+00   4.691399e-19   3.065907e-03   2.975043e-20   19489688
  5.818683e+00   4.002780e-19   3.068803e-03   2.957425e-20   19576868
  5.829310e+00   5.074689e-19   3.067331e-03   2.937143e-20   19640282
  5.839940e+00   5.327961e-19   3.069683e-03   2.920175e-20   19728800
  5.850566e+00   4.869332e-19   3.065237e-03   2.903762e-20   19770152
  5.861190e+00   4.185758e-19   3.068717e-03   2.882321e-20   19863516
  5.871821e+00   5.099569e-19   3.069639e-03   2.866585e-20   19943594
  5.882452e+00   4.850463e-19   3.067597e-03   2.850581e-20   20003440
  5.893081e+00   5.352692e-19   3.068832e-03   2.832475e-20   20081768
  5.903706e+00   4.647515e-19   3.066188e-03   2.816551e-20   20136200
  5.914335e+00   5.337620e-19   3.070449e-03   2.799363e-20   20238094
  5.924964e+00   4.759343e-19   3.066146e-03   2.786839e-20   20282544
  5.935584e+00   5.225573e-19   3.065727e-03   2.770411e-20   20351720
  5.946209e+00   5.154653e-19   3.068474e-03   2.753584e-20   20444714
  5.956838e+00   5.781428e-19   3.067781e-03   2.742079e-20   20515116
  5.967470e+00   5.075001e-19   3.070149e-03   2.726324e-20   20602384
  5.978102e+00   5.191188e-19   3.068165e-03   2.711789e-20   20659872
  5.988728e+00   4.465722e-19   3.067093e-03   2.697684e-20   20727682
  5.999356e+00   5.702767e-19   3.068732e-03   2.686225e-20   20814416
  6.009986e+00   4.312462e-19   3.068153e-03   2.671888e-20   20881100
  6.020612e+00   5.038580e-19   3.068117e-03   2.659775e-20   20953688
  6.031238e+00   4.682005e-19   3.066654e-03   2.648401e-20   21021050
  6.041866e+00   4.378327e-19   3.068891e-03   2.634795e-20   21111632
  6.052496e+00   4.455905e-19   3.068341e-03   2.623605e-20   21179972
  6.063121e+00   4.738902e-19   3.066368e-03   2.613379e-20   21240488
  6.073747e+00   4.799482e-19   3.068419e-03   2.602071e-20   21331418
  6.084375e+00   4.454423e-19   3.067338e-03   2.592323e-20   21397304
  6.095000e+00   5.154844e-19   3.067405e-03   2.580671e-20   21469764
  6.105627e+00   5.061143e-19   3.068819e-03   2.568507e-20   21556122
  6.116254e+00   4.505963e-19   3.066479e-03   2.563047e-20   21618312
  6.126884e+00   5.009240e-19   3.069809e-03   2.552076e-20   21716096
  6.137516e+00   4.166121e-19   3.068719e-03   2.543259e-20   21781352
  6.148144e+00   5.095528e-19   3.067428e-03   2.532103e-20   21848870
  6.158771e+00   4.944248e-19   3.067652e-03   2.524548e-20   21927536
  6.169400e+00   4.969686e-19   3.068795e-03   2.515614e-20   22008944
  6.180028e+00   5.081146e-19   3.067865e-03   2.508192e-20   22076136
  6.190652e+00   4.714965e-19   3.066547e-03   2.503867e-20   22145270
  6.201282e+00   5.279732e-19   3.070373e-03   2.493676e-20   22250960
  6.211913e+00   4.469321e-19   3.066914e-03   2.488241e-20   22300864
  6.222538e+00   5.418111e-19   3.067186e-03   2.479124e-20   22378586
  6.233165e+00   5.223182e-19   3.068261e-03   2.478478e-20   22464104
  6.243795e+00   5.243631e-19   3.068708e-03   2.468923e-20   22542892
  6.254421e+00   5.185247e-19   3.067123e-03   2.460935e-20   22606008
  6.265047e+00   4.721351e-19   3.067919e-03   2.456321e-20   22690002
  6.275673e+00   4.777852e-19   3.066936e-03   2.453074e-20   22762216
  6.286298e+00   4.456584e-19   3.068880e-03   2.434157e-20   22815779
  6.296927e+00   3.269607e-19   3.067733e-03   2.393623e-20   22772312
  6.307555e+00   3.106673e-19   3.067923e-03   2.352520e-20   22733708
  6.318183e+00   2.539924e-19   3.068441e-03   2.310481e-20   22697672
  6.328811e+00   2.253816e-19   3.067507e-03   2.272258e-20   22651460
  6.339438e+00   2.120352e-19   3.068199e-03   2.230790e-20   22616024
  6.350068e+00   1.793860e-19   3.069309e-03   2.194158e-20   22583496
  6.360694e+00   2.258629e-19   3.065960e-03   2.160162e-20   22519252
  6.371317e+00   1.422720e-19   3.067197e-03   2.125470e-20   22488992
  6.381944e+00   1.525798e-19   3.067780e-03   2.088599e-20   22453172
  6.392574e+00   1.450395e-19   3.069105e-03   2.057133e-20   22420584
  6.403204e+00   1.772331e-19   3.068296e-03   2.023277e-20   22371700
  6.413832e+00   1.998487e-19   3.068296e-03   1.993136e-20   22329896
  6.424460e+00   1.427274e-19   3.067512e-03   1.962752e-20   22282876
  6.435088e+00   1.502420e-19   3.068899e-03   1.930856e-20   22250692
  6.445715e+00   1.517313e-19   3.066872e-03   1.904572e-20   22194436
  6.456340e+00   8.163771e-20   3.066996e-03   1.874640e-20   22153540
  6.466968e+00   1.378400e-19   3.068722e-03   1.844744e-20   22122584
  6.477597e+00   1.792857e-19   3.067957e-03   1.820246e-20   22073004
  6.488227e+00   1.249411e-19   3.069406e-03   1.792962e-20   22039640
  6.498854e+00   1.595486e-19   3.066107e-03   1.766061e-20   21971624
  6.509482e+00   1.462328e-19   3.070097e-03   1.742581e-20   21955708
  6.520106e+00   1.010383e-19   3.063845e-03   1.716704e-20   21867720
  6.530733e+00   1.138723e-19   3.071600e-03   1.691808e-20   21878900
  6.541363e+00   1.092289e-19   3.065935e-03   1.670809e-20   21794260
  6.551990e+00   1.452258e-19   3.068881e-03   1.646663e-20   21770256
  6.562619e+00   1.128031e-19   3.068010e-03   1.623398e-20   21718124
  6.573247e+00   1.201249e-19   3.067905e-03   1.602687e-20   21671096
  6.583874e+00   9.354142e-20   3.067932e-03   1.579989e-20   21625412
  6.594503e+00   1.110806e-19   3.069070e-03   1.559523e-20   21587284
  6.605129e+00   1.177347e-19   3.066010e-03   1.539414e-20   21519648
  6.615755e+00   8.319444e-20   3.068792e-03   1.519106e-20   21493344
  6.626384e+00   8.823067e-20   3.067812e-03   1.499521e-20   21439360
  6.637013e+00   1.004870e-19   3.068679e-03   1.478801e-20   21398900
  6.647644e+00   8.569205e-20   3.068668e-03   1.459393e-20   21351488
  6.658271e+00   7.730218e-20   3.066526e-03   1.443324e-20   21288012
  6.668898e+00   8.314790e-20   3.068796e-03   1.424394e-20   21255052
  6.679525e+00   9.145126e-20   3.067400e-03   1.406566e-20   21196928
  6.690151e+00   9.705488e-20   3.067431e-03   1.390392e-20   21149036
  6.700778e+00   1.130131e-19   3.068015e-03   1.371585e-20   21105304
  6.711407e+00   1.051147e-19   3.068524e-03   1.354973e-20   21059992
  6.722038e+00   9.614833e-20   3.069263e-03   1.339461e-20   21014904
  6.732667e+00   8.617661e-20   3.067536e-03   1.323806e-20   20953620
  6.743293e+00   1.096435e-19   3.067478e-03   1.308569e-20   20902948
  6.753920e+00   1.106917e-19   3.068064e-03   1.291775e-20   20856528
  6.764548e+00   9.444282e-20   3.068448e-03   1.275501e-20   20808868
  6.775174e+00   1.001336e-19   3.066599e-03   1.262038e-20   20746700
  6.785798e+00   8.787200e-20   3.066925e-03   1.246654e-20   20699040
  6.796428e+00   6.316577e-20   3.069860e-03   1.233090e-20   20667584
  6.807054e+00   1.004291e-19   3.064988e-03   1.219596e-20   20583320
  6.817679e+00   1.048948e-19   3.069606e-03   1.205348e-20   20562728
  6.828310e+00   1.206214e-19   3.067915e-03   1.191798e-20   20499120
  6.838938e+00   7.019963e-20   3.068337e-03   1.178447e-20   20448668
  6.849566e+00   7.733822e-20   3.068077e-03   1.165254e-20   20394408
  6.860195e+00   9.804789e-20   3.068320e-03   1.151404e-20   20344236
  6.870823e+00   5.631318e-20   3.067630e-03   1.139574e-20   20287988
  6.881451e+00   9.828707e-20   3.068044e-03   1.126753e-20   20237280
  6.892077e+00   9.047900e-20   3.067320e-03   1.115417e-20   20178328
  6.902707e+00   7.373706e-20   3.069652e-03   1.102093e-20   20139844
  6.913336e+00   8.190285e-20   3.067174e-03   1.091523e-20   20069748
  6.923962e+00   1.113271e-19   3.067514e-03   1.079510e-20   20016800
  6.934587e+00   1.019643e-19   3.067642e-03   1.067404e-20   19962224
  6.945217e+00   5.881795e-20   3.069885e-03   1.056683e-20   19923568
  6.955848e+00   8.466734e-20   3.067490e-03   1.046642e-20   19854300
  6.966474e+00   6.780741e-20   3.067154e-03   1.034902e-20   19797056
  6.977101e+00   7.772526e-20   3.067706e-03   1.025051e-20   19744940
  6.987728e+00   6.294125e-20   3.068174e-03   1.014459e-20   19691768
  6.998356e+00   8.539351e-20   3.067321e-03   1.004810e-20   19629548
  7.008982e+00   6.517020e-20   3.067740e-03   9.947623e-21   19575480
  7.019610e+00   7.465209e-20   3.068413e-03   9.845065e-21   19523296
  7.030241e+00   4.086263e-20   3.069533e-03   9.748616e-21   19474344
  7.040867e+00   8.631496e-20   3.065611e-03   9.653155e-21   19392868
  7.051493e+00   6.606794e-20   3.069073e-03   9.548463e-21   19356176
  7.062123e+00   8.286786e-20   3.068592e-03   9.464544e-21   19294916
  7.072754e+00   5.447052e-20   3.069110e-03   9.366722e-21   19240856
  7.083382e+00   6.159558e-20   3.067066e-03   9.283221e-21   19170884
  7.094007e+00   5.692065e-20   3.066966e-03   9.205435e-21   19111352
  7.104633e+00   7.494439e-20   3.068278e-03   9.103280e-21   19060016
  7.115261e+00   7.498661e-20   3.067998e-03   9.021361e-21   18999752
  7.125886e+00   3.706607e-20   3.066210e-03   8.940730e-21   18930272
  7.136511e+00   8.720481e-20   3.068009e-03   8.851353e-21   18882340
  7.147141e+00   4.708720e-20   3.069133e-03   8.770235e-21   18829056
  7.157770e+00   5.145049e-20   3.067293e-03   8.693445e-21   18757640
  7.168398e+00   5.778271e-20   3.069197e-03   8.612949e-21   18709036
  7.179027e+00   5.752558e-20   3.067378e-03   8.533178e-21   18637668
  7.189656e+00   6.222691e-20   3.069146e-03   8.457985e-21   18587048
  7.200283e+00   6.141717e-20   3.066626e-03   8.385776e-21   18510972
  7.210909e+00   5.371090e-20   3.067730e-03   8.309824e-21   18456692
  7.221535e+00   4.979986e-20   3.067567e-03   8.232132e-21   18394084
  7.232164e+00   5.705378e-20   3.069110e-03   8.162144e-21   18341352
  7.242794e+00   5.283068e-20   3.068234e-03   8.102969e-21   18273884
  7.253423e+00   3.486968e-20   3.068036e-03   8.016670e-21   18211148
  7.264048e+00   6.174445e-20   3.066171e-03   7.964515e-21   18137692
  7.274674e+00   5.869303e-20   3.069088e-03   7.885837e-21   18091580
  7.285305e+00   5.669321e-20   3.068515e-03   7.815971e-21   18024560
  7.295932e+00   5.832449e-20   3.067362e-03   7.756618e-21   17955116
  7.306559e+00   6.042101e-20   3.067637e-03   7.698374e-21   17893232
  7.317187e+00   6.750549e-20   3.068343e-03   7.622969e-21   17832620
  7.327816e+00   6.732137e-20   3.068327e-03   7.568013e-21   17767864
  7.338445e+00   4.470786e-20   3.068809e-03   7.502491e-21   17706956
  7.349073e+00   3.290453e-20   3.066947e-03   7.444401e-21   17632632
  7.359699e+00   6.092836e-20   3.068061e-03   7.389419e-21   17573524
  7.370327e+00   6.468657e-20   3.067901e-03   7.332608e-21   17506380
  7.380954e+00   6.658486e-20   3.068207e-03   7.273551e-21   17442548
  7.391580e+00   3.232042e-20   3.066528e-03   7.217668e-21   17368556
  7.402208e+00   7.682115e-20   3.069314e-03   7.153947e-21   17318260
  7.412837e+00   5.892907e-20   3.067939e-03   7.107230e-21   17243792
  7.423463e+00   4.674092e-20   3.066549e-03   7.049367e-21   17169716
  7.434088e+00   4.683805e-20   3.067759e-03   6.996286e-21   17109768
  7.444715e+00   6.022934e-20   3.068012e-03   6.940374e-21   17044064
  7.455345e+00   5.711615e-20   3.068894e-03   6.889624e-21   16981560
  7.465972e+00   4.798038e-20   3.066680e-03   6.842500e-21   16902264
  7.476600e+00   5.617853e-20   3.069499e-03   6.786884e-21   16849940
  7.487230e+00   3.412419e-20   3.067461e-03   6.741748e-21   16770600
  7.497858e+00   3.726862e-20   3.068497e-03   6.691498e-21   16707512
  7.508485e+00   6.044931e-20   3.067634e-03   6.643474e-21   16634480
  7.519114e+00   4.600830e-20   3.068242e-03   6.598368e-21   16569424
  7.529741e+00   5.261013e-20   3.067751e-03   6.551077e-21   16497216
  7.540372e+00   4.681161e-20   3.069501e-03   6.506501e-21   16436416
  7.550999e+00   5.978561e-20   3.067032e-03   6.456516e-21   16353532
  7.561624e+00   5.508081e-20   3.067126e-03   6.417798e-21   16284908
  7.572251e+00   7.050653e-20   3.068426e-03   6.372999e-21   16221948
  7.582881e+00   5.584938e-20   3.068614e-03   6.332278e-21   16152552
  7.593510e+00   5.937750e-20   3.068122e-03   6.287553e-21   16078864
  7.604137e+00   3.507460e-20   3.067536e-03   6.249126e-21   16005296
  7.614766e+00   4.083753e-20   3.068300e-03   6.201512e-21   15938220
  7.625392e+00   5.445353e-20   3.066841e-03   6.168586e-21   15858440
  7.636016e+00   5.486214e-20   3.067373e-03   6.125934e-21   15789252
  7.646642e+00   5.620993e-20   3.067548e-03   6.090833e-21   15718944
  7.657269e+00   4.978266e-20   3.067947e-03   6.050533e-21   15648652
  7.667899e+00   4.214969e-20   3.069201e-03   6.011001e-21   15581944
  7.678531e+00   5.377985e-20   3.069010e-03   5.976537e-21   15508744
  7.689158e+00   5.779095e-20   3.066436e-03   5.942220e-21   15422472
  7.699784e+00   5.500550e-20   3.068878e-03   5.901957e-21   15361536
  7.710413e+00   4.087155e-20   3.067494e-03   5.869606e-21   15281048
  7.721038e+00   4.275614e-20   3.067557e-03   5.832271e-21   15207752
  7.731666e+00   4.720714e-20   3.067687e-03   5.800265e-21   15134800
  7.742292e+00   5.544648e-20   3.067594e-03   5.767340e-21   15059664
  7.752920e+00   5.196050e-20   3.068106e-03   5.733907e-21   14987020
  7.763550e+00   3.916325e-20   3.069757e-03   5.708142e-21   14919936
  7.774179e+00   3.949829e-20   3.066979e-03   5.675047e-21   14831776
  7.784807e+00   5.188945e-20   3.069197e-03   5.638800e-21   14767552
  7.795435e+00   5.887697e-20   3.066309e-03   5.609965e-21   14678336
  7.806062e+00   5.194475e-20   3.069079e-03   5.581178e-21   14615044
  7.816690e+00   5.257261e-20   3.067275e-03   5.548320e-21   14530200
  7.827317e+00   3.666663e-20   3.067927e-03   5.523459e-21   14457000
  7.837945e+00   3.955112e-20   3.068558e-03   5.492459e-21   14383440
  7.848573e+00   5.310898e-20   3.067003e-03   5.467055e-21   14299516
  7.859199e+00   4.129576e-20   3.067899e-03   5.433336e-21   14226024
  7.869825e+00   4.089991e-20   3.067223e-03   5.413405e-21   14145048
  7.880455e+00   4.357807e-20   3.070446e-03   5.381530e-21   14082144
  7.891083e+00   5.139397e-20   3.065393e-03   5.364024e-21   13981640
  7.901708e+00   4.047334e-20   3.068688e-03   5.337176e-21   13918460
  7.912338e+00   3.490040e-20   3.068702e-03   5.307528e-21   13839752
  7.922969e+00   4.141512e-20   3.069182e-03   5.282775e-21   13762736
  7.933598e+00   3.960610e-20   3.067868e-03   5.257433e-21   13677980
  7.944225e+00   4.435166e-20   3.067250e-03   5.239430e-21   13596196
  7.954850e+00   3.570346e-20   3.067470e-03   5.214313e-21   13517736
  7.965475e+00   4.217417e-20   3.066448e-03   5.193840e-21   13433184
  7.976100e+00   3.518288e-20   3.068623e-03   5.169750e-21   13362296
  7.986730e+00   3.970063e-20   3.068494e-03   5.145718e-21   13281376
  7.997360e+00   3.037053e-20   3.069113e-03   5.129594e-21   13203336
  8.007987e+00   3.889049e-20   3.066719e-03   5.104871e-21   13113016
  8.018613e+00   3.457666e-20   3.067735e-03   5.088802e-21   13036400
  8.029240e+00   3.163177e-20   3.067468e-03   5.067941e-21   12953648
  8.039869e+00   2.944020e-20   3.069185e-03   5.053622e-21   12879016
  8.050498e+00   3.062282e-20   3.067538e-03   5.026244e-21   12790124
  8.061127e+00   4.245237e-20   3.068996e-03   5.016817e-21   12714152
  8.071753e+00   3.445466e-20   3.066076e-03   4.996957e-21   12619608
  8.082379e+00   3.472828e-20   3.068682e-03   4.975060e-21   12547232
  8.093011e+00   4.531360e-20   3.070245e-03   4.956804e-21   12470568
  8.103638e+00   2.738264e-20   3.065215e-03   4.938896e-21   12368136
  8.114264e+00   3.979798e-20   3.069116e-03   4.920762e-21   12300504
  8.124894e+00   3.111921e-20   3.068128e-03   4.905103e-21   12212172
  8.135522e+00   2.445103e-20   3.067779e-03   4.893053e-21   12126228
  8.146149e+00   4.014801e-20   3.068089e-03   4.880242e-21   12043352
  8.156778e+00   4.059228e-20   3.068301e-03   4.861506e-21   11959896
  8.167401e+00   3.213729e-20   3.065268e-03   4.857627e-21   11863804
  8.178026e+00   3.725377e-20   3.068937e-03   4.833667e-21   11792812
  8.188656e+00   3.184624e-20   3.068597e-03   4.821562e-21   11705392
  8.199283e+00   3.697170e-20   3.066984e-03   4.809594e-21   11613836
  8.209914e+00   3.314314e-20   3.070536e-03   4.797371e-21   11541532
  8.220543e+00   2.961943e-20   3.066346e-03   4.784308e-21   11440232
  8.231170e+00   3.101172e-20   3.068846e-03   4.776194e-21   11363008
  8.241796e+00   3.883659e-20   3.066631e-03   4.763085e-21   11267848
  8.252424e+00   2.141300e-20   3.069306e-03   4.747969e-21   11190640
  8.263054e+00   2.933206e-20   3.068558e-03   4.741672e-21   11101084
  8.273680e+00   2.660743e-20   3.065604e-03   4.729045e-21   11003284
  8.284304e+00   3.546500e-20   3.068360e-03   4.716690e-21   10925424
  8.294932e+00   3.325794e-20   3.067667e-03   4.702869e-21   10834724
  8.305560e+00   4.076648e-20   3.068711e-03   4.702555e-21   10750156
  8.316186e+00   3.642505e-20   3.066587e-03   4.691306e-21   10655280
  8.326811e+00   3.257758e-20   3.067310e-03   4.686139e-21   10569120
  8.337437e+00   2.829807e-20   3.067168e-03   4.671141e-21   10479672
  8.348070e+00   3.164043e-20   3.071527e-03   4.664624e-21   10404504
  8.358704e+00   3.662393e-20   3.068456e-03   4.659019e-21   10304108
  8.369331e+00   3.304306e-20   3.066991e-03   4.642975e-21   10209940
  8.379958e+00   3.279554e-20   3.068937e-03   4.643599e-21   10126584
  8.390585e+00   2.226260e-20   3.066106e-03   4.634036e-21   10027064
  8.401210e+00   2.403030e-20   3.068731e-03   4.628852e-21   9945072
  8.411836e+00   2.544642e-20   3.065849e-03   4.622533e-21   9844764
  8.422464e+00   2.309081e-20   3.070904e-03   4.620500e-21   9769940
  8.433095e+00   2.208078e-20   3.066721e-03   4.611398e-21   9666072
  8.443721e+00   2.429402e-20   3.067629e-03   4.607210e-21   9577112
  8.454348e+00   3.093956e-20   3.067871e-03   4.599420e-21   9485848
  8.464977e+00   2.655351e-20   3.068818e-03   4.589522e-21   9396136
  8.475607e+00   3.078481e-20   3.068947e-03   4.592260e-21   9304408
  8.486231e+00   1.929702e-20   3.064605e-03   4.586575e-21   9199028
  8.496854e+00   3.004951e-20   3.068671e-03   4.581168e-21   9118288
  8.507481e+00   1.741267e-20   3.066868e-03   4.573740e-21   9019624
  8.518111e+00   2.807781e-20   3.070919e-03   4.566894e-21   8937420
  8.528743e+00   2.362109e-20   3.067653e-03   4.568850e-21   8835200
  8.539369e+00   3.297735e-20   3.066847e-03   4.563386e-21   8739332
  8.549995e+00   2.655502e-20   3.067747e-03   4.555238e-21   8648112
  8.560624e+00   2.753350e-20   3.067898e-03   4.550210e-21   8553372
  8.571253e+00   2.144493e-20   3.069319e-03   4.544133e-21   8461944
  8.581883e+00   2.555990e-20   3.068067e-03   4.545964e-21   8363348
  8.592509e+00   2.756849e-20   3.067870e-03   4.541965e-21   8267792
  8.603135e+00   3.112111e-20   3.066599e-03   4.529957e-21   8169380
  8.613762e+00   2.432128e-20   3.069517e-03   4.531114e-21   8081008
  8.624389e+00   2.487154e-20   3.065774e-03   4.526250e-21   7975632
  8.635016e+00   2.616562e-20   3.069603e-03   4.527393e-21   7889116
  8.645643e+00   1.825457e-20   3.066011e-03   4.521132e-21   7784008
  8.656270e+00   2.412843e-20   3.068709e-03   4.506980e-21   7693848
  8.666897e+00   2.199494e-20   3.067011e-03   4.503134e-21   7592468
  8.677525e+00   1.847083e-20   3.068931e-03   4.495609e-21   7499076
  8.688155e+00   1.929717e-20   3.069474e-03   4.494850e-21   7402880
  8.698786e+00   2.830213e-20   3.067607e-03   4.475021e-21   7300768
  8.709411e+00   2.907805e-20   3.067652e-03   4.482618e-21   7203316
  8.720032e+00   2.024288e-20   3.063689e-03   4.464290e-21   7095724
  8.730662e+00   2.325474e-20   3.073665e-03   4.457524e-21   7019608
  8.741295e+00   6.884369e-21   3.065344e-03   4.442723e-21   6901916
  8.751922e+00   1.794598e-20   3.069704e-03   4.439415e-21   6812952
  8.762548e+00   1.929130e-20   3.065523e-03   4.407174e-21   6704548
  8.773175e+00   1.324868e-20   3.068967e-03   4.409382e-21   6612168
  8.783803e+00   1.675025e-20   3.067598e-03   4.388356e-21   6508628
  8.794433e+00   2.412143e-20   3.069277e-03   4.367483e-21   6412072
  8.805059e+00   2.530959e-20   3.066868e-03   4.354703e-21   6306660
  8.815685e+00   1.184014e-20   3.067492e-03   4.316609e-21   6207592
  8.826308e+00   8.426588e-21   3.066222e-03   4.296894e-21   6103860
  8.836934e+00   1.544455e-20   3.068576e-03   4.262792e-21   6007184
  8.847563e+00   1.673684e-20   3.068782e-03   4.239108e-21   5905660
  8.858194e+00   9.164144e-21   3.069160e-03   4.187985e-21   5805132
  8.868823e+00   1.961288e-21   3.067313e-03   4.156749e-21   5700008
  8.879446e+00   1.451504e-20   3.065734e-03   4.111504e-21   5594856
  8.890075e+00   1.433158e-20   3.070306e-03   4.057960e-21   5502341
  8.900707e+00   1.590474e-20   3.068193e-03   4.019690e-21   5404852
  8.911333e+00   1.589142e-20   3.066920e-03   3.989786e-21   5313930
  8.921960e+00   1.597947e-20   3.068151e-03   3.955689e-21   5230396
  8.932587e+00   1.191157e-20   3.067037e-03   3.930960e-21   5145158
  8.943214e+00   1.859650e-20   3.067644e-03   3.901068e-21   5064506
  8.953844e+00   6.516350e-21   3.070354e-03   3.880142e-21   4989464
  8.964475e+00   9.007642e-22   3.067471e-03   3.842078e-21   4907486
  8.975102e+00   1.247582e-20   3.067454e-03   3.833602e-21   4831952
  8.985729e+00   5.374049e-21   3.067333e-03   3.808099e-21   4757392
  8.996357e+00   1.322583e-20   3.068563e-03   3.795175e-21   4685902
  9.006985e+00   1.630603e-20   3.067839e-03   3.771067e-21   4612826
  9.017611e+00   1.532255e-20   3.067647e-03   3.750063e-21   4542436
  9.028240e+00   7.998343e-21   3.068771e-03   3.736769e-21   4475408
  9.038866e+00   4.020673e-21   3.065432e-03   3.720567e-21   4402686
  9.049492e+00   1.483723e-20   3.069222e-03   3.704445e-21   4340854
  9.060123e+00   1.100343e-20   3.068666e-03   3.682315e-21   4273862
  9.070751e+00   2.223601e-20   3.068093e-03   3.681328e-21   4208538
  9.081377e+00   1.025986e-20   3.066329e-03   3.661643e-21   4142584
  9.092002e+00   1.991173e-20   3.067445e-03   3.647210e-21   4081232
  9.102629e+00   1.695217e-20   3.068061e-03   3.635903e-21   4019668
  9.113260e+00   1.369894e-20   3.070507e-03   3.624391e-21   3961416
  9.123892e+00   2.135652e-20   3.068468e-03   3.609673e-21   3898848
  9.134518e+00   1.614816e-20   3.065914e-03   3.601472e-21   3836718
  9.145140e+00   9.238271e-21   3.066518e-03   3.590903e-21   3779272
  9.155765e+00   1.843916e-20   3.066689e-03   3.577055e-21   3721434
  9.166394e+00   9.759481e-21   3.070316e-03   3.573153e-21   3668198
  9.177028e+00   1.469858e-20   3.069776e-03   3.557681e-21   3611346
  9.187656e+00   4.188354e-21   3.066455e-03   3.554617e-21   3552442
  9.198281e+00   5.416913e-21   3.067337e-03   3.548251e-21   3498908
  9.208908e+00   1.511776e-20   3.067980e-03   3.539662e-21   3445382
  9.219536e+00   1.200441e-20   3.068389e-03   3.534588e-21   3392244
  9.230165e+00   1.733334e-20   3.068360e-03   3.533205e-21   3339634
  9.240792e+00   1.463890e-20   3.067248e-03   3.518384e-21   3286752
  9.251416e+00   9.417823e-21   3.065818e-03   3.504839e-21   3234180
  9.262040e+00   1.168784e-20   3.067094e-03   3.507056e-21   3184556
  9.272670e+00   1.268605e-20   3.070362e-03   3.503380e-21   3137238
  9.283304e+00   6.552439e-21   3.070377e-03   3.495664e-21   3087670
  9.293936e+00   1.682971e-20   3.068566e-03   3.494045e-21   3037460
  9.304560e+00   4.389373e-21   3.064548e-03   3.491102e-21   2985736
  9.315180e+00   1.174738e-20   3.066413e-03   3.487781e-21   2939708
  9.325811e+00   1.382583e-20   3.071553e-03   3.488421e-21   2897012
  9.336443e+00   7.384637e-21   3.067620e-03   3.483645e-21   2846890
  9.347067e+00   1.663357e-20   3.065693e-03   3.481920e-21   2799588
  9.357689e+00   8.988988e-21   3.066395e-03   3.481858e-21   2754954
  9.368315e+00   1.580050e-20   3.068270e-03   3.477761e-21   2711500
  9.378948e+00   1.200490e-20   3.070601e-03   3.479832e-21   2669006
  9.389576e+00   4.023102e-21   3.065837e-03   3.478716e-21   2621264
  9.400202e+00   1.155138e-20   3.068913e-03   3.477161e-21   2580726
  9.410830e+00   1.190065e-20   3.067141e-03   3.478332e-21   2536470
  9.421456e+00   7.703920e-21   3.067445e-03   3.488863e-21   2494370
  9.432084e+00   1.220438e-20   3.068834e-03   3.490402e-21   2453556
  9.442716e+00   1.008801e-20   3.070117e-03   3.490706e-21   2413246
  9.453347e+00   7.670561e-21   3.067994e-03   3.489654e-21   2370914
  9.463973e+00   1.088841e-20   3.067217e-03   3.497607e-21   2330126
  9.474601e+00   5.284079e-21   3.068570e-03   3.498264e-21   2291406
  9.485227e+00   1.397531e-20   3.066158e-03   3.501330e-21   2250410
  9.495850e+00   3.899296e-21   3.066006e-03   3.509148e-21   2211486
  9.506474e+00   9.298570e-21   3.067734e-03   3.510581e-21   2174194
  9.517102e+00   1.662515e-20   3.068176e-03   3.514258e-21   2136416
  9.527733e+00   1.751747e-20   3.069929e-03   3.522772e-21   2100070
  9.538360e+00   6.800825e-21   3.065560e-03   3.531630e-21   2060026
  9.548986e+00   1.347730e-20   3.069362e-03   3.540156e-21   2025910
  9.559615e+00   9.388361e-21   3.067530e-03   3.536453e-21   1988576
  9.570241e+00   1.570295e-20   3.067060e-03   3.554005e-21   1952610
  9.580867e+00   1.221544e-20   3.067361e-03   3.560259e-21   1917470
  9.591493e+00   1.097989e-20   3.067399e-03   3.570261e-21   1882484
  9.602120e+00   2.200309e-20   3.068076e-03   3.580976e-21   1848262
  9.612753e+00   2.045464e-20   3.071327e-03   3.590475e-21   1816024
  9.623386e+00   5.834680e-21   3.068076e-03   3.599294e-21   1780418
  9.634012e+00   1.595116e-20   3.067038e-03   3.606832e-21   1746576
  9.644639e+00   1.188157e-21   3.068628e-03   3.621693e-21   1714622
  9.655268e+00   2.374147e-21   3.067669e-03   3.632813e-21   1681692
  9.665895e+00   8.360255e-21   3.067468e-03   3.643175e-21   1649574
  9.676515e+00   1.702565e-20   3.063511e-03   3.665241e-21   1615788
  9.687137e+00   9.406576e-21   3.068656e-03   3.667847e-21   1587064
  9.697769e+00   1.313592e-20   3.069826e-03   3.683130e-21   1556598
  9.708400e+00   1.375001e-20   3.068471e-03   3.697400e-21   1525380
  9.719030e+00   8.837995e-21   3.068670e-03   3.718312e-21   1495360
  9.729656e+00   7.740487e-21   3.066126e-03   3.732362e-21   1464370
  9.740281e+00   8.763820e-21   3.067601e-03   3.740997e-21   1435656
  9.750907e+00   1.057392e-20   3.067002e-03   3.769055e-21   1406304
  9.761532e+00   4.996809e-21   3.067147e-03   3.793289e-21   1377628
  9.772159e+00   2.019555e-20   3.068370e-03   3.815142e-21   1349744
  9.782788e+00   1.624194e-20   3.068343e-03   3.827890e-21   1321682
  9.793418e+00   6.823920e-21   3.069098e-03   3.842369e-21   1294376
  9.804048e+00   6.409228e-21   3.068140e-03   3.872633e-21   1266768
  9.814673e+00   7.457846e-21   3.066275e-03   3.894142e-21   1239172
  9.825295e+00   3.615046e-21   3.065238e-03   3.903659e-21   1212224
  9.835918e+00   1.460930e-20   3.067386e-03   3.942633e-21   1186796
  9.846547e+00   1.147116e-20   3.069034e-03   3.957088e-21   1161432
  9.857176e+00   1.245831e-20   3.067927e-03   3.989885e-21   1135408
  9.867804e+00   8.426597e-21   3.068239e-03   4.018879e-21   1110324
  9.878434e+00   7.813058e-21   3.068926e-03   4.039894e-21   1085680
  9.889062e+00   9.284857e-21   3.066842e-03   4.075668e-21   1060364
  9.899688e+00   8.441563e-21   3.068767e-03   4.094965e-21   1036736
  9.910321e+00   -4.493458e-21   3.070562e-03   4.120499e-21   1013388
  9.920951e+00   7.515184e-21   3.066769e-03   4.142112e-21   988656
  9.931575e+00   1.288521e-20   3.066738e-03   4.185253e-21   965530
  9.942197e+00   8.143084e-21   3.064855e-03   4.225455e-21   942100
  9.952819e+00   -1.390237e-21   3.066142e-03   4.246653e-21   919888
  9.963442e+00   1.352144e-20   3.066491e-03   4.287254e-21   897628
  9.974067e+00   4.026193e-21   3.067504e-03   4.327249e-21   875856
  9.984696e+00   7.309196e-21   3.069599e-03   4.365944e-21   854736
  9.995330e+00   4.022660e-21   3.070044e-03   4.393051e-21   833510
  1.000596e+01   1.254196e-20   3.068120e-03   4.434325e-21   811976
  1.001659e+01   7.484421e-21   3.066566e-03   4.486389e-21   790844
  1.002721e+01   8.703746e-21   3.066302e-03   4.518051e-21   770320
  1.003784e+01   1.198423e-20   3.069162e-03   4.560407e-21   750838
  1.004847e+01   -5.664386e-21   3.068729e-03   4.609741e-21   730864
  1.005909e+01   6.649663e-21   3.067039e-03   4.649751e-21   710984
  1.006972e+01   6.504057e-21   3.067274e-03   4.718587e-21   691894
  1.008035e+01   1.529638e-20   3.066106e-03   4.778239e-21   672776
  1.009097e+01   1.761499e-20   3.067065e-03   4.836725e-21   654372
  1.010160e+01   1.157105e-20   3.065537e-03   4.875121e-21   635682
  1.011222e+01   4.404629e-21   3.064886e-03   4.936187e-21   617460
  1.012284e+01   1.243273e-20   3.066767e-03   4.971763e-21   600024
  1.013346e+01   2.600982e-21   3.068404e-03   5.041539e-21   582830
  1.014410e+01   5.149616e-21   3.070337e-03   5.114758e-21   566000
  1.015473e+01   5.458649e-21   3.066543e-03   5.173526e-21   548458
  1.016535e+01   7.179861e-21   3.067619e-03   5.256506e-21   532084
  1.017598e+01   8.955143e-21   3.065740e-03   5.320319e-21   515440
  1.018660e+01   9.823954e-21   3.064533e-03   5.391489e-21   499174
  1.019722e+01   -1.193970e-21   3.064552e-03   5.471428e-21   483368
  1.020784e+01   1.481716e-20   3.067558e-03   5.537609e-21   468270
  1.021847e+01   2.154376e-20   3.071740e-03   5.594709e-21   453568
  1.022911e+01   7.548663e-21   3.068522e-03   5.690622e-21   438106
  1.023974e+01   1.604986e-20   3.068674e-03   5.772098e-21   423508
  1.025036e+01   1.008152e-20   3.065352e-03   5.879551e-21   408754
  1.026098e+01   1.383523e-20   3.064549e-03   5.972388e-21   394612
  1.027160e+01   1.200171e-20   3.064825e-03   6.058016e-21   380826
  1.028223e+01   9.318675e-21   3.063635e-03   6.175656e-21   367086
  1.029285e+01   2.677023e-21   3.065226e-03   6.257709e-21   353904
  1.030347e+01   1.853471e-20   3.067842e-03   6.358817e-21   341046
  1.031410e+01   1.381480e-20   3.067827e-03   6.506408e-21   328144
  1.032473e+01   5.727695e-21   3.068491e-03   6.591878e-21   315598
  1.033536e+01   1.117148e-21   3.070442e-03   6.724676e-21   303466
  1.034599e+01   -3.147535e-21   3.070558e-03   6.868576e-21   291456
  1.035662e+01   2.246339e-20   3.069010e-03   6.965602e-21   279614
  1.036725e+01   1.565886e-20   3.062765e-03   7.142963e-21   267680
  1.037786e+01   1.444239e-20   3.061142e-03   7.313853e-21   256438
  1.038848e+01   -1.967819e-21   3.062004e-03   7.412340e-21   245618
  1.039909e+01   8.611863e-21   3.058865e-03   7.586921e-21   234708
  1.040970e+01   5.168580e-21   3.057929e-03   7.798237e-21   224210
  1.042032e+01   -6.491274e-21   3.058509e-03   7.975982e-21   214046
  1.043093e+01   3.522129e-21   3.059874e-03   8.133218e-21   204152
  1.044155e+01   1.728532e-20   3.062766e-03   8.342205e-21   194558
  1.045217e+01   -5.066244e-21   3.062838e-03   8.530893e-21   185018
  1.046279e+01   9.062593e-21   3.066092e-03   8.757645e-21   175918
  1.047341e+01   1.577834e-20   3.068348e-03   8.993381e-21   166992
  1.048404e+01   4.835187e-21   3.070094e-03   9.160357e-21   158294
  1.049468e+01   -6.536922e-21   3.071097e-03   9.474513e-21   149842
  1.050531e+01   2.253752e-20   3.068653e-03   9.772538e-21   141530
  1.051593e+01   -5.270388e-21   3.060509e-03   9.999877e-21   133284
  1.052654e+01   -1.359382e-20   3.057354e-03   1.035045e-20   125546
  1.053715e+01   2.570665e-20   3.051144e-03   1.075877e-20   117950
  1.054776e+01   1.212447e-20   3.048602e-03   1.111573e-20   110746
  1.055836e+01   1.538117e-20   3.039799e-03   1.140330e-20   103572
  1.056895e+01   -5.313335e-21   3.036073e-03   1.184028e-20   96818
  1.057954e+01   3.153902e-20   3.031333e-03   1.234218e-20   90262
  1.059013e+01   1.979092e-20   3.027317e-03   1.265515e-20   83970
  1.060072e+01   2.655881e-20   3.019853e-03   1.329691e-20   77846
  1.061129e+01   1.197396e-20   3.012052e-03   1.369039e-20   71984
  1.062186e+01   8.764911e-21   3.005730e-03   1.423672e-20   66398
  1.063243e+01   1.758540e-20   3.000369e-03   1.518093e-20   61058
  1.064300e+01   4.559897e-20   2.995714e-03   1.572275e-20   55958
  1.065357e+01   4.989059e-20   2.990697e-03   1.636051e-20   51082
  1.066413e+01   8.751626e-21   2.981767e-03   1.703222e-20   46398
  1.067469e+01   1.912551e-21   2.970930e-03   1.809661e-20   41954
  1.068524e+01   1.700796e-20   2.955045e-03   1.920050e-20   37718
  1.069578e+01   -4.006641e-20   2.938133e-03   2.027590e-20   33736
  1.070631e+01   5.848469e-21   2.922830e-03   2.138140e-20   30006
  1.071684e+01   1.042300e-20   2.912268e-03   2.263413e-20   26522
  1.072739e+01   -1.912299e-20   2.905476e-03   2.461592e-20   23254
  1.073793e+01   1.409713e-20   2.895825e-03   2.632189e-20   20178
  1.074848e+01   -4.466322e-20   2.890787e-03   2.918585e-20   17342
  1.075903e+01   8.752133e-20   2.886580e-03   3.027387e-20   14714
  1.076959e+01   -2.661070e-20   2.887906e-03   3.449034e-20   12310
  1.078015e+01   -1.336995e-19   2.880436e-03   3.901215e-20   10098
  1.079071e+01   4.365212e-20   2.879327e-03   4.144037e-20   8126
  1.080127e+01   -4.660903e-22   2.877797e-03   5.008357e-20   6362
  1.081184e+01   9.639583e-21   2.888638e-03   5.718899e-20   4822
  1.082239e+01   1.021211e-19   2.872451e-03   6.272894e-20   3474
  1.083292e+01   4.045640e-20   2.869225e-03   7.927695e-20   2366
  1.084344e+01   4.360003e-20   2.860034e-03   9.894916e-20   1466
  1.085397e+01   -1.161232e-19   2.925135e-03   1.403524e-19   790
  1.086426e+01   -1.241581e-19   2.767211e-03   2.309564e-19   306
  1.087389e+01   9.915707e-19   2.357714e-03   4.903887e-19   62
