# cross spectrum of phi(z1) and phi(z2)
# redshift z=1.093858
# k              Pk             sigma(k)       sigma(Pk)      count
  7.830312e-03   2.609557e-10   1.198114e-03   5.875904e-11   18
  1.686348e-02   3.094528e-10   2.897918e-03   2.957662e-11   152
  2.725284e-02   1.845703e-10   3.060867e-03   8.632586e-12   416
  3.742835e-02   1.009537e-10   2.912555e-03   3.780987e-12   770
  4.808679e-02   6.330786e-11   3.119650e-03   1.859950e-12   1364
  5.876109e-02   4.131496e-11   3.054550e-03   9.428386e-13   1976
  6.939824e-02   3.140807e-11   3.112555e-03   6.020459e-13   2792
  7.984642e-02   2.272312e-11   2.971805e-03   3.933453e-13   3578
  9.038229e-02   1.625430e-11   3.049521e-03   2.441498e-13   4724
  1.011318e-01   1.186295e-11   3.134595e-03   1.606430e-13   6032
  1.117485e-01   9.197629e-12   3.016599e-03   1.150537e-13   7072
  1.222702e-01   7.634604e-12   3.056387e-03   8.659494e-14   8634
  1.329722e-01   6.408788e-12   3.095256e-03   6.646949e-14   10336
  1.436677e-01   5.101644e-12   3.082009e-03   4.842131e-14   11940
  1.541872e-01   4.008358e-12   3.021465e-03   3.753053e-14   13490
  1.647185e-01   3.252280e-12   3.054444e-03   2.768487e-14   15656
  1.754149e-01   2.695863e-12   3.102608e-03   2.201016e-14   18008
  1.860920e-01   2.335940e-12   3.069464e-03   1.826261e-14   19964
  1.966957e-01   2.000474e-12   3.066093e-03   1.495025e-14   22354
  2.072851e-01   1.664990e-12   3.030819e-03   1.210044e-14   24648
  2.179134e-01   1.389738e-12   3.083109e-03   9.642452e-15   27592
  2.285517e-01   1.172037e-12   3.075318e-03   7.909373e-15   30152
  2.391687e-01   1.011194e-12   3.069056e-03   6.647077e-15   33046
  2.497808e-01   8.995436e-13   3.053846e-03   5.811649e-15   35992
  2.604233e-01   7.833833e-13   3.074764e-03   4.917275e-15   39304
  2.710722e-01   6.903636e-13   3.082145e-03   4.206086e-15   42608
  2.817050e-01   5.820994e-13   3.058267e-03   3.580421e-15   45758
  2.923349e-01   5.000522e-13   3.072286e-03   3.049225e-15   49536
  3.029238e-01   4.403423e-13   3.039208e-03   2.680421e-15   52488
  3.135134e-01   3.889136e-13   3.084628e-03   2.331734e-15   57034
  3.241511e-01   3.332852e-13   3.061146e-03   1.992067e-15   60648
  3.347969e-01   2.983085e-13   3.076329e-03   1.779310e-15   65044
  3.454223e-01   2.655156e-13   3.057760e-03   1.563000e-15   68720
  3.560505e-01   2.293359e-13   3.078281e-03   1.366189e-15   73538
  3.667175e-01   2.033780e-13   3.076939e-03   1.212678e-15   78080
  3.773260e-01   1.820072e-13   3.039859e-03   1.098088e-15   81572
  3.879192e-01   1.588774e-13   3.081238e-03   9.747998e-16   87248
  3.985882e-01   1.397589e-13   3.084591e-03   8.724163e-16   92266
  4.092322e-01   1.256455e-13   3.063169e-03   7.886618e-16   96696
  4.198039e-01   1.102086e-13   3.037602e-03   7.107509e-16   100904
  4.303789e-01   9.767590e-14   3.065517e-03   6.428951e-16   107036
  4.410480e-01   8.725551e-14   3.089487e-03   5.789739e-16   113362
  4.517307e-01   7.694229e-14   3.072092e-03   5.273197e-16   118176
  4.623378e-01   6.788250e-14   3.054661e-03   4.865764e-16   122944
  4.729644e-01   6.152577e-14   3.083007e-03   4.412781e-16   129902
  4.836049e-01   5.254454e-14   3.061727e-03   4.003604e-16   134944
  4.942158e-01   4.771815e-14   3.064979e-03   3.706488e-16   140952
  5.048213e-01   4.130354e-14   3.064662e-03   3.428126e-16   147072
  5.154342e-01   3.749228e-14   3.060800e-03   3.133963e-16   153382
  5.260893e-01   3.286912e-14   3.082622e-03   2.875222e-16   160952
  5.367508e-01   2.948436e-14   3.070294e-03   2.661239e-16   166640
  5.473579e-01   2.597710e-14   3.057153e-03   2.476827e-16   172448
  5.579787e-01   2.301387e-14   3.077577e-03   2.282432e-16   180594
  5.686178e-01   2.026975e-14   3.060710e-03   2.149921e-16   186556
  5.792219e-01   1.841255e-14   3.063394e-03   1.987316e-16   193528
  5.898242e-01   1.600373e-14   3.060684e-03   1.862644e-16   200626
  6.004609e-01   1.427284e-14   3.076604e-03   1.721635e-16   209256
  6.111150e-01   1.270036e-14   3.069663e-03   1.614043e-16   216020
  6.217510e-01   1.101821e-14   3.075746e-03   1.516570e-16   223768
  6.323610e-01   9.457834e-15   3.055783e-03   1.424776e-16   230234
  6.429887e-01   8.386582e-15   3.074922e-03   1.335310e-16   239800
  6.536248e-01   7.426655e-15   3.063054e-03   1.249952e-16   246568
  6.642393e-01   6.592092e-15   3.068328e-03   1.180050e-16   254828
  6.748534e-01   6.053896e-15   3.064424e-03   1.103193e-16   263074
  6.854951e-01   5.199828e-15   3.071509e-03   1.043911e-16   272312
  6.961385e-01   4.586073e-15   3.070197e-03   9.826968e-17   280376
  7.067732e-01   3.777461e-15   3.071500e-03   9.308762e-17   288884
  7.174012e-01   3.240793e-15   3.068501e-03   8.736514e-17   297602
  7.280177e-01   2.980276e-15   3.057614e-03   8.321466e-17   305520
  7.386402e-01   2.515406e-15   3.075198e-03   7.806188e-17   315976
  7.492461e-01   2.206243e-15   3.052723e-03   7.412903e-17   322778
  7.598720e-01   1.755523e-15   3.080021e-03   7.074063e-17   335372
  7.705286e-01   1.553698e-15   3.068318e-03   6.677596e-17   343464
  7.811635e-01   1.320532e-15   3.070705e-03   6.332054e-17   352912
  7.917934e-01   1.047460e-15   3.070498e-03   6.013115e-17   362666
  8.024224e-01   8.224213e-16   3.063690e-03   5.735404e-17   371884
  8.130465e-01   6.401447e-16   3.069929e-03   5.447378e-17   382280
  8.236583e-01   5.403470e-16   3.060755e-03   5.194620e-17   390888
  8.342648e-01   5.187635e-16   3.067168e-03   4.941529e-17   402234
  8.448912e-01   3.208567e-16   3.064832e-03   4.724123e-17   412576
  8.555263e-01   3.031149e-16   3.071788e-03   4.472457e-17   423732
  8.661590e-01   1.625808e-16   3.068142e-03   4.275801e-17   433624
  8.767950e-01   1.139939e-16   3.072203e-03   4.088581e-17   445154
  8.874347e-01   -1.698114e-17   3.069139e-03   3.914606e-17   455584
  8.980596e-01   -1.074107e-16   3.064716e-03   3.734373e-17   465588
  9.086714e-01   -7.973876e-17   3.065163e-03   3.576425e-17   476762
  9.193048e-01   -8.301152e-17   3.073106e-03   3.410591e-17   489552
  9.299472e-01   -1.270192e-16   3.069632e-03   3.273567e-17   500328
  9.405628e-01   -9.859994e-17   3.059261e-03   3.153668e-17   509852
  9.511854e-01   -2.066582e-16   3.074339e-03   3.004460e-17   524234
  9.618189e-01   -1.386679e-16   3.061952e-03   2.889462e-17   534104
  9.724448e-01   -2.013229e-16   3.070528e-03   2.770727e-17   547048
  9.830800e-01   -2.527052e-16   3.073862e-03   2.650315e-17   559328
  9.937180e-01   -2.671465e-16   3.070866e-03   2.551685e-17   571326
  1.004339e+00   -2.375087e-16   3.060367e-03   2.450137e-17   581920
  1.014951e+00   -2.932679e-16   3.064588e-03   2.351403e-17   594832
  1.025571e+00   -2.256528e-16   3.068054e-03   2.252180e-17   608048
  1.036206e+00   -2.241421e-16   3.070252e-03   2.165235e-17   621526
  1.046839e+00   -2.134425e-16   3.066112e-03   2.093590e-17   633240
  1.057456e+00   -2.094635e-16   3.064953e-03   2.010856e-17   645472
  1.068086e+00   -2.341678e-16   3.075342e-03   1.922687e-17   660906
  1.078726e+00   -2.438326e-16   3.067576e-03   1.860514e-17   672856
  1.089356e+00   -2.406036e-16   3.067094e-03   1.794871e-17   685980
  1.099980e+00   -2.257753e-16   3.067978e-03   1.730142e-17   699256
  1.110619e+00   -2.046816e-16   3.074976e-03   1.666958e-17   714730
  1.121246e+00   -1.903858e-16   3.059348e-03   1.609067e-17   725152
  1.131863e+00   -2.347813e-16   3.067634e-03   1.546528e-17   740420
  1.142485e+00   -2.117934e-16   3.069089e-03   1.497473e-17   754312
  1.153114e+00   -2.044709e-16   3.069897e-03   1.444934e-17   769114
  1.163749e+00   -1.732174e-16   3.069209e-03   1.398198e-17   783488
  1.174365e+00   -1.558093e-16   3.058900e-03   1.351186e-17   794968
  1.184981e+00   -1.911173e-16   3.070107e-03   1.303569e-17   812366
  1.195609e+00   -1.703987e-16   3.065134e-03   1.255547e-17   825976
  1.206250e+00   -1.539164e-16   3.075220e-03   1.212283e-17   843352
  1.216898e+00   -1.530327e-16   3.073224e-03   1.172273e-17   857280
  1.227524e+00   -1.436794e-16   3.063189e-03   1.136913e-17   869542
  1.238147e+00   -1.523769e-16   3.070752e-03   1.100040e-17   887128
  1.248772e+00   -1.402943e-16   3.063166e-03   1.064145e-17   900032
  1.259388e+00   -1.629884e-16   3.067377e-03   1.028411e-17   916560
  1.270005e+00   -1.315261e-16   3.061783e-03   9.979999e-18   930922
  1.280635e+00   -1.095239e-16   3.071795e-03   9.668595e-18   949844
  1.291287e+00   -1.241596e-16   3.076939e-03   9.340984e-18   966736
  1.301925e+00   -9.940769e-17   3.065819e-03   9.079655e-18   978776
  1.312537e+00   -8.942179e-17   3.064137e-03   8.806122e-18   994522
  1.323161e+00   -8.498575e-17   3.068907e-03   8.501988e-18   1012420
  1.333794e+00   -7.329143e-17   3.071598e-03   8.257305e-18   1029408
  1.344410e+00   -7.080139e-17   3.058405e-03   8.017719e-18   1041658
  1.355032e+00   -4.072735e-17   3.072381e-03   7.760134e-18   1063520
  1.365659e+00   -7.386443e-17   3.060689e-03   7.558833e-18   1075808
  1.376294e+00   -6.025663e-17   3.080019e-03   7.311517e-18   1098956
  1.386928e+00   -5.101244e-17   3.061670e-03   7.113500e-18   1109810
  1.397545e+00   -6.218939e-17   3.065288e-03   6.896053e-18   1128608
  1.408178e+00   -4.086034e-17   3.073589e-03   6.701896e-18   1148264
  1.418813e+00   -3.517161e-17   3.067917e-03   6.502037e-18   1163252
  1.429436e+00   -3.522399e-17   3.067070e-03   6.323404e-18   1181042
  1.440060e+00   -3.226310e-17   3.064325e-03   6.158080e-18   1197848
  1.450692e+00   -3.497620e-17   3.073737e-03   5.958085e-18   1218848
  1.461323e+00   -2.998949e-17   3.064859e-03   5.813555e-18   1232916
  1.471945e+00   -4.310116e-17   3.068844e-03   5.643905e-18   1253002
  1.482566e+00   -1.279152e-17   3.062284e-03   5.493426e-18   1268576
  1.493191e+00   -1.277880e-17   3.071552e-03   5.321048e-18   1290128
  1.503822e+00   -1.714718e-17   3.068342e-03   5.190868e-18   1307402
  1.514455e+00   -3.105616e-17   3.069122e-03   5.046532e-18   1327028
  1.525083e+00   -1.517037e-17   3.064970e-03   4.905181e-18   1343648
  1.535711e+00   -1.627363e-17   3.070217e-03   4.772984e-18   1364096
  1.546341e+00   -8.714172e-18   3.068950e-03   4.650779e-18   1382730
  1.556974e+00   -2.424939e-17   3.068757e-03   4.534799e-18   1402164
  1.567604e+00   9.017555e-18   3.068159e-03   4.405594e-18   1420464
  1.578221e+00   -4.690122e-18   3.063798e-03   4.296420e-18   1437368
  1.588847e+00   -2.737529e-19   3.072142e-03   4.176064e-18   1461530
  1.599480e+00   6.882156e-18   3.065069e-03   4.080803e-18   1478264
  1.610108e+00   4.813773e-18   3.068902e-03   3.966421e-18   1499356
  1.620732e+00   6.990216e-18   3.065238e-03   3.875700e-18   1517016
  1.631360e+00   -2.293247e-18   3.070849e-03   3.765654e-18   1540090
  1.641988e+00   4.303202e-18   3.065366e-03   3.669037e-18   1557360
  1.652609e+00   6.487837e-18   3.066926e-03   3.593556e-18   1577780
  1.663242e+00   1.536804e-17   3.075107e-03   3.487337e-18   1602578
  1.673875e+00   6.466977e-18   3.063542e-03   3.410822e-18   1617672
  1.684498e+00   1.236447e-17   3.069033e-03   3.322130e-18   1641016
  1.695122e+00   1.362256e-17   3.065080e-03   3.247988e-18   1659416
  1.705746e+00   1.263180e-17   3.068431e-03   3.164521e-18   1682670
  1.716382e+00   7.731114e-18   3.070690e-03   3.085010e-18   1705256
  1.727024e+00   8.332324e-18   3.071890e-03   3.006994e-18   1726312
  1.737645e+00   1.273239e-17   3.062639e-03   2.937032e-18   1741880
  1.748261e+00   1.410330e-17   3.067156e-03   2.865825e-18   1766454
  1.758897e+00   5.266117e-18   3.073105e-03   2.799912e-18   1791784
  1.769528e+00   1.532897e-17   3.063894e-03   2.736796e-18   1807712
  1.780139e+00   1.921007e-17   3.062775e-03   2.676803e-18   1829002
  1.790759e+00   1.423680e-17   3.067263e-03   2.608425e-18   1854216
  1.801400e+00   1.669189e-17   3.074631e-03   2.545004e-18   1880156
  1.812037e+00   1.900358e-17   3.068349e-03   2.485952e-18   1897568
  1.822663e+00   1.150384e-17   3.068475e-03   2.429293e-18   1920458
  1.833288e+00   5.700932e-18   3.065997e-03   2.371223e-18   1942208
  1.843915e+00   1.393935e-17   3.067813e-03   2.321265e-18   1965612
  1.854544e+00   1.555712e-17   3.069639e-03   2.264062e-18   1989000
  1.865168e+00   1.549178e-17   3.064465e-03   2.215281e-18   2009114
  1.875791e+00   1.928513e-17   3.067400e-03   2.165913e-18   2034464
  1.886424e+00   1.840933e-17   3.070174e-03   2.114638e-18   2058476
  1.897052e+00   1.443896e-17   3.068039e-03   2.070475e-18   2079648
  1.907673e+00   1.440261e-17   3.065891e-03   2.025866e-18   2102578
  1.918306e+00   2.002511e-17   3.070742e-03   1.977221e-18   2129928
  1.928942e+00   1.580196e-17   3.069733e-03   1.933108e-18   2152096
  1.939563e+00   1.352513e-17   3.062858e-03   1.896400e-18   2171142
  1.950185e+00   1.612278e-17   3.069150e-03   1.851486e-18   2200248
  1.960824e+00   1.859300e-17   3.071017e-03   1.809330e-18   2225216
  1.971460e+00   1.154714e-17   3.070942e-03   1.771171e-18   2248448
  1.982084e+00   1.620827e-17   3.064272e-03   1.731988e-18   2267942
  1.992710e+00   1.397966e-17   3.071051e-03   1.696306e-18   2298072
  2.003337e+00   1.278440e-17   3.064068e-03   1.659735e-18   2317272
  2.013961e+00   1.505606e-17   3.069747e-03   1.623297e-18   2345808
  2.024580e+00   1.262753e-17   3.062469e-03   1.591143e-18   2365650
  2.035206e+00   1.178043e-17   3.069930e-03   1.554522e-18   2396940
  2.045842e+00   1.582468e-17   3.069936e-03   1.521821e-18   2421272
  2.056473e+00   1.252169e-17   3.068399e-03   1.495151e-18   2444576
  2.067102e+00   8.661938e-18   3.069748e-03   1.459710e-18   2471490
  2.077728e+00   9.789648e-18   3.064854e-03   1.431422e-18   2493180
  2.088349e+00   1.000371e-17   3.068019e-03   1.401456e-18   2520952
  2.098972e+00   1.180931e-17   3.065319e-03   1.372832e-18   2544946
  2.109598e+00   9.956152e-18   3.068311e-03   1.344829e-18   2573856
  2.120230e+00   1.073145e-17   3.069026e-03   1.318151e-18   2600016
  2.130862e+00   1.207212e-17   3.069102e-03   1.289290e-18   2625484
  2.141490e+00   1.311735e-17   3.068080e-03   1.260951e-18   2651122
  2.152130e+00   9.176906e-18   3.074348e-03   1.237345e-18   2683488
  2.162754e+00   1.163651e-17   3.059466e-03   1.215536e-18   2696352
  2.173371e+00   1.098226e-17   3.071171e-03   1.189361e-18   2733020
  2.184002e+00   6.631541e-18   3.067530e-03   1.164437e-18   2757378
  2.194631e+00   6.436356e-18   3.067942e-03   1.141749e-18   2784864
  2.205259e+00   8.749684e-18   3.067811e-03   1.118474e-18   2811168
  2.215874e+00   6.181929e-18   3.061061e-03   1.095888e-18   2832274
  2.226505e+00   8.214820e-18   3.075611e-03   1.072947e-18   2873636
  2.237142e+00   9.073070e-18   3.064877e-03   1.055903e-18   2890496
  2.247766e+00   5.354426e-18   3.069851e-03   1.031751e-18   2921800
  2.258399e+00   7.768098e-18   3.071101e-03   1.012413e-18   2951298
  2.269032e+00   5.828036e-18   3.066274e-03   9.933231e-19   2975476
  2.279663e+00   5.151083e-18   3.071375e-03   9.750457e-19   3007728
  2.290285e+00   4.246801e-18   3.061886e-03   9.579550e-19   3025776
  2.300910e+00   6.661142e-18   3.072955e-03   9.379930e-19   3065762
  2.311540e+00   3.029231e-18   3.063208e-03   9.203619e-19   3084856
  2.322162e+00   4.676682e-18   3.068985e-03   9.019094e-19   3118044
  2.332782e+00   7.822011e-18   3.064319e-03   8.851586e-19   3141352
  2.343410e+00   2.088186e-18   3.072036e-03   8.688280e-19   3179274
  2.354046e+00   3.947273e-18   3.067682e-03   8.522256e-19   3204120
  2.364668e+00   3.645735e-18   3.063610e-03   8.364624e-19   3227900
  2.375288e+00   3.949232e-18   3.068722e-03   8.209069e-19   3262394
  2.385925e+00   1.849276e-18   3.071814e-03   8.049616e-19   3295680
  2.396559e+00   2.867462e-18   3.067166e-03   7.896916e-19   3319560
  2.407184e+00   2.880466e-18   3.068070e-03   7.753334e-19   3348972
  2.417810e+00   2.709709e-18   3.068540e-03   7.622307e-19   3379722
  2.428441e+00   3.566696e-18   3.068348e-03   7.476445e-19   3410720
  2.439075e+00   3.171948e-18   3.069517e-03   7.329277e-19   3441504
  2.449697e+00   3.751430e-18   3.063301e-03   7.209066e-19   3463624
  2.460317e+00   3.400049e-18   3.068043e-03   7.071898e-19   3499790
  2.470951e+00   1.684906e-18   3.070702e-03   6.943815e-19   3533560
  2.481588e+00   2.003878e-18   3.069830e-03   6.808527e-19   3561920
  2.492209e+00   1.590446e-18   3.064208e-03   6.680163e-19   3585208
  2.502830e+00   3.613379e-18   3.069185e-03   6.567501e-19   3622518
  2.513468e+00   7.770271e-19   3.072344e-03   6.447435e-19   3657584
  2.524094e+00   2.204511e-18   3.062507e-03   6.342530e-19   3676440
  2.534707e+00   -4.035716e-19   3.065232e-03   6.227993e-19   3711282
  2.545334e+00   1.184123e-18   3.068763e-03   6.116821e-19   3747696
  2.555965e+00   1.012914e-18   3.067225e-03   6.015876e-19   3776188
  2.566601e+00   1.196063e-18   3.074483e-03   5.900058e-19   3815304
  2.577232e+00   1.378460e-18   3.064660e-03   5.804916e-19   3835370
  2.587856e+00   -3.693898e-19   3.068926e-03   5.700438e-19   3873424
  2.598487e+00   1.494074e-18   3.067978e-03   5.598946e-19   3903420
  2.609117e+00   -1.395810e-18   3.070036e-03   5.496702e-19   3937624
  2.619745e+00   2.143707e-19   3.066011e-03   5.403240e-19   3965658
  2.630375e+00   -1.137364e-18   3.069802e-03   5.312046e-19   4002984
  2.641001e+00   1.058643e-18   3.065136e-03   5.223016e-19   4027928
  2.651616e+00   8.920128e-19   3.064941e-03   5.133438e-19   4059844
  2.662241e+00   -9.143961e-19   3.069945e-03   5.038959e-19   4100338
  2.672876e+00   -4.150698e-19   3.069128e-03   4.958859e-19   4132264
  2.683506e+00   -2.400455e-19   3.068474e-03   4.866726e-19   4163216
  2.694131e+00   8.962063e-19   3.066146e-03   4.786025e-19   4193350
  2.704761e+00   -6.543818e-19   3.071068e-03   4.702832e-19   4234456
  2.715390e+00   -1.193132e-18   3.064079e-03   4.624356e-19   4257264
  2.726012e+00   -3.467523e-19   3.069774e-03   4.543188e-19   4297352
  2.736640e+00   -1.019871e-18   3.067495e-03   4.478384e-19   4328642
  2.747272e+00   -2.557467e-19   3.070663e-03   4.392579e-19   4367948
  2.757895e+00   6.299325e-21   3.061799e-03   4.322097e-19   4388384
  2.768519e+00   -5.555926e-19   3.072247e-03   4.242758e-19   4436648
  2.779154e+00   -2.297763e-19   3.067997e-03   4.177272e-19   4465658
  2.789787e+00   -6.646417e-19   3.069677e-03   4.108367e-19   4502948
  2.800413e+00   -9.876189e-19   3.064787e-03   4.043799e-19   4528880
  2.811033e+00   -3.094658e-19   3.067181e-03   3.972554e-19   4566290
  2.821663e+00   -7.937384e-19   3.070655e-03   3.903823e-19   4606856
  2.832293e+00   -1.643807e-18   3.066552e-03   3.847917e-19   4635380
  2.842916e+00   -3.410892e-19   3.067131e-03   3.787676e-19   4670384
  2.853543e+00   -2.094247e-19   3.069161e-03   3.717548e-19   4709258
  2.864179e+00   -9.838007e-19   3.070324e-03   3.658138e-19   4747352
  2.874805e+00   -6.085712e-19   3.063655e-03   3.598908e-19   4771664
  2.885427e+00   -8.963282e-19   3.068600e-03   3.545556e-19   4813532
  2.896058e+00   -1.620070e-18   3.070437e-03   3.483591e-19   4852322
  2.906693e+00   -3.490862e-20   3.069013e-03   3.427942e-19   4886480
  2.917320e+00   -6.281738e-19   3.066289e-03   3.376727e-19   4917248
  2.927939e+00   -4.881360e-19   3.065099e-03   3.322412e-19   4950828
  2.938569e+00   -8.300926e-20   3.072788e-03   3.264076e-19   5000170
  2.949204e+00   -7.398457e-19   3.066857e-03   3.211856e-19   5026952
  2.959825e+00   -4.180108e-19   3.064676e-03   3.163771e-19   5058752
  2.970445e+00   -8.888751e-19   3.067741e-03   3.114084e-19   5100722
  2.981076e+00   -1.989316e-19   3.068979e-03   3.059938e-19   5140124
  2.991706e+00   -1.032909e-18   3.067937e-03   3.021194e-19   5174072
  3.002335e+00   -6.922606e-19   3.068928e-03   2.968433e-19   5211608
  3.012962e+00   -8.486589e-19   3.067917e-03   2.916369e-19   5247794
  3.023589e+00   -7.880139e-19   3.066908e-03   2.878808e-19   5284196
  3.034222e+00   -8.775357e-19   3.071657e-03   2.830882e-19   5328800
  3.044847e+00   -5.693262e-19   3.063109e-03   2.792111e-19   5350872
  3.055470e+00   -1.692111e-19   3.069608e-03   2.741635e-19   5400634
  3.066097e+00   -6.660277e-19   3.065291e-03   2.700494e-19   5430968
  3.076725e+00   -6.593682e-19   3.070185e-03   2.658967e-19   5475908
  3.087355e+00   -1.074501e-18   3.068352e-03   2.617721e-19   5510016
  3.097986e+00   -5.774491e-19   3.069695e-03   2.579529e-19   5552114
  3.108620e+00   -1.089682e-18   3.068841e-03   2.539535e-19   5588944
  3.119249e+00   -2.048494e-19   3.067703e-03   2.501325e-19   5623828
  3.129873e+00   -5.856662e-19   3.066629e-03   2.461905e-19   5660722
  3.140497e+00   -9.174246e-19   3.066422e-03   2.426389e-19   5699896
  3.151124e+00   -5.340440e-19   3.068968e-03   2.389768e-19   5741936
  3.161754e+00   -1.182499e-18   3.069010e-03   2.353294e-19   5779568
  3.172381e+00   -3.662761e-19   3.067639e-03   2.317414e-19   5817222
  3.183006e+00   -1.269547e-18   3.066013e-03   2.280675e-19   5854600
  3.193635e+00   -5.316597e-19   3.069791e-03   2.249105e-19   5900040
  3.204262e+00   -1.712655e-19   3.066501e-03   2.213794e-19   5931976
  3.214890e+00   -2.831423e-19   3.070101e-03   2.180173e-19   5979390
  3.225518e+00   -3.823470e-19   3.065321e-03   2.147443e-19   6010200
  3.236144e+00   -4.036941e-19   3.069327e-03   2.115817e-19   6056496
  3.246769e+00   -2.761490e-19   3.066211e-03   2.084671e-19   6089504
  3.257396e+00   -1.543689e-19   3.069391e-03   2.055413e-19   6137114
  3.268025e+00   -2.595833e-19   3.067201e-03   2.024743e-19   6173332
  3.278652e+00   -1.366628e-19   3.067882e-03   1.996638e-19   6214128
  3.289279e+00   -9.609183e-19   3.067306e-03   1.965519e-19   6253874
  3.299910e+00   -6.539504e-20   3.069629e-03   1.937438e-19   6300104
  3.310539e+00   -6.486972e-19   3.066365e-03   1.906408e-19   6332612
  3.321166e+00   -2.197742e-19   3.070240e-03   1.877306e-19   6379768
  3.331797e+00   -2.951450e-19   3.068597e-03   1.851332e-19   6418218
  3.342427e+00   -3.606171e-20   3.068360e-03   1.823574e-19   6459880
  3.353052e+00   7.242961e-20   3.066116e-03   1.801022e-19   6495652
  3.363680e+00   -4.232759e-19   3.070231e-03   1.773809e-19   6545296
  3.374311e+00   -5.724394e-19   3.067227e-03   1.749432e-19   6581570
  3.384935e+00   8.190046e-20   3.065246e-03   1.722704e-19   6618960
  3.395556e+00   1.899531e-19   3.067158e-03   1.696323e-19   6663352
  3.406178e+00   -1.628449e-19   3.065376e-03   1.673374e-19   6701334
  3.416809e+00   -7.819814e-19   3.072512e-03   1.650728e-19   6759920
  3.427444e+00   -4.972332e-19   3.067179e-03   1.626874e-19   6789696
  3.438073e+00   -1.665759e-19   3.069955e-03   1.603332e-19   6837208
  3.448703e+00   1.274458e-19   3.067492e-03   1.581024e-19   6874966
  3.459333e+00   -4.715745e-20   3.068613e-03   1.557887e-19   6920864
  3.469960e+00   4.652904e-19   3.066758e-03   1.537719e-19   6957816
  3.480585e+00   -2.519579e-19   3.068144e-03   1.512784e-19   7002232
  3.491208e+00   -3.230573e-19   3.066540e-03   1.494583e-19   7043114
  3.501840e+00   -3.236338e-20   3.070403e-03   1.470459e-19   7096020
  3.512471e+00   2.346605e-19   3.067394e-03   1.450652e-19   7130640
  3.523097e+00   2.113222e-20   3.068276e-03   1.431090e-19   7175472
  3.533723e+00   1.055436e-20   3.067248e-03   1.412905e-19   7217786
  3.544353e+00   2.243365e-19   3.068999e-03   1.392157e-19   7265564
  3.554979e+00   1.169562e-19   3.066319e-03   1.372182e-19   7301288
  3.565600e+00   -2.549577e-19   3.066375e-03   1.351463e-19   7345330
  3.576227e+00   2.191535e-19   3.069052e-03   1.334067e-19   7397048
  3.586856e+00   -1.225997e-19   3.067039e-03   1.315691e-19   7435920
  3.597485e+00   2.708122e-19   3.069220e-03   1.298021e-19   7484140
  3.608113e+00   1.887262e-19   3.067643e-03   1.281968e-19   7525578
  3.618741e+00   -2.882927e-20   3.067518e-03   1.262231e-19   7571376
  3.629371e+00   1.939762e-19   3.068480e-03   1.244146e-19   7617064
  3.640002e+00   3.589458e-19   3.069456e-03   1.228858e-19   7662092
  3.650627e+00   2.309442e-19   3.066324e-03   1.212113e-19   7699658
  3.661254e+00   3.873709e-20   3.068945e-03   1.195931e-19   7752416
  3.671886e+00   6.993154e-20   3.069408e-03   1.178033e-19   7797776
  3.682511e+00   5.262263e-20   3.065176e-03   1.164427e-19   7831720
  3.693136e+00   -2.759546e-20   3.069723e-03   1.147640e-19   7889926
  3.703768e+00   4.194297e-19   3.067981e-03   1.131876e-19   7931480
  3.714397e+00   3.463910e-19   3.068251e-03   1.116150e-19   7976688
  3.725016e+00   8.183820e-20   3.062621e-03   1.103443e-19   8007786
  3.735639e+00   6.357233e-20   3.070332e-03   1.087202e-19   8074564
  3.746275e+00   -4.263378e-20   3.070085e-03   1.072602e-19   8118904
  3.756904e+00   1.937366e-19   3.066957e-03   1.057957e-19   8155824
  3.767533e+00   3.223698e-19   3.070641e-03   1.044489e-19   8212802
  3.778161e+00   1.903788e-19   3.065118e-03   1.031162e-19   8245268
  3.788791e+00   1.524702e-19   3.071754e-03   1.015596e-19   8308816
  3.799422e+00   4.521040e-20   3.066301e-03   1.004466e-19   8340304
  3.810044e+00   3.218043e-20   3.066222e-03   9.905005e-20   8387738
  3.820668e+00   1.903888e-19   3.067207e-03   9.782926e-20   8437624
  3.831296e+00   -3.222917e-20   3.068826e-03   9.653510e-20   8487796
  3.841921e+00   5.026031e-20   3.066430e-03   9.528031e-20   8527936
  3.852549e+00   3.296954e-19   3.069409e-03   9.396988e-20   8585122
  3.863180e+00   1.349028e-19   3.067925e-03   9.283904e-20   8628200
  3.873811e+00   2.305486e-19   3.069670e-03   9.162296e-20   8679484
  3.884439e+00   2.631002e-19   3.067320e-03   9.037952e-20   8721466
  3.895064e+00   2.177598e-19   3.065795e-03   8.925069e-20   8765840
  3.905692e+00   2.272640e-19   3.070355e-03   8.803250e-20   8825136
  3.916320e+00   1.419100e-19   3.066753e-03   8.704592e-20   8861768
  3.926948e+00   9.776202e-20   3.069321e-03   8.571331e-20   8919278
  3.937577e+00   2.655147e-19   3.066595e-03   8.478294e-20   8961008
  3.948205e+00   1.769512e-19   3.068779e-03   8.358094e-20   9014456
  3.958835e+00   2.553413e-19   3.068818e-03   8.253516e-20   9062240
  3.969465e+00   6.443286e-20   3.068277e-03   8.156225e-20   9110510
  3.980091e+00   7.394524e-20   3.066455e-03   8.055113e-20   9154048
  3.990712e+00   1.083163e-19   3.065703e-03   7.944514e-20   9198928
  4.001336e+00   2.891931e-19   3.068826e-03   7.844612e-20   9257194
  4.011967e+00   1.225892e-19   3.069362e-03   7.749380e-20   9310168
  4.022596e+00   8.506521e-20   3.066324e-03   7.656230e-20   9350316
  4.033222e+00   2.294185e-19   3.069210e-03   7.550307e-20   9407120
  4.043852e+00   2.761756e-19   3.068250e-03   7.459174e-20   9454642
  4.054482e+00   9.868764e-20   3.068405e-03   7.376869e-20   9506272
  4.065111e+00   5.463258e-22   3.067355e-03   7.286787e-20   9551228
  4.075735e+00   1.081964e-19   3.067594e-03   7.189508e-20   9600264
  4.086360e+00   1.149669e-19   3.067530e-03   7.093464e-20   9651458
  4.096991e+00   1.423962e-19   3.070122e-03   7.010311e-20   9711488
  4.107620e+00   1.611874e-20   3.066189e-03   6.921284e-20   9749144
  4.118247e+00   1.574079e-19   3.069033e-03   6.842315e-20   9807908
  4.128876e+00   2.357442e-19   3.067607e-03   6.753158e-20   9854786
  4.139508e+00   1.859500e-19   3.070269e-03   6.661457e-20   9914304
  4.150134e+00   2.346804e-19   3.064668e-03   6.590273e-20   9945544
  4.160753e+00   2.042610e-19   3.066794e-03   6.507306e-20   10003414
  4.171379e+00   3.998836e-20   3.068671e-03   6.435120e-20   10062032
  4.182011e+00   1.064758e-19   3.069142e-03   6.354108e-20   10114792
  4.192645e+00   1.769161e-19   3.070449e-03   6.274467e-20   10169936
  4.203267e+00   1.845006e-20   3.062650e-03   6.204358e-20   10196602
  4.213895e+00   1.120095e-19   3.072265e-03   6.123233e-20   10281156
  4.224526e+00   5.697797e-20   3.065688e-03   6.051600e-20   10309376
  4.235150e+00   1.273746e-19   3.068567e-03   5.980495e-20   10369856
  4.245775e+00   1.515858e-19   3.066063e-03   5.905129e-20   10415370
  4.256404e+00   1.275350e-19   3.070045e-03   5.835836e-20   10481988
  4.267039e+00   1.536057e-20   3.069556e-03   5.765499e-20   10531200
  4.277665e+00   1.779098e-19   3.065408e-03   5.698538e-20   10569416
  4.288289e+00   2.900396e-19   3.068216e-03   5.628747e-20   10633066
  4.298919e+00   9.108210e-20   3.068866e-03   5.569689e-20   10687548
  4.309552e+00   1.164615e-19   3.070419e-03   5.497195e-20   10743968
  4.320180e+00   1.634967e-19   3.065849e-03   5.431500e-20   10782130
  4.330801e+00   -7.607086e-21   3.066095e-03   5.373979e-20   10837792
  4.341427e+00   1.567472e-19   3.068321e-03   5.305777e-20   10897368
  4.352058e+00   4.431048e-20   3.069642e-03   5.244649e-20   10953940
  4.362687e+00   1.454950e-19   3.067969e-03   5.183044e-20   11003274
  4.373313e+00   1.131587e-19   3.066343e-03   5.128542e-20   11052800
  4.383943e+00   1.715446e-19   3.070099e-03   5.066252e-20   11118176
  4.394573e+00   8.965501e-21   3.067934e-03   5.006071e-20   11162268
  4.405196e+00   4.504979e-20   3.066117e-03   4.950850e-20   11211458
  4.415820e+00   6.750732e-20   3.067310e-03   4.890751e-20   11271888
  4.426448e+00   7.507931e-20   3.068640e-03   4.830685e-20   11329304
  4.437073e+00   1.309423e-19   3.066385e-03   4.784962e-20   11375026
  4.447701e+00   6.087001e-20   3.069261e-03   4.727631e-20   11442532
  4.458330e+00   -2.141123e-20   3.066551e-03   4.678033e-20   11487264
  4.468957e+00   6.812378e-20   3.068098e-03   4.617458e-20   11545680
  4.479587e+00   8.700213e-20   3.069842e-03   4.565578e-20   11607058
  4.490221e+00   7.035791e-20   3.069925e-03   4.513985e-20   11664300
  4.500851e+00   3.623422e-20   3.066963e-03   4.468810e-20   11707488
  4.511474e+00   -9.065878e-20   3.066617e-03   4.410323e-20   11759536
  4.522104e+00   5.196573e-20   3.071176e-03   4.359065e-20   11833690
  4.532737e+00   9.907422e-21   3.067542e-03   4.312018e-20   11877808
  4.543362e+00   -6.628794e-20   3.065778e-03   4.266515e-20   11925836
  4.553987e+00   -7.108739e-20   3.068899e-03   4.215575e-20   11992168
  4.564616e+00   1.500494e-19   3.067784e-03   4.172119e-20   12044554
  4.575242e+00   4.500168e-20   3.067168e-03   4.129541e-20   12098976
  4.585865e+00   4.541585e-20   3.066173e-03   4.079137e-20   12149996
  4.596487e+00   6.873782e-20   3.067038e-03   4.032426e-20   12209594
  4.607117e+00   -5.212628e-20   3.069983e-03   3.993235e-20   12279272
  4.617752e+00   1.752213e-20   3.070004e-03   3.945053e-20   12336072
  4.628383e+00   4.683243e-20   3.067416e-03   3.902843e-20   12381744
  4.639009e+00   -4.248502e-21   3.068068e-03   3.860933e-20   12441590
  4.649637e+00   8.184908e-20   3.067557e-03   3.816336e-20   12497256
  4.660262e+00   -4.574493e-20   3.066825e-03   3.776886e-20   12550032
  4.670884e+00   2.293780e-20   3.066185e-03   3.733442e-20   12603936
  4.681508e+00   7.301683e-20   3.068111e-03   3.693089e-20   12671230
  4.692142e+00   5.597092e-20   3.070828e-03   3.653955e-20   12740920
  4.702775e+00   -3.171614e-21   3.067767e-03   3.612402e-20   12784560
  4.713398e+00   -6.566150e-20   3.065894e-03   3.571930e-20   12834176
  4.724025e+00   5.323260e-20   3.069663e-03   3.535473e-20   12909006
  4.734656e+00   3.364019e-20   3.068089e-03   3.496646e-20   12959680
  4.745283e+00   5.592843e-20   3.067551e-03   3.459896e-20   13014232
  4.755909e+00   4.501658e-21   3.068154e-03   3.431474e-20   13076514
  4.766534e+00   -4.412385e-20   3.065684e-03   3.392233e-20   13127112
  4.777164e+00   -1.724803e-21   3.070665e-03   3.348549e-20   13205852
  4.787797e+00   2.230331e-20   3.068206e-03   3.317601e-20   13252032
  4.798423e+00   1.917655e-20   3.066967e-03   3.282698e-20   13307450
  4.809051e+00   3.664868e-20   3.068506e-03   3.252298e-20   13374160
  4.819680e+00   6.398706e-20   3.067567e-03   3.213912e-20   13426348
  4.830308e+00   2.464455e-20   3.069633e-03   3.177004e-20   13492760
  4.840934e+00   5.553504e-20   3.066142e-03   3.148663e-20   13539546
  4.851560e+00   3.683988e-20   3.068338e-03   3.113583e-20   13610704
  4.862187e+00   3.125057e-20   3.066835e-03   3.085067e-20   13662024
  4.872813e+00   -9.233495e-20   3.068248e-03   3.052004e-20   13727492
  4.883443e+00   -9.938774e-21   3.069111e-03   3.022667e-20   13793394
  4.894073e+00   4.174454e-20   3.067154e-03   2.989396e-20   13844456
  4.904699e+00   -6.584614e-20   3.067927e-03   2.957580e-20   13905184
  4.915325e+00   -1.032258e-19   3.067971e-03   2.930003e-20   13965958
  4.925951e+00   -3.791740e-22   3.067148e-03   2.901034e-20   14025192
  4.936580e+00   -9.145920e-21   3.068951e-03   2.871642e-20   14093768
  4.947211e+00   3.555696e-22   3.068454e-03   2.841804e-20   14150440
  4.957840e+00   1.565606e-21   3.068630e-03   2.813218e-20   14213450
  4.968468e+00   -3.025436e-20   3.066726e-03   2.790680e-20   14267036
  4.979095e+00   -6.038571e-20   3.068568e-03   2.757381e-20   14335032
  4.989722e+00   -2.663185e-20   3.067092e-03   2.732220e-20   14387664
  5.000347e+00   3.705997e-20   3.068270e-03   2.703126e-20   14455698
  5.010977e+00   -6.410104e-20   3.068677e-03   2.677612e-20   14520452
  5.021607e+00   -9.767065e-20   3.068497e-03   2.649080e-20   14580272
  5.032232e+00   -1.019445e-20   3.065614e-03   2.627712e-20   14628050
  5.042860e+00   1.842545e-20   3.070982e-03   2.597329e-20   14716744
  5.053489e+00   1.952732e-20   3.065407e-03   2.576999e-20   14751712
  5.064115e+00   -2.107861e-20   3.069456e-03   2.548163e-20   14831620
  5.074740e+00   1.721717e-20   3.065470e-03   2.524452e-20   14875522
  5.085366e+00   2.138837e-21   3.068961e-03   2.501606e-20   14956720
  5.095994e+00   -1.665031e-20   3.066998e-03   2.475830e-20   15008272
  5.106620e+00   1.827895e-21   3.067783e-03   2.453324e-20   15073780
  5.117248e+00   -7.169696e-20   3.069002e-03   2.429874e-20   15144866
  5.127883e+00   -4.184388e-20   3.070052e-03   2.409041e-20   15213872
  5.138515e+00   2.693425e-20   3.067931e-03   2.385470e-20   15263976
  5.149140e+00   -1.586249e-20   3.066723e-03   2.359904e-20   15320236
  5.159767e+00   1.007126e-19   3.069367e-03   2.339582e-20   15398322
  5.170396e+00   3.578727e-21   3.067121e-03   2.320902e-20   15450864
  5.181021e+00   -5.287241e-20   3.067373e-03   2.293385e-20   15513888
  5.191645e+00   5.202205e-20   3.066596e-03   2.275547e-20   15574626
  5.202274e+00   1.638608e-20   3.069893e-03   2.255875e-20   15657956
  5.212904e+00   -4.439171e-20   3.066736e-03   2.232027e-20   15704248
  5.223531e+00   -2.559565e-20   3.068512e-03   2.212468e-20   15774824
  5.234161e+00   -4.656006e-20   3.069354e-03   2.191152e-20   15844898
  5.244790e+00   -1.281618e-21   3.066994e-03   2.173686e-20   15898956
  5.255415e+00   6.789025e-20   3.067091e-03   2.152037e-20   15961768
  5.266040e+00   -3.546956e-20   3.068481e-03   2.132586e-20   16032208
  5.276669e+00   -1.936457e-21   3.068464e-03   2.115108e-20   16099530
  5.287295e+00   -3.850157e-20   3.065856e-03   2.098743e-20   16152712
  5.297924e+00   2.112408e-20   3.069693e-03   2.077309e-20   16235740
  5.308553e+00   -1.045307e-20   3.067725e-03   2.060910e-20   16288856
  5.319183e+00   8.886729e-22   3.069408e-03   2.039827e-20   16365074
  5.329812e+00   3.162831e-20   3.067066e-03   2.025075e-20   16418248
  5.340434e+00   4.183122e-21   3.065573e-03   2.004101e-20   16473180
  5.351058e+00   4.937545e-20   3.069491e-03   1.988527e-20   16560234
  5.361687e+00   -3.551453e-20   3.067046e-03   1.974391e-20   16616088
  5.372317e+00   -8.073608e-21   3.069133e-03   1.953814e-20   16693264
  5.382948e+00   3.469763e-20   3.068526e-03   1.935680e-20   16753864
  5.393577e+00   4.783997e-21   3.068569e-03   1.919928e-20   16820702
  5.404204e+00   1.061951e-22   3.066887e-03   1.904011e-20   16879288
  5.414832e+00   1.167953e-20   3.068277e-03   1.888936e-20   16951712
  5.425456e+00   -3.164389e-20   3.066689e-03   1.870592e-20   17007560
  5.436084e+00   1.530574e-21   3.069534e-03   1.854677e-20   17092086
  5.446713e+00   -6.705883e-21   3.067265e-03   1.843850e-20   17148392
  5.457342e+00   7.809357e-22   3.068696e-03   1.827750e-20   17222288
  5.467971e+00   1.171910e-21   3.068089e-03   1.810277e-20   17285096
  5.478597e+00   -2.624230e-20   3.066549e-03   1.796851e-20   17344826
  5.489223e+00   7.403918e-21   3.068300e-03   1.782536e-20   17421236
  5.499853e+00   -1.414316e-20   3.069479e-03   1.767023e-20   17494160
  5.510478e+00   -9.002441e-21   3.065109e-03   1.755077e-20   17538122
  5.521100e+00   2.793601e-20   3.067347e-03   1.740932e-20   17620136
  5.531731e+00   1.440225e-20   3.069687e-03   1.725895e-20   17700428
  5.542362e+00   4.270586e-20   3.068482e-03   1.712221e-20   17760320
  5.552991e+00   -1.988588e-20   3.068060e-03   1.698455e-20   17827562
  5.563619e+00   4.578450e-22   3.067912e-03   1.684683e-20   17895488
  5.574247e+00   6.190419e-21   3.068230e-03   1.673136e-20   17963576
  5.584874e+00   3.931736e-20   3.067616e-03   1.659093e-20   18027500
  5.595502e+00   1.502815e-20   3.068831e-03   1.648588e-20   18105650
  5.606129e+00   -7.065972e-21   3.066269e-03   1.633801e-20   18160880
  5.616752e+00   1.499584e-20   3.067084e-03   1.620836e-20   18233144
  5.627379e+00   5.845787e-21   3.067872e-03   1.606627e-20   18307310
  5.638008e+00   5.169515e-20   3.068420e-03   1.598504e-20   18381680
  5.648639e+00   3.748170e-21   3.068723e-03   1.585468e-20   18450536
  5.659270e+00   8.045145e-21   3.069549e-03   1.572428e-20   18522128
  5.669897e+00   1.191963e-20   3.067067e-03   1.562208e-20   18578414
  5.680523e+00   -3.654227e-21   3.067781e-03   1.551641e-20   18654304
  5.691150e+00   -4.036400e-22   3.067639e-03   1.540265e-20   18722304
  5.701780e+00   -2.867021e-20   3.069442e-03   1.528971e-20   18802472
  5.712409e+00   2.898264e-20   3.067729e-03   1.517905e-20   18864266
  5.723037e+00   1.487310e-20   3.067347e-03   1.509867e-20   18933260
  5.733662e+00   -1.528355e-20   3.066799e-03   1.496219e-20   18997448
  5.744288e+00   1.023662e-20   3.068953e-03   1.486260e-20   19079816
  5.754917e+00   7.327838e-21   3.067744e-03   1.478345e-20   19145330
  5.765545e+00   -3.202135e-20   3.067941e-03   1.466067e-20   19218276
  5.776172e+00   -3.010247e-21   3.067784e-03   1.456309e-20   19286200
  5.786797e+00   1.768261e-20   3.066457e-03   1.448204e-20   19349738
  5.797427e+00   3.866012e-20   3.070714e-03   1.438491e-20   19450040
  5.808057e+00   2.313392e-20   3.065907e-03   1.429741e-20   19489688
  5.818683e+00   -1.043452e-20   3.068803e-03   1.419284e-20   19576868
  5.829310e+00   2.167566e-20   3.067331e-03   1.409584e-20   19640282
  5.839940e+00   1.576808e-20   3.069683e-03   1.402041e-20   19728800
  5.850566e+00   -4.319684e-20   3.065237e-03   1.391651e-20   19770152
  5.861190e+00   1.534518e-20   3.068717e-03   1.383608e-20   19863516
  5.871821e+00   1.958407e-20   3.069639e-03   1.373232e-20   19943594
  5.882452e+00   2.299862e-20   3.067597e-03   1.365669e-20   20003440
  5.893081e+00   5.040634e-20   3.068832e-03   1.356192e-20   20081768
  5.903706e+00   -2.497620e-20   3.066188e-03   1.350696e-20   20136200
  5.914335e+00   -4.794057e-21   3.070449e-03   1.339976e-20   20238094
  5.924964e+00   -8.414677e-21   3.066146e-03   1.333275e-20   20282544
  5.935584e+00   5.806227e-21   3.065727e-03   1.325030e-20   20351720
  5.946209e+00   -2.711876e-20   3.068474e-03   1.315368e-20   20444714
  5.956838e+00   1.878011e-20   3.067781e-03   1.309119e-20   20515116
  5.967470e+00   7.524259e-21   3.070149e-03   1.302457e-20   20602384
  5.978102e+00   1.235354e-21   3.068165e-03   1.294013e-20   20659872
  5.988728e+00   3.807759e-21   3.067093e-03   1.285340e-20   20727682
  5.999356e+00   1.908031e-20   3.068732e-03   1.278943e-20   20814416
  6.009986e+00   -3.672197e-21   3.068153e-03   1.271102e-20   20881100
  6.020612e+00   2.605817e-20   3.068117e-03   1.264287e-20   20953688
  6.031238e+00   1.751528e-20   3.066654e-03   1.257981e-20   21021050
  6.041866e+00   -4.886383e-21   3.068891e-03   1.250570e-20   21111632
  6.052496e+00   -1.378105e-21   3.068341e-03   1.242283e-20   21179972
  6.063121e+00   4.781380e-20   3.066368e-03   1.234116e-20   21240488
  6.073747e+00   1.017303e-20   3.068419e-03   1.228474e-20   21331418
  6.084375e+00   3.248237e-20   3.067338e-03   1.221709e-20   21397304
  6.095000e+00   5.726528e-22   3.067405e-03   1.213823e-20   21469764
  6.105627e+00   -5.965967e-21   3.068819e-03   1.206946e-20   21556122
  6.116254e+00   1.496329e-20   3.066479e-03   1.200463e-20   21618312
  6.126884e+00   1.805408e-20   3.069809e-03   1.192083e-20   21716096
  6.137516e+00   4.645304e-20   3.068719e-03   1.184979e-20   21781352
  6.148144e+00   1.516955e-20   3.067428e-03   1.177489e-20   21848870
  6.158771e+00   4.733336e-20   3.067652e-03   1.170964e-20   21927536
  6.169400e+00   1.865912e-20   3.068795e-03   1.162707e-20   22008944
  6.180028e+00   3.249558e-21   3.067865e-03   1.153278e-20   22076136
  6.190652e+00   1.833453e-20   3.066547e-03   1.146222e-20   22145270
  6.201282e+00   3.806633e-20   3.070373e-03   1.136448e-20   22250960
  6.211913e+00   3.581164e-20   3.066914e-03   1.125698e-20   22300864
  6.222538e+00   2.876504e-20   3.067186e-03   1.115671e-20   22378586
  6.233165e+00   3.108344e-20   3.068261e-03   1.107829e-20   22464104
  6.243795e+00   3.398108e-20   3.068708e-03   1.096427e-20   22542892
  6.254421e+00   1.422874e-20   3.067123e-03   1.083924e-20   22606008
  6.265047e+00   -2.891506e-20   3.067919e-03   1.072273e-20   22690002
  6.275673e+00   2.749033e-20   3.066936e-03   1.030340e-20   22762216
  6.286298e+00   1.626048e-20   3.068880e-03   9.510228e-21   22815779
  6.296927e+00   -5.761611e-22   3.067733e-03   9.164101e-21   22772312
  6.307555e+00   6.887920e-21   3.067923e-03   8.788169e-21   22733708
  6.318183e+00   -5.800062e-21   3.068441e-03   8.432450e-21   22697672
  6.328811e+00   5.461269e-21   3.067507e-03   8.095705e-21   22651460
  6.339438e+00   1.754353e-20   3.068199e-03   7.786724e-21   22616024
  6.350068e+00   1.576606e-21   3.069309e-03   7.506010e-21   22583496
  6.360694e+00   -6.319876e-21   3.065960e-03   7.249036e-21   22519252
  6.371317e+00   1.546183e-20   3.067197e-03   6.991452e-21   22488992
  6.381944e+00   -1.729497e-21   3.067780e-03   6.761885e-21   22453172
  6.392574e+00   8.177862e-21   3.069105e-03   6.536121e-21   22420584
  6.403204e+00   -1.047177e-21   3.068296e-03   6.323841e-21   22371700
  6.413832e+00   4.022571e-21   3.068296e-03   6.123428e-21   22329896
  6.424460e+00   4.640581e-21   3.067512e-03   5.941127e-21   22282876
  6.435088e+00   4.779058e-22   3.068899e-03   5.750227e-21   22250692
  6.445715e+00   -9.636473e-21   3.066872e-03   5.594427e-21   22194436
  6.456340e+00   9.358254e-21   3.066996e-03   5.429011e-21   22153540
  6.466968e+00   -4.140381e-21   3.068722e-03   5.272731e-21   22122584
  6.477597e+00   -6.875797e-21   3.067957e-03   5.132032e-21   22073004
  6.488227e+00   -1.190481e-21   3.069406e-03   4.985975e-21   22039640
  6.498854e+00   -2.583296e-22   3.066107e-03   4.852198e-21   21971624
  6.509482e+00   -2.553761e-21   3.070097e-03   4.728180e-21   21955708
  6.520106e+00   1.545199e-22   3.063845e-03   4.605443e-21   21867720
  6.530733e+00   -1.396302e-21   3.071600e-03   4.488634e-21   21878900
  6.541363e+00   -4.176536e-21   3.065935e-03   4.377106e-21   21794260
  6.551990e+00   -1.324294e-21   3.068881e-03   4.263109e-21   21770256
  6.562619e+00   -3.071551e-22   3.068010e-03   4.163016e-21   21718124
  6.573247e+00   7.299834e-21   3.067905e-03   4.063279e-21   21671096
  6.583874e+00   7.727483e-21   3.067932e-03   3.964277e-21   21625412
  6.594503e+00   -5.913903e-21   3.069070e-03   3.870241e-21   21587284
  6.605129e+00   4.027147e-23   3.066010e-03   3.785590e-21   21519648
  6.615755e+00   5.867123e-21   3.068792e-03   3.702409e-21   21493344
  6.626384e+00   -5.059762e-21   3.067812e-03   3.616748e-21   21439360
  6.637013e+00   -2.211367e-21   3.068679e-03   3.534283e-21   21398900
  6.647644e+00   -1.801698e-21   3.068668e-03   3.454052e-21   21351488
  6.658271e+00   -1.604440e-21   3.066526e-03   3.382978e-21   21288012
  6.668898e+00   2.391860e-22   3.068796e-03   3.312125e-21   21255052
  6.679525e+00   3.703498e-21   3.067400e-03   3.240205e-21   21196928
  6.690151e+00   -1.106491e-21   3.067431e-03   3.179841e-21   21149036
  6.700778e+00   6.403478e-22   3.068015e-03   3.110391e-21   21105304
  6.711407e+00   3.075955e-21   3.068524e-03   3.043383e-21   21059992
  6.722038e+00   -1.967273e-21   3.069263e-03   2.983524e-21   21014904
  6.732667e+00   4.858894e-21   3.067536e-03   2.926688e-21   20953620
  6.743293e+00   -9.168538e-21   3.067478e-03   2.866799e-21   20902948
  6.753920e+00   -3.127832e-21   3.068064e-03   2.811361e-21   20856528
  6.764548e+00   1.139428e-21   3.068448e-03   2.755573e-21   20808868
  6.775174e+00   -1.090287e-21   3.066599e-03   2.703577e-21   20746700
  6.785798e+00   -4.084074e-21   3.066925e-03   2.654366e-21   20699040
  6.796428e+00   -2.999013e-21   3.069860e-03   2.600190e-21   20667584
  6.807054e+00   -2.107101e-21   3.064988e-03   2.554576e-21   20583320
  6.817679e+00   -5.199294e-21   3.069606e-03   2.505911e-21   20562728
  6.828310e+00   -2.512535e-21   3.067915e-03   2.461352e-21   20499120
  6.838938e+00   -1.075338e-21   3.068337e-03   2.416144e-21   20448668
  6.849566e+00   -1.757294e-21   3.068077e-03   2.371452e-21   20394408
  6.860195e+00   1.820195e-21   3.068320e-03   2.332279e-21   20344236
  6.870823e+00   3.868802e-21   3.067630e-03   2.291529e-21   20287988
  6.881451e+00   3.096572e-23   3.068044e-03   2.250207e-21   20237280
  6.892077e+00   5.519140e-21   3.067320e-03   2.212792e-21   20178328
  6.902707e+00   -1.501109e-21   3.069652e-03   2.174561e-21   20139844
  6.913336e+00   3.097256e-21   3.067174e-03   2.139956e-21   20069748
  6.923962e+00   8.225240e-21   3.067514e-03   2.101938e-21   20016800
  6.934587e+00   -6.052530e-21   3.067642e-03   2.066555e-21   19962224
  6.945217e+00   -4.199417e-21   3.069885e-03   2.034793e-21   19923568
  6.955848e+00   -1.881386e-22   3.067490e-03   1.998954e-21   19854300
  6.966474e+00   3.844513e-21   3.067154e-03   1.969769e-21   19797056
  6.977101e+00   9.022797e-23   3.067706e-03   1.935071e-21   19744940
  6.987728e+00   1.083067e-22   3.068174e-03   1.906820e-21   19691768
  6.998356e+00   -1.808897e-21   3.067321e-03   1.875322e-21   19629548
  7.008982e+00   -1.369945e-21   3.067740e-03   1.845038e-21   19575480
  7.019610e+00   9.896896e-22   3.068413e-03   1.818627e-21   19523296
  7.030241e+00   2.332674e-21   3.069533e-03   1.790161e-21   19474344
  7.040867e+00   -2.813866e-21   3.065611e-03   1.766049e-21   19392868
  7.051493e+00   2.013475e-21   3.069073e-03   1.737840e-21   19356176
  7.062123e+00   -1.352997e-21   3.068592e-03   1.713081e-21   19294916
  7.072754e+00   -9.448932e-22   3.069110e-03   1.686999e-21   19240856
  7.083382e+00   2.668851e-21   3.067066e-03   1.663072e-21   19170884
  7.094007e+00   1.930892e-21   3.066966e-03   1.637953e-21   19111352
  7.104633e+00   9.076247e-23   3.068278e-03   1.614861e-21   19060016
  7.115261e+00   -1.121002e-21   3.067998e-03   1.591136e-21   18999752
  7.125886e+00   -3.066733e-22   3.066210e-03   1.570677e-21   18930272
  7.136511e+00   1.097803e-21   3.068009e-03   1.548602e-21   18882340
  7.147141e+00   -2.705945e-21   3.069133e-03   1.527087e-21   18829056
  7.157770e+00   -3.507510e-21   3.067293e-03   1.507731e-21   18757640
  7.168398e+00   1.080889e-21   3.069197e-03   1.486924e-21   18709036
  7.179027e+00   -3.474297e-21   3.067378e-03   1.467578e-21   18637668
  7.189656e+00   2.196827e-21   3.069146e-03   1.446568e-21   18587048
  7.200283e+00   2.168579e-21   3.066626e-03   1.427803e-21   18510972
  7.210909e+00   4.062962e-21   3.067730e-03   1.409274e-21   18456692
  7.221535e+00   1.019217e-21   3.067567e-03   1.391960e-21   18394084
  7.232164e+00   1.801880e-21   3.069110e-03   1.373275e-21   18341352
  7.242794e+00   -2.587108e-21   3.068234e-03   1.356221e-21   18273884
  7.253423e+00   1.105718e-21   3.068036e-03   1.340035e-21   18211148
  7.264048e+00   -2.591668e-21   3.066171e-03   1.322891e-21   18137692
  7.274674e+00   -2.645637e-21   3.069088e-03   1.305467e-21   18091580
  7.285305e+00   1.377128e-21   3.068515e-03   1.290427e-21   18024560
  7.295932e+00   2.432631e-21   3.067362e-03   1.275521e-21   17955116
  7.306559e+00   1.566622e-21   3.067637e-03   1.260127e-21   17893232
  7.317187e+00   1.000206e-21   3.068343e-03   1.245851e-21   17832620
  7.327816e+00   -1.549660e-21   3.068327e-03   1.231095e-21   17767864
  7.338445e+00   2.095730e-22   3.068809e-03   1.218333e-21   17706956
  7.349073e+00   4.545386e-22   3.066947e-03   1.202458e-21   17632632
  7.359699e+00   -9.952440e-22   3.068061e-03   1.190916e-21   17573524
  7.370327e+00   2.137152e-21   3.067901e-03   1.177440e-21   17506380
  7.380954e+00   3.528325e-22   3.068207e-03   1.164220e-21   17442548
  7.391580e+00   1.513936e-21   3.066528e-03   1.150270e-21   17368556
  7.402208e+00   -2.586127e-22   3.069314e-03   1.138547e-21   17318260
  7.412837e+00   -2.557368e-22   3.067939e-03   1.126103e-21   17243792
  7.423463e+00   -1.104503e-21   3.066549e-03   1.115121e-21   17169716
  7.434088e+00   -1.789982e-21   3.067759e-03   1.102203e-21   17109768
  7.444715e+00   -1.538447e-21   3.068012e-03   1.090729e-21   17044064
  7.455345e+00   -1.756122e-22   3.068894e-03   1.080143e-21   16981560
  7.465972e+00   -2.696635e-21   3.066680e-03   1.068945e-21   16902264
  7.476600e+00   7.658573e-22   3.069499e-03   1.058131e-21   16849940
  7.487230e+00   -1.453555e-22   3.067461e-03   1.047173e-21   16770600
  7.497858e+00   9.802522e-22   3.068497e-03   1.037151e-21   16707512
  7.508485e+00   -4.497592e-23   3.067634e-03   1.028658e-21   16634480
  7.519114e+00   -1.484836e-21   3.068242e-03   1.017787e-21   16569424
  7.529741e+00   -2.372709e-22   3.067751e-03   1.008153e-21   16497216
  7.540372e+00   1.388919e-22   3.069501e-03   9.985805e-22   16436416
  7.550999e+00   4.433752e-22   3.067032e-03   9.906424e-22   16353532
  7.561624e+00   -1.388858e-21   3.067126e-03   9.805675e-22   16284908
  7.572251e+00   -2.314622e-21   3.068426e-03   9.718750e-22   16221948
  7.582881e+00   3.140677e-22   3.068614e-03   9.627162e-22   16152552
  7.593510e+00   -2.476488e-22   3.068122e-03   9.548855e-22   16078864
  7.604137e+00   -2.847607e-24   3.067536e-03   9.458859e-22   16005296
  7.614766e+00   -8.129958e-22   3.068300e-03   9.381963e-22   15938220
  7.625392e+00   -1.994671e-21   3.066841e-03   9.316354e-22   15858440
  7.636016e+00   -2.992049e-22   3.067373e-03   9.224024e-22   15789252
  7.646642e+00   1.898468e-21   3.067548e-03   9.147770e-22   15718944
  7.657269e+00   -5.846054e-22   3.067947e-03   9.080533e-22   15648652
  7.667899e+00   -6.930340e-23   3.069201e-03   9.008469e-22   15581944
  7.678531e+00   -2.208744e-21   3.069010e-03   8.933252e-22   15508744
  7.689158e+00   -8.874523e-22   3.066436e-03   8.871406e-22   15422472
  7.699784e+00   -1.732855e-21   3.068878e-03   8.789027e-22   15361536
  7.710413e+00   5.490803e-22   3.067494e-03   8.729191e-22   15281048
  7.721038e+00   -2.346812e-22   3.067557e-03   8.658835e-22   15207752
  7.731666e+00   2.333867e-22   3.067687e-03   8.591856e-22   15134800
  7.742292e+00   -1.103246e-21   3.067594e-03   8.544667e-22   15059664
  7.752920e+00   2.453654e-22   3.068106e-03   8.475949e-22   14987020
  7.763550e+00   -5.301168e-22   3.069757e-03   8.405926e-22   14919936
  7.774179e+00   -9.543054e-22   3.066979e-03   8.350281e-22   14831776
  7.784807e+00   -1.625366e-21   3.069197e-03   8.298470e-22   14767552
  7.795435e+00   1.952608e-23   3.066309e-03   8.249319e-22   14678336
  7.806062e+00   -1.115900e-23   3.069079e-03   8.193101e-22   14615044
  7.816690e+00   3.046086e-23   3.067275e-03   8.136055e-22   14530200
  7.827317e+00   4.116364e-23   3.067927e-03   8.090652e-22   14457000
  7.837945e+00   -4.746268e-22   3.068558e-03   8.035555e-22   14383440
  7.848573e+00   -6.878715e-23   3.067003e-03   7.982765e-22   14299516
  7.859199e+00   -2.949089e-22   3.067899e-03   7.935326e-22   14226024
  7.869825e+00   1.211565e-21   3.067223e-03   7.889592e-22   14145048
  7.880455e+00   -2.754138e-21   3.070446e-03   7.837099e-22   14082144
  7.891083e+00   -1.296207e-21   3.065393e-03   7.794590e-22   13981640
  7.901708e+00   1.747209e-21   3.068688e-03   7.747594e-22   13918460
  7.912338e+00   -6.278817e-22   3.068702e-03   7.702631e-22   13839752
  7.922969e+00   2.262549e-22   3.069182e-03   7.665933e-22   13762736
  7.933598e+00   -1.296988e-21   3.067868e-03   7.621648e-22   13677980
  7.944225e+00   1.980546e-21   3.067250e-03   7.592245e-22   13596196
  7.954850e+00   -1.060878e-21   3.067470e-03   7.551630e-22   13517736
  7.965475e+00   -1.582361e-22   3.066448e-03   7.506713e-22   13433184
  7.976100e+00   -1.206331e-21   3.068623e-03   7.468439e-22   13362296
  7.986730e+00   2.081957e-22   3.068494e-03   7.428834e-22   13281376
  7.997360e+00   -1.321815e-21   3.069113e-03   7.398251e-22   13203336
  8.007987e+00   1.958492e-22   3.066719e-03   7.366798e-22   13113016
  8.018613e+00   9.322972e-22   3.067735e-03   7.327128e-22   13036400
  8.029240e+00   2.301281e-22   3.067468e-03   7.301104e-22   12953648
  8.039869e+00   -1.777189e-21   3.069185e-03   7.262326e-22   12879016
  8.050498e+00   -5.886879e-23   3.067538e-03   7.229288e-22   12790124
  8.061127e+00   3.820735e-22   3.068996e-03   7.200407e-22   12714152
  8.071753e+00   1.891281e-21   3.066076e-03   7.175172e-22   12619608
  8.082379e+00   1.011947e-21   3.068682e-03   7.136032e-22   12547232
  8.093011e+00   -1.462271e-21   3.070245e-03   7.110987e-22   12470568
  8.103638e+00   -1.862209e-21   3.065215e-03   7.100295e-22   12368136
  8.114264e+00   2.038841e-21   3.069116e-03   7.061850e-22   12300504
  8.124894e+00   6.484607e-22   3.068128e-03   7.039204e-22   12212172
  8.135522e+00   8.186174e-22   3.067779e-03   7.013481e-22   12126228
  8.146149e+00   6.412380e-22   3.068089e-03   6.984116e-22   12043352
  8.156778e+00   -9.129679e-23   3.068301e-03   6.961371e-22   11959896
  8.167401e+00   -1.695206e-21   3.065268e-03   6.945472e-22   11863804
  8.178026e+00   3.346421e-22   3.068937e-03   6.913652e-22   11792812
  8.188656e+00   6.793386e-22   3.068597e-03   6.892777e-22   11705392
  8.199283e+00   -7.555247e-22   3.066984e-03   6.870527e-22   11613836
  8.209914e+00   -1.582974e-22   3.070536e-03   6.854002e-22   11541532
  8.220543e+00   5.464892e-22   3.066346e-03   6.836679e-22   11440232
  8.231170e+00   -7.125657e-22   3.068846e-03   6.821833e-22   11363008
  8.241796e+00   -9.064115e-22   3.066631e-03   6.797584e-22   11267848
  8.252424e+00   -1.931498e-22   3.069306e-03   6.784413e-22   11190640
  8.263054e+00   -4.326363e-23   3.068558e-03   6.770274e-22   11101084
  8.273680e+00   -5.465192e-22   3.065604e-03   6.751479e-22   11003284
  8.284304e+00   1.113901e-21   3.068360e-03   6.733045e-22   10925424
  8.294932e+00   -4.118802e-22   3.067667e-03   6.727445e-22   10834724
  8.305560e+00   7.559234e-22   3.068711e-03   6.707307e-22   10750156
  8.316186e+00   -4.716388e-22   3.066587e-03   6.684044e-22   10655280
  8.326811e+00   1.715068e-25   3.067310e-03   6.683966e-22   10569120
  8.337437e+00   6.207177e-22   3.067168e-03   6.664849e-22   10479672
  8.348070e+00   8.046143e-22   3.071527e-03   6.654255e-22   10404504
  8.358704e+00   4.898024e-22   3.068456e-03   6.634778e-22   10304108
  8.369331e+00   2.795386e-22   3.066991e-03   6.621952e-22   10209940
  8.379958e+00   -3.039040e-22   3.068937e-03   6.620864e-22   10126584
  8.390585e+00   -6.280506e-22   3.066106e-03   6.606030e-22   10027064
  8.401210e+00   2.192506e-22   3.068731e-03   6.603034e-22   9945072
  8.411836e+00   1.055404e-23   3.065849e-03   6.584375e-22   9844764
  8.422464e+00   -5.188856e-22   3.070904e-03   6.572460e-22   9769940
  8.433095e+00   9.896335e-22   3.066721e-03   6.581153e-22   9666072
  8.443721e+00   -1.332400e-21   3.067629e-03   6.568552e-22   9577112
  8.454348e+00   6.630831e-22   3.067871e-03   6.549148e-22   9485848
  8.464977e+00   1.631273e-21   3.068818e-03   6.538922e-22   9396136
  8.475607e+00   1.894007e-22   3.068947e-03   6.529232e-22   9304408
  8.486231e+00   -9.520182e-23   3.064605e-03   6.524218e-22   9199028
  8.496854e+00   6.061203e-23   3.068671e-03   6.520592e-22   9118288
  8.507481e+00   -2.398042e-22   3.066868e-03   6.500645e-22   9019624
  8.518111e+00   -4.261176e-22   3.070919e-03   6.514091e-22   8937420
  8.528743e+00   -9.855468e-22   3.067653e-03   6.478324e-22   8835200
  8.539369e+00   1.068728e-22   3.066847e-03   6.491968e-22   8739332
  8.549995e+00   2.667012e-23   3.067747e-03   6.476312e-22   8648112
  8.560624e+00   -3.895240e-22   3.067898e-03   6.467045e-22   8553372
  8.571253e+00   6.855405e-22   3.069319e-03   6.449190e-22   8461944
  8.581883e+00   1.626946e-22   3.068067e-03   6.446042e-22   8363348
  8.592509e+00   3.277529e-22   3.067870e-03   6.450337e-22   8267792
  8.603135e+00   4.203482e-22   3.066599e-03   6.424558e-22   8169380
  8.613762e+00   1.201121e-22   3.069517e-03   6.421111e-22   8081008
  8.624389e+00   4.396617e-22   3.065774e-03   6.409952e-22   7975632
  8.635016e+00   1.674469e-21   3.069603e-03   6.395463e-22   7889116
  8.645643e+00   -1.587608e-21   3.066011e-03   6.384531e-22   7784008
  8.656270e+00   -8.200554e-22   3.068709e-03   6.384757e-22   7693848
  8.666897e+00   -6.109680e-22   3.067011e-03   6.355915e-22   7592468
  8.677525e+00   -7.936766e-22   3.068931e-03   6.355381e-22   7499076
  8.688155e+00   1.440332e-21   3.069474e-03   6.329620e-22   7402880
  8.698786e+00   5.157003e-22   3.067607e-03   6.322921e-22   7300768
  8.709411e+00   8.095770e-22   3.067652e-03   6.311144e-22   7203316
  8.720032e+00   3.107356e-22   3.063689e-03   6.269214e-22   7095724
  8.730662e+00   -1.548437e-21   3.073665e-03   6.265659e-22   7019608
  8.741295e+00   -1.436965e-23   3.065344e-03   6.225460e-22   6901916
  8.751922e+00   1.584625e-21   3.069704e-03   6.222826e-22   6812952
  8.762548e+00   -1.000563e-22   3.065523e-03   6.176258e-22   6704548
  8.773175e+00   7.813662e-22   3.068967e-03   6.159615e-22   6612168
  8.783803e+00   6.582361e-23   3.067598e-03   6.101087e-22   6508628
  8.794433e+00   5.444772e-23   3.069277e-03   6.077257e-22   6412072
  8.805059e+00   -2.479893e-22   3.066868e-03   6.025404e-22   6306660
  8.815685e+00   1.226053e-22   3.067492e-03   5.978001e-22   6207592
  8.826308e+00   -7.277508e-22   3.066222e-03   5.929258e-22   6103860
  8.836934e+00   1.136683e-22   3.068576e-03   5.853682e-22   6007184
  8.847563e+00   -3.864298e-22   3.068782e-03   5.806798e-22   5905660
  8.858194e+00   3.946092e-22   3.069160e-03   5.723457e-22   5805132
  8.868823e+00   8.535327e-22   3.067313e-03   5.646455e-22   5700008
  8.879446e+00   1.315141e-21   3.065734e-03   5.539237e-22   5594856
  8.890075e+00   3.155799e-22   3.070306e-03   5.451255e-22   5502341
  8.900707e+00   1.615036e-21   3.068193e-03   5.360889e-22   5404852
  8.911333e+00   -3.124487e-22   3.066920e-03   5.278911e-22   5313930
  8.921960e+00   8.251910e-22   3.068151e-03   5.227425e-22   5230396
  8.932587e+00   -5.230363e-22   3.067037e-03   5.174951e-22   5145158
  8.943214e+00   6.397593e-22   3.067644e-03   5.111268e-22   5064506
  8.953844e+00   2.468189e-22   3.070354e-03   5.073569e-22   4989464
  8.964475e+00   2.663503e-23   3.067471e-03   5.012893e-22   4907486
  8.975102e+00   -5.804079e-22   3.067454e-03   4.978833e-22   4831952
  8.985729e+00   -1.851540e-22   3.067333e-03   4.935654e-22   4757392
  8.996357e+00   -3.191675e-22   3.068563e-03   4.903785e-22   4685902
  9.006985e+00   7.217867e-22   3.067839e-03   4.854834e-22   4612826
  9.017611e+00   4.283342e-22   3.067647e-03   4.808476e-22   4542436
  9.028240e+00   1.402438e-21   3.068771e-03   4.771654e-22   4475408
  9.038866e+00   5.145603e-22   3.065432e-03   4.741330e-22   4402686
  9.049492e+00   -1.868972e-22   3.069222e-03   4.724663e-22   4340854
  9.060123e+00   -4.489108e-22   3.068666e-03   4.682194e-22   4273862
  9.070751e+00   1.103093e-22   3.068093e-03   4.653094e-22   4208538
  9.081377e+00   -8.312020e-22   3.066329e-03   4.629347e-22   4142584
  9.092002e+00   9.760545e-22   3.067445e-03   4.599500e-22   4081232
  9.102629e+00   8.803824e-22   3.068061e-03   4.581057e-22   4019668
  9.113260e+00   8.812293e-22   3.070507e-03   4.552205e-22   3961416
  9.123892e+00   1.034179e-21   3.068468e-03   4.529200e-22   3898848
  9.134518e+00   -4.004235e-22   3.065914e-03   4.515566e-22   3836718
  9.145140e+00   9.111454e-22   3.066518e-03   4.488246e-22   3779272
  9.155765e+00   1.523519e-22   3.066689e-03   4.462710e-22   3721434
  9.166394e+00   -1.644276e-22   3.070316e-03   4.455115e-22   3668198
  9.177028e+00   -2.715813e-23   3.069776e-03   4.433358e-22   3611346
  9.187656e+00   3.387172e-22   3.066455e-03   4.416238e-22   3552442
  9.198281e+00   5.890023e-22   3.067337e-03   4.399377e-22   3498908
  9.208908e+00   6.878437e-23   3.067980e-03   4.376867e-22   3445382
  9.219536e+00   5.369978e-22   3.068389e-03   4.365204e-22   3392244
  9.230165e+00   2.039452e-22   3.068360e-03   4.356415e-22   3339634
  9.240792e+00   1.215381e-21   3.067248e-03   4.345123e-22   3286752
  9.251416e+00   2.516913e-22   3.065818e-03   4.332198e-22   3234180
  9.262040e+00   -3.878005e-23   3.067094e-03   4.318002e-22   3184556
  9.272670e+00   4.324364e-22   3.070362e-03   4.310711e-22   3137238
  9.283304e+00   6.338039e-22   3.070377e-03   4.301719e-22   3087670
  9.293936e+00   8.704796e-23   3.068566e-03   4.292668e-22   3037460
  9.304560e+00   4.949768e-22   3.064548e-03   4.277143e-22   2985736
  9.315180e+00   4.056827e-22   3.066413e-03   4.274105e-22   2939708
  9.325811e+00   -1.227777e-21   3.071553e-03   4.282146e-22   2897012
  9.336443e+00   -6.274157e-22   3.067620e-03   4.267015e-22   2846890
  9.347067e+00   7.329010e-22   3.065693e-03   4.255035e-22   2799588
  9.357689e+00   -5.017046e-24   3.066395e-03   4.261589e-22   2754954
  9.368315e+00   1.301587e-21   3.068270e-03   4.252326e-22   2711500
  9.378948e+00   -5.623141e-22   3.070601e-03   4.255276e-22   2669006
  9.389576e+00   -6.343019e-22   3.065837e-03   4.247515e-22   2621264
  9.400202e+00   1.308594e-22   3.068913e-03   4.247161e-22   2580726
  9.410830e+00   5.431832e-22   3.067141e-03   4.249239e-22   2536470
  9.421456e+00   -6.157703e-22   3.067445e-03   4.242963e-22   2494370
  9.432084e+00   3.904508e-22   3.068834e-03   4.247632e-22   2453556
  9.442716e+00   8.529298e-22   3.070117e-03   4.244520e-22   2413246
  9.453347e+00   5.307642e-23   3.067994e-03   4.251580e-22   2370914
  9.463973e+00   2.455210e-22   3.067217e-03   4.254384e-22   2330126
  9.474601e+00   -8.857352e-22   3.068570e-03   4.253662e-22   2291406
  9.485227e+00   2.765596e-22   3.066158e-03   4.267702e-22   2250410
  9.495850e+00   7.484342e-22   3.066006e-03   4.256193e-22   2211486
  9.506474e+00   -9.022522e-23   3.067734e-03   4.283445e-22   2174194
  9.517102e+00   1.721561e-22   3.068176e-03   4.280732e-22   2136416
  9.527733e+00   -8.155096e-22   3.069929e-03   4.286131e-22   2100070
  9.538360e+00   -4.980025e-22   3.065560e-03   4.291373e-22   2060026
  9.548986e+00   5.126590e-22   3.069362e-03   4.310490e-22   2025910
  9.559615e+00   -2.680504e-22   3.067530e-03   4.314448e-22   1988576
  9.570241e+00   -3.424834e-22   3.067060e-03   4.318788e-22   1952610
  9.580867e+00   -5.365788e-22   3.067361e-03   4.336339e-22   1917470
  9.591493e+00   6.750309e-23   3.067399e-03   4.351142e-22   1882484
  9.602120e+00   -1.499481e-22   3.068076e-03   4.368744e-22   1848262
  9.612753e+00   2.292678e-22   3.071327e-03   4.368561e-22   1816024
  9.623386e+00   6.266380e-22   3.068076e-03   4.391963e-22   1780418
  9.634012e+00   -5.579098e-22   3.067038e-03   4.394365e-22   1746576
  9.644639e+00   2.989906e-22   3.068628e-03   4.402550e-22   1714622
  9.655268e+00   4.638497e-22   3.067669e-03   4.425391e-22   1681692
  9.665895e+00   -9.851242e-23   3.067468e-03   4.451685e-22   1649574
  9.676515e+00   6.875548e-22   3.063511e-03   4.462537e-22   1615788
  9.687137e+00   2.655060e-22   3.068656e-03   4.482284e-22   1587064
  9.697769e+00   -2.285519e-23   3.069826e-03   4.507740e-22   1556598
  9.708400e+00   2.878150e-22   3.068471e-03   4.515829e-22   1525380
  9.719030e+00   1.659865e-22   3.068670e-03   4.541563e-22   1495360
  9.729656e+00   -2.991391e-22   3.066126e-03   4.577993e-22   1464370
  9.740281e+00   1.471671e-21   3.067601e-03   4.590191e-22   1435656
  9.750907e+00   -5.971539e-22   3.067002e-03   4.632565e-22   1406304
  9.761532e+00   -1.375350e-22   3.067147e-03   4.627605e-22   1377628
  9.772159e+00   -2.077796e-22   3.068370e-03   4.676403e-22   1349744
  9.782788e+00   -1.563980e-22   3.068343e-03   4.687337e-22   1321682
  9.793418e+00   -1.096631e-21   3.069098e-03   4.726754e-22   1294376
  9.804048e+00   -7.802364e-23   3.068140e-03   4.741969e-22   1266768
  9.814673e+00   2.794916e-22   3.066275e-03   4.787703e-22   1239172
  9.825295e+00   9.072374e-24   3.065238e-03   4.832090e-22   1212224
  9.835918e+00   1.423098e-22   3.067386e-03   4.845435e-22   1186796
  9.846547e+00   -4.025666e-22   3.069034e-03   4.882101e-22   1161432
  9.857176e+00   1.121974e-21   3.067927e-03   4.909739e-22   1135408
  9.867804e+00   -5.833002e-22   3.068239e-03   4.941149e-22   1110324
  9.878434e+00   -1.042781e-21   3.068926e-03   4.981698e-22   1085680
  9.889062e+00   4.007300e-22   3.066842e-03   5.013084e-22   1060364
  9.899688e+00   -1.082729e-21   3.068767e-03   5.048276e-22   1036736
  9.910321e+00   -3.288523e-22   3.070562e-03   5.099195e-22   1013388
  9.920951e+00   -6.818084e-22   3.066769e-03   5.146253e-22   988656
  9.931575e+00   -1.333906e-22   3.066738e-03   5.195290e-22   965530
  9.942197e+00   -3.619312e-22   3.064855e-03   5.232772e-22   942100
  9.952819e+00   2.702182e-22   3.066142e-03   5.281488e-22   919888
  9.963442e+00   -1.448935e-21   3.066491e-03   5.317813e-22   897628
  9.974067e+00   -6.087136e-23   3.067504e-03   5.386104e-22   875856
  9.984696e+00   2.873279e-22   3.069599e-03   5.412484e-22   854736
  9.995330e+00   1.107741e-21   3.070044e-03   5.471970e-22   833510
  1.000596e+01   -1.638990e-22   3.068120e-03   5.529604e-22   811976
  1.001659e+01   -2.335441e-22   3.066566e-03   5.579827e-22   790844
  1.002721e+01   6.533093e-22   3.066302e-03   5.639872e-22   770320
  1.003784e+01   -1.683546e-22   3.069162e-03   5.714145e-22   750838
  1.004847e+01   -9.286008e-22   3.068729e-03   5.760221e-22   730864
  1.005909e+01   -2.723357e-23   3.067039e-03   5.849030e-22   710984
  1.006972e+01   3.632833e-22   3.067274e-03   5.905242e-22   691894
  1.008035e+01   3.717191e-22   3.066106e-03   5.950652e-22   672776
  1.009097e+01   -7.849481e-22   3.067065e-03   6.014901e-22   654372
  1.010160e+01   -1.273528e-21   3.065537e-03   6.126667e-22   635682
  1.011222e+01   -1.113022e-21   3.064886e-03   6.171991e-22   617460
  1.012284e+01   -3.300246e-22   3.066767e-03   6.268458e-22   600024
  1.013346e+01   -2.762014e-21   3.068404e-03   6.360773e-22   582830
  1.014410e+01   -5.158154e-23   3.070337e-03   6.438151e-22   566000
  1.015473e+01   -1.548890e-22   3.066543e-03   6.533739e-22   548458
  1.016535e+01   -2.655411e-22   3.067619e-03   6.601419e-22   532084
  1.017598e+01   1.071814e-21   3.065740e-03   6.706875e-22   515440
  1.018660e+01   -5.918065e-22   3.064533e-03   6.806622e-22   499174
  1.019722e+01   -6.234163e-22   3.064552e-03   6.899316e-22   483368
  1.020784e+01   -5.143108e-22   3.067558e-03   7.009264e-22   468270
  1.021847e+01   -1.641703e-21   3.071740e-03   7.081850e-22   453568
  1.022911e+01   -5.956139e-22   3.068522e-03   7.227056e-22   438106
  1.023974e+01   4.299672e-22   3.068674e-03   7.317360e-22   423508
  1.025036e+01   3.672677e-22   3.065352e-03   7.418532e-22   408754
  1.026098e+01   6.566193e-22   3.064549e-03   7.560346e-22   394612
  1.027160e+01   -1.924456e-23   3.064825e-03   7.681768e-22   380826
  1.028223e+01   -1.956445e-21   3.063635e-03   7.828445e-22   367086
  1.029285e+01   -1.612531e-22   3.065226e-03   7.968495e-22   353904
  1.030347e+01   1.545705e-21   3.067842e-03   8.139298e-22   341046
  1.031410e+01   -8.324239e-22   3.067827e-03   8.270446e-22   328144
  1.032473e+01   2.296705e-23   3.068491e-03   8.449874e-22   315598
  1.033536e+01   1.464778e-21   3.070442e-03   8.632951e-22   303466
  1.034599e+01   1.630086e-21   3.070558e-03   8.715891e-22   291456
  1.035662e+01   5.384950e-22   3.069010e-03   8.943554e-22   279614
  1.036725e+01   1.524345e-21   3.062765e-03   9.124296e-22   267680
  1.037786e+01   -8.386176e-22   3.061142e-03   9.334874e-22   256438
  1.038848e+01   -1.341772e-21   3.062004e-03   9.565902e-22   245618
  1.039909e+01   -1.338898e-21   3.058865e-03   9.753134e-22   234708
  1.040970e+01   -4.774813e-22   3.057929e-03   9.910908e-22   224210
  1.042032e+01   3.060035e-21   3.058509e-03   1.016538e-21   214046
  1.043093e+01   1.257861e-21   3.059874e-03   1.043656e-21   204152
  1.044155e+01   3.346339e-22   3.062766e-03   1.070911e-21   194558
  1.045217e+01   -2.396347e-22   3.062838e-03   1.099498e-21   185018
  1.046279e+01   -1.126510e-21   3.066092e-03   1.120666e-21   175918
  1.047341e+01   -1.895501e-21   3.068348e-03   1.157464e-21   166992
  1.048404e+01   7.836524e-22   3.070094e-03   1.187011e-21   158294
  1.049468e+01   2.178068e-21   3.071097e-03   1.214955e-21   149842
  1.050531e+01   -1.642393e-21   3.068653e-03   1.256071e-21   141530
  1.051593e+01   6.576868e-22   3.060509e-03   1.275067e-21   133284
  1.052654e+01   2.158674e-21   3.057354e-03   1.334566e-21   125546
  1.053715e+01   -2.018567e-21   3.051144e-03   1.378127e-21   117950
  1.054776e+01   -2.023262e-22   3.048602e-03   1.431027e-21   110746
  1.055836e+01   7.506240e-22   3.039799e-03   1.482472e-21   103572
  1.056895e+01   -1.719161e-22   3.036073e-03   1.529647e-21   96818
  1.057954e+01   -1.005246e-21   3.031333e-03   1.582344e-21   90262
  1.059013e+01   3.813044e-22   3.027317e-03   1.652389e-21   83970
  1.060072e+01   3.477985e-21   3.019853e-03   1.706093e-21   77846
  1.061129e+01   -2.104347e-21   3.012052e-03   1.785040e-21   71984
  1.062186e+01   -1.919715e-21   3.005730e-03   1.869652e-21   66398
  1.063243e+01   1.558056e-21   3.000369e-03   1.928134e-21   61058
  1.064300e+01   1.906756e-21   2.995714e-03   2.032433e-21   55958
  1.065357e+01   -7.411354e-21   2.990697e-03   2.135215e-21   51082
  1.066413e+01   -1.365437e-21   2.981767e-03   2.213095e-21   46398
  1.067469e+01   -3.454460e-21   2.970930e-03   2.359864e-21   41954
  1.068524e+01   2.835651e-21   2.955045e-03   2.445612e-21   37718
  1.069578e+01   5.921227e-21   2.938133e-03   2.602039e-21   33736
  1.070631e+01   -2.539304e-21   2.922830e-03   2.813166e-21   30006
  1.071684e+01   -3.450360e-21   2.912268e-03   2.923887e-21   26522
  1.072739e+01   4.058946e-21   2.905476e-03   3.178111e-21   23254
  1.073793e+01   -1.946146e-21   2.895825e-03   3.390983e-21   20178
  1.074848e+01   4.822514e-21   2.890787e-03   3.723198e-21   17342
  1.075903e+01   2.381260e-21   2.886580e-03   3.993085e-21   14714
  1.076959e+01   -9.701166e-21   2.887906e-03   4.433551e-21   12310
  1.078015e+01   9.392443e-21   2.880436e-03   4.907808e-21   10098
  1.079071e+01   -1.246919e-21   2.879327e-03   5.536002e-21   8126
  1.080127e+01   2.067222e-21   2.877797e-03   6.365706e-21   6362
  1.081184e+01   -8.664393e-21   2.888638e-03   7.444709e-21   4822
  1.082239e+01   -7.910337e-21   2.872451e-03   8.431715e-21   3474
  1.083292e+01   1.627427e-20   2.869225e-03   1.018992e-20   2366
  1.084344e+01   -3.209054e-20   2.860034e-03   1.437100e-20   1466
  1.085397e+01   -8.221344e-22   2.925135e-03   1.733315e-20   790
  1.086426e+01   9.536822e-21   2.767211e-03   2.433858e-20   306
  1.087389e+01   1.495301e-19   2.357714e-03   3.977697e-20   62
