# cross spectrum of phi(z1) and phi(z2)
# redshift z=1.892948
# k              Pk             sigma(k)       sigma(Pk)      count
  7.830312e-03   2.635139e-10   1.198114e-03   5.932887e-11   18
  1.686348e-02   3.124001e-10   2.897918e-03   2.984951e-11   152
  2.725284e-02   1.865847e-10   3.060867e-03   8.724254e-12   416
  3.742835e-02   1.022437e-10   2.912555e-03   3.827004e-12   770
  4.808679e-02   6.421813e-11   3.119650e-03   1.882760e-12   1364
  5.876109e-02   4.216138e-11   3.054550e-03   9.585395e-13   1976
  6.939824e-02   3.215480e-11   3.112555e-03   6.119168e-13   2792
  7.984642e-02   2.344377e-11   2.971805e-03   4.000126e-13   3578
  9.038229e-02   1.689768e-11   3.049521e-03   2.496272e-13   4724
  1.011318e-01   1.249716e-11   3.134595e-03   1.652565e-13   6032
  1.117485e-01   9.777466e-12   3.016599e-03   1.193875e-13   7072
  1.222702e-01   8.228976e-12   3.056387e-03   9.034590e-14   8634
  1.329722e-01   6.990893e-12   3.095256e-03   6.985753e-14   10336
  1.436677e-01   5.653578e-12   3.082009e-03   5.109771e-14   11940
  1.541872e-01   4.544440e-12   3.021465e-03   4.010593e-14   13490
  1.647185e-01   3.767974e-12   3.054444e-03   2.983723e-14   15656
  1.754149e-01   3.188670e-12   3.102608e-03   2.390342e-14   18008
  1.860920e-01   2.816987e-12   3.069464e-03   1.997596e-14   19964
  1.966957e-01   2.457460e-12   3.066093e-03   1.651734e-14   22354
  2.072851e-01   2.098192e-12   3.030819e-03   1.343209e-14   24648
  2.179134e-01   1.810418e-12   3.083109e-03   1.088496e-14   27592
  2.285517e-01   1.578858e-12   3.075318e-03   9.065820e-15   30152
  2.391687e-01   1.398550e-12   3.069056e-03   7.721277e-15   33046
  2.497808e-01   1.273148e-12   3.053846e-03   6.769266e-15   35992
  2.604233e-01   1.144895e-12   3.074764e-03   5.812265e-15   39304
  2.710722e-01   1.038122e-12   3.082145e-03   5.024743e-15   42608
  2.817050e-01   9.160479e-13   3.058267e-03   4.324859e-15   45758
  2.923349e-01   8.189696e-13   3.072286e-03   3.740070e-15   49536
  3.029238e-01   7.448145e-13   3.039208e-03   3.280379e-15   52488
  3.135134e-01   6.883779e-13   3.084628e-03   2.908421e-15   57034
  3.241511e-01   6.147433e-13   3.061146e-03   2.505838e-15   60648
  3.347969e-01   5.697477e-13   3.076329e-03   2.254109e-15   65044
  3.454223e-01   5.261547e-13   3.057760e-03   2.005296e-15   68720
  3.560505e-01   4.785656e-13   3.078281e-03   1.771016e-15   73538
  3.667175e-01   4.412148e-13   3.076939e-03   1.588361e-15   78080
  3.773260e-01   4.108995e-13   3.039859e-03   1.446006e-15   81572
  3.879192e-01   3.817070e-13   3.081238e-03   1.296921e-15   87248
  3.985882e-01   3.525470e-13   3.084591e-03   1.169815e-15   92266
  4.092322e-01   3.290205e-13   3.063169e-03   1.069312e-15   96696
  4.198039e-01   3.056094e-13   3.037602e-03   9.723751e-16   100904
  4.303789e-01   2.851581e-13   3.065517e-03   8.855209e-16   107036
  4.410480e-01   2.678428e-13   3.089487e-03   8.030183e-16   113362
  4.517307e-01   2.497219e-13   3.072092e-03   7.324320e-16   118176
  4.623378e-01   2.353147e-13   3.054661e-03   6.815979e-16   122944
  4.729644e-01   2.211136e-13   3.083007e-03   6.195799e-16   129902
  4.836049e-01   2.057053e-13   3.061727e-03   5.643331e-16   134944
  4.942158e-01   1.959290e-13   3.064979e-03   5.282130e-16   140952
  5.048213e-01   1.829628e-13   3.064662e-03   4.853278e-16   147072
  5.154342e-01   1.732440e-13   3.060800e-03   4.459630e-16   153382
  5.260893e-01   1.647325e-13   3.082622e-03   4.116657e-16   160952
  5.367508e-01   1.552254e-13   3.070294e-03   3.838536e-16   166640
  5.473579e-01   1.473997e-13   3.057153e-03   3.610246e-16   172448
  5.579787e-01   1.396721e-13   3.077577e-03   3.321087e-16   180594
  5.686178e-01   1.324888e-13   3.060710e-03   3.088515e-16   186556
  5.792219e-01   1.260234e-13   3.063394e-03   2.916003e-16   193528
  5.898242e-01   1.204918e-13   3.060684e-03   2.722655e-16   200626
  6.004609e-01   1.142499e-13   3.076604e-03   2.541764e-16   209256
  6.111150e-01   1.094631e-13   3.069663e-03   2.388084e-16   216020
  6.217510e-01   1.044158e-13   3.075746e-03   2.235292e-16   223768
  6.323610e-01   9.897906e-14   3.055783e-03   2.096032e-16   230234
  6.429887e-01   9.492682e-14   3.074922e-03   1.973227e-16   239800
  6.536248e-01   9.080168e-14   3.063054e-03   1.854546e-16   246568
  6.642393e-01   8.718437e-14   3.068328e-03   1.750240e-16   254828
  6.748534e-01   8.319518e-14   3.064424e-03   1.645812e-16   263074
  6.854951e-01   7.952307e-14   3.071509e-03   1.551337e-16   272312
  6.961385e-01   7.635043e-14   3.070197e-03   1.471436e-16   280376
  7.067732e-01   7.352203e-14   3.071500e-03   1.396802e-16   288884
  7.174012e-01   7.019711e-14   3.068501e-03   1.309231e-16   297602
  7.280177e-01   6.806281e-14   3.057614e-03   1.254734e-16   305520
  7.386402e-01   6.513710e-14   3.075198e-03   1.180539e-16   315976
  7.492461e-01   6.247745e-14   3.052723e-03   1.120196e-16   322778
  7.598720e-01   6.062855e-14   3.080021e-03   1.070752e-16   335372
  7.705286e-01   5.791729e-14   3.068318e-03   1.011050e-16   343464
  7.811635e-01   5.572428e-14   3.070705e-03   9.562706e-17   352912
  7.917934e-01   5.387598e-14   3.070498e-03   9.158295e-17   362666
  8.024224e-01   5.225591e-14   3.063690e-03   8.773097e-17   371884
  8.130465e-01   5.014515e-14   3.069929e-03   8.316184e-17   382280
  8.236583e-01   4.847806e-14   3.060755e-03   7.917168e-17   390888
  8.342648e-01   4.679527e-14   3.067168e-03   7.567759e-17   402234
  8.448912e-01   4.546627e-14   3.064832e-03   7.260385e-17   412576
  8.555263e-01   4.363702e-14   3.071788e-03   6.893812e-17   423732
  8.661590e-01   4.235083e-14   3.068142e-03   6.612986e-17   433624
  8.767950e-01   4.093272e-14   3.072203e-03   6.303749e-17   445154
  8.874347e-01   3.955284e-14   3.069139e-03   6.037120e-17   455584
  8.980596e-01   3.827641e-14   3.064716e-03   5.779721e-17   465588
  9.086714e-01   3.695517e-14   3.065163e-03   5.503458e-17   476762
  9.193048e-01   3.594178e-14   3.073106e-03   5.281912e-17   489552
  9.299472e-01   3.490569e-14   3.069632e-03   5.104762e-17   500328
  9.405628e-01   3.383692e-14   3.059261e-03   4.888904e-17   509852
  9.511854e-01   3.275059e-14   3.074339e-03   4.696441e-17   524234
  9.618189e-01   3.180803e-14   3.061952e-03   4.501220e-17   534104
  9.724448e-01   3.080164e-14   3.070528e-03   4.315776e-17   547048
  9.830800e-01   2.998349e-14   3.073862e-03   4.160402e-17   559328
  9.937180e-01   2.910955e-14   3.070866e-03   3.992917e-17   571326
  1.004339e+00   2.833160e-14   3.060367e-03   3.842285e-17   581920
  1.014951e+00   2.744889e-14   3.064588e-03   3.701004e-17   594832
  1.025571e+00   2.674944e-14   3.068054e-03   3.561636e-17   608048
  1.036206e+00   2.594916e-14   3.070252e-03   3.422249e-17   621526
  1.046839e+00   2.521123e-14   3.066112e-03   3.300061e-17   633240
  1.057456e+00   2.456853e-14   3.064953e-03   3.182512e-17   645472
  1.068086e+00   2.397272e-14   3.075342e-03   3.074259e-17   660906
  1.078726e+00   2.333904e-14   3.067576e-03   2.978561e-17   672856
  1.089356e+00   2.265168e-14   3.067094e-03   2.862422e-17   685980
  1.099980e+00   2.206411e-14   3.067978e-03   2.765442e-17   699256
  1.110619e+00   2.147257e-14   3.074976e-03   2.656611e-17   714730
  1.121246e+00   2.090499e-14   3.059348e-03   2.573023e-17   725152
  1.131863e+00   2.037115e-14   3.067634e-03   2.491293e-17   740420
  1.142485e+00   1.983041e-14   3.069089e-03   2.403186e-17   754312
  1.153114e+00   1.934627e-14   3.069897e-03   2.323495e-17   769114
  1.163749e+00   1.896786e-14   3.069209e-03   2.248412e-17   783488
  1.174365e+00   1.841278e-14   3.058900e-03   2.171824e-17   794968
  1.184981e+00   1.802062e-14   3.070107e-03   2.108675e-17   812366
  1.195609e+00   1.757579e-14   3.065134e-03   2.041794e-17   825976
  1.206250e+00   1.714721e-14   3.075220e-03   1.970669e-17   843352
  1.216898e+00   1.676978e-14   3.073224e-03   1.913854e-17   857280
  1.227524e+00   1.638849e-14   3.063189e-03   1.862337e-17   869542
  1.238147e+00   1.598897e-14   3.070752e-03   1.798778e-17   887128
  1.248772e+00   1.561754e-14   3.063166e-03   1.745398e-17   900032
  1.259388e+00   1.520470e-14   3.067377e-03   1.684124e-17   916560
  1.270005e+00   1.484580e-14   3.061783e-03   1.639035e-17   930922
  1.280635e+00   1.453251e-14   3.071795e-03   1.582268e-17   949844
  1.291287e+00   1.421541e-14   3.076939e-03   1.539599e-17   966736
  1.301925e+00   1.391269e-14   3.065819e-03   1.498292e-17   978776
  1.312537e+00   1.361416e-14   3.064137e-03   1.462408e-17   994522
  1.323161e+00   1.327560e-14   3.068907e-03   1.412532e-17   1012420
  1.333794e+00   1.300375e-14   3.071598e-03   1.372975e-17   1029408
  1.344410e+00   1.272376e-14   3.058405e-03   1.335697e-17   1041658
  1.355032e+00   1.243232e-14   3.072381e-03   1.294857e-17   1063520
  1.365659e+00   1.215708e-14   3.060689e-03   1.257334e-17   1075808
  1.376294e+00   1.192258e-14   3.080019e-03   1.224167e-17   1098956
  1.386928e+00   1.166343e-14   3.061670e-03   1.192073e-17   1109810
  1.397545e+00   1.144393e-14   3.065288e-03   1.160636e-17   1128608
  1.408178e+00   1.119116e-14   3.073589e-03   1.126489e-17   1148264
  1.418813e+00   1.094620e-14   3.067917e-03   1.097612e-17   1163252
  1.429436e+00   1.071876e-14   3.067070e-03   1.066584e-17   1181042
  1.440060e+00   1.050191e-14   3.064325e-03   1.038419e-17   1197848
  1.450692e+00   1.028453e-14   3.073737e-03   1.010395e-17   1218848
  1.461323e+00   1.006730e-14   3.064859e-03   9.850409e-18   1232916
  1.471945e+00   9.868695e-15   3.068844e-03   9.551708e-18   1253002
  1.482566e+00   9.649773e-15   3.062284e-03   9.316386e-18   1268576
  1.493191e+00   9.487307e-15   3.071552e-03   9.103487e-18   1290128
  1.503822e+00   9.296406e-15   3.068342e-03   8.881083e-18   1307402
  1.514455e+00   9.097467e-15   3.069122e-03   8.642569e-18   1327028
  1.525083e+00   8.914387e-15   3.064970e-03   8.402012e-18   1343648
  1.535711e+00   8.766799e-15   3.070217e-03   8.228534e-18   1364096
  1.546341e+00   8.588770e-15   3.068950e-03   8.002552e-18   1382730
  1.556974e+00   8.396287e-15   3.068757e-03   7.782266e-18   1402164
  1.567604e+00   8.250779e-15   3.068159e-03   7.627668e-18   1420464
  1.578221e+00   8.080749e-15   3.063798e-03   7.437569e-18   1437368
  1.588847e+00   7.954195e-15   3.072142e-03   7.250455e-18   1461530
  1.599480e+00   7.777584e-15   3.065069e-03   7.054974e-18   1478264
  1.610108e+00   7.640813e-15   3.068902e-03   6.895356e-18   1499356
  1.620732e+00   7.473411e-15   3.065238e-03   6.732712e-18   1517016
  1.631360e+00   7.361407e-15   3.070849e-03   6.584526e-18   1540090
  1.641988e+00   7.214714e-15   3.065366e-03   6.420632e-18   1557360
  1.652609e+00   7.071685e-15   3.066926e-03   6.268856e-18   1577780
  1.663242e+00   6.952251e-15   3.075107e-03   6.124689e-18   1602578
  1.673875e+00   6.822733e-15   3.063542e-03   5.974430e-18   1617672
  1.684498e+00   6.706916e-15   3.069033e-03   5.846890e-18   1641016
  1.695122e+00   6.577309e-15   3.065080e-03   5.720188e-18   1659416
  1.705746e+00   6.451553e-15   3.068431e-03   5.579117e-18   1682670
  1.716382e+00   6.337164e-15   3.070690e-03   5.445583e-18   1705256
  1.727024e+00   6.216718e-15   3.071890e-03   5.327558e-18   1726312
  1.737645e+00   6.105687e-15   3.062639e-03   5.220377e-18   1741880
  1.748261e+00   6.003025e-15   3.067156e-03   5.098151e-18   1766454
  1.758897e+00   5.900625e-15   3.073105e-03   4.971917e-18   1791784
  1.769528e+00   5.800644e-15   3.063894e-03   4.895409e-18   1807712
  1.780139e+00   5.691708e-15   3.062775e-03   4.775184e-18   1829002
  1.790759e+00   5.584153e-15   3.067263e-03   4.667367e-18   1854216
  1.801400e+00   5.492905e-15   3.074631e-03   4.562362e-18   1880156
  1.812037e+00   5.382194e-15   3.068349e-03   4.459008e-18   1897568
  1.822663e+00   5.305741e-15   3.068475e-03   4.366576e-18   1920458
  1.833288e+00   5.209849e-15   3.065997e-03   4.276812e-18   1942208
  1.843915e+00   5.130423e-15   3.067813e-03   4.195925e-18   1965612
  1.854544e+00   5.030846e-15   3.069639e-03   4.090473e-18   1989000
  1.865168e+00   4.941710e-15   3.064465e-03   4.004925e-18   2009114
  1.875791e+00   4.854300e-15   3.067400e-03   3.916772e-18   2034464
  1.886424e+00   4.775255e-15   3.070174e-03   3.842868e-18   2058476
  1.897052e+00   4.692193e-15   3.068039e-03   3.763797e-18   2079648
  1.907673e+00   4.617870e-15   3.065891e-03   3.689292e-18   2102578
  1.918306e+00   4.535123e-15   3.070742e-03   3.604578e-18   2129928
  1.928942e+00   4.461493e-15   3.069733e-03   3.541277e-18   2152096
  1.939563e+00   4.393673e-15   3.062858e-03   3.474611e-18   2171142
  1.950185e+00   4.326152e-15   3.069150e-03   3.400224e-18   2200248
  1.960824e+00   4.233587e-15   3.071017e-03   3.312089e-18   2225216
  1.971460e+00   4.167365e-15   3.070942e-03   3.253950e-18   2248448
  1.982084e+00   4.103747e-15   3.064272e-03   3.193565e-18   2267942
  1.992710e+00   4.038256e-15   3.071051e-03   3.129086e-18   2298072
  2.003337e+00   3.972803e-15   3.064068e-03   3.078034e-18   2317272
  2.013961e+00   3.903905e-15   3.069747e-03   3.006001e-18   2345808
  2.024580e+00   3.832774e-15   3.062469e-03   2.945702e-18   2365650
  2.035206e+00   3.777706e-15   3.069930e-03   2.895641e-18   2396940
  2.045842e+00   3.714077e-15   3.069936e-03   2.828698e-18   2421272
  2.056473e+00   3.658617e-15   3.068399e-03   2.786497e-18   2444576
  2.067102e+00   3.596746e-15   3.069748e-03   2.728762e-18   2471490
  2.077728e+00   3.537605e-15   3.064854e-03   2.674463e-18   2493180
  2.088349e+00   3.482172e-15   3.068019e-03   2.620450e-18   2520952
  2.098972e+00   3.422259e-15   3.065319e-03   2.573105e-18   2544946
  2.109598e+00   3.364240e-15   3.068311e-03   2.522125e-18   2573856
  2.120230e+00   3.315159e-15   3.069026e-03   2.475398e-18   2600016
  2.130862e+00   3.264370e-15   3.069102e-03   2.430977e-18   2625484
  2.141490e+00   3.210743e-15   3.068080e-03   2.385199e-18   2651122
  2.152130e+00   3.159036e-15   3.074348e-03   2.332450e-18   2683488
  2.162754e+00   3.111262e-15   3.059466e-03   2.300522e-18   2696352
  2.173371e+00   3.057083e-15   3.071171e-03   2.251129e-18   2733020
  2.184002e+00   3.008974e-15   3.067530e-03   2.212954e-18   2757378
  2.194631e+00   2.969365e-15   3.067942e-03   2.173052e-18   2784864
  2.205259e+00   2.917972e-15   3.067811e-03   2.130345e-18   2811168
  2.215874e+00   2.873150e-15   3.061061e-03   2.094765e-18   2832274
  2.226505e+00   2.829213e-15   3.075611e-03   2.054982e-18   2873636
  2.237142e+00   2.787269e-15   3.064877e-03   2.019061e-18   2890496
  2.247766e+00   2.738546e-15   3.069851e-03   1.980372e-18   2921800
  2.258399e+00   2.699063e-15   3.071101e-03   1.943169e-18   2951298
  2.269032e+00   2.655822e-15   3.066274e-03   1.912653e-18   2975476
  2.279663e+00   2.614724e-15   3.071375e-03   1.873359e-18   3007728
  2.290285e+00   2.576325e-15   3.061886e-03   1.845251e-18   3025776
  2.300910e+00   2.536935e-15   3.072955e-03   1.811642e-18   3065762
  2.311540e+00   2.494623e-15   3.063208e-03   1.780058e-18   3084856
  2.322162e+00   2.456086e-15   3.068985e-03   1.747815e-18   3118044
  2.332782e+00   2.417950e-15   3.064319e-03   1.717008e-18   3141352
  2.343410e+00   2.386365e-15   3.072036e-03   1.689767e-18   3179274
  2.354046e+00   2.342241e-15   3.067682e-03   1.655144e-18   3204120
  2.364668e+00   2.309362e-15   3.063610e-03   1.632173e-18   3227900
  2.375288e+00   2.277607e-15   3.068722e-03   1.601718e-18   3262394
  2.385925e+00   2.237177e-15   3.071814e-03   1.571019e-18   3295680
  2.396559e+00   2.202105e-15   3.067166e-03   1.542957e-18   3319560
  2.407184e+00   2.175646e-15   3.068070e-03   1.521585e-18   3348972
  2.417810e+00   2.139228e-15   3.068540e-03   1.494902e-18   3379722
  2.428441e+00   2.107036e-15   3.068348e-03   1.468496e-18   3410720
  2.439075e+00   2.076223e-15   3.069517e-03   1.444604e-18   3441504
  2.449697e+00   2.043432e-15   3.063301e-03   1.420653e-18   3463624
  2.460317e+00   2.011267e-15   3.068043e-03   1.394241e-18   3499790
  2.470951e+00   1.980713e-15   3.070702e-03   1.373042e-18   3533560
  2.481588e+00   1.951839e-15   3.069830e-03   1.348750e-18   3561920
  2.492209e+00   1.919750e-15   3.064208e-03   1.328241e-18   3585208
  2.502830e+00   1.893624e-15   3.069185e-03   1.302751e-18   3622518
  2.513468e+00   1.863818e-15   3.072344e-03   1.280629e-18   3657584
  2.524094e+00   1.835456e-15   3.062507e-03   1.264023e-18   3676440
  2.534707e+00   1.807466e-15   3.065232e-03   1.241140e-18   3711282
  2.545334e+00   1.784918e-15   3.068763e-03   1.221940e-18   3747696
  2.555965e+00   1.756521e-15   3.067225e-03   1.201114e-18   3776188
  2.566601e+00   1.732200e-15   3.074483e-03   1.180293e-18   3815304
  2.577232e+00   1.703896e-15   3.064660e-03   1.163351e-18   3835370
  2.587856e+00   1.678977e-15   3.068926e-03   1.142575e-18   3873424
  2.598487e+00   1.654690e-15   3.067978e-03   1.126269e-18   3903420
  2.609117e+00   1.631068e-15   3.070036e-03   1.107208e-18   3937624
  2.619745e+00   1.605369e-15   3.066011e-03   1.089657e-18   3965658
  2.630375e+00   1.582418e-15   3.069802e-03   1.069809e-18   4002984
  2.641001e+00   1.557403e-15   3.065136e-03   1.056192e-18   4027928
  2.651616e+00   1.532979e-15   3.064941e-03   1.036639e-18   4059844
  2.662241e+00   1.515349e-15   3.069945e-03   1.022834e-18   4100338
  2.672876e+00   1.489711e-15   3.069128e-03   1.004352e-18   4132264
  2.683506e+00   1.465700e-15   3.068474e-03   9.879036e-19   4163216
  2.694131e+00   1.447630e-15   3.066146e-03   9.748177e-19   4193350
  2.704761e+00   1.424878e-15   3.071068e-03   9.577471e-19   4234456
  2.715390e+00   1.404914e-15   3.064079e-03   9.446973e-19   4257264
  2.726012e+00   1.385324e-15   3.069774e-03   9.286096e-19   4297352
  2.736640e+00   1.362042e-15   3.067495e-03   9.142600e-19   4328642
  2.747272e+00   1.343486e-15   3.070663e-03   8.995908e-19   4367948
  2.757895e+00   1.321965e-15   3.061799e-03   8.860568e-19   4388384
  2.768519e+00   1.303502e-15   3.072247e-03   8.718973e-19   4436648
  2.779154e+00   1.285121e-15   3.067997e-03   8.588138e-19   4465658
  2.789787e+00   1.266431e-15   3.069677e-03   8.460694e-19   4502948
  2.800413e+00   1.246365e-15   3.064787e-03   8.326391e-19   4528880
  2.811033e+00   1.229984e-15   3.067181e-03   8.208368e-19   4566290
  2.821663e+00   1.212379e-15   3.070655e-03   8.076533e-19   4606856
  2.832293e+00   1.193853e-15   3.066552e-03   7.958419e-19   4635380
  2.842916e+00   1.176759e-15   3.067131e-03   7.843826e-19   4670384
  2.853543e+00   1.157972e-15   3.069161e-03   7.715879e-19   4709258
  2.864179e+00   1.142643e-15   3.070324e-03   7.598629e-19   4747352
  2.874805e+00   1.127321e-15   3.063655e-03   7.498019e-19   4771664
  2.885427e+00   1.109286e-15   3.068600e-03   7.375915e-19   4813532
  2.896058e+00   1.091812e-15   3.070437e-03   7.251832e-19   4852322
  2.906693e+00   1.078315e-15   3.069013e-03   7.159386e-19   4886480
  2.917320e+00   1.061049e-15   3.066289e-03   7.048946e-19   4917248
  2.927939e+00   1.045474e-15   3.065099e-03   6.942622e-19   4950828
  2.938569e+00   1.033585e-15   3.072788e-03   6.850199e-19   5000170
  2.949204e+00   1.016100e-15   3.066857e-03   6.739880e-19   5026952
  2.959825e+00   1.002727e-15   3.064676e-03   6.653302e-19   5058752
  2.970445e+00   9.870411e-16   3.067741e-03   6.542532e-19   5100722
  2.981076e+00   9.733396e-16   3.068979e-03   6.451501e-19   5140124
  2.991706e+00   9.578021e-16   3.067937e-03   6.346149e-19   5174072
  3.002335e+00   9.447917e-16   3.068928e-03   6.266239e-19   5211608
  3.012962e+00   9.308892e-16   3.067917e-03   6.166123e-19   5247794
  3.023589e+00   9.183342e-16   3.066908e-03   6.087572e-19   5284196
  3.034222e+00   9.047021e-16   3.071657e-03   5.992395e-19   5328800
  3.044847e+00   8.908260e-16   3.063109e-03   5.904132e-19   5350872
  3.055470e+00   8.792713e-16   3.069608e-03   5.823062e-19   5400634
  3.066097e+00   8.650347e-16   3.065291e-03   5.735557e-19   5430968
  3.076725e+00   8.528951e-16   3.070185e-03   5.643783e-19   5475908
  3.087355e+00   8.425431e-16   3.068352e-03   5.589346e-19   5510016
  3.097986e+00   8.299669e-16   3.069695e-03   5.506083e-19   5552114
  3.108620e+00   8.183622e-16   3.068841e-03   5.425459e-19   5588944
  3.119249e+00   8.064582e-16   3.067703e-03   5.345405e-19   5623828
  3.129873e+00   7.928680e-16   3.066629e-03   5.262425e-19   5660722
  3.140497e+00   7.837199e-16   3.066422e-03   5.198348e-19   5699896
  3.151124e+00   7.712004e-16   3.068968e-03   5.117300e-19   5741936
  3.161754e+00   7.605066e-16   3.069010e-03   5.045611e-19   5779568
  3.172381e+00   7.502109e-16   3.067639e-03   4.979739e-19   5817222
  3.183006e+00   7.380329e-16   3.066013e-03   4.908208e-19   5854600
  3.193635e+00   7.286652e-16   3.069791e-03   4.842449e-19   5900040
  3.204262e+00   7.179242e-16   3.066501e-03   4.773299e-19   5931976
  3.214890e+00   7.086357e-16   3.070101e-03   4.711177e-19   5979390
  3.225518e+00   6.982193e-16   3.065321e-03   4.642638e-19   6010200
  3.236144e+00   6.870259e-16   3.069327e-03   4.572118e-19   6056496
  3.246769e+00   6.785634e-16   3.066211e-03   4.520577e-19   6089504
  3.257396e+00   6.685269e-16   3.069391e-03   4.450068e-19   6137114
  3.268025e+00   6.594925e-16   3.067201e-03   4.391495e-19   6173332
  3.278652e+00   6.494434e-16   3.067882e-03   4.330509e-19   6214128
  3.289279e+00   6.398230e-16   3.067306e-03   4.269089e-19   6253874
  3.299910e+00   6.300431e-16   3.069629e-03   4.212736e-19   6300104
  3.310539e+00   6.216758e-16   3.066365e-03   4.159747e-19   6332612
  3.321166e+00   6.130994e-16   3.070240e-03   4.100463e-19   6379768
  3.331797e+00   6.039502e-16   3.068597e-03   4.048025e-19   6418218
  3.342427e+00   5.959358e-16   3.068360e-03   3.997086e-19   6459880
  3.353052e+00   5.868863e-16   3.066116e-03   3.941941e-19   6495652
  3.363680e+00   5.784761e-16   3.070231e-03   3.880622e-19   6545296
  3.374311e+00   5.696823e-16   3.067227e-03   3.829678e-19   6581570
  3.384935e+00   5.625853e-16   3.065246e-03   3.779549e-19   6618960
  3.395556e+00   5.540850e-16   3.067158e-03   3.728844e-19   6663352
  3.406178e+00   5.463278e-16   3.065376e-03   3.683171e-19   6701334
  3.416809e+00   5.380932e-16   3.072512e-03   3.626802e-19   6759920
  3.427444e+00   5.302399e-16   3.067179e-03   3.580967e-19   6789696
  3.438073e+00   5.227864e-16   3.069955e-03   3.531753e-19   6837208
  3.448703e+00   5.166682e-16   3.067492e-03   3.491153e-19   6874966
  3.459333e+00   5.069290e-16   3.068613e-03   3.440153e-19   6920864
  3.469960e+00   5.012876e-16   3.066758e-03   3.399677e-19   6957816
  3.480585e+00   4.928906e-16   3.068144e-03   3.348138e-19   7002232
  3.491208e+00   4.875046e-16   3.066540e-03   3.309288e-19   7043114
  3.501840e+00   4.798804e-16   3.070403e-03   3.259005e-19   7096020
  3.512471e+00   4.725747e-16   3.067394e-03   3.220842e-19   7130640
  3.523097e+00   4.666063e-16   3.068276e-03   3.182268e-19   7175472
  3.533723e+00   4.593595e-16   3.067248e-03   3.142272e-19   7217786
  3.544353e+00   4.530941e-16   3.068999e-03   3.097989e-19   7265564
  3.554979e+00   4.463567e-16   3.066319e-03   3.059004e-19   7301288
  3.565600e+00   4.407245e-16   3.066375e-03   3.017552e-19   7345330
  3.576227e+00   4.340104e-16   3.069052e-03   2.976148e-19   7397048
  3.586856e+00   4.289889e-16   3.067039e-03   2.943798e-19   7435920
  3.597485e+00   4.219895e-16   3.069220e-03   2.900674e-19   7484140
  3.608113e+00   4.159423e-16   3.067643e-03   2.864634e-19   7525578
  3.618741e+00   4.104025e-16   3.067518e-03   2.829433e-19   7571376
  3.629371e+00   4.047633e-16   3.068480e-03   2.794091e-19   7617064
  3.640002e+00   3.988605e-16   3.069456e-03   2.756725e-19   7662092
  3.650627e+00   3.931100e-16   3.066324e-03   2.723995e-19   7699658
  3.661254e+00   3.875564e-16   3.068945e-03   2.686566e-19   7752416
  3.671886e+00   3.814434e-16   3.069408e-03   2.654755e-19   7797776
  3.682511e+00   3.763665e-16   3.065176e-03   2.622710e-19   7831720
  3.693136e+00   3.715663e-16   3.069723e-03   2.589391e-19   7889926
  3.703768e+00   3.663004e-16   3.067981e-03   2.555038e-19   7931480
  3.714397e+00   3.601648e-16   3.068251e-03   2.522188e-19   7976688
  3.725016e+00   3.559057e-16   3.062621e-03   2.493551e-19   8007786
  3.735639e+00   3.512201e-16   3.070332e-03   2.463080e-19   8074564
  3.746275e+00   3.452443e-16   3.070085e-03   2.428001e-19   8118904
  3.756904e+00   3.406051e-16   3.066957e-03   2.399177e-19   8155824
  3.767533e+00   3.357879e-16   3.070641e-03   2.370245e-19   8212802
  3.778161e+00   3.307080e-16   3.065118e-03   2.339949e-19   8245268
  3.788791e+00   3.262926e-16   3.071754e-03   2.309831e-19   8308816
  3.799422e+00   3.220086e-16   3.066301e-03   2.283385e-19   8340304
  3.810044e+00   3.174707e-16   3.066222e-03   2.256056e-19   8387738
  3.820668e+00   3.126120e-16   3.067207e-03   2.229417e-19   8437624
  3.831296e+00   3.083651e-16   3.068826e-03   2.200265e-19   8487796
  3.841921e+00   3.039300e-16   3.066430e-03   2.171820e-19   8527936
  3.852549e+00   2.995998e-16   3.069409e-03   2.147051e-19   8585122
  3.863180e+00   2.953836e-16   3.067925e-03   2.120142e-19   8628200
  3.873811e+00   2.916255e-16   3.069670e-03   2.094668e-19   8679484
  3.884439e+00   2.873097e-16   3.067320e-03   2.071451e-19   8721466
  3.895064e+00   2.829274e-16   3.065795e-03   2.043156e-19   8765840
  3.905692e+00   2.791973e-16   3.070355e-03   2.018116e-19   8825136
  3.916320e+00   2.752618e-16   3.066753e-03   1.995035e-19   8861768
  3.926948e+00   2.709912e-16   3.069321e-03   1.969702e-19   8919278
  3.937577e+00   2.671337e-16   3.066595e-03   1.948252e-19   8961008
  3.948205e+00   2.636079e-16   3.068779e-03   1.924205e-19   9014456
  3.958835e+00   2.601897e-16   3.068818e-03   1.900517e-19   9062240
  3.969465e+00   2.560949e-16   3.068277e-03   1.879015e-19   9110510
  3.980091e+00   2.528826e-16   3.066455e-03   1.856516e-19   9154048
  3.990712e+00   2.491087e-16   3.065703e-03   1.834785e-19   9198928
  4.001336e+00   2.455697e-16   3.068826e-03   1.811080e-19   9257194
  4.011967e+00   2.424301e-16   3.069362e-03   1.791367e-19   9310168
  4.022596e+00   2.386798e-16   3.066324e-03   1.769940e-19   9350316
  4.033222e+00   2.356913e-16   3.069210e-03   1.749417e-19   9407120
  4.043852e+00   2.321759e-16   3.068250e-03   1.727559e-19   9454642
  4.054482e+00   2.287108e-16   3.068405e-03   1.706363e-19   9506272
  4.065111e+00   2.257013e-16   3.067355e-03   1.686568e-19   9551228
  4.075735e+00   2.226360e-16   3.067594e-03   1.668003e-19   9600264
  4.086360e+00   2.192049e-16   3.067530e-03   1.646936e-19   9651458
  4.096991e+00   2.159172e-16   3.070122e-03   1.626908e-19   9711488
  4.107620e+00   2.130432e-16   3.066189e-03   1.609418e-19   9749144
  4.118247e+00   2.104212e-16   3.069033e-03   1.590464e-19   9807908
  4.128876e+00   2.069157e-16   3.067607e-03   1.571617e-19   9854786
  4.139508e+00   2.041880e-16   3.070269e-03   1.554135e-19   9914304
  4.150134e+00   2.018290e-16   3.064668e-03   1.539374e-19   9945544
  4.160753e+00   1.987828e-16   3.066794e-03   1.518382e-19   10003414
  4.171379e+00   1.956282e-16   3.068671e-03   1.499930e-19   10062032
  4.182011e+00   1.930506e-16   3.069142e-03   1.482558e-19   10114792
  4.192645e+00   1.903875e-16   3.070449e-03   1.465534e-19   10169936
  4.203267e+00   1.876142e-16   3.062650e-03   1.451479e-19   10196602
  4.213895e+00   1.850423e-16   3.072265e-03   1.431586e-19   10281156
  4.224526e+00   1.819505e-16   3.065688e-03   1.415297e-19   10309376
  4.235150e+00   1.796677e-16   3.068567e-03   1.399809e-19   10369856
  4.245775e+00   1.777320e-16   3.066063e-03   1.385239e-19   10415370
  4.256404e+00   1.747719e-16   3.070045e-03   1.366513e-19   10481988
  4.267039e+00   1.724827e-16   3.069556e-03   1.353130e-19   10531200
  4.277665e+00   1.702640e-16   3.065408e-03   1.338490e-19   10569416
  4.288289e+00   1.677346e-16   3.068216e-03   1.322375e-19   10633066
  4.298919e+00   1.653018e-16   3.068866e-03   1.306628e-19   10687548
  4.309552e+00   1.628100e-16   3.070419e-03   1.292447e-19   10743968
  4.320180e+00   1.610710e-16   3.065849e-03   1.279542e-19   10782130
  4.330801e+00   1.585754e-16   3.066095e-03   1.265445e-19   10837792
  4.341427e+00   1.564798e-16   3.068321e-03   1.250019e-19   10897368
  4.352058e+00   1.540691e-16   3.069642e-03   1.237031e-19   10953940
  4.362687e+00   1.520534e-16   3.067969e-03   1.222608e-19   11003274
  4.373313e+00   1.497448e-16   3.066343e-03   1.210080e-19   11052800
  4.383943e+00   1.478505e-16   3.070099e-03   1.194725e-19   11118176
  4.394573e+00   1.456161e-16   3.067934e-03   1.182431e-19   11162268
  4.405196e+00   1.437757e-16   3.066117e-03   1.168155e-19   11211458
  4.415820e+00   1.416097e-16   3.067310e-03   1.156511e-19   11271888
  4.426448e+00   1.395623e-16   3.068640e-03   1.143000e-19   11329304
  4.437073e+00   1.377927e-16   3.066385e-03   1.131393e-19   11375026
  4.447701e+00   1.361278e-16   3.069261e-03   1.119278e-19   11442532
  4.458330e+00   1.343107e-16   3.066551e-03   1.107546e-19   11487264
  4.468957e+00   1.320273e-16   3.068098e-03   1.093997e-19   11545680
  4.479587e+00   1.302812e-16   3.069842e-03   1.082545e-19   11607058
  4.490221e+00   1.285421e-16   3.069925e-03   1.070777e-19   11664300
  4.500851e+00   1.268709e-16   3.066963e-03   1.060004e-19   11707488
  4.511474e+00   1.251223e-16   3.066617e-03   1.048948e-19   11759536
  4.522104e+00   1.233370e-16   3.071176e-03   1.036550e-19   11833690
  4.532737e+00   1.216780e-16   3.067542e-03   1.026315e-19   11877808
  4.543362e+00   1.200777e-16   3.065778e-03   1.014925e-19   11925836
  4.553987e+00   1.182019e-16   3.068899e-03   1.003418e-19   11992168
  4.564616e+00   1.169135e-16   3.067784e-03   9.936258e-20   12044554
  4.575242e+00   1.151772e-16   3.067168e-03   9.829074e-20   12098976
  4.585865e+00   1.136241e-16   3.066173e-03   9.727026e-20   12149996
  4.596487e+00   1.119589e-16   3.067038e-03   9.617360e-20   12209594
  4.607117e+00   1.105392e-16   3.069983e-03   9.517433e-20   12279272
  4.617752e+00   1.089545e-16   3.070004e-03   9.416450e-20   12336072
  4.628383e+00   1.073032e-16   3.067416e-03   9.313680e-20   12381744
  4.639009e+00   1.060991e-16   3.068068e-03   9.215135e-20   12441590
  4.649637e+00   1.047345e-16   3.067557e-03   9.121744e-20   12497256
  4.660262e+00   1.031880e-16   3.066825e-03   9.028432e-20   12550032
  4.670884e+00   1.018675e-16   3.066185e-03   8.942751e-20   12603936
  4.681508e+00   1.006284e-16   3.068111e-03   8.839158e-20   12671230
  4.692142e+00   9.892147e-17   3.070828e-03   8.746860e-20   12740920
  4.702775e+00   9.783399e-17   3.067767e-03   8.656906e-20   12784560
  4.713398e+00   9.634608e-17   3.065894e-03   8.568887e-20   12834176
  4.724025e+00   9.505263e-17   3.069663e-03   8.479400e-20   12909006
  4.734656e+00   9.385489e-17   3.068089e-03   8.397115e-20   12959680
  4.745283e+00   9.239447e-17   3.067551e-03   8.309906e-20   13014232
  4.755909e+00   9.133359e-17   3.068154e-03   8.222003e-20   13076514
  4.766534e+00   9.032856e-17   3.065684e-03   8.157942e-20   13127112
  4.777164e+00   8.892471e-17   3.070665e-03   8.046892e-20   13205852
  4.787797e+00   8.782940e-17   3.068206e-03   7.977872e-20   13252032
  4.798423e+00   8.664955e-17   3.066967e-03   7.897047e-20   13307450
  4.809051e+00   8.563323e-17   3.068506e-03   7.815031e-20   13374160
  4.819680e+00   8.434503e-17   3.067567e-03   7.739366e-20   13426348
  4.830308e+00   8.337276e-17   3.069633e-03   7.664283e-20   13492760
  4.840934e+00   8.211939e-17   3.066142e-03   7.590705e-20   13539546
  4.851560e+00   8.107469e-17   3.068338e-03   7.509845e-20   13610704
  4.862187e+00   7.995459e-17   3.066835e-03   7.440021e-20   13662024
  4.872813e+00   7.868684e-17   3.068248e-03   7.357667e-20   13727492
  4.883443e+00   7.786727e-17   3.069111e-03   7.286385e-20   13793394
  4.894073e+00   7.679742e-17   3.067154e-03   7.224589e-20   13844456
  4.904699e+00   7.567725e-17   3.067927e-03   7.144314e-20   13905184
  4.915325e+00   7.465198e-17   3.067971e-03   7.069283e-20   13965958
  4.925951e+00   7.399087e-17   3.067148e-03   7.008507e-20   14025192
  4.936580e+00   7.290886e-17   3.068951e-03   6.936995e-20   14093768
  4.947211e+00   7.191505e-17   3.068454e-03   6.871204e-20   14150440
  4.957840e+00   7.123895e-17   3.068630e-03   6.807878e-20   14213450
  4.968468e+00   7.016424e-17   3.066726e-03   6.741906e-20   14267036
  4.979095e+00   6.931456e-17   3.068568e-03   6.681102e-20   14335032
  4.989722e+00   6.832988e-17   3.067092e-03   6.607697e-20   14387664
  5.000347e+00   6.754539e-17   3.068270e-03   6.549613e-20   14455698
  5.010977e+00   6.640432e-17   3.068677e-03   6.483070e-20   14520452
  5.021607e+00   6.579261e-17   3.068497e-03   6.423791e-20   14580272
  5.032232e+00   6.488992e-17   3.065614e-03   6.364638e-20   14628050
  5.042860e+00   6.411106e-17   3.070982e-03   6.304819e-20   14716744
  5.053489e+00   6.321917e-17   3.065407e-03   6.249942e-20   14751712
  5.064115e+00   6.246538e-17   3.069456e-03   6.189220e-20   14831620
  5.074740e+00   6.162971e-17   3.065470e-03   6.134689e-20   14875522
  5.085366e+00   6.092251e-17   3.068961e-03   6.074005e-20   14956720
  5.095994e+00   6.029749e-17   3.066998e-03   6.016955e-20   15008272
  5.106620e+00   5.954014e-17   3.067783e-03   5.966085e-20   15073780
  5.117248e+00   5.884460e-17   3.069002e-03   5.911544e-20   15144866
  5.127883e+00   5.791623e-17   3.070052e-03   5.855715e-20   15213872
  5.138515e+00   5.719987e-17   3.067931e-03   5.801301e-20   15263976
  5.149140e+00   5.643174e-17   3.066723e-03   5.743387e-20   15320236
  5.159767e+00   5.592233e-17   3.069367e-03   5.698933e-20   15398322
  5.170396e+00   5.524661e-17   3.067121e-03   5.643825e-20   15450864
  5.181021e+00   5.464837e-17   3.067373e-03   5.597430e-20   15513888
  5.191645e+00   5.397761e-17   3.066596e-03   5.546948e-20   15574626
  5.202274e+00   5.312296e-17   3.069893e-03   5.494977e-20   15657956
  5.212904e+00   5.260226e-17   3.066736e-03   5.447465e-20   15704248
  5.223531e+00   5.193186e-17   3.068512e-03   5.406342e-20   15774824
  5.234161e+00   5.138622e-17   3.069354e-03   5.351835e-20   15844898
  5.244790e+00   5.066338e-17   3.066994e-03   5.306605e-20   15898956
  5.255415e+00   5.010887e-17   3.067091e-03   5.258542e-20   15961768
  5.266040e+00   4.956751e-17   3.068481e-03   5.215488e-20   16032208
  5.276669e+00   4.893510e-17   3.068464e-03   5.166531e-20   16099530
  5.287295e+00   4.844925e-17   3.065856e-03   5.130687e-20   16152712
  5.297924e+00   4.785907e-17   3.069693e-03   5.082652e-20   16235740
  5.308553e+00   4.719038e-17   3.067725e-03   5.043137e-20   16288856
  5.319183e+00   4.666404e-17   3.069408e-03   5.001416e-20   16365074
  5.329812e+00   4.612726e-17   3.067066e-03   4.958933e-20   16418248
  5.340434e+00   4.561182e-17   3.065573e-03   4.921212e-20   16473180
  5.351058e+00   4.507438e-17   3.069491e-03   4.871697e-20   16560234
  5.361687e+00   4.451501e-17   3.067046e-03   4.835190e-20   16616088
  5.372317e+00   4.408249e-17   3.069133e-03   4.792914e-20   16693264
  5.382948e+00   4.347821e-17   3.068526e-03   4.754516e-20   16753864
  5.393577e+00   4.322030e-17   3.068569e-03   4.719998e-20   16820702
  5.404204e+00   4.251376e-17   3.066887e-03   4.683508e-20   16879288
  5.414832e+00   4.208251e-17   3.068277e-03   4.641486e-20   16951712
  5.425456e+00   4.160245e-17   3.066689e-03   4.605053e-20   17007560
  5.436084e+00   4.115948e-17   3.069534e-03   4.570356e-20   17092086
  5.446713e+00   4.067260e-17   3.067265e-03   4.538660e-20   17148392
  5.457342e+00   4.035385e-17   3.068696e-03   4.498158e-20   17222288
  5.467971e+00   3.982124e-17   3.068089e-03   4.459783e-20   17285096
  5.478597e+00   3.929027e-17   3.066549e-03   4.430265e-20   17344826
  5.489223e+00   3.898785e-17   3.068300e-03   4.393211e-20   17421236
  5.499853e+00   3.861056e-17   3.069479e-03   4.360349e-20   17494160
  5.510478e+00   3.821882e-17   3.065109e-03   4.330253e-20   17538122
  5.521100e+00   3.781266e-17   3.067347e-03   4.295814e-20   17620136
  5.531731e+00   3.745229e-17   3.069687e-03   4.263869e-20   17700428
  5.542362e+00   3.692378e-17   3.068482e-03   4.229188e-20   17760320
  5.552991e+00   3.655585e-17   3.068060e-03   4.201718e-20   17827562
  5.563619e+00   3.624600e-17   3.067912e-03   4.171867e-20   17895488
  5.574247e+00   3.585403e-17   3.068230e-03   4.142992e-20   17963576
  5.584874e+00   3.552390e-17   3.067616e-03   4.117677e-20   18027500
  5.595502e+00   3.503381e-17   3.068831e-03   4.086787e-20   18105650
  5.606129e+00   3.474614e-17   3.066269e-03   4.056076e-20   18160880
  5.616752e+00   3.446027e-17   3.067084e-03   4.031481e-20   18233144
  5.627379e+00   3.410632e-17   3.067872e-03   4.001843e-20   18307310
  5.638008e+00   3.390435e-17   3.068420e-03   3.974536e-20   18381680
  5.648639e+00   3.351609e-17   3.068723e-03   3.947154e-20   18450536
  5.659270e+00   3.312789e-17   3.069549e-03   3.917125e-20   18522128
  5.669897e+00   3.291044e-17   3.067067e-03   3.892777e-20   18578414
  5.680523e+00   3.244052e-17   3.067781e-03   3.864134e-20   18654304
  5.691150e+00   3.213139e-17   3.067639e-03   3.840690e-20   18722304
  5.701780e+00   3.186224e-17   3.069442e-03   3.813488e-20   18802472
  5.712409e+00   3.144273e-17   3.067729e-03   3.789238e-20   18864266
  5.723037e+00   3.131063e-17   3.067347e-03   3.769643e-20   18933260
  5.733662e+00   3.094422e-17   3.066799e-03   3.743924e-20   18997448
  5.744288e+00   3.078410e-17   3.068953e-03   3.719174e-20   19079816
  5.754917e+00   3.040790e-17   3.067744e-03   3.701853e-20   19145330
  5.765545e+00   3.024486e-17   3.067941e-03   3.678376e-20   19218276
  5.776172e+00   2.990386e-17   3.067784e-03   3.653530e-20   19286200
  5.786797e+00   2.966567e-17   3.066457e-03   3.635864e-20   19349738
  5.797427e+00   2.942607e-17   3.070714e-03   3.613247e-20   19450040
  5.808057e+00   2.912812e-17   3.065907e-03   3.595771e-20   19489688
  5.818683e+00   2.896626e-17   3.068803e-03   3.570582e-20   19576868
  5.829310e+00   2.858113e-17   3.067331e-03   3.552235e-20   19640282
  5.839940e+00   2.842051e-17   3.069683e-03   3.531062e-20   19728800
  5.850566e+00   2.809193e-17   3.065237e-03   3.512181e-20   19770152
  5.861190e+00   2.788719e-17   3.068717e-03   3.496799e-20   19863516
  5.871821e+00   2.773181e-17   3.069639e-03   3.481371e-20   19943594
  5.882452e+00   2.746193e-17   3.067597e-03   3.460822e-20   20003440
  5.893081e+00   2.731065e-17   3.068832e-03   3.441877e-20   20081768
  5.903706e+00   2.713935e-17   3.066188e-03   3.428159e-20   20136200
  5.914335e+00   2.686516e-17   3.070449e-03   3.404932e-20   20238094
  5.924964e+00   2.666483e-17   3.066146e-03   3.391379e-20   20282544
  5.935584e+00   2.651430e-17   3.065727e-03   3.378439e-20   20351720
  5.946209e+00   2.631680e-17   3.068474e-03   3.358175e-20   20444714
  5.956838e+00   2.616541e-17   3.067781e-03   3.344139e-20   20515116
  5.967470e+00   2.590281e-17   3.070149e-03   3.329722e-20   20602384
  5.978102e+00   2.577615e-17   3.068165e-03   3.311960e-20   20659872
  5.988728e+00   2.564973e-17   3.067093e-03   3.301548e-20   20727682
  5.999356e+00   2.538512e-17   3.068732e-03   3.283213e-20   20814416
  6.009986e+00   2.518054e-17   3.068153e-03   3.272256e-20   20881100
  6.020612e+00   2.488058e-17   3.068117e-03   3.258476e-20   20953688
  6.031238e+00   2.489003e-17   3.066654e-03   3.249462e-20   21021050
  6.041866e+00   2.481076e-17   3.068891e-03   3.236778e-20   21111632
  6.052496e+00   2.461916e-17   3.068341e-03   3.222943e-20   21179972
  6.063121e+00   2.448035e-17   3.066368e-03   3.209221e-20   21240488
  6.073747e+00   2.434118e-17   3.068419e-03   3.200291e-20   21331418
  6.084375e+00   2.422757e-17   3.067338e-03   3.193821e-20   21397304
  6.095000e+00   2.397324e-17   3.067405e-03   3.174678e-20   21469764
  6.105627e+00   2.379687e-17   3.068819e-03   3.163501e-20   21556122
  6.116254e+00   2.365501e-17   3.066479e-03   3.158971e-20   21618312
  6.126884e+00   2.352776e-17   3.069809e-03   3.141621e-20   21716096
  6.137516e+00   2.350758e-17   3.068719e-03   3.134968e-20   21781352
  6.148144e+00   2.335558e-17   3.067428e-03   3.130167e-20   21848870
  6.158771e+00   2.318824e-17   3.067652e-03   3.116032e-20   21927536
  6.169400e+00   2.321455e-17   3.068795e-03   3.111667e-20   22008944
  6.180028e+00   2.299768e-17   3.067865e-03   3.102672e-20   22076136
  6.190652e+00   2.292700e-17   3.066547e-03   3.102996e-20   22145270
  6.201282e+00   2.276484e-17   3.070373e-03   3.088208e-20   22250960
  6.211913e+00   2.272884e-17   3.066914e-03   3.083360e-20   22300864
  6.222538e+00   2.256244e-17   3.067186e-03   3.070865e-20   22378586
  6.233165e+00   2.245730e-17   3.068261e-03   3.066433e-20   22464104
  6.243795e+00   2.233328e-17   3.068708e-03   3.063799e-20   22542892
  6.254421e+00   2.227978e-17   3.067123e-03   3.055423e-20   22606008
  6.265047e+00   2.221508e-17   3.067919e-03   3.047650e-20   22690002
  6.275673e+00   2.211467e-17   3.066936e-03   3.048250e-20   22762216
  6.286298e+00   2.189491e-17   3.068880e-03   3.023217e-20   22815779
  6.296927e+00   2.137335e-17   3.067733e-03   2.973219e-20   22772312
  6.307555e+00   2.087718e-17   3.067923e-03   2.918588e-20   22733708
  6.318183e+00   2.037112e-17   3.068441e-03   2.866130e-20   22697672
  6.328811e+00   1.986240e-17   3.067507e-03   2.821585e-20   22651460
  6.339438e+00   1.938346e-17   3.068199e-03   2.768326e-20   22616024
  6.350068e+00   1.890577e-17   3.069309e-03   2.721633e-20   22583496
  6.360694e+00   1.842248e-17   3.065960e-03   2.678677e-20   22519252
  6.371317e+00   1.804915e-17   3.067197e-03   2.633492e-20   22488992
  6.381944e+00   1.769870e-17   3.067780e-03   2.589937e-20   22453172
  6.392574e+00   1.725336e-17   3.069105e-03   2.550485e-20   22420584
  6.403204e+00   1.684350e-17   3.068296e-03   2.509697e-20   22371700
  6.413832e+00   1.642425e-17   3.068296e-03   2.465817e-20   22329896
  6.424460e+00   1.605909e-17   3.067512e-03   2.429695e-20   22282876
  6.435088e+00   1.569898e-17   3.068899e-03   2.393163e-20   22250692
  6.445715e+00   1.538048e-17   3.066872e-03   2.357304e-20   22194436
  6.456340e+00   1.496527e-17   3.066996e-03   2.319377e-20   22153540
  6.466968e+00   1.469421e-17   3.068722e-03   2.283884e-20   22122584
  6.477597e+00   1.439558e-17   3.067957e-03   2.253898e-20   22073004
  6.488227e+00   1.411434e-17   3.069406e-03   2.219056e-20   22039640
  6.498854e+00   1.373543e-17   3.066107e-03   2.188874e-20   21971624
  6.509482e+00   1.343831e-17   3.070097e-03   2.157790e-20   21955708
  6.520106e+00   1.314108e-17   3.063845e-03   2.126641e-20   21867720
  6.530733e+00   1.284330e-17   3.071600e-03   2.096536e-20   21878900
  6.541363e+00   1.253978e-17   3.065935e-03   2.067900e-20   21794260
  6.551990e+00   1.230500e-17   3.068881e-03   2.040838e-20   21770256
  6.562619e+00   1.202108e-17   3.068010e-03   2.012671e-20   21718124
  6.573247e+00   1.178290e-17   3.067905e-03   1.985494e-20   21671096
  6.583874e+00   1.155214e-17   3.067932e-03   1.959236e-20   21625412
  6.594503e+00   1.129427e-17   3.069070e-03   1.933455e-20   21587284
  6.605129e+00   1.105216e-17   3.066010e-03   1.908427e-20   21519648
  6.615755e+00   1.082511e-17   3.068792e-03   1.883119e-20   21493344
  6.626384e+00   1.061125e-17   3.067812e-03   1.858825e-20   21439360
  6.637013e+00   1.037809e-17   3.068679e-03   1.836486e-20   21398900
  6.647644e+00   1.016937e-17   3.068668e-03   1.812342e-20   21351488
  6.658271e+00   9.952317e-18   3.066526e-03   1.790626e-20   21288012
  6.668898e+00   9.753394e-18   3.068796e-03   1.767992e-20   21255052
  6.679525e+00   9.516297e-18   3.067400e-03   1.746864e-20   21196928
  6.690151e+00   9.380689e-18   3.067431e-03   1.726669e-20   21149036
  6.700778e+00   9.150700e-18   3.068015e-03   1.704869e-20   21105304
  6.711407e+00   8.980226e-18   3.068524e-03   1.685545e-20   21059992
  6.722038e+00   8.778360e-18   3.069263e-03   1.664221e-20   21014904
  6.732667e+00   8.626495e-18   3.067536e-03   1.645097e-20   20953620
  6.743293e+00   8.431601e-18   3.067478e-03   1.626072e-20   20902948
  6.753920e+00   8.301891e-18   3.068064e-03   1.607022e-20   20856528
  6.764548e+00   8.117704e-18   3.068448e-03   1.588962e-20   20808868
  6.775174e+00   7.940529e-18   3.066599e-03   1.571527e-20   20746700
  6.785798e+00   7.802534e-18   3.066925e-03   1.551835e-20   20699040
  6.796428e+00   7.665303e-18   3.069860e-03   1.534518e-20   20667584
  6.807054e+00   7.512622e-18   3.064988e-03   1.519622e-20   20583320
  6.817679e+00   7.362219e-18   3.069606e-03   1.500873e-20   20562728
  6.828310e+00   7.184874e-18   3.067915e-03   1.485212e-20   20499120
  6.838938e+00   7.054427e-18   3.068337e-03   1.467931e-20   20448668
  6.849566e+00   6.945310e-18   3.068077e-03   1.454220e-20   20394408
  6.860195e+00   6.793387e-18   3.068320e-03   1.437834e-20   20344236
  6.870823e+00   6.668805e-18   3.067630e-03   1.424316e-20   20287988
  6.881451e+00   6.549559e-18   3.068044e-03   1.407273e-20   20237280
  6.892077e+00   6.443107e-18   3.067320e-03   1.392944e-20   20178328
  6.902707e+00   6.298450e-18   3.069652e-03   1.377565e-20   20139844
  6.913336e+00   6.184572e-18   3.067174e-03   1.365500e-20   20069748
  6.923962e+00   6.067440e-18   3.067514e-03   1.350297e-20   20016800
  6.934587e+00   5.939255e-18   3.067642e-03   1.336579e-20   19962224
  6.945217e+00   5.835337e-18   3.069885e-03   1.322649e-20   19923568
  6.955848e+00   5.732083e-18   3.067490e-03   1.310912e-20   19854300
  6.966474e+00   5.610071e-18   3.067154e-03   1.297431e-20   19797056
  6.977101e+00   5.479643e-18   3.067706e-03   1.283990e-20   19744940
  6.987728e+00   5.401527e-18   3.068174e-03   1.271407e-20   19691768
  6.998356e+00   5.345927e-18   3.067321e-03   1.259761e-20   19629548
  7.008982e+00   5.226995e-18   3.067740e-03   1.247038e-20   19575480
  7.019610e+00   5.143184e-18   3.068413e-03   1.235373e-20   19523296
  7.030241e+00   5.022562e-18   3.069533e-03   1.223244e-20   19474344
  7.040867e+00   4.960366e-18   3.065611e-03   1.212580e-20   19392868
  7.051493e+00   4.861587e-18   3.069073e-03   1.198346e-20   19356176
  7.062123e+00   4.780655e-18   3.068592e-03   1.188961e-20   19294916
  7.072754e+00   4.700151e-18   3.069110e-03   1.178346e-20   19240856
  7.083382e+00   4.621206e-18   3.067066e-03   1.169146e-20   19170884
  7.094007e+00   4.538165e-18   3.066966e-03   1.157866e-20   19111352
  7.104633e+00   4.467947e-18   3.068278e-03   1.146696e-20   19060016
  7.115261e+00   4.386199e-18   3.067998e-03   1.137271e-20   18999752
  7.125886e+00   4.296167e-18   3.066210e-03   1.126201e-20   18930272
  7.136511e+00   4.217699e-18   3.068009e-03   1.115771e-20   18882340
  7.147141e+00   4.176609e-18   3.069133e-03   1.107066e-20   18829056
  7.157770e+00   4.089793e-18   3.067293e-03   1.096840e-20   18757640
  7.168398e+00   4.007516e-18   3.069197e-03   1.087493e-20   18709036
  7.179027e+00   3.985410e-18   3.067378e-03   1.078788e-20   18637668
  7.189656e+00   3.868896e-18   3.069146e-03   1.069454e-20   18587048
  7.200283e+00   3.817996e-18   3.066626e-03   1.060020e-20   18510972
  7.210909e+00   3.750756e-18   3.067730e-03   1.051194e-20   18456692
  7.221535e+00   3.703324e-18   3.067567e-03   1.042681e-20   18394084
  7.232164e+00   3.639579e-18   3.069110e-03   1.034293e-20   18341352
  7.242794e+00   3.616052e-18   3.068234e-03   1.026384e-20   18273884
  7.253423e+00   3.521473e-18   3.068036e-03   1.017568e-20   18211148
  7.264048e+00   3.474095e-18   3.066171e-03   1.009392e-20   18137692
  7.274674e+00   3.391112e-18   3.069088e-03   1.000981e-20   18091580
  7.285305e+00   3.367510e-18   3.068515e-03   9.931209e-21   18024560
  7.295932e+00   3.301036e-18   3.067362e-03   9.854801e-21   17955116
  7.306559e+00   3.256240e-18   3.067637e-03   9.780597e-21   17893232
  7.317187e+00   3.207131e-18   3.068343e-03   9.697983e-21   17832620
  7.327816e+00   3.149645e-18   3.068327e-03   9.619836e-21   17767864
  7.338445e+00   3.097341e-18   3.068809e-03   9.557654e-21   17706956
  7.349073e+00   3.047715e-18   3.066947e-03   9.486881e-21   17632632
  7.359699e+00   2.989552e-18   3.068061e-03   9.415530e-21   17573524
  7.370327e+00   2.952135e-18   3.067901e-03   9.341543e-21   17506380
  7.380954e+00   2.916316e-18   3.068207e-03   9.279243e-21   17442548
  7.391580e+00   2.836256e-18   3.066528e-03   9.207146e-21   17368556
  7.402208e+00   2.828849e-18   3.069314e-03   9.141346e-21   17318260
  7.412837e+00   2.797570e-18   3.067939e-03   9.081702e-21   17243792
  7.423463e+00   2.729954e-18   3.066549e-03   9.021975e-21   17169716
  7.434088e+00   2.678831e-18   3.067759e-03   8.948667e-21   17109768
  7.444715e+00   2.667825e-18   3.068012e-03   8.883188e-21   17044064
  7.455345e+00   2.629154e-18   3.068894e-03   8.827898e-21   16981560
  7.465972e+00   2.583907e-18   3.066680e-03   8.766616e-21   16902264
  7.476600e+00   2.554615e-18   3.069499e-03   8.700310e-21   16849940
  7.487230e+00   2.507217e-18   3.067461e-03   8.650274e-21   16770600
  7.497858e+00   2.483111e-18   3.068497e-03   8.582869e-21   16707512
  7.508485e+00   2.434840e-18   3.067634e-03   8.529768e-21   16634480
  7.519114e+00   2.421276e-18   3.068242e-03   8.472078e-21   16569424
  7.529741e+00   2.365436e-18   3.067751e-03   8.427517e-21   16497216
  7.540372e+00   2.327118e-18   3.069501e-03   8.362959e-21   16436416
  7.550999e+00   2.295323e-18   3.067032e-03   8.326411e-21   16353532
  7.561624e+00   2.287617e-18   3.067126e-03   8.255689e-21   16284908
  7.572251e+00   2.245736e-18   3.068426e-03   8.209236e-21   16221948
  7.582881e+00   2.216226e-18   3.068614e-03   8.156707e-21   16152552
  7.593510e+00   2.163418e-18   3.068122e-03   8.112478e-21   16078864
  7.604137e+00   2.146330e-18   3.067536e-03   8.063069e-21   16005296
  7.614766e+00   2.118670e-18   3.068300e-03   8.010720e-21   15938220
  7.625392e+00   2.097415e-18   3.066841e-03   7.966261e-21   15858440
  7.636016e+00   2.063720e-18   3.067373e-03   7.923559e-21   15789252
  7.646642e+00   2.026322e-18   3.067548e-03   7.870839e-21   15718944
  7.657269e+00   2.028877e-18   3.067947e-03   7.833316e-21   15648652
  7.667899e+00   1.960588e-18   3.069201e-03   7.780109e-21   15581944
  7.678531e+00   1.970044e-18   3.069010e-03   7.746040e-21   15508744
  7.689158e+00   1.925485e-18   3.066436e-03   7.702236e-21   15422472
  7.699784e+00   1.904272e-18   3.068878e-03   7.658420e-21   15361536
  7.710413e+00   1.878687e-18   3.067494e-03   7.619920e-21   15281048
  7.721038e+00   1.865216e-18   3.067557e-03   7.576772e-21   15207752
  7.731666e+00   1.833547e-18   3.067687e-03   7.536991e-21   15134800
  7.742292e+00   1.811340e-18   3.067594e-03   7.499594e-21   15059664
  7.752920e+00   1.794656e-18   3.068106e-03   7.458409e-21   14987020
  7.763550e+00   1.778443e-18   3.069757e-03   7.430438e-21   14919936
  7.774179e+00   1.757527e-18   3.066979e-03   7.387546e-21   14831776
  7.784807e+00   1.722750e-18   3.069197e-03   7.356779e-21   14767552
  7.795435e+00   1.695371e-18   3.066309e-03   7.311380e-21   14678336
  7.806062e+00   1.674150e-18   3.069079e-03   7.280190e-21   14615044
  7.816690e+00   1.652899e-18   3.067275e-03   7.245889e-21   14530200
  7.827317e+00   1.640518e-18   3.067927e-03   7.219580e-21   14457000
  7.837945e+00   1.642529e-18   3.068558e-03   7.176666e-21   14383440
  7.848573e+00   1.606263e-18   3.067003e-03   7.152323e-21   14299516
  7.859199e+00   1.579950e-18   3.067899e-03   7.113593e-21   14226024
  7.869825e+00   1.571599e-18   3.067223e-03   7.081018e-21   14145048
  7.880455e+00   1.557294e-18   3.070446e-03   7.048921e-21   14082144
  7.891083e+00   1.536582e-18   3.065393e-03   7.026814e-21   13981640
  7.901708e+00   1.524687e-18   3.068688e-03   6.999921e-21   13918460
  7.912338e+00   1.490340e-18   3.068702e-03   6.963576e-21   13839752
  7.922969e+00   1.484872e-18   3.069182e-03   6.936719e-21   13762736
  7.933598e+00   1.451755e-18   3.067868e-03   6.909678e-21   13677980
  7.944225e+00   1.457657e-18   3.067250e-03   6.882060e-21   13596196
  7.954850e+00   1.445385e-18   3.067470e-03   6.858598e-21   13517736
  7.965475e+00   1.419266e-18   3.066448e-03   6.838004e-21   13433184
  7.976100e+00   1.406839e-18   3.068623e-03   6.803199e-21   13362296
  7.986730e+00   1.386091e-18   3.068494e-03   6.781770e-21   13281376
  7.997360e+00   1.360342e-18   3.069113e-03   6.753790e-21   13203336
  8.007987e+00   1.358246e-18   3.066719e-03   6.740645e-21   13113016
  8.018613e+00   1.333008e-18   3.067735e-03   6.708946e-21   13036400
  8.029240e+00   1.336803e-18   3.067468e-03   6.690540e-21   12953648
  8.039869e+00   1.322068e-18   3.069185e-03   6.676410e-21   12879016
  8.050498e+00   1.298247e-18   3.067538e-03   6.642203e-21   12790124
  8.061127e+00   1.300518e-18   3.068996e-03   6.619642e-21   12714152
  8.071753e+00   1.274834e-18   3.066076e-03   6.605584e-21   12619608
  8.082379e+00   1.276377e-18   3.068682e-03   6.582139e-21   12547232
  8.093011e+00   1.264673e-18   3.070245e-03   6.564896e-21   12470568
  8.103638e+00   1.256287e-18   3.065215e-03   6.552031e-21   12368136
  8.114264e+00   1.220839e-18   3.069116e-03   6.522163e-21   12300504
  8.124894e+00   1.206819e-18   3.068128e-03   6.512467e-21   12212172
  8.135522e+00   1.204386e-18   3.067779e-03   6.499212e-21   12126228
  8.146149e+00   1.189656e-18   3.068089e-03   6.483259e-21   12043352
  8.156778e+00   1.163180e-18   3.068301e-03   6.463067e-21   11959896
  8.167401e+00   1.158125e-18   3.065268e-03   6.449227e-21   11863804
  8.178026e+00   1.147850e-18   3.068937e-03   6.426346e-21   11792812
  8.188656e+00   1.154380e-18   3.068597e-03   6.422133e-21   11705392
  8.199283e+00   1.129358e-18   3.066984e-03   6.409524e-21   11613836
  8.209914e+00   1.121159e-18   3.070536e-03   6.388655e-21   11541532
  8.220543e+00   1.120777e-18   3.066346e-03   6.376199e-21   11440232
  8.231170e+00   1.097704e-18   3.068846e-03   6.366255e-21   11363008
  8.241796e+00   1.095337e-18   3.066631e-03   6.359768e-21   11267848
  8.252424e+00   1.070595e-18   3.069306e-03   6.344264e-21   11190640
  8.263054e+00   1.076735e-18   3.068558e-03   6.336658e-21   11101084
  8.273680e+00   1.054252e-18   3.065604e-03   6.321223e-21   11003284
  8.284304e+00   1.048534e-18   3.068360e-03   6.314828e-21   10925424
  8.294932e+00   1.053279e-18   3.067667e-03   6.297461e-21   10834724
  8.305560e+00   1.044633e-18   3.068711e-03   6.294791e-21   10750156
  8.316186e+00   1.026595e-18   3.066587e-03   6.279444e-21   10655280
  8.326811e+00   1.020073e-18   3.067310e-03   6.278948e-21   10569120
  8.337437e+00   9.926037e-19   3.067168e-03   6.260353e-21   10479672
  8.348070e+00   9.906450e-19   3.071527e-03   6.259199e-21   10404504
  8.358704e+00   9.968497e-19   3.068456e-03   6.251772e-21   10304108
  8.369331e+00   9.783956e-19   3.066991e-03   6.240859e-21   10209940
  8.379958e+00   9.703100e-19   3.068937e-03   6.233498e-21   10126584
  8.390585e+00   9.488949e-19   3.066106e-03   6.228172e-21   10027064
  8.401210e+00   9.631067e-19   3.068731e-03   6.225394e-21   9945072
  8.411836e+00   9.314450e-19   3.065849e-03   6.214714e-21   9844764
  8.422464e+00   9.451653e-19   3.070904e-03   6.214166e-21   9769940
  8.433095e+00   9.273774e-19   3.066721e-03   6.207673e-21   9666072
  8.443721e+00   9.091848e-19   3.067629e-03   6.202930e-21   9577112
  8.454348e+00   9.049385e-19   3.067871e-03   6.191698e-21   9485848
  8.464977e+00   9.027672e-19   3.068818e-03   6.186095e-21   9396136
  8.475607e+00   9.004259e-19   3.068947e-03   6.180780e-21   9304408
  8.486231e+00   9.004989e-19   3.064605e-03   6.185539e-21   9199028
  8.496854e+00   8.826804e-19   3.068671e-03   6.178391e-21   9118288
  8.507481e+00   8.804713e-19   3.066868e-03   6.183957e-21   9019624
  8.518111e+00   8.393273e-19   3.070919e-03   6.172129e-21   8937420
  8.528743e+00   8.347774e-19   3.067653e-03   6.163339e-21   8835200
  8.539369e+00   8.259131e-19   3.066847e-03   6.167205e-21   8739332
  8.549995e+00   8.505099e-19   3.067747e-03   6.155527e-21   8648112
  8.560624e+00   8.192307e-19   3.067898e-03   6.161140e-21   8553372
  8.571253e+00   8.156690e-19   3.069319e-03   6.154687e-21   8461944
  8.581883e+00   7.948120e-19   3.068067e-03   6.154589e-21   8363348
  8.592509e+00   7.774654e-19   3.067870e-03   6.147332e-21   8267792
  8.603135e+00   7.887374e-19   3.066599e-03   6.141280e-21   8169380
  8.613762e+00   7.809648e-19   3.069517e-03   6.146866e-21   8081008
  8.624389e+00   7.659992e-19   3.065774e-03   6.132388e-21   7975632
  8.635016e+00   7.514904e-19   3.069603e-03   6.142075e-21   7889116
  8.645643e+00   7.495115e-19   3.066011e-03   6.117363e-21   7784008
  8.656270e+00   7.407720e-19   3.068709e-03   6.117234e-21   7693848
  8.666897e+00   7.062293e-19   3.067011e-03   6.115114e-21   7592468
  8.677525e+00   7.130558e-19   3.068931e-03   6.100522e-21   7499076
  8.688155e+00   6.977007e-19   3.069474e-03   6.099676e-21   7402880
  8.698786e+00   6.978072e-19   3.067607e-03   6.079208e-21   7300768
  8.709411e+00   6.771893e-19   3.067652e-03   6.091928e-21   7203316
  8.720032e+00   6.541076e-19   3.063689e-03   6.064256e-21   7095724
  8.730662e+00   6.755486e-19   3.073665e-03   6.063343e-21   7019608
  8.741295e+00   6.567477e-19   3.065344e-03   6.043277e-21   6901916
  8.751922e+00   6.527351e-19   3.069704e-03   6.047228e-21   6812952
  8.762548e+00   6.166428e-19   3.065523e-03   5.998750e-21   6704548
  8.773175e+00   6.167373e-19   3.068967e-03   5.999693e-21   6612168
  8.783803e+00   5.977620e-19   3.067598e-03   5.964086e-21   6508628
  8.794433e+00   5.685814e-19   3.069277e-03   5.958446e-21   6412072
  8.805059e+00   5.720667e-19   3.066868e-03   5.919184e-21   6306660
  8.815685e+00   5.651932e-19   3.067492e-03   5.895899e-21   6207592
  8.826308e+00   5.565754e-19   3.066222e-03   5.850552e-21   6103860
  8.836934e+00   5.350782e-19   3.068576e-03   5.807335e-21   6007184
  8.847563e+00   5.233269e-19   3.068782e-03   5.779312e-21   5905660
  8.858194e+00   5.067436e-19   3.069160e-03   5.722930e-21   5805132
  8.868823e+00   4.925975e-19   3.067313e-03   5.675745e-21   5700008
  8.879446e+00   4.626566e-19   3.065734e-03   5.595816e-21   5594856
  8.890075e+00   4.591519e-19   3.070306e-03   5.538102e-21   5502341
  8.900707e+00   4.449163e-19   3.068193e-03   5.485175e-21   5404852
  8.911333e+00   4.349839e-19   3.066920e-03   5.445749e-21   5313930
  8.921960e+00   4.199043e-19   3.068151e-03   5.397848e-21   5230396
  8.932587e+00   4.261132e-19   3.067037e-03   5.360436e-21   5145158
  8.943214e+00   3.974188e-19   3.067644e-03   5.325630e-21   5064506
  8.953844e+00   3.910340e-19   3.070354e-03   5.298274e-21   4989464
  8.964475e+00   3.756163e-19   3.067471e-03   5.271958e-21   4907486
  8.975102e+00   3.788218e-19   3.067454e-03   5.240940e-21   4831952
  8.985729e+00   3.648316e-19   3.067333e-03   5.204570e-21   4757392
  8.996357e+00   3.637025e-19   3.068563e-03   5.187534e-21   4685902
  9.006985e+00   3.479716e-19   3.067839e-03   5.153024e-21   4612826
  9.017611e+00   3.470852e-19   3.067647e-03   5.136689e-21   4542436
  9.028240e+00   3.464595e-19   3.068771e-03   5.104094e-21   4475408
  9.038866e+00   3.380269e-19   3.065432e-03   5.097155e-21   4402686
  9.049492e+00   3.237034e-19   3.069222e-03   5.074236e-21   4340854
  9.060123e+00   3.312664e-19   3.068666e-03   5.046945e-21   4273862
  9.070751e+00   3.178059e-19   3.068093e-03   5.040040e-21   4208538
  9.081377e+00   3.109150e-19   3.066329e-03   5.015173e-21   4142584
  9.092002e+00   3.119216e-19   3.067445e-03   5.011559e-21   4081232
  9.102629e+00   2.942887e-19   3.068061e-03   4.987058e-21   4019668
  9.113260e+00   2.913298e-19   3.070507e-03   4.961891e-21   3961416
  9.123892e+00   2.848504e-19   3.068468e-03   4.960538e-21   3898848
  9.134518e+00   2.812586e-19   3.065914e-03   4.952570e-21   3836718
  9.145140e+00   2.811291e-19   3.066518e-03   4.941769e-21   3779272
  9.155765e+00   2.709992e-19   3.066689e-03   4.920377e-21   3721434
  9.166394e+00   2.639937e-19   3.070316e-03   4.912766e-21   3668198
  9.177028e+00   2.663275e-19   3.069776e-03   4.897024e-21   3611346
  9.187656e+00   2.536982e-19   3.066455e-03   4.897662e-21   3552442
  9.198281e+00   2.574509e-19   3.067337e-03   4.880460e-21   3498908
  9.208908e+00   2.614630e-19   3.067980e-03   4.877453e-21   3445382
  9.219536e+00   2.578408e-19   3.068389e-03   4.876629e-21   3392244
  9.230165e+00   2.455424e-19   3.068360e-03   4.861079e-21   3339634
  9.240792e+00   2.536420e-19   3.067248e-03   4.865348e-21   3286752
  9.251416e+00   2.362451e-19   3.065818e-03   4.848834e-21   3234180
  9.262040e+00   2.309940e-19   3.067094e-03   4.844108e-21   3184556
  9.272670e+00   2.456509e-19   3.070362e-03   4.847384e-21   3137238
  9.283304e+00   2.398851e-19   3.070377e-03   4.835485e-21   3087670
  9.293936e+00   2.281020e-19   3.068566e-03   4.837325e-21   3037460
  9.304560e+00   2.299140e-19   3.064548e-03   4.839529e-21   2985736
  9.315180e+00   2.134203e-19   3.066413e-03   4.831624e-21   2939708
  9.325811e+00   2.232424e-19   3.071553e-03   4.835671e-21   2897012
  9.336443e+00   2.182821e-19   3.067620e-03   4.838958e-21   2846890
  9.347067e+00   2.168338e-19   3.065693e-03   4.837596e-21   2799588
  9.357689e+00   2.099886e-19   3.066395e-03   4.830493e-21   2754954
  9.368315e+00   2.102156e-19   3.068270e-03   4.829581e-21   2711500
  9.378948e+00   2.049242e-19   3.070601e-03   4.840483e-21   2669006
  9.389576e+00   2.029503e-19   3.065837e-03   4.838792e-21   2621264
  9.400202e+00   2.091252e-19   3.068913e-03   4.845526e-21   2580726
  9.410830e+00   2.051900e-19   3.067141e-03   4.845867e-21   2536470
  9.421456e+00   2.016208e-19   3.067445e-03   4.850731e-21   2494370
  9.432084e+00   2.031872e-19   3.068834e-03   4.848825e-21   2453556
  9.442716e+00   1.930309e-19   3.070117e-03   4.875156e-21   2413246
  9.453347e+00   1.999255e-19   3.067994e-03   4.869272e-21   2370914
  9.463973e+00   1.914602e-19   3.067217e-03   4.877399e-21   2330126
  9.474601e+00   1.893113e-19   3.068570e-03   4.886888e-21   2291406
  9.485227e+00   1.806752e-19   3.066158e-03   4.894262e-21   2250410
  9.495850e+00   1.754418e-19   3.066006e-03   4.905002e-21   2211486
  9.506474e+00   1.795626e-19   3.067734e-03   4.916147e-21   2174194
  9.517102e+00   1.889180e-19   3.068176e-03   4.918383e-21   2136416
  9.527733e+00   1.850325e-19   3.069929e-03   4.934102e-21   2100070
  9.538360e+00   1.586303e-19   3.065560e-03   4.946280e-21   2060026
  9.548986e+00   1.861513e-19   3.069362e-03   4.956571e-21   2025910
  9.559615e+00   1.931735e-19   3.067530e-03   4.967454e-21   1988576
  9.570241e+00   1.768408e-19   3.067060e-03   4.976935e-21   1952610
  9.580867e+00   1.740622e-19   3.067361e-03   4.993571e-21   1917470
  9.591493e+00   1.530487e-19   3.067399e-03   5.020167e-21   1882484
  9.602120e+00   1.681552e-19   3.068076e-03   5.026563e-21   1848262
  9.612753e+00   1.730155e-19   3.071327e-03   5.041904e-21   1816024
  9.623386e+00   1.623339e-19   3.068076e-03   5.059244e-21   1780418
  9.634012e+00   1.813827e-19   3.067038e-03   5.075575e-21   1746576
  9.644639e+00   1.513302e-19   3.068628e-03   5.093280e-21   1714622
  9.655268e+00   1.613779e-19   3.067669e-03   5.120668e-21   1681692
  9.665895e+00   1.669751e-19   3.067468e-03   5.142027e-21   1649574
  9.676515e+00   1.600498e-19   3.063511e-03   5.162879e-21   1615788
  9.687137e+00   1.561976e-19   3.068656e-03   5.174632e-21   1587064
  9.697769e+00   1.783338e-19   3.069826e-03   5.203336e-21   1556598
  9.708400e+00   1.468706e-19   3.068471e-03   5.225179e-21   1525380
  9.719030e+00   1.618650e-19   3.068670e-03   5.252521e-21   1495360
  9.729656e+00   1.586487e-19   3.066126e-03   5.291397e-21   1464370
  9.740281e+00   1.573247e-19   3.067601e-03   5.312517e-21   1435656
  9.750907e+00   1.543569e-19   3.067002e-03   5.339314e-21   1406304
  9.761532e+00   1.655486e-19   3.067147e-03   5.371572e-21   1377628
  9.772159e+00   1.348595e-19   3.068370e-03   5.403408e-21   1349744
  9.782788e+00   1.618025e-19   3.068343e-03   5.421723e-21   1321682
  9.793418e+00   1.569744e-19   3.069098e-03   5.440955e-21   1294376
  9.804048e+00   1.582730e-19   3.068140e-03   5.503069e-21   1266768
  9.814673e+00   1.452709e-19   3.066275e-03   5.510322e-21   1239172
  9.825295e+00   1.641488e-19   3.065238e-03   5.572897e-21   1212224
  9.835918e+00   1.602447e-19   3.067386e-03   5.591444e-21   1186796
  9.846547e+00   1.605778e-19   3.069034e-03   5.644612e-21   1161432
  9.857176e+00   1.430250e-19   3.067927e-03   5.687677e-21   1135408
  9.867804e+00   1.474896e-19   3.068239e-03   5.702811e-21   1110324
  9.878434e+00   1.422875e-19   3.068926e-03   5.752856e-21   1085680
  9.889062e+00   1.418923e-19   3.066842e-03   5.805969e-21   1060364
  9.899688e+00   1.667657e-19   3.068767e-03   5.844779e-21   1036736
  9.910321e+00   1.336558e-19   3.070562e-03   5.885225e-21   1013388
  9.920951e+00   1.551471e-19   3.066769e-03   5.961572e-21   988656
  9.931575e+00   1.607994e-19   3.066738e-03   5.975733e-21   965530
  9.942197e+00   1.368201e-19   3.064855e-03   6.037202e-21   942100
  9.952819e+00   1.366782e-19   3.066142e-03   6.058857e-21   919888
  9.963442e+00   1.369864e-19   3.066491e-03   6.143054e-21   897628
  9.974067e+00   1.366598e-19   3.067504e-03   6.199404e-21   875856
  9.984696e+00   1.443356e-19   3.069599e-03   6.253131e-21   854736
  9.995330e+00   1.459468e-19   3.070044e-03   6.312167e-21   833510
  1.000596e+01   1.382108e-19   3.068120e-03   6.378024e-21   811976
  1.001659e+01   1.271113e-19   3.066566e-03   6.433564e-21   790844
  1.002721e+01   1.402741e-19   3.066302e-03   6.493271e-21   770320
  1.003784e+01   1.459039e-19   3.069162e-03   6.570515e-21   750838
  1.004847e+01   1.283751e-19   3.068729e-03   6.625422e-21   730864
  1.005909e+01   1.567758e-19   3.067039e-03   6.696517e-21   710984
  1.006972e+01   1.291442e-19   3.067274e-03   6.786407e-21   691894
  1.008035e+01   1.545719e-19   3.066106e-03   6.879269e-21   672776
  1.009097e+01   1.333217e-19   3.067065e-03   6.941618e-21   654372
  1.010160e+01   1.415322e-19   3.065537e-03   7.011599e-21   635682
  1.011222e+01   1.380214e-19   3.064886e-03   7.097061e-21   617460
  1.012284e+01   1.425829e-19   3.066767e-03   7.183154e-21   600024
  1.013346e+01   1.420963e-19   3.068404e-03   7.277239e-21   582830
  1.014410e+01   1.276119e-19   3.070337e-03   7.359235e-21   566000
  1.015473e+01   1.441226e-19   3.066543e-03   7.446115e-21   548458
  1.016535e+01   1.119326e-19   3.067619e-03   7.536216e-21   532084
  1.017598e+01   1.647486e-19   3.065740e-03   7.680798e-21   515440
  1.018660e+01   1.205466e-19   3.064533e-03   7.783599e-21   499174
  1.019722e+01   1.454085e-19   3.064552e-03   7.869707e-21   483368
  1.020784e+01   1.385599e-19   3.067558e-03   7.971319e-21   468270
  1.021847e+01   1.204129e-19   3.071740e-03   8.114182e-21   453568
  1.022911e+01   1.489892e-19   3.068522e-03   8.223992e-21   438106
  1.023974e+01   1.293398e-19   3.068674e-03   8.374588e-21   423508
  1.025036e+01   1.387285e-19   3.065352e-03   8.459890e-21   408754
  1.026098e+01   1.226689e-19   3.064549e-03   8.636538e-21   394612
  1.027160e+01   1.549179e-19   3.064825e-03   8.808236e-21   380826
  1.028223e+01   1.204442e-19   3.063635e-03   8.956541e-21   367086
  1.029285e+01   1.514612e-19   3.065226e-03   9.064317e-21   353904
  1.030347e+01   1.501521e-19   3.067842e-03   9.274225e-21   341046
  1.031410e+01   1.301381e-19   3.067827e-03   9.422763e-21   328144
  1.032473e+01   1.352909e-19   3.068491e-03   9.569422e-21   315598
  1.033536e+01   1.235319e-19   3.070442e-03   9.799147e-21   303466
  1.034599e+01   1.479114e-19   3.070558e-03   9.978901e-21   291456
  1.035662e+01   1.510450e-19   3.069010e-03   1.021266e-20   279614
  1.036725e+01   1.207686e-19   3.062765e-03   1.034066e-20   267680
  1.037786e+01   1.454175e-19   3.061142e-03   1.056981e-20   256438
  1.038848e+01   1.606537e-19   3.062004e-03   1.085441e-20   245618
  1.039909e+01   1.400115e-19   3.058865e-03   1.108202e-20   234708
  1.040970e+01   1.550478e-19   3.057929e-03   1.136601e-20   224210
  1.042032e+01   1.125872e-19   3.058509e-03   1.158550e-20   214046
  1.043093e+01   1.503684e-19   3.059874e-03   1.183013e-20   204152
  1.044155e+01   1.176455e-19   3.062766e-03   1.208698e-20   194558
  1.045217e+01   1.629364e-19   3.062838e-03   1.240398e-20   185018
  1.046279e+01   1.525663e-19   3.066092e-03   1.275683e-20   175918
  1.047341e+01   1.558049e-19   3.068348e-03   1.311091e-20   166992
  1.048404e+01   1.540937e-19   3.070094e-03   1.342691e-20   158294
  1.049468e+01   1.698463e-19   3.071097e-03   1.381988e-20   149842
  1.050531e+01   1.601699e-19   3.068653e-03   1.422054e-20   141530
  1.051593e+01   1.315242e-19   3.060509e-03   1.459890e-20   133284
  1.052654e+01   1.328204e-19   3.057354e-03   1.520598e-20   125546
  1.053715e+01   1.124172e-19   3.051144e-03   1.575650e-20   117950
  1.054776e+01   1.138908e-19   3.048602e-03   1.620455e-20   110746
  1.055836e+01   1.021813e-19   3.039799e-03   1.661171e-20   103572
  1.056895e+01   1.341509e-19   3.036073e-03   1.720439e-20   96818
  1.057954e+01   1.074478e-19   3.031333e-03   1.796185e-20   90262
  1.059013e+01   1.171188e-19   3.027317e-03   1.846731e-20   83970
  1.060072e+01   1.816808e-19   3.019853e-03   1.949862e-20   77846
  1.061129e+01   1.664775e-19   3.012052e-03   2.023837e-20   71984
  1.062186e+01   1.580955e-19   3.005730e-03   2.087739e-20   66398
  1.063243e+01   1.676574e-19   3.000369e-03   2.185087e-20   61058
  1.064300e+01   1.282452e-19   2.995714e-03   2.289181e-20   55958
  1.065357e+01   1.933665e-19   2.990697e-03   2.408779e-20   51082
  1.066413e+01   1.526794e-19   2.981767e-03   2.533440e-20   46398
  1.067469e+01   1.884100e-19   2.970930e-03   2.650741e-20   41954
  1.068524e+01   1.379235e-19   2.955045e-03   2.814052e-20   37718
  1.069578e+01   9.179866e-20   2.938133e-03   2.937035e-20   33736
  1.070631e+01   1.831205e-19   2.922830e-03   3.173665e-20   30006
  1.071684e+01   1.351068e-19   2.912268e-03   3.382543e-20   26522
  1.072739e+01   2.089230e-19   2.905476e-03   3.600940e-20   23254
  1.073793e+01   1.847087e-19   2.895825e-03   3.827556e-20   20178
  1.074848e+01   1.797663e-19   2.890787e-03   4.161494e-20   17342
  1.075903e+01   1.859855e-19   2.886580e-03   4.525911e-20   14714
  1.076959e+01   1.032846e-19   2.887906e-03   4.999172e-20   12310
  1.078015e+01   4.735904e-20   2.880436e-03   5.524226e-20   10098
  1.079071e+01   2.153457e-19   2.879327e-03   6.210705e-20   8126
  1.080127e+01   9.502252e-20   2.877797e-03   6.979142e-20   6362
  1.081184e+01   1.190830e-19   2.888638e-03   8.387516e-20   4822
  1.082239e+01   3.670351e-19   2.872451e-03   9.423097e-20   3474
  1.083292e+01   8.966687e-20   2.869225e-03   1.189885e-19   2366
  1.084344e+01   5.339009e-19   2.860034e-03   1.456538e-19   1466
  1.085397e+01   6.641219e-19   2.925135e-03   2.069871e-19   790
  1.086426e+01   6.889885e-20   2.767211e-03   2.916117e-19   306
  1.087389e+01   6.930599e-19   2.357714e-03   7.157499e-19   62
