# cross spectrum of phi(z1) and phi(z2)
# redshift z=1.293448
# k              Pk             sigma(k)       sigma(Pk)      count
  7.830312e-03   2.623740e-10   1.198114e-03   5.907871e-11   18
  1.686348e-02   3.111044e-10   2.897918e-03   2.973237e-11   152
  2.725284e-02   1.856317e-10   3.060867e-03   8.681049e-12   416
  3.742835e-02   1.016123e-10   2.912555e-03   3.804122e-12   770
  4.808679e-02   6.377908e-11   3.119650e-03   1.871989e-12   1364
  5.876109e-02   4.170941e-11   3.054550e-03   9.502313e-13   1976
  6.939824e-02   3.175836e-11   3.112555e-03   6.070773e-13   2792
  7.984642e-02   2.303965e-11   2.971805e-03   3.968421e-13   3578
  9.038229e-02   1.653610e-11   3.049521e-03   2.468160e-13   4724
  1.011318e-01   1.212469e-11   3.134595e-03   1.626513e-13   6032
  1.117485e-01   9.437398e-12   3.016599e-03   1.168083e-13   7072
  1.222702e-01   7.871577e-12   3.056387e-03   8.809192e-14   8634
  1.329722e-01   6.641426e-12   3.095256e-03   6.779960e-14   10336
  1.436677e-01   5.316778e-12   3.082009e-03   4.944908e-14   11940
  1.541872e-01   4.211797e-12   3.021465e-03   3.847159e-14   13490
  1.647185e-01   3.442711e-12   3.054444e-03   2.842646e-14   15656
  1.754149e-01   2.877434e-12   3.102608e-03   2.267991e-14   18008
  1.860920e-01   2.512620e-12   3.069464e-03   1.885954e-14   19964
  1.966957e-01   2.167126e-12   3.066093e-03   1.547935e-14   22354
  2.072851e-01   1.821387e-12   3.030819e-03   1.254805e-14   24648
  2.179134e-01   1.539379e-12   3.083109e-03   1.004843e-14   27592
  2.285517e-01   1.313751e-12   3.075318e-03   8.258541e-15   30152
  2.391687e-01   1.145141e-12   3.069056e-03   6.970167e-15   33046
  2.497808e-01   1.028070e-12   3.053846e-03   6.104120e-15   35992
  2.604233e-01   9.061772e-13   3.074764e-03   5.181060e-15   39304
  2.710722e-01   8.075175e-13   3.082145e-03   4.442997e-15   42608
  2.817050e-01   6.922369e-13   3.058267e-03   3.788935e-15   45758
  2.923349e-01   6.042031e-13   3.072286e-03   3.236249e-15   49536
  3.029238e-01   5.383422e-13   3.039208e-03   2.838531e-15   52488
  3.135134e-01   4.838803e-13   3.084628e-03   2.478746e-15   57034
  3.241511e-01   4.216627e-13   3.061146e-03   2.117944e-15   60648
  3.347969e-01   3.822523e-13   3.076329e-03   1.892928e-15   65044
  3.454223e-01   3.449672e-13   3.057760e-03   1.665886e-15   68720
  3.560505e-01   3.041508e-13   3.078281e-03   1.457008e-15   73538
  3.667175e-01   2.735338e-13   3.076939e-03   1.292696e-15   78080
  3.773260e-01   2.484695e-13   3.039859e-03   1.168881e-15   81572
  3.879192e-01   2.224173e-13   3.081238e-03   1.038015e-15   87248
  3.985882e-01   1.994341e-13   3.084591e-03   9.285355e-16   92266
  4.092322e-01   1.815673e-13   3.063169e-03   8.383756e-16   96696
  4.198039e-01   1.631347e-13   3.037602e-03   7.563506e-16   100904
  4.303789e-01   1.472559e-13   3.065517e-03   6.830482e-16   107036
  4.410480e-01   1.340784e-13   3.089487e-03   6.124616e-16   113362
  4.517307e-01   1.208965e-13   3.072092e-03   5.574135e-16   118176
  4.623378e-01   1.096451e-13   3.054661e-03   5.133041e-16   122944
  4.729644e-01   1.004965e-13   3.083007e-03   4.642144e-16   129902
  4.836049e-01   8.905494e-14   3.061727e-03   4.192028e-16   134944
  4.942158e-01   8.232997e-14   3.064979e-03   3.885408e-16   140952
  5.048213e-01   7.353174e-14   3.064662e-03   3.570232e-16   147072
  5.154342e-01   6.758294e-14   3.060800e-03   3.260530e-16   153382
  5.260893e-01   6.143953e-14   3.082622e-03   2.979265e-16   160952
  5.367508e-01   5.611447e-14   3.070294e-03   2.746041e-16   166640
  5.473579e-01   5.101943e-14   3.057153e-03   2.565537e-16   172448
  5.579787e-01   4.648301e-14   3.077577e-03   2.350473e-16   180594
  5.686178e-01   4.224916e-14   3.060710e-03   2.198823e-16   186556
  5.792219e-01   3.883207e-14   3.063394e-03   2.038477e-16   193528
  5.898242e-01   3.536725e-14   3.060684e-03   1.904197e-16   200626
  6.004609e-01   3.223269e-14   3.076604e-03   1.755168e-16   209256
  6.111150e-01   2.961476e-14   3.069663e-03   1.639184e-16   216020
  6.217510e-01   2.686038e-14   3.075746e-03   1.537235e-16   223768
  6.323610e-01   2.419150e-14   3.055783e-03   1.439753e-16   230234
  6.429887e-01   2.224941e-14   3.074922e-03   1.345537e-16   239800
  6.536248e-01   2.031069e-14   3.063054e-03   1.256286e-16   246568
  6.642393e-01   1.867722e-14   3.068328e-03   1.185098e-16   254828
  6.748534e-01   1.732037e-14   3.064424e-03   1.106370e-16   263074
  6.854951e-01   1.563791e-14   3.071509e-03   1.044560e-16   272312
  6.961385e-01   1.433252e-14   3.070197e-03   9.826457e-17   280376
  7.067732e-01   1.292927e-14   3.071500e-03   9.265195e-17   288884
  7.174012e-01   1.173427e-14   3.068501e-03   8.689784e-17   297602
  7.280177e-01   1.096359e-14   3.057614e-03   8.255124e-17   305520
  7.386402e-01   9.938237e-15   3.075198e-03   7.743763e-17   315976
  7.492461e-01   9.023371e-15   3.052723e-03   7.356539e-17   322778
  7.598720e-01   8.265242e-15   3.080021e-03   7.008170e-17   335372
  7.705286e-01   7.453343e-15   3.068318e-03   6.612070e-17   343464
  7.811635e-01   6.848560e-15   3.070705e-03   6.242379e-17   352912
  7.917934e-01   6.233878e-15   3.070498e-03   5.931824e-17   362666
  8.024224e-01   5.716385e-15   3.063690e-03   5.653383e-17   371884
  8.130465e-01   5.135011e-15   3.069929e-03   5.361879e-17   382280
  8.236583e-01   4.732980e-15   3.060755e-03   5.117758e-17   390888
  8.342648e-01   4.387360e-15   3.067168e-03   4.841147e-17   402234
  8.448912e-01   3.918515e-15   3.064832e-03   4.631864e-17   412576
  8.555263e-01   3.626717e-15   3.071788e-03   4.400431e-17   423732
  8.661590e-01   3.303130e-15   3.068142e-03   4.198961e-17   433624
  8.767950e-01   3.065472e-15   3.072203e-03   4.004477e-17   445154
  8.874347e-01   2.693334e-15   3.069139e-03   3.837886e-17   455584
  8.980596e-01   2.449672e-15   3.064716e-03   3.662391e-17   465588
  9.086714e-01   2.262243e-15   3.065163e-03   3.489893e-17   476762
  9.193048e-01   2.082281e-15   3.073106e-03   3.332421e-17   489552
  9.299472e-01   1.902665e-15   3.069632e-03   3.200051e-17   500328
  9.405628e-01   1.792896e-15   3.059261e-03   3.078541e-17   509852
  9.511854e-01   1.548983e-15   3.074339e-03   2.926721e-17   524234
  9.618189e-01   1.499572e-15   3.061952e-03   2.818723e-17   534104
  9.724448e-01   1.327745e-15   3.070528e-03   2.700787e-17   547048
  9.830800e-01   1.187816e-15   3.073862e-03   2.586661e-17   559328
  9.937180e-01   1.056136e-15   3.070866e-03   2.489230e-17   571326
  1.004339e+00   1.014967e-15   3.060367e-03   2.388384e-17   581920
  1.014951e+00   8.487667e-16   3.064588e-03   2.291631e-17   594832
  1.025571e+00   8.489033e-16   3.068054e-03   2.196157e-17   608048
  1.036206e+00   7.749526e-16   3.070252e-03   2.111487e-17   621526
  1.046839e+00   7.299099e-16   3.066112e-03   2.036682e-17   633240
  1.057456e+00   6.526325e-16   3.064953e-03   1.959718e-17   645472
  1.068086e+00   6.117223e-16   3.075342e-03   1.879256e-17   660906
  1.078726e+00   5.328152e-16   3.067576e-03   1.810010e-17   672856
  1.089356e+00   4.694307e-16   3.067094e-03   1.747858e-17   685980
  1.099980e+00   4.354975e-16   3.067978e-03   1.681629e-17   699256
  1.110619e+00   4.080982e-16   3.074976e-03   1.616916e-17   714730
  1.121246e+00   4.006071e-16   3.059348e-03   1.565158e-17   725152
  1.131863e+00   3.108912e-16   3.067634e-03   1.505928e-17   740420
  1.142485e+00   3.018571e-16   3.069089e-03   1.454282e-17   754312
  1.153114e+00   2.930507e-16   3.069897e-03   1.402869e-17   769114
  1.163749e+00   2.844051e-16   3.069209e-03   1.356023e-17   783488
  1.174365e+00   2.574770e-16   3.058900e-03   1.311007e-17   794968
  1.184981e+00   2.205197e-16   3.070107e-03   1.267248e-17   812366
  1.195609e+00   2.230150e-16   3.065134e-03   1.221158e-17   825976
  1.206250e+00   1.864092e-16   3.075220e-03   1.178700e-17   843352
  1.216898e+00   1.868582e-16   3.073224e-03   1.136757e-17   857280
  1.227524e+00   1.518184e-16   3.063189e-03   1.103650e-17   869542
  1.238147e+00   1.373888e-16   3.070752e-03   1.065527e-17   887128
  1.248772e+00   1.237296e-16   3.063166e-03   1.033626e-17   900032
  1.259388e+00   8.224762e-17   3.067377e-03   9.986644e-18   916560
  1.270005e+00   9.502044e-17   3.061783e-03   9.686208e-18   930922
  1.280635e+00   8.932848e-17   3.071795e-03   9.365155e-18   949844
  1.291287e+00   7.545604e-17   3.076939e-03   9.055904e-18   966736
  1.301925e+00   8.189836e-17   3.065819e-03   8.805826e-18   978776
  1.312537e+00   8.500833e-17   3.064137e-03   8.534137e-18   994522
  1.323161e+00   7.307858e-17   3.068907e-03   8.260084e-18   1012420
  1.333794e+00   7.693231e-17   3.071598e-03   8.003312e-18   1029408
  1.344410e+00   6.037511e-17   3.058405e-03   7.768413e-18   1041658
  1.355032e+00   8.666572e-17   3.072381e-03   7.539688e-18   1063520
  1.365659e+00   5.742068e-17   3.060689e-03   7.334845e-18   1075808
  1.376294e+00   6.605918e-17   3.080019e-03   7.095045e-18   1098956
  1.386928e+00   4.994971e-17   3.061670e-03   6.895223e-18   1109810
  1.397545e+00   5.070549e-17   3.065288e-03   6.697730e-18   1128608
  1.408178e+00   5.292862e-17   3.073589e-03   6.487856e-18   1148264
  1.418813e+00   5.145468e-17   3.067917e-03   6.304734e-18   1163252
  1.429436e+00   4.215883e-17   3.067070e-03   6.119810e-18   1181042
  1.440060e+00   4.076114e-17   3.064325e-03   5.959798e-18   1197848
  1.450692e+00   4.055186e-17   3.073737e-03   5.770687e-18   1218848
  1.461323e+00   3.544299e-17   3.064859e-03   5.628094e-18   1232916
  1.471945e+00   2.755898e-17   3.068844e-03   5.464240e-18   1253002
  1.482566e+00   4.403373e-17   3.062284e-03   5.316627e-18   1268576
  1.493191e+00   3.239995e-17   3.071552e-03   5.172564e-18   1290128
  1.503822e+00   3.068679e-17   3.068342e-03   5.027044e-18   1307402
  1.514455e+00   1.086600e-17   3.069122e-03   4.876285e-18   1327028
  1.525083e+00   1.710896e-17   3.064970e-03   4.743529e-18   1343648
  1.535711e+00   1.810317e-17   3.070217e-03   4.607420e-18   1364096
  1.546341e+00   2.745708e-17   3.068950e-03   4.494089e-18   1382730
  1.556974e+00   7.953140e-18   3.068757e-03   4.379650e-18   1402164
  1.567604e+00   3.248503e-17   3.068159e-03   4.257064e-18   1420464
  1.578221e+00   2.328576e-17   3.063798e-03   4.163933e-18   1437368
  1.588847e+00   2.258816e-17   3.072142e-03   4.041985e-18   1461530
  1.599480e+00   2.633161e-17   3.065069e-03   3.942100e-18   1478264
  1.610108e+00   1.123102e-17   3.068902e-03   3.838928e-18   1499356
  1.620732e+00   1.837760e-17   3.065238e-03   3.742588e-18   1517016
  1.631360e+00   1.890056e-17   3.070849e-03   3.642928e-18   1540090
  1.641988e+00   1.706524e-17   3.065366e-03   3.545083e-18   1557360
  1.652609e+00   1.427932e-17   3.066926e-03   3.477275e-18   1577780
  1.663242e+00   1.516863e-17   3.075107e-03   3.372918e-18   1602578
  1.673875e+00   1.376005e-17   3.063542e-03   3.301261e-18   1617672
  1.684498e+00   1.461105e-17   3.069033e-03   3.216713e-18   1641016
  1.695122e+00   2.240522e-17   3.065080e-03   3.142782e-18   1659416
  1.705746e+00   1.703145e-17   3.068431e-03   3.057593e-18   1682670
  1.716382e+00   1.546451e-17   3.070690e-03   2.982683e-18   1705256
  1.727024e+00   1.423828e-17   3.071890e-03   2.897689e-18   1726312
  1.737645e+00   1.136158e-17   3.062639e-03   2.840471e-18   1741880
  1.748261e+00   1.492095e-17   3.067156e-03   2.771099e-18   1766454
  1.758897e+00   5.168925e-18   3.073105e-03   2.706625e-18   1791784
  1.769528e+00   1.222781e-17   3.063894e-03   2.644648e-18   1807712
  1.780139e+00   1.510118e-17   3.062775e-03   2.585781e-18   1829002
  1.790759e+00   1.207040e-17   3.067263e-03   2.519883e-18   1854216
  1.801400e+00   1.478801e-17   3.074631e-03   2.460707e-18   1880156
  1.812037e+00   1.699295e-17   3.068349e-03   2.400061e-18   1897568
  1.822663e+00   9.209230e-18   3.068475e-03   2.346035e-18   1920458
  1.833288e+00   1.280232e-18   3.065997e-03   2.289236e-18   1942208
  1.843915e+00   8.101809e-18   3.067813e-03   2.242141e-18   1965612
  1.854544e+00   9.834762e-18   3.069639e-03   2.187980e-18   1989000
  1.865168e+00   6.617611e-18   3.064465e-03   2.141094e-18   2009114
  1.875791e+00   9.857044e-18   3.067400e-03   2.091753e-18   2034464
  1.886424e+00   1.077014e-17   3.070174e-03   2.044742e-18   2058476
  1.897052e+00   8.944684e-18   3.068039e-03   1.998160e-18   2079648
  1.907673e+00   8.921165e-18   3.065891e-03   1.952866e-18   2102578
  1.918306e+00   7.349236e-18   3.070742e-03   1.904912e-18   2129928
  1.928942e+00   5.757057e-18   3.069733e-03   1.865355e-18   2152096
  1.939563e+00   4.247727e-18   3.062858e-03   1.828902e-18   2171142
  1.950185e+00   8.425833e-18   3.069150e-03   1.786682e-18   2200248
  1.960824e+00   7.383914e-18   3.071017e-03   1.742236e-18   2225216
  1.971460e+00   6.341799e-18   3.070942e-03   1.708361e-18   2248448
  1.982084e+00   1.001364e-17   3.064272e-03   1.670196e-18   2267942
  1.992710e+00   6.678257e-18   3.071051e-03   1.636608e-18   2298072
  2.003337e+00   5.740870e-18   3.064068e-03   1.601416e-18   2317272
  2.013961e+00   9.479805e-18   3.069747e-03   1.566789e-18   2345808
  2.024580e+00   6.700127e-18   3.062469e-03   1.534659e-18   2365650
  2.035206e+00   9.089103e-18   3.069930e-03   1.499650e-18   2396940
  2.045842e+00   5.855183e-18   3.069936e-03   1.466254e-18   2421272
  2.056473e+00   6.210025e-18   3.068399e-03   1.440178e-18   2444576
  2.067102e+00   4.837590e-18   3.069748e-03   1.409056e-18   2471490
  2.077728e+00   5.122010e-18   3.064854e-03   1.378718e-18   2493180
  2.088349e+00   3.194865e-18   3.068019e-03   1.351465e-18   2520952
  2.098972e+00   6.408574e-18   3.065319e-03   1.322114e-18   2544946
  2.109598e+00   8.042728e-18   3.068311e-03   1.294666e-18   2573856
  2.120230e+00   5.197258e-18   3.069026e-03   1.269189e-18   2600016
  2.130862e+00   7.763592e-18   3.069102e-03   1.243189e-18   2625484
  2.141490e+00   5.875600e-18   3.068080e-03   1.217761e-18   2651122
  2.152130e+00   5.298793e-18   3.074348e-03   1.193262e-18   2683488
  2.162754e+00   6.798574e-18   3.059466e-03   1.170528e-18   2696352
  2.173371e+00   6.322704e-18   3.071171e-03   1.144288e-18   2733020
  2.184002e+00   6.368420e-18   3.067530e-03   1.122169e-18   2757378
  2.194631e+00   4.216874e-18   3.067942e-03   1.101753e-18   2784864
  2.205259e+00   5.871134e-18   3.067811e-03   1.078468e-18   2811168
  2.215874e+00   6.098268e-18   3.061061e-03   1.057232e-18   2832274
  2.226505e+00   4.582297e-18   3.075611e-03   1.034441e-18   2873636
  2.237142e+00   7.220280e-18   3.064877e-03   1.015336e-18   2890496
  2.247766e+00   5.618919e-18   3.069851e-03   9.953932e-19   2921800
  2.258399e+00   5.734712e-18   3.071101e-03   9.754183e-19   2951298
  2.269032e+00   2.614879e-18   3.066274e-03   9.560580e-19   2975476
  2.279663e+00   4.775553e-18   3.071375e-03   9.388941e-19   3007728
  2.290285e+00   5.419680e-18   3.061886e-03   9.223129e-19   3025776
  2.300910e+00   3.410474e-18   3.072955e-03   9.027399e-19   3065762
  2.311540e+00   3.813112e-18   3.063208e-03   8.854143e-19   3084856
  2.322162e+00   5.337841e-18   3.068985e-03   8.685708e-19   3118044
  2.332782e+00   4.704079e-18   3.064319e-03   8.514084e-19   3141352
  2.343410e+00   3.037896e-18   3.072036e-03   8.342609e-19   3179274
  2.354046e+00   4.855310e-18   3.067682e-03   8.204971e-19   3204120
  2.364668e+00   4.165534e-18   3.063610e-03   8.058832e-19   3227900
  2.375288e+00   5.094813e-18   3.068722e-03   7.898156e-19   3262394
  2.385925e+00   3.567231e-18   3.071814e-03   7.745348e-19   3295680
  2.396559e+00   4.613085e-18   3.067166e-03   7.608099e-19   3319560
  2.407184e+00   3.509369e-18   3.068070e-03   7.455463e-19   3348972
  2.417810e+00   2.371871e-18   3.068540e-03   7.326547e-19   3379722
  2.428441e+00   2.718016e-18   3.068348e-03   7.181713e-19   3410720
  2.439075e+00   2.304078e-18   3.069517e-03   7.054457e-19   3441504
  2.449697e+00   3.015496e-18   3.063301e-03   6.939294e-19   3463624
  2.460317e+00   4.341117e-18   3.068043e-03   6.797253e-19   3499790
  2.470951e+00   2.832067e-18   3.070702e-03   6.677998e-19   3533560
  2.481588e+00   1.854056e-18   3.069830e-03   6.542210e-19   3561920
  2.492209e+00   2.201109e-18   3.064208e-03   6.435468e-19   3585208
  2.502830e+00   4.288352e-18   3.069185e-03   6.314514e-19   3622518
  2.513468e+00   1.463623e-18   3.072344e-03   6.201543e-19   3657584
  2.524094e+00   3.289268e-18   3.062507e-03   6.106112e-19   3676440
  2.534707e+00   2.574472e-18   3.065232e-03   5.987956e-19   3711282
  2.545334e+00   2.136885e-18   3.068763e-03   5.872325e-19   3747696
  2.555965e+00   3.310896e-18   3.067225e-03   5.772880e-19   3776188
  2.566601e+00   3.648022e-18   3.074483e-03   5.666299e-19   3815304
  2.577232e+00   2.719089e-18   3.064660e-03   5.576148e-19   3835370
  2.587856e+00   1.237968e-18   3.068926e-03   5.476408e-19   3873424
  2.598487e+00   2.797972e-18   3.067978e-03   5.377147e-19   3903420
  2.609117e+00   1.999136e-18   3.070036e-03   5.287525e-19   3937624
  2.619745e+00   1.813026e-18   3.066011e-03   5.204284e-19   3965658
  2.630375e+00   9.813215e-19   3.069802e-03   5.101801e-19   4002984
  2.641001e+00   2.129701e-18   3.065136e-03   5.022117e-19   4027928
  2.651616e+00   2.043884e-18   3.064941e-03   4.937614e-19   4059844
  2.662241e+00   2.378395e-18   3.069945e-03   4.842571e-19   4100338
  2.672876e+00   1.670695e-18   3.069128e-03   4.757019e-19   4132264
  2.683506e+00   1.612557e-18   3.068474e-03   4.676077e-19   4163216
  2.694131e+00   1.869762e-18   3.066146e-03   4.600012e-19   4193350
  2.704761e+00   4.939294e-19   3.071068e-03   4.516742e-19   4234456
  2.715390e+00   1.191915e-18   3.064079e-03   4.438559e-19   4257264
  2.726012e+00   3.554611e-19   3.069774e-03   4.363365e-19   4297352
  2.736640e+00   5.904215e-19   3.067495e-03   4.293665e-19   4328642
  2.747272e+00   1.021387e-18   3.070663e-03   4.217536e-19   4367948
  2.757895e+00   8.359945e-19   3.061799e-03   4.151727e-19   4388384
  2.768519e+00   1.030456e-18   3.072247e-03   4.077582e-19   4436648
  2.779154e+00   -2.747319e-19   3.067997e-03   4.007669e-19   4465658
  2.789787e+00   1.071017e-18   3.069677e-03   3.945600e-19   4502948
  2.800413e+00   3.830130e-19   3.064787e-03   3.885609e-19   4528880
  2.811033e+00   2.928334e-20   3.067181e-03   3.814788e-19   4566290
  2.821663e+00   6.387953e-19   3.070655e-03   3.745006e-19   4606856
  2.832293e+00   -9.350938e-19   3.066552e-03   3.692825e-19   4635380
  2.842916e+00   -8.147598e-19   3.067131e-03   3.626922e-19   4670384
  2.853543e+00   -2.372743e-19   3.069161e-03   3.568414e-19   4709258
  2.864179e+00   -1.955378e-19   3.070324e-03   3.509608e-19   4747352
  2.874805e+00   -4.039807e-19   3.063655e-03   3.452965e-19   4771664
  2.885427e+00   -5.379926e-19   3.068600e-03   3.394203e-19   4813532
  2.896058e+00   -1.678263e-18   3.070437e-03   3.331092e-19   4852322
  2.906693e+00   -2.548801e-19   3.069013e-03   3.289436e-19   4886480
  2.917320e+00   -5.305185e-19   3.066289e-03   3.234999e-19   4917248
  2.927939e+00   -1.441011e-18   3.065099e-03   3.179369e-19   4950828
  2.938569e+00   -7.315720e-19   3.072788e-03   3.129392e-19   5000170
  2.949204e+00   -1.103295e-18   3.066857e-03   3.081955e-19   5026952
  2.959825e+00   -1.155540e-18   3.064676e-03   3.034068e-19   5058752
  2.970445e+00   -4.758608e-19   3.067741e-03   2.983691e-19   5100722
  2.981076e+00   -5.079844e-19   3.068979e-03   2.936498e-19   5140124
  2.991706e+00   -1.607450e-18   3.067937e-03   2.889512e-19   5174072
  3.002335e+00   -1.194690e-18   3.068928e-03   2.842654e-19   5211608
  3.012962e+00   -1.583162e-18   3.067917e-03   2.797840e-19   5247794
  3.023589e+00   -1.469242e-18   3.066908e-03   2.754348e-19   5284196
  3.034222e+00   -1.163956e-18   3.071657e-03   2.709091e-19   5328800
  3.044847e+00   -1.492715e-18   3.063109e-03   2.670839e-19   5350872
  3.055470e+00   -1.923043e-18   3.069608e-03   2.626100e-19   5400634
  3.066097e+00   -1.199951e-18   3.065291e-03   2.587531e-19   5430968
  3.076725e+00   -1.252304e-18   3.070185e-03   2.545176e-19   5475908
  3.087355e+00   -1.966690e-18   3.068352e-03   2.507680e-19   5510016
  3.097986e+00   -1.018920e-18   3.069695e-03   2.463977e-19   5552114
  3.108620e+00   -1.724690e-18   3.068841e-03   2.425947e-19   5588944
  3.119249e+00   -1.958701e-18   3.067703e-03   2.394194e-19   5623828
  3.129873e+00   -2.182965e-18   3.066629e-03   2.356491e-19   5660722
  3.140497e+00   -1.573022e-18   3.066422e-03   2.322354e-19   5699896
  3.151124e+00   -2.449132e-18   3.068968e-03   2.283873e-19   5741936
  3.161754e+00   -2.005255e-18   3.069010e-03   2.246288e-19   5779568
  3.172381e+00   -2.155789e-18   3.067639e-03   2.216133e-19   5817222
  3.183006e+00   -2.195458e-18   3.066013e-03   2.183741e-19   5854600
  3.193635e+00   -2.504559e-18   3.069791e-03   2.145271e-19   5900040
  3.204262e+00   -2.059986e-18   3.066501e-03   2.115482e-19   5931976
  3.214890e+00   -1.897143e-18   3.070101e-03   2.083266e-19   5979390
  3.225518e+00   -1.900477e-18   3.065321e-03   2.050064e-19   6010200
  3.236144e+00   -2.054377e-18   3.069327e-03   2.017920e-19   6056496
  3.246769e+00   -2.365747e-18   3.066211e-03   1.993948e-19   6089504
  3.257396e+00   -2.150243e-18   3.069391e-03   1.961868e-19   6137114
  3.268025e+00   -2.334279e-18   3.067201e-03   1.932333e-19   6173332
  3.278652e+00   -2.259567e-18   3.067882e-03   1.902132e-19   6214128
  3.289279e+00   -2.528997e-18   3.067306e-03   1.872200e-19   6253874
  3.299910e+00   -2.503608e-18   3.069629e-03   1.846009e-19   6300104
  3.310539e+00   -2.725026e-18   3.066365e-03   1.820435e-19   6332612
  3.321166e+00   -2.475220e-18   3.070240e-03   1.792666e-19   6379768
  3.331797e+00   -2.095737e-18   3.068597e-03   1.767509e-19   6418218
  3.342427e+00   -2.132354e-18   3.068360e-03   1.738400e-19   6459880
  3.353052e+00   -1.869530e-18   3.066116e-03   1.716078e-19   6495652
  3.363680e+00   -2.619436e-18   3.070231e-03   1.688649e-19   6545296
  3.374311e+00   -2.250999e-18   3.067227e-03   1.666909e-19   6581570
  3.384935e+00   -2.412939e-18   3.065246e-03   1.641276e-19   6618960
  3.395556e+00   -2.093741e-18   3.067158e-03   1.617064e-19   6663352
  3.406178e+00   -2.319124e-18   3.065376e-03   1.594876e-19   6701334
  3.416809e+00   -2.395460e-18   3.072512e-03   1.569523e-19   6759920
  3.427444e+00   -2.561474e-18   3.067179e-03   1.546602e-19   6789696
  3.438073e+00   -2.275214e-18   3.069955e-03   1.526875e-19   6837208
  3.448703e+00   -2.393051e-18   3.067492e-03   1.505004e-19   6874966
  3.459333e+00   -2.460033e-18   3.068613e-03   1.482690e-19   6920864
  3.469960e+00   -2.330246e-18   3.066758e-03   1.461669e-19   6957816
  3.480585e+00   -2.236055e-18   3.068144e-03   1.439999e-19   7002232
  3.491208e+00   -2.401251e-18   3.066540e-03   1.421496e-19   7043114
  3.501840e+00   -2.273651e-18   3.070403e-03   1.400936e-19   7096020
  3.512471e+00   -1.955058e-18   3.067394e-03   1.380393e-19   7130640
  3.523097e+00   -2.361353e-18   3.068276e-03   1.361132e-19   7175472
  3.533723e+00   -1.939547e-18   3.067248e-03   1.340109e-19   7217786
  3.544353e+00   -1.815484e-18   3.068999e-03   1.322716e-19   7265564
  3.554979e+00   -2.107071e-18   3.066319e-03   1.303492e-19   7301288
  3.565600e+00   -2.247833e-18   3.066375e-03   1.285228e-19   7345330
  3.576227e+00   -2.084382e-18   3.069052e-03   1.266251e-19   7397048
  3.586856e+00   -1.665347e-18   3.067039e-03   1.249251e-19   7435920
  3.597485e+00   -2.223413e-18   3.069220e-03   1.231871e-19   7484140
  3.608113e+00   -2.320390e-18   3.067643e-03   1.215081e-19   7525578
  3.618741e+00   -2.334763e-18   3.067518e-03   1.199241e-19   7571376
  3.629371e+00   -1.645873e-18   3.068480e-03   1.181884e-19   7617064
  3.640002e+00   -1.734993e-18   3.069456e-03   1.165788e-19   7662092
  3.650627e+00   -1.795415e-18   3.066324e-03   1.149838e-19   7699658
  3.661254e+00   -1.697410e-18   3.068945e-03   1.134655e-19   7752416
  3.671886e+00   -1.897462e-18   3.069408e-03   1.118743e-19   7797776
  3.682511e+00   -1.949276e-18   3.065176e-03   1.103412e-19   7831720
  3.693136e+00   -1.446315e-18   3.069723e-03   1.087183e-19   7889926
  3.703768e+00   -1.685140e-18   3.067981e-03   1.072296e-19   7931480
  3.714397e+00   -1.692961e-18   3.068251e-03   1.057622e-19   7976688
  3.725016e+00   -1.411339e-18   3.062621e-03   1.044133e-19   8007786
  3.735639e+00   -1.687738e-18   3.070332e-03   1.029504e-19   8074564
  3.746275e+00   -1.829136e-18   3.070085e-03   1.015436e-19   8118904
  3.756904e+00   -1.167670e-18   3.066957e-03   1.002700e-19   8155824
  3.767533e+00   -1.213745e-18   3.070641e-03   9.882693e-20   8212802
  3.778161e+00   -1.302447e-18   3.065118e-03   9.755712e-20   8245268
  3.788791e+00   -1.182412e-18   3.071754e-03   9.604617e-20   8308816
  3.799422e+00   -1.393235e-18   3.066301e-03   9.500448e-20   8340304
  3.810044e+00   -1.422630e-18   3.066222e-03   9.366581e-20   8387738
  3.820668e+00   -1.336986e-18   3.067207e-03   9.243202e-20   8437624
  3.831296e+00   -1.097516e-18   3.068826e-03   9.111510e-20   8487796
  3.841921e+00   -1.215555e-18   3.066430e-03   9.007402e-20   8527936
  3.852549e+00   -9.572396e-19   3.069409e-03   8.875093e-20   8585122
  3.863180e+00   -1.056743e-18   3.067925e-03   8.754237e-20   8628200
  3.873811e+00   -9.021619e-19   3.069670e-03   8.645409e-20   8679484
  3.884439e+00   -1.060031e-18   3.067320e-03   8.544560e-20   8721466
  3.895064e+00   -1.104158e-18   3.065795e-03   8.422076e-20   8765840
  3.905692e+00   -9.226244e-19   3.070355e-03   8.305565e-20   8825136
  3.916320e+00   -9.174795e-19   3.066753e-03   8.205657e-20   8861768
  3.926948e+00   -1.116330e-18   3.069321e-03   8.098226e-20   8919278
  3.937577e+00   -7.178373e-19   3.066595e-03   7.992700e-20   8961008
  3.948205e+00   -9.513371e-19   3.068779e-03   7.889498e-20   9014456
  3.958835e+00   -6.072754e-19   3.068818e-03   7.780333e-20   9062240
  3.969465e+00   -7.230168e-19   3.068277e-03   7.688517e-20   9110510
  3.980091e+00   -8.449388e-19   3.066455e-03   7.594957e-20   9154048
  3.990712e+00   -6.359424e-19   3.065703e-03   7.491118e-20   9198928
  4.001336e+00   -6.729404e-19   3.068826e-03   7.388813e-20   9257194
  4.011967e+00   -7.279641e-19   3.069362e-03   7.303682e-20   9310168
  4.022596e+00   -5.105194e-19   3.066324e-03   7.199337e-20   9350316
  4.033222e+00   -6.832605e-19   3.069210e-03   7.110832e-20   9407120
  4.043852e+00   -7.079693e-19   3.068250e-03   7.018702e-20   9454642
  4.054482e+00   -6.002153e-19   3.068405e-03   6.929119e-20   9506272
  4.065111e+00   -5.163427e-19   3.067355e-03   6.842960e-20   9551228
  4.075735e+00   -6.246691e-19   3.067594e-03   6.755185e-20   9600264
  4.086360e+00   -4.950768e-19   3.067530e-03   6.679808e-20   9651458
  4.096991e+00   -5.022152e-19   3.070122e-03   6.585237e-20   9711488
  4.107620e+00   -4.680450e-19   3.066189e-03   6.506229e-20   9749144
  4.118247e+00   -2.608377e-19   3.069033e-03   6.419545e-20   9807908
  4.128876e+00   -4.207731e-19   3.067607e-03   6.347504e-20   9854786
  4.139508e+00   -4.106991e-19   3.070269e-03   6.260078e-20   9914304
  4.150134e+00   -1.769377e-19   3.064668e-03   6.192838e-20   9945544
  4.160753e+00   -5.209915e-19   3.066794e-03   6.117346e-20   10003414
  4.171379e+00   -3.564030e-19   3.068671e-03   6.031659e-20   10062032
  4.182011e+00   -2.224505e-19   3.069142e-03   5.961970e-20   10114792
  4.192645e+00   -3.163490e-19   3.070449e-03   5.885731e-20   10169936
  4.203267e+00   -2.863908e-19   3.062650e-03   5.823706e-20   10196602
  4.213895e+00   -3.125317e-19   3.072265e-03   5.742515e-20   10281156
  4.224526e+00   -1.539903e-19   3.065688e-03   5.674556e-20   10309376
  4.235150e+00   -2.067632e-19   3.068567e-03   5.600846e-20   10369856
  4.245775e+00   -2.583445e-19   3.066063e-03   5.541419e-20   10415370
  4.256404e+00   -2.486823e-19   3.070045e-03   5.468460e-20   10481988
  4.267039e+00   -1.492682e-19   3.069556e-03   5.397634e-20   10531200
  4.277665e+00   -1.798954e-19   3.065408e-03   5.337975e-20   10569416
  4.288289e+00   -1.505995e-19   3.068216e-03   5.273013e-20   10633066
  4.298919e+00   -1.507394e-19   3.068866e-03   5.210150e-20   10687548
  4.309552e+00   -9.280581e-20   3.070419e-03   5.142837e-20   10743968
  4.320180e+00   -2.713305e-19   3.065849e-03   5.087926e-20   10782130
  4.330801e+00   -1.242205e-19   3.066095e-03   5.028768e-20   10837792
  4.341427e+00   -1.698522e-19   3.068321e-03   4.966129e-20   10897368
  4.352058e+00   -2.538397e-19   3.069642e-03   4.905784e-20   10953940
  4.362687e+00   -1.853318e-19   3.067969e-03   4.843331e-20   11003274
  4.373313e+00   -1.362151e-19   3.066343e-03   4.795665e-20   11052800
  4.383943e+00   -2.835086e-20   3.070099e-03   4.729274e-20   11118176
  4.394573e+00   -3.435735e-20   3.067934e-03   4.676458e-20   11162268
  4.405196e+00   -1.382237e-19   3.066117e-03   4.618390e-20   11211458
  4.415820e+00   -1.211944e-19   3.067310e-03   4.572977e-20   11271888
  4.426448e+00   -9.997630e-20   3.068640e-03   4.517332e-20   11329304
  4.437073e+00   -8.094479e-20   3.066385e-03   4.464158e-20   11375026
  4.447701e+00   2.967102e-20   3.069261e-03   4.406936e-20   11442532
  4.458330e+00   -1.498273e-19   3.066551e-03   4.366810e-20   11487264
  4.468957e+00   -1.152345e-19   3.068098e-03   4.307647e-20   11545680
  4.479587e+00   4.310414e-20   3.069842e-03   4.257333e-20   11607058
  4.490221e+00   -6.416804e-20   3.069925e-03   4.213936e-20   11664300
  4.500851e+00   -1.556763e-20   3.066963e-03   4.164126e-20   11707488
  4.511474e+00   -9.778903e-20   3.066617e-03   4.113591e-20   11759536
  4.522104e+00   1.478837e-19   3.071176e-03   4.067596e-20   11833690
  4.532737e+00   -8.769204e-20   3.067542e-03   4.026726e-20   11877808
  4.543362e+00   -1.442527e-20   3.065778e-03   3.974849e-20   11925836
  4.553987e+00   -8.892624e-20   3.068899e-03   3.927207e-20   11992168
  4.564616e+00   -8.263583e-20   3.067784e-03   3.888816e-20   12044554
  4.575242e+00   3.834475e-20   3.067168e-03   3.845038e-20   12098976
  4.585865e+00   -6.864260e-20   3.066173e-03   3.803658e-20   12149996
  4.596487e+00   8.062009e-21   3.067038e-03   3.757599e-20   12209594
  4.607117e+00   -4.266697e-20   3.069983e-03   3.715011e-20   12279272
  4.617752e+00   -2.082615e-20   3.070004e-03   3.670799e-20   12336072
  4.628383e+00   -5.621853e-22   3.067416e-03   3.629125e-20   12381744
  4.639009e+00   1.818903e-20   3.068068e-03   3.591997e-20   12441590
  4.649637e+00   7.134691e-20   3.067557e-03   3.550517e-20   12497256
  4.660262e+00   -3.857455e-20   3.066825e-03   3.511130e-20   12550032
  4.670884e+00   -4.198027e-20   3.066185e-03   3.473912e-20   12603936
  4.681508e+00   -4.377017e-21   3.068111e-03   3.438230e-20   12671230
  4.692142e+00   -8.257605e-20   3.070828e-03   3.396871e-20   12740920
  4.702775e+00   -2.029552e-20   3.067767e-03   3.360032e-20   12784560
  4.713398e+00   7.836634e-20   3.065894e-03   3.319030e-20   12834176
  4.724025e+00   5.117950e-20   3.069663e-03   3.289615e-20   12909006
  4.734656e+00   -1.651531e-20   3.068089e-03   3.251570e-20   12959680
  4.745283e+00   4.562656e-20   3.067551e-03   3.217833e-20   13014232
  4.755909e+00   5.842377e-20   3.068154e-03   3.183248e-20   13076514
  4.766534e+00   4.622668e-20   3.065684e-03   3.153478e-20   13127112
  4.777164e+00   7.151395e-20   3.070665e-03   3.114498e-20   13205852
  4.787797e+00   1.587596e-20   3.068206e-03   3.083653e-20   13252032
  4.798423e+00   4.385631e-20   3.066967e-03   3.051383e-20   13307450
  4.809051e+00   -4.120966e-20   3.068506e-03   3.020100e-20   13374160
  4.819680e+00   -9.789276e-20   3.067567e-03   2.987769e-20   13426348
  4.830308e+00   9.135370e-20   3.069633e-03   2.954700e-20   13492760
  4.840934e+00   -6.943190e-21   3.066142e-03   2.927004e-20   13539546
  4.851560e+00   -3.057002e-20   3.068338e-03   2.893378e-20   13610704
  4.862187e+00   2.192695e-20   3.066835e-03   2.866170e-20   13662024
  4.872813e+00   1.654162e-20   3.068248e-03   2.834022e-20   13727492
  4.883443e+00   -5.399683e-21   3.069111e-03   2.805321e-20   13793394
  4.894073e+00   4.312804e-20   3.067154e-03   2.775648e-20   13844456
  4.904699e+00   1.140827e-21   3.067927e-03   2.746209e-20   13905184
  4.915325e+00   -7.726394e-20   3.067971e-03   2.718445e-20   13965958
  4.925951e+00   1.035453e-20   3.067148e-03   2.693613e-20   14025192
  4.936580e+00   -3.997697e-20   3.068951e-03   2.663462e-20   14093768
  4.947211e+00   8.622643e-22   3.068454e-03   2.636255e-20   14150440
  4.957840e+00   -6.726312e-20   3.068630e-03   2.611468e-20   14213450
  4.968468e+00   -1.853276e-20   3.066726e-03   2.586725e-20   14267036
  4.979095e+00   -5.344695e-21   3.068568e-03   2.560815e-20   14335032
  4.989722e+00   -3.504798e-21   3.067092e-03   2.532380e-20   14387664
  5.000347e+00   1.800211e-20   3.068270e-03   2.507646e-20   14455698
  5.010977e+00   -2.847543e-20   3.068677e-03   2.483491e-20   14520452
  5.021607e+00   1.505536e-20   3.068497e-03   2.458040e-20   14580272
  5.032232e+00   6.923754e-21   3.065614e-03   2.434420e-20   14628050
  5.042860e+00   6.737907e-20   3.070982e-03   2.409177e-20   14716744
  5.053489e+00   2.682360e-20   3.065407e-03   2.387792e-20   14751712
  5.064115e+00   2.116954e-20   3.069456e-03   2.362350e-20   14831620
  5.074740e+00   2.607242e-21   3.065470e-03   2.341264e-20   14875522
  5.085366e+00   -2.583684e-20   3.068961e-03   2.319992e-20   14956720
  5.095994e+00   2.446671e-20   3.066998e-03   2.296767e-20   15008272
  5.106620e+00   -5.910639e-20   3.067783e-03   2.273193e-20   15073780
  5.117248e+00   1.788357e-20   3.069002e-03   2.250779e-20   15144866
  5.127883e+00   5.098617e-20   3.070052e-03   2.231614e-20   15213872
  5.138515e+00   1.070205e-20   3.067931e-03   2.208431e-20   15263976
  5.149140e+00   3.168039e-20   3.066723e-03   2.190524e-20   15320236
  5.159767e+00   1.056378e-20   3.069367e-03   2.169019e-20   15398322
  5.170396e+00   1.443597e-20   3.067121e-03   2.151491e-20   15450864
  5.181021e+00   3.659384e-20   3.067373e-03   2.129675e-20   15513888
  5.191645e+00   8.352284e-21   3.066596e-03   2.106789e-20   15574626
  5.202274e+00   3.523744e-20   3.069893e-03   2.090480e-20   15657956
  5.212904e+00   5.045622e-20   3.066736e-03   2.072025e-20   15704248
  5.223531e+00   -1.317013e-20   3.068512e-03   2.052800e-20   15774824
  5.234161e+00   -1.670495e-20   3.069354e-03   2.033119e-20   15844898
  5.244790e+00   -1.399849e-20   3.066994e-03   2.018165e-20   15898956
  5.255415e+00   -2.579800e-20   3.067091e-03   1.995444e-20   15961768
  5.266040e+00   5.212289e-20   3.068481e-03   1.979307e-20   16032208
  5.276669e+00   6.942241e-21   3.068464e-03   1.962648e-20   16099530
  5.287295e+00   6.206752e-22   3.065856e-03   1.946647e-20   16152712
  5.297924e+00   -6.000146e-21   3.069693e-03   1.926857e-20   16235740
  5.308553e+00   -7.302845e-21   3.067725e-03   1.908779e-20   16288856
  5.319183e+00   2.561082e-20   3.069408e-03   1.892863e-20   16365074
  5.329812e+00   2.840254e-20   3.067066e-03   1.879799e-20   16418248
  5.340434e+00   7.083777e-20   3.065573e-03   1.861922e-20   16473180
  5.351058e+00   2.315950e-20   3.069491e-03   1.845474e-20   16560234
  5.361687e+00   5.403542e-21   3.067046e-03   1.830183e-20   16616088
  5.372317e+00   2.092266e-22   3.069133e-03   1.812972e-20   16693264
  5.382948e+00   2.154910e-20   3.068526e-03   1.796017e-20   16753864
  5.393577e+00   3.570394e-20   3.068569e-03   1.785125e-20   16820702
  5.404204e+00   3.036501e-21   3.066887e-03   1.770644e-20   16879288
  5.414832e+00   3.128806e-20   3.068277e-03   1.756554e-20   16951712
  5.425456e+00   1.026845e-20   3.066689e-03   1.741070e-20   17007560
  5.436084e+00   1.289844e-20   3.069534e-03   1.726671e-20   17092086
  5.446713e+00   -1.257875e-20   3.067265e-03   1.712701e-20   17148392
  5.457342e+00   2.358711e-20   3.068696e-03   1.696160e-20   17222288
  5.467971e+00   2.294282e-20   3.068089e-03   1.684509e-20   17285096
  5.478597e+00   2.343721e-22   3.066549e-03   1.672791e-20   17344826
  5.489223e+00   -9.536323e-21   3.068300e-03   1.659040e-20   17421236
  5.499853e+00   -4.325920e-21   3.069479e-03   1.645503e-20   17494160
  5.510478e+00   -9.163313e-23   3.065109e-03   1.634555e-20   17538122
  5.521100e+00   1.221890e-20   3.067347e-03   1.620869e-20   17620136
  5.531731e+00   4.706489e-20   3.069687e-03   1.607191e-20   17700428
  5.542362e+00   7.530602e-20   3.068482e-03   1.595433e-20   17760320
  5.552991e+00   -1.954682e-20   3.068060e-03   1.583069e-20   17827562
  5.563619e+00   4.517442e-20   3.067912e-03   1.574155e-20   17895488
  5.574247e+00   4.151865e-20   3.068230e-03   1.560956e-20   17963576
  5.584874e+00   -6.169952e-21   3.067616e-03   1.547757e-20   18027500
  5.595502e+00   1.837476e-20   3.068831e-03   1.538361e-20   18105650
  5.606129e+00   7.667510e-21   3.066269e-03   1.527304e-20   18160880
  5.616752e+00   1.757333e-20   3.067084e-03   1.516341e-20   18233144
  5.627379e+00   2.256576e-20   3.067872e-03   1.503555e-20   18307310
  5.638008e+00   -6.661779e-21   3.068420e-03   1.494874e-20   18381680
  5.648639e+00   -9.817772e-21   3.068723e-03   1.483361e-20   18450536
  5.659270e+00   6.356538e-21   3.069549e-03   1.471918e-20   18522128
  5.669897e+00   3.078976e-22   3.067067e-03   1.461945e-20   18578414
  5.680523e+00   -1.271046e-20   3.067781e-03   1.453739e-20   18654304
  5.691150e+00   3.385887e-20   3.067639e-03   1.443310e-20   18722304
  5.701780e+00   -1.634444e-20   3.069442e-03   1.432821e-20   18802472
  5.712409e+00   2.889116e-20   3.067729e-03   1.425174e-20   18864266
  5.723037e+00   1.173431e-20   3.067347e-03   1.416638e-20   18933260
  5.733662e+00   1.095328e-20   3.066799e-03   1.406019e-20   18997448
  5.744288e+00   4.122095e-20   3.068953e-03   1.396401e-20   19079816
  5.754917e+00   5.309394e-20   3.067744e-03   1.389614e-20   19145330
  5.765545e+00   -2.305622e-21   3.067941e-03   1.382250e-20   19218276
  5.776172e+00   2.359743e-20   3.067784e-03   1.372143e-20   19286200
  5.786797e+00   6.066214e-20   3.066457e-03   1.362757e-20   19349738
  5.797427e+00   8.657316e-22   3.070714e-03   1.357532e-20   19450040
  5.808057e+00   1.715119e-20   3.065907e-03   1.350378e-20   19489688
  5.818683e+00   1.665304e-20   3.068803e-03   1.338990e-20   19576868
  5.829310e+00   -1.758348e-20   3.067331e-03   1.333070e-20   19640282
  5.839940e+00   1.557214e-20   3.069683e-03   1.327243e-20   19728800
  5.850566e+00   4.740278e-20   3.065237e-03   1.318317e-20   19770152
  5.861190e+00   -4.571915e-21   3.068717e-03   1.309150e-20   19863516
  5.871821e+00   4.726029e-21   3.069639e-03   1.304880e-20   19943594
  5.882452e+00   8.266411e-21   3.067597e-03   1.297893e-20   20003440
  5.893081e+00   1.820817e-20   3.068832e-03   1.289258e-20   20081768
  5.903706e+00   1.003764e-20   3.066188e-03   1.282811e-20   20136200
  5.914335e+00   4.819673e-20   3.070449e-03   1.277445e-20   20238094
  5.924964e+00   1.163906e-20   3.066146e-03   1.270749e-20   20282544
  5.935584e+00   2.645832e-20   3.065727e-03   1.264942e-20   20351720
  5.946209e+00   2.907706e-20   3.068474e-03   1.257258e-20   20444714
  5.956838e+00   2.385597e-22   3.067781e-03   1.253905e-20   20515116
  5.967470e+00   1.709646e-20   3.070149e-03   1.246190e-20   20602384
  5.978102e+00   1.663724e-20   3.068165e-03   1.242291e-20   20659872
  5.988728e+00   3.103101e-20   3.067093e-03   1.236086e-20   20727682
  5.999356e+00   2.743698e-20   3.068732e-03   1.232047e-20   20814416
  6.009986e+00   -2.602915e-20   3.068153e-03   1.226709e-20   20881100
  6.020612e+00   6.416939e-21   3.068117e-03   1.220500e-20   20953688
  6.031238e+00   1.229948e-20   3.066654e-03   1.218136e-20   21021050
  6.041866e+00   -2.426434e-21   3.068891e-03   1.212562e-20   21111632
  6.052496e+00   2.037300e-20   3.068341e-03   1.207649e-20   21179972
  6.063121e+00   -8.950530e-21   3.066368e-03   1.203064e-20   21240488
  6.073747e+00   1.359378e-20   3.068419e-03   1.199747e-20   21331418
  6.084375e+00   2.439156e-20   3.067338e-03   1.196613e-20   21397304
  6.095000e+00   -7.113306e-21   3.067405e-03   1.192008e-20   21469764
  6.105627e+00   -1.580129e-20   3.068819e-03   1.186006e-20   21556122
  6.116254e+00   4.821513e-20   3.066479e-03   1.184348e-20   21618312
  6.126884e+00   8.673327e-21   3.069809e-03   1.182262e-20   21716096
  6.137516e+00   2.321142e-20   3.068719e-03   1.177376e-20   21781352
  6.148144e+00   5.092827e-21   3.067428e-03   1.174405e-20   21848870
  6.158771e+00   -6.461959e-22   3.067652e-03   1.171594e-20   21927536
  6.169400e+00   -1.389490e-20   3.068795e-03   1.168751e-20   22008944
  6.180028e+00   1.486069e-20   3.067865e-03   1.165652e-20   22076136
  6.190652e+00   3.376196e-21   3.066547e-03   1.163709e-20   22145270
  6.201282e+00   2.516809e-21   3.070373e-03   1.161116e-20   22250960
  6.211913e+00   1.959183e-20   3.066914e-03   1.158096e-20   22300864
  6.222538e+00   1.128216e-20   3.067186e-03   1.155631e-20   22378586
  6.233165e+00   -2.504826e-20   3.068261e-03   1.154960e-20   22464104
  6.243795e+00   1.011032e-20   3.068708e-03   1.153831e-20   22542892
  6.254421e+00   1.589927e-20   3.067123e-03   1.151508e-20   22606008
  6.265047e+00   2.153618e-20   3.067919e-03   1.151342e-20   22690002
  6.275673e+00   3.847781e-21   3.066936e-03   1.150434e-20   22762216
  6.286298e+00   9.664785e-21   3.068880e-03   1.135658e-20   22815779
  6.296927e+00   2.029826e-22   3.067733e-03   1.105992e-20   22772312
  6.307555e+00   1.390071e-20   3.067923e-03   1.075478e-20   22733708
  6.318183e+00   2.199337e-21   3.068441e-03   1.043272e-20   22697672
  6.328811e+00   1.487224e-20   3.067507e-03   1.016379e-20   22651460
  6.339438e+00   -7.937980e-21   3.068199e-03   9.885268e-21   22616024
  6.350068e+00   -2.012669e-21   3.069309e-03   9.616592e-21   22583496
  6.360694e+00   -2.824744e-21   3.065960e-03   9.356639e-21   22519252
  6.371317e+00   -6.690243e-21   3.067197e-03   9.104040e-21   22488992
  6.381944e+00   -1.934816e-20   3.067780e-03   8.871342e-21   22453172
  6.392574e+00   7.323024e-22   3.069105e-03   8.641840e-21   22420584
  6.403204e+00   6.510690e-21   3.068296e-03   8.427420e-21   22371700
  6.413832e+00   -7.585354e-21   3.068296e-03   8.208122e-21   22329896
  6.424460e+00   7.860430e-22   3.067512e-03   8.014294e-21   22282876
  6.435088e+00   5.895795e-21   3.068899e-03   7.815248e-21   22250692
  6.445715e+00   -1.402894e-20   3.066872e-03   7.634134e-21   22194436
  6.456340e+00   -2.387574e-20   3.066996e-03   7.448470e-21   22153540
  6.466968e+00   3.457023e-21   3.068722e-03   7.267968e-21   22122584
  6.477597e+00   9.734743e-21   3.067957e-03   7.104464e-21   22073004
  6.488227e+00   3.031286e-21   3.069406e-03   6.932585e-21   22039640
  6.498854e+00   -2.440429e-20   3.066107e-03   6.772624e-21   21971624
  6.509482e+00   -1.706926e-20   3.070097e-03   6.626884e-21   21955708
  6.520106e+00   -1.037601e-20   3.063845e-03   6.484439e-21   21867720
  6.530733e+00   8.571285e-21   3.071600e-03   6.330928e-21   21878900
  6.541363e+00   -9.092139e-21   3.065935e-03   6.192364e-21   21794260
  6.551990e+00   4.503887e-21   3.068881e-03   6.056313e-21   21770256
  6.562619e+00   -1.060082e-20   3.068010e-03   5.923055e-21   21718124
  6.573247e+00   -6.974561e-21   3.067905e-03   5.799133e-21   21671096
  6.583874e+00   -1.060010e-20   3.067932e-03   5.686467e-21   21625412
  6.594503e+00   -2.279174e-21   3.069070e-03   5.565756e-21   21587284
  6.605129e+00   1.764227e-21   3.066010e-03   5.451442e-21   21519648
  6.615755e+00   -5.563716e-22   3.068792e-03   5.345516e-21   21493344
  6.626384e+00   -4.214966e-22   3.067812e-03   5.236782e-21   21439360
  6.637013e+00   -3.577813e-23   3.068679e-03   5.129602e-21   21398900
  6.647644e+00   8.316678e-21   3.068668e-03   5.029811e-21   21351488
  6.658271e+00   -1.710557e-20   3.066526e-03   4.938337e-21   21288012
  6.668898e+00   -1.558801e-20   3.068796e-03   4.842614e-21   21255052
  6.679525e+00   -3.230764e-21   3.067400e-03   4.749503e-21   21196928
  6.690151e+00   -5.745645e-21   3.067431e-03   4.660003e-21   21149036
  6.700778e+00   -1.211650e-21   3.068015e-03   4.573588e-21   21105304
  6.711407e+00   -2.275100e-21   3.068524e-03   4.493627e-21   21059992
  6.722038e+00   -1.219595e-23   3.069263e-03   4.411174e-21   21014904
  6.732667e+00   -8.239579e-22   3.067536e-03   4.333345e-21   20953620
  6.743293e+00   1.362895e-22   3.067478e-03   4.252521e-21   20902948
  6.753920e+00   -5.082337e-21   3.068064e-03   4.182119e-21   20856528
  6.764548e+00   -3.157194e-21   3.068448e-03   4.108506e-21   20808868
  6.775174e+00   -9.492988e-21   3.066599e-03   4.039302e-21   20746700
  6.785798e+00   6.252885e-21   3.066925e-03   3.968234e-21   20699040
  6.796428e+00   -1.937753e-21   3.069860e-03   3.903523e-21   20667584
  6.807054e+00   -1.844107e-22   3.064988e-03   3.839416e-21   20583320
  6.817679e+00   4.580730e-21   3.069606e-03   3.773523e-21   20562728
  6.828310e+00   2.672970e-21   3.067915e-03   3.709802e-21   20499120
  6.838938e+00   -6.530546e-21   3.068337e-03   3.649647e-21   20448668
  6.849566e+00   5.416821e-22   3.068077e-03   3.591798e-21   20394408
  6.860195e+00   -3.979484e-21   3.068320e-03   3.542184e-21   20344236
  6.870823e+00   4.871741e-21   3.067630e-03   3.481732e-21   20287988
  6.881451e+00   7.344378e-21   3.068044e-03   3.425410e-21   20237280
  6.892077e+00   8.175926e-21   3.067320e-03   3.375983e-21   20178328
  6.902707e+00   -2.008770e-21   3.069652e-03   3.325388e-21   20139844
  6.913336e+00   -6.625872e-22   3.067174e-03   3.276278e-21   20069748
  6.923962e+00   -1.518346e-21   3.067514e-03   3.227837e-21   20016800
  6.934587e+00   1.829358e-21   3.067642e-03   3.179735e-21   19962224
  6.945217e+00   1.291356e-21   3.069885e-03   3.133578e-21   19923568
  6.955848e+00   7.658379e-22   3.067490e-03   3.087113e-21   19854300
  6.966474e+00   -3.902417e-21   3.067154e-03   3.046723e-21   19797056
  6.977101e+00   -8.993303e-21   3.067706e-03   3.003667e-21   19744940
  6.987728e+00   5.551160e-21   3.068174e-03   2.961729e-21   19691768
  6.998356e+00   4.319152e-21   3.067321e-03   2.918680e-21   19629548
  7.008982e+00   -3.791282e-21   3.067740e-03   2.878664e-21   19575480
  7.019610e+00   8.237185e-21   3.068413e-03   2.840306e-21   19523296
  7.030241e+00   8.639227e-22   3.069533e-03   2.802671e-21   19474344
  7.040867e+00   1.742646e-21   3.065611e-03   2.766246e-21   19392868
  7.051493e+00   -9.440304e-21   3.069073e-03   2.727890e-21   19356176
  7.062123e+00   1.740297e-21   3.068592e-03   2.695368e-21   19294916
  7.072754e+00   4.291646e-21   3.069110e-03   2.660301e-21   19240856
  7.083382e+00   -1.519651e-21   3.067066e-03   2.628686e-21   19170884
  7.094007e+00   2.891789e-21   3.066966e-03   2.594647e-21   19111352
  7.104633e+00   -2.160369e-21   3.068278e-03   2.560984e-21   19060016
  7.115261e+00   6.264098e-21   3.067998e-03   2.531294e-21   18999752
  7.125886e+00   -7.487110e-22   3.066210e-03   2.500014e-21   18930272
  7.136511e+00   -3.862280e-21   3.068009e-03   2.469393e-21   18882340
  7.147141e+00   -9.106229e-22   3.069133e-03   2.438966e-21   18829056
  7.157770e+00   1.437370e-21   3.067293e-03   2.410398e-21   18757640
  7.168398e+00   -2.908850e-21   3.069197e-03   2.384142e-21   18709036
  7.179027e+00   -3.351335e-21   3.067378e-03   2.360610e-21   18637668
  7.189656e+00   3.281019e-21   3.069146e-03   2.327081e-21   18587048
  7.200283e+00   -3.472317e-24   3.066626e-03   2.303526e-21   18510972
  7.210909e+00   -4.314474e-21   3.067730e-03   2.278256e-21   18456692
  7.221535e+00   2.849661e-22   3.067567e-03   2.253932e-21   18394084
  7.232164e+00   3.846379e-21   3.069110e-03   2.225755e-21   18341352
  7.242794e+00   5.583670e-21   3.068234e-03   2.204705e-21   18273884
  7.253423e+00   8.402106e-22   3.068036e-03   2.180164e-21   18211148
  7.264048e+00   1.366459e-21   3.066171e-03   2.158974e-21   18137692
  7.274674e+00   -2.565805e-21   3.069088e-03   2.134720e-21   18091580
  7.285305e+00   1.948869e-21   3.068515e-03   2.112822e-21   18024560
  7.295932e+00   3.389299e-21   3.067362e-03   2.090451e-21   17955116
  7.306559e+00   -7.623730e-22   3.067637e-03   2.070063e-21   17893232
  7.317187e+00   3.220108e-21   3.068343e-03   2.048514e-21   17832620
  7.327816e+00   2.974855e-21   3.068327e-03   2.029070e-21   17767864
  7.338445e+00   -2.821314e-22   3.068809e-03   2.007844e-21   17706956
  7.349073e+00   1.088868e-21   3.066947e-03   1.989064e-21   17632632
  7.359699e+00   -4.556846e-22   3.068061e-03   1.970704e-21   17573524
  7.370327e+00   -2.394382e-21   3.067901e-03   1.953223e-21   17506380
  7.380954e+00   -6.266701e-21   3.068207e-03   1.933706e-21   17442548
  7.391580e+00   -4.706458e-21   3.066528e-03   1.914913e-21   17368556
  7.402208e+00   -3.425300e-21   3.069314e-03   1.899954e-21   17318260
  7.412837e+00   -4.873797e-22   3.067939e-03   1.881517e-21   17243792
  7.423463e+00   2.631663e-21   3.066549e-03   1.864903e-21   17169716
  7.434088e+00   -3.652474e-21   3.067759e-03   1.849053e-21   17109768
  7.444715e+00   5.962713e-22   3.068012e-03   1.830888e-21   17044064
  7.455345e+00   1.971505e-21   3.068894e-03   1.814281e-21   16981560
  7.465972e+00   2.049236e-21   3.066680e-03   1.800760e-21   16902264
  7.476600e+00   -1.055859e-21   3.069499e-03   1.785469e-21   16849940
  7.487230e+00   -8.716638e-22   3.067461e-03   1.769668e-21   16770600
  7.497858e+00   -3.471890e-21   3.068497e-03   1.753985e-21   16707512
  7.508485e+00   -1.570373e-21   3.067634e-03   1.742258e-21   16634480
  7.519114e+00   -3.727663e-22   3.068242e-03   1.728031e-21   16569424
  7.529741e+00   1.326298e-21   3.067751e-03   1.713482e-21   16497216
  7.540372e+00   4.079027e-22   3.069501e-03   1.699964e-21   16436416
  7.550999e+00   -4.257543e-21   3.067032e-03   1.686897e-21   16353532
  7.561624e+00   7.532163e-22   3.067126e-03   1.674700e-21   16284908
  7.572251e+00   3.075661e-21   3.068426e-03   1.662123e-21   16221948
  7.582881e+00   -3.512505e-22   3.068614e-03   1.648760e-21   16152552
  7.593510e+00   2.263387e-21   3.068122e-03   1.637491e-21   16078864
  7.604137e+00   -2.408646e-21   3.067536e-03   1.624965e-21   16005296
  7.614766e+00   -1.684258e-21   3.068300e-03   1.614065e-21   15938220
  7.625392e+00   -1.460343e-21   3.066841e-03   1.601801e-21   15858440
  7.636016e+00   5.665573e-22   3.067373e-03   1.591657e-21   15789252
  7.646642e+00   1.268590e-21   3.067548e-03   1.580233e-21   15718944
  7.657269e+00   -1.898703e-21   3.067947e-03   1.569467e-21   15648652
  7.667899e+00   -1.020223e-21   3.069201e-03   1.559537e-21   15581944
  7.678531e+00   -1.920447e-21   3.069010e-03   1.548118e-21   15508744
  7.689158e+00   2.320736e-21   3.066436e-03   1.539248e-21   15422472
  7.699784e+00   -4.797132e-21   3.068878e-03   1.528680e-21   15361536
  7.710413e+00   1.750226e-21   3.067494e-03   1.520216e-21   15281048
  7.721038e+00   -1.494309e-21   3.067557e-03   1.510798e-21   15207752
  7.731666e+00   7.034419e-22   3.067687e-03   1.500755e-21   15134800
  7.742292e+00   7.112799e-22   3.067594e-03   1.492071e-21   15059664
  7.752920e+00   -1.942073e-21   3.068106e-03   1.482230e-21   14987020
  7.763550e+00   2.200266e-22   3.069757e-03   1.474390e-21   14919936
  7.774179e+00   -1.359585e-21   3.066979e-03   1.465013e-21   14831776
  7.784807e+00   -2.145239e-21   3.069197e-03   1.458880e-21   14767552
  7.795435e+00   -1.653359e-21   3.066309e-03   1.449627e-21   14678336
  7.806062e+00   7.335795e-22   3.069079e-03   1.442636e-21   14615044
  7.816690e+00   -6.023203e-23   3.067275e-03   1.432631e-21   14530200
  7.827317e+00   -3.475306e-22   3.067927e-03   1.425284e-21   14457000
  7.837945e+00   -1.032908e-22   3.068558e-03   1.419031e-21   14383440
  7.848573e+00   4.011582e-21   3.067003e-03   1.411848e-21   14299516
  7.859199e+00   9.601924e-22   3.067899e-03   1.404472e-21   14226024
  7.869825e+00   -2.074896e-21   3.067223e-03   1.396076e-21   14145048
  7.880455e+00   -4.076743e-21   3.070446e-03   1.390477e-21   14082144
  7.891083e+00   -1.090096e-21   3.065393e-03   1.385235e-21   13981640
  7.901708e+00   -4.367621e-22   3.068688e-03   1.378014e-21   13918460
  7.912338e+00   -3.966329e-21   3.068702e-03   1.371285e-21   13839752
  7.922969e+00   -4.670213e-22   3.069182e-03   1.363585e-21   13762736
  7.933598e+00   -9.726797e-22   3.067868e-03   1.358983e-21   13677980
  7.944225e+00   1.157446e-21   3.067250e-03   1.352997e-21   13596196
  7.954850e+00   -6.533020e-22   3.067470e-03   1.347221e-21   13517736
  7.965475e+00   4.528734e-21   3.066448e-03   1.341906e-21   13433184
  7.976100e+00   1.851253e-21   3.068623e-03   1.334554e-21   13362296
  7.986730e+00   2.552287e-22   3.068494e-03   1.330527e-21   13281376
  7.997360e+00   8.084038e-22   3.069113e-03   1.327551e-21   13203336
  8.007987e+00   -9.631212e-22   3.066719e-03   1.319232e-21   13113016
  8.018613e+00   -2.308167e-21   3.067735e-03   1.315788e-21   13036400
  8.029240e+00   1.624122e-21   3.067468e-03   1.310316e-21   12953648
  8.039869e+00   5.504227e-22   3.069185e-03   1.306130e-21   12879016
  8.050498e+00   -7.126384e-22   3.067538e-03   1.301180e-21   12790124
  8.061127e+00   -6.732466e-22   3.068996e-03   1.296845e-21   12714152
  8.071753e+00   2.274575e-21   3.066076e-03   1.293464e-21   12619608
  8.082379e+00   1.072242e-21   3.068682e-03   1.288123e-21   12547232
  8.093011e+00   -3.804504e-21   3.070245e-03   1.282811e-21   12470568
  8.103638e+00   -7.832874e-22   3.065215e-03   1.280901e-21   12368136
  8.114264e+00   -1.316910e-21   3.069116e-03   1.277244e-21   12300504
  8.124894e+00   5.861677e-23   3.068128e-03   1.272751e-21   12212172
  8.135522e+00   1.250528e-21   3.067779e-03   1.269148e-21   12126228
  8.146149e+00   -2.294333e-21   3.068089e-03   1.266413e-21   12043352
  8.156778e+00   -2.088839e-21   3.068301e-03   1.262447e-21   11959896
  8.167401e+00   -5.198946e-21   3.065268e-03   1.260556e-21   11863804
  8.178026e+00   -1.446983e-21   3.068937e-03   1.256038e-21   11792812
  8.188656e+00   2.473813e-21   3.068597e-03   1.253079e-21   11705392
  8.199283e+00   -5.279728e-22   3.066984e-03   1.250247e-21   11613836
  8.209914e+00   1.923524e-21   3.070536e-03   1.248102e-21   11541532
  8.220543e+00   1.882991e-21   3.066346e-03   1.245422e-21   11440232
  8.231170e+00   1.491255e-22   3.068846e-03   1.243510e-21   11363008
  8.241796e+00   -2.268785e-22   3.066631e-03   1.240321e-21   11267848
  8.252424e+00   1.928817e-21   3.069306e-03   1.237331e-21   11190640
  8.263054e+00   8.038468e-22   3.068558e-03   1.234886e-21   11101084
  8.273680e+00   -8.948094e-22   3.065604e-03   1.233438e-21   11003284
  8.284304e+00   1.128515e-22   3.068360e-03   1.231680e-21   10925424
  8.294932e+00   1.226400e-22   3.067667e-03   1.227458e-21   10834724
  8.305560e+00   -2.821713e-22   3.068711e-03   1.226524e-21   10750156
  8.316186e+00   7.007018e-22   3.066587e-03   1.225096e-21   10655280
  8.326811e+00   -5.851076e-22   3.067310e-03   1.225260e-21   10569120
  8.337437e+00   -9.933441e-22   3.067168e-03   1.220142e-21   10479672
  8.348070e+00   -2.549131e-21   3.071527e-03   1.219237e-21   10404504
  8.358704e+00   2.382620e-21   3.068456e-03   1.216956e-21   10304108
  8.369331e+00   1.263807e-21   3.066991e-03   1.216223e-21   10209940
  8.379958e+00   -3.543481e-21   3.068937e-03   1.213758e-21   10126584
  8.390585e+00   1.305356e-21   3.066106e-03   1.210514e-21   10027064
  8.401210e+00   8.277900e-22   3.068731e-03   1.212262e-21   9945072
  8.411836e+00   1.518242e-21   3.065849e-03   1.209455e-21   9844764
  8.422464e+00   2.892038e-21   3.070904e-03   1.208107e-21   9769940
  8.433095e+00   8.852097e-22   3.066721e-03   1.206186e-21   9666072
  8.443721e+00   -1.516852e-21   3.067629e-03   1.207095e-21   9577112
  8.454348e+00   5.131389e-23   3.067871e-03   1.203987e-21   9485848
  8.464977e+00   2.750331e-21   3.068818e-03   1.201773e-21   9396136
  8.475607e+00   2.485961e-22   3.068947e-03   1.200584e-21   9304408
  8.486231e+00   6.134928e-22   3.064605e-03   1.200028e-21   9199028
  8.496854e+00   2.846507e-21   3.068671e-03   1.200289e-21   9118288
  8.507481e+00   2.888651e-21   3.066868e-03   1.198022e-21   9019624
  8.518111e+00   1.874192e-21   3.070919e-03   1.199476e-21   8937420
  8.528743e+00   1.577451e-21   3.067653e-03   1.195338e-21   8835200
  8.539369e+00   7.136334e-23   3.066847e-03   1.197186e-21   8739332
  8.549995e+00   1.837274e-21   3.067747e-03   1.195383e-21   8648112
  8.560624e+00   -6.537403e-22   3.067898e-03   1.194810e-21   8553372
  8.571253e+00   2.898289e-21   3.069319e-03   1.191543e-21   8461944
  8.581883e+00   9.421825e-22   3.068067e-03   1.191553e-21   8363348
  8.592509e+00   -1.605681e-22   3.067870e-03   1.189377e-21   8267792
  8.603135e+00   -1.017139e-21   3.066599e-03   1.187530e-21   8169380
  8.613762e+00   1.814810e-21   3.069517e-03   1.187821e-21   8081008
  8.624389e+00   4.923936e-22   3.065774e-03   1.183587e-21   7975632
  8.635016e+00   7.813318e-22   3.069603e-03   1.181478e-21   7889116
  8.645643e+00   4.381653e-24   3.066011e-03   1.180060e-21   7784008
  8.656270e+00   9.196054e-22   3.068709e-03   1.178907e-21   7693848
  8.666897e+00   -6.789858e-22   3.067011e-03   1.176984e-21   7592468
  8.677525e+00   1.643980e-21   3.068931e-03   1.174198e-21   7499076
  8.688155e+00   -9.420305e-22   3.069474e-03   1.170612e-21   7402880
  8.698786e+00   -4.215037e-21   3.067607e-03   1.167771e-21   7300768
  8.709411e+00   2.120034e-21   3.067652e-03   1.166895e-21   7203316
  8.720032e+00   7.152651e-22   3.063689e-03   1.160024e-21   7095724
  8.730662e+00   -3.296905e-21   3.073665e-03   1.160961e-21   7019608
  8.741295e+00   7.861262e-22   3.065344e-03   1.148461e-21   6901916
  8.751922e+00   -9.630883e-23   3.069704e-03   1.148731e-21   6812952
  8.762548e+00   -1.367539e-21   3.065523e-03   1.141877e-21   6704548
  8.773175e+00   -5.646598e-22   3.068967e-03   1.135783e-21   6612168
  8.783803e+00   1.628770e-21   3.067598e-03   1.126745e-21   6508628
  8.794433e+00   -1.030915e-21   3.069277e-03   1.121445e-21   6412072
  8.805059e+00   -1.049592e-21   3.066868e-03   1.110017e-21   6306660
  8.815685e+00   9.801464e-23   3.067492e-03   1.100545e-21   6207592
  8.826308e+00   1.040064e-21   3.066222e-03   1.093517e-21   6103860
  8.836934e+00   1.282339e-21   3.068576e-03   1.077849e-21   6007184
  8.847563e+00   -8.983027e-22   3.068782e-03   1.069006e-21   5905660
  8.858194e+00   4.599425e-23   3.069160e-03   1.049784e-21   5805132
  8.868823e+00   1.281459e-21   3.067313e-03   1.036254e-21   5700008
  8.879446e+00   2.734343e-21   3.065734e-03   1.017114e-21   5594856
  8.890075e+00   -1.067683e-21   3.070306e-03   9.988276e-22   5502341
  8.900707e+00   2.197188e-21   3.068193e-03   9.809213e-22   5404852
  8.911333e+00   1.556321e-22   3.066920e-03   9.670335e-22   5313930
  8.921960e+00   -3.297905e-21   3.068151e-03   9.562299e-22   5230396
  8.932587e+00   -7.892175e-22   3.067037e-03   9.465229e-22   5145158
  8.943214e+00   1.463712e-21   3.067644e-03   9.356251e-22   5064506
  8.953844e+00   -2.517878e-21   3.070354e-03   9.260032e-22   4989464
  8.964475e+00   1.235848e-21   3.067471e-03   9.146587e-22   4907486
  8.975102e+00   3.730386e-22   3.067454e-03   9.066846e-22   4831952
  8.985729e+00   6.157739e-22   3.067333e-03   9.006402e-22   4757392
  8.996357e+00   4.405688e-22   3.068563e-03   8.917132e-22   4685902
  9.006985e+00   -2.242960e-22   3.067839e-03   8.859622e-22   4612826
  9.017611e+00   -1.700024e-21   3.067647e-03   8.790102e-22   4542436
  9.028240e+00   -2.930031e-22   3.068771e-03   8.718091e-22   4475408
  9.038866e+00   -1.091603e-21   3.065432e-03   8.667303e-22   4402686
  9.049492e+00   2.099879e-21   3.069222e-03   8.620443e-22   4340854
  9.060123e+00   5.520316e-22   3.068666e-03   8.544210e-22   4273862
  9.070751e+00   2.411638e-21   3.068093e-03   8.508951e-22   4208538
  9.081377e+00   -1.020062e-22   3.066329e-03   8.459618e-22   4142584
  9.092002e+00   5.549153e-23   3.067445e-03   8.390263e-22   4081232
  9.102629e+00   1.170535e-22   3.068061e-03   8.370687e-22   4019668
  9.113260e+00   1.303049e-21   3.070507e-03   8.320800e-22   3961416
  9.123892e+00   3.767846e-22   3.068468e-03   8.305831e-22   3898848
  9.134518e+00   -7.007627e-22   3.065914e-03   8.253598e-22   3836718
  9.145140e+00   1.231019e-21   3.066518e-03   8.231999e-22   3779272
  9.155765e+00   -2.466197e-22   3.066689e-03   8.183447e-22   3721434
  9.166394e+00   1.857722e-21   3.070316e-03   8.158650e-22   3668198
  9.177028e+00   -2.480282e-21   3.069776e-03   8.116538e-22   3611346
  9.187656e+00   1.619189e-21   3.066455e-03   8.107385e-22   3552442
  9.198281e+00   8.172635e-23   3.067337e-03   8.071017e-22   3498908
  9.208908e+00   3.731248e-22   3.067980e-03   8.037270e-22   3445382
  9.219536e+00   -5.316645e-22   3.068389e-03   8.018030e-22   3392244
  9.230165e+00   3.848037e-22   3.068360e-03   8.009568e-22   3339634
  9.240792e+00   -8.072916e-22   3.067248e-03   7.985880e-22   3286752
  9.251416e+00   -1.969308e-21   3.065818e-03   7.950016e-22   3234180
  9.262040e+00   5.672543e-22   3.067094e-03   7.949141e-22   3184556
  9.272670e+00   5.661014e-22   3.070362e-03   7.944197e-22   3137238
  9.283304e+00   5.128537e-22   3.070377e-03   7.927887e-22   3087670
  9.293936e+00   -2.569510e-22   3.068566e-03   7.925503e-22   3037460
  9.304560e+00   3.295224e-22   3.064548e-03   7.909862e-22   2985736
  9.315180e+00   6.137598e-22   3.066413e-03   7.895228e-22   2939708
  9.325811e+00   -1.255802e-21   3.071553e-03   7.893992e-22   2897012
  9.336443e+00   -1.172627e-21   3.067620e-03   7.895802e-22   2846890
  9.347067e+00   -1.006424e-21   3.065693e-03   7.878531e-22   2799588
  9.357689e+00   2.894968e-22   3.066395e-03   7.878344e-22   2754954
  9.368315e+00   2.144170e-21   3.068270e-03   7.866508e-22   2711500
  9.378948e+00   -4.199261e-22   3.070601e-03   7.878754e-22   2669006
  9.389576e+00   2.535011e-22   3.065837e-03   7.877440e-22   2621264
  9.400202e+00   9.817095e-22   3.068913e-03   7.894107e-22   2580726
  9.410830e+00   -1.491633e-21   3.067141e-03   7.898001e-22   2536470
  9.421456e+00   2.846190e-22   3.067445e-03   7.896442e-22   2494370
  9.432084e+00   -1.785802e-21   3.068834e-03   7.899038e-22   2453556
  9.442716e+00   -3.982506e-22   3.070117e-03   7.924001e-22   2413246
  9.453347e+00   -2.644828e-22   3.067994e-03   7.936913e-22   2370914
  9.463973e+00   7.826218e-23   3.067217e-03   7.940369e-22   2330126
  9.474601e+00   6.467393e-22   3.068570e-03   7.951646e-22   2291406
  9.485227e+00   -2.270491e-21   3.066158e-03   7.957486e-22   2250410
  9.495850e+00   1.818604e-21   3.066006e-03   7.979114e-22   2211486
  9.506474e+00   7.384686e-22   3.067734e-03   7.999819e-22   2174194
  9.517102e+00   6.899330e-22   3.068176e-03   8.014953e-22   2136416
  9.527733e+00   1.496281e-21   3.069929e-03   8.032614e-22   2100070
  9.538360e+00   -1.633643e-21   3.065560e-03   8.058204e-22   2060026
  9.548986e+00   -1.944088e-21   3.069362e-03   8.092084e-22   2025910
  9.559615e+00   -5.541888e-23   3.067530e-03   8.118649e-22   1988576
  9.570241e+00   -1.227140e-21   3.067060e-03   8.126360e-22   1952610
  9.580867e+00   1.756184e-21   3.067361e-03   8.163709e-22   1917470
  9.591493e+00   -1.867875e-22   3.067399e-03   8.180764e-22   1882484
  9.602120e+00   4.630028e-23   3.068076e-03   8.208865e-22   1848262
  9.612753e+00   -6.839375e-24   3.071327e-03   8.251185e-22   1816024
  9.623386e+00   -8.169030e-22   3.068076e-03   8.267142e-22   1780418
  9.634012e+00   2.833207e-23   3.067038e-03   8.321416e-22   1746576
  9.644639e+00   9.365439e-23   3.068628e-03   8.359375e-22   1714622
  9.655268e+00   3.539298e-22   3.067669e-03   8.383123e-22   1681692
  9.665895e+00   7.199284e-22   3.067468e-03   8.418990e-22   1649574
  9.676515e+00   -1.419333e-21   3.063511e-03   8.469484e-22   1615788
  9.687137e+00   1.135167e-21   3.068656e-03   8.514295e-22   1587064
  9.697769e+00   2.624815e-21   3.069826e-03   8.555035e-22   1556598
  9.708400e+00   4.490645e-22   3.068471e-03   8.606654e-22   1525380
  9.719030e+00   -1.385932e-21   3.068670e-03   8.663708e-22   1495360
  9.729656e+00   -6.755587e-22   3.066126e-03   8.694138e-22   1464370
  9.740281e+00   -1.561996e-21   3.067601e-03   8.741822e-22   1435656
  9.750907e+00   -2.011977e-22   3.067002e-03   8.785602e-22   1406304
  9.761532e+00   -6.567843e-22   3.067147e-03   8.861489e-22   1377628
  9.772159e+00   8.395677e-22   3.068370e-03   8.914735e-22   1349744
  9.782788e+00   6.689737e-23   3.068343e-03   8.981176e-22   1321682
  9.793418e+00   -1.342861e-21   3.069098e-03   9.009995e-22   1294376
  9.804048e+00   1.003080e-21   3.068140e-03   9.105108e-22   1266768
  9.814673e+00   1.358080e-22   3.066275e-03   9.172333e-22   1239172
  9.825295e+00   -1.246738e-21   3.065238e-03   9.210305e-22   1212224
  9.835918e+00   -1.261627e-22   3.067386e-03   9.276901e-22   1186796
  9.846547e+00   -8.898858e-22   3.069034e-03   9.334896e-22   1161432
  9.857176e+00   6.424549e-23   3.067927e-03   9.442184e-22   1135408
  9.867804e+00   -4.716601e-22   3.068239e-03   9.501113e-22   1110324
  9.878434e+00   2.150211e-21   3.068926e-03   9.563118e-22   1085680
  9.889062e+00   1.420069e-21   3.066842e-03   9.646972e-22   1060364
  9.899688e+00   5.318491e-22   3.068767e-03   9.735577e-22   1036736
  9.910321e+00   7.872319e-22   3.070562e-03   9.819852e-22   1013388
  9.920951e+00   -1.054512e-21   3.066769e-03   9.911688e-22   988656
  9.931575e+00   -1.589479e-21   3.066738e-03   9.982356e-22   965530
  9.942197e+00   -5.635035e-22   3.064855e-03   1.009948e-21   942100
  9.952819e+00   -9.337303e-22   3.066142e-03   1.020252e-21   919888
  9.963442e+00   -5.899165e-22   3.066491e-03   1.029472e-21   897628
  9.974067e+00   -5.410165e-22   3.067504e-03   1.037955e-21   875856
  9.984696e+00   -1.927611e-21   3.069599e-03   1.050012e-21   854736
  9.995330e+00   1.258919e-21   3.070044e-03   1.062944e-21   833510
  1.000596e+01   -5.267956e-22   3.068120e-03   1.071915e-21   811976
  1.001659e+01   -9.525040e-22   3.066566e-03   1.086163e-21   790844
  1.002721e+01   6.763672e-22   3.066302e-03   1.097458e-21   770320
  1.003784e+01   8.000414e-22   3.069162e-03   1.106086e-21   750838
  1.004847e+01   6.812822e-22   3.068729e-03   1.120863e-21   730864
  1.005909e+01   -2.505546e-21   3.067039e-03   1.136075e-21   710984
  1.006972e+01   -2.489898e-21   3.067274e-03   1.150361e-21   691894
  1.008035e+01   1.344070e-21   3.066106e-03   1.163595e-21   672776
  1.009097e+01   4.467920e-22   3.067065e-03   1.171992e-21   654372
  1.010160e+01   1.693105e-21   3.065537e-03   1.189193e-21   635682
  1.011222e+01   -3.425485e-22   3.064886e-03   1.207837e-21   617460
  1.012284e+01   -2.219266e-22   3.066767e-03   1.218106e-21   600024
  1.013346e+01   1.571335e-21   3.068404e-03   1.241490e-21   582830
  1.014410e+01   -1.744084e-22   3.070337e-03   1.249799e-21   566000
  1.015473e+01   -1.152718e-21   3.066543e-03   1.274034e-21   548458
  1.016535e+01   -1.839199e-21   3.067619e-03   1.290270e-21   532084
  1.017598e+01   4.068937e-22   3.065740e-03   1.314556e-21   515440
  1.018660e+01   1.084088e-21   3.064533e-03   1.328672e-21   499174
  1.019722e+01   1.238823e-21   3.064552e-03   1.355620e-21   483368
  1.020784e+01   3.385045e-21   3.067558e-03   1.372196e-21   468270
  1.021847e+01   3.079410e-23   3.071740e-03   1.391347e-21   453568
  1.022911e+01   -1.677385e-21   3.068522e-03   1.414616e-21   438106
  1.023974e+01   -2.723384e-21   3.068674e-03   1.435951e-21   423508
  1.025036e+01   4.394323e-21   3.065352e-03   1.468377e-21   408754
  1.026098e+01   -2.774510e-21   3.064549e-03   1.488072e-21   394612
  1.027160e+01   1.966926e-21   3.064825e-03   1.512850e-21   380826
  1.028223e+01   3.005978e-21   3.063635e-03   1.538998e-21   367086
  1.029285e+01   2.226512e-21   3.065226e-03   1.572337e-21   353904
  1.030347e+01   7.731998e-22   3.067842e-03   1.600796e-21   341046
  1.031410e+01   -1.245803e-21   3.067827e-03   1.631548e-21   328144
  1.032473e+01   -2.445875e-21   3.068491e-03   1.661388e-21   315598
  1.033536e+01   1.215820e-21   3.070442e-03   1.687541e-21   303466
  1.034599e+01   -2.742082e-22   3.070558e-03   1.727403e-21   291456
  1.035662e+01   -4.151466e-21   3.069010e-03   1.756217e-21   279614
  1.036725e+01   2.361933e-21   3.062765e-03   1.803818e-21   267680
  1.037786e+01   2.016108e-22   3.061142e-03   1.841135e-21   256438
  1.038848e+01   -6.304037e-22   3.062004e-03   1.880081e-21   245618
  1.039909e+01   8.818424e-22   3.058865e-03   1.914987e-21   234708
  1.040970e+01   -3.736661e-21   3.057929e-03   1.976626e-21   224210
  1.042032e+01   -3.895089e-21   3.058509e-03   2.020003e-21   214046
  1.043093e+01   1.578743e-21   3.059874e-03   2.069383e-21   204152
  1.044155e+01   -3.477005e-22   3.062766e-03   2.107947e-21   194558
  1.045217e+01   -4.434047e-21   3.062838e-03   2.171017e-21   185018
  1.046279e+01   4.362978e-21   3.066092e-03   2.231551e-21   175918
  1.047341e+01   -4.522351e-21   3.068348e-03   2.312240e-21   166992
  1.048404e+01   -2.015546e-21   3.070094e-03   2.335685e-21   158294
  1.049468e+01   9.411474e-23   3.071097e-03   2.414477e-21   149842
  1.050531e+01   -6.896548e-23   3.068653e-03   2.500703e-21   141530
  1.051593e+01   1.731414e-21   3.060509e-03   2.555900e-21   133284
  1.052654e+01   2.520320e-21   3.057354e-03   2.642876e-21   125546
  1.053715e+01   5.528673e-21   3.051144e-03   2.742667e-21   117950
  1.054776e+01   -2.183639e-21   3.048602e-03   2.821160e-21   110746
  1.055836e+01   3.749546e-21   3.039799e-03   2.943633e-21   103572
  1.056895e+01   -7.657425e-22   3.036073e-03   3.045190e-21   96818
  1.057954e+01   -1.106747e-21   3.031333e-03   3.144704e-21   90262
  1.059013e+01   -6.203542e-22   3.027317e-03   3.248369e-21   83970
  1.060072e+01   5.226081e-21   3.019853e-03   3.393560e-21   77846
  1.061129e+01   3.644645e-21   3.012052e-03   3.550925e-21   71984
  1.062186e+01   -4.471930e-21   3.005730e-03   3.753035e-21   66398
  1.063243e+01   1.688164e-21   3.000369e-03   3.864905e-21   61058
  1.064300e+01   1.019848e-21   2.995714e-03   4.032483e-21   55958
  1.065357e+01   4.846942e-21   2.990697e-03   4.214999e-21   51082
  1.066413e+01   -4.193635e-22   2.981767e-03   4.431451e-21   46398
  1.067469e+01   -9.441781e-21   2.970930e-03   4.751302e-21   41954
  1.068524e+01   1.701108e-20   2.955045e-03   4.962371e-21   37718
  1.069578e+01   5.138960e-21   2.938133e-03   5.183291e-21   33736
  1.070631e+01   -1.103909e-20   2.922830e-03   5.508740e-21   30006
  1.071684e+01   -7.887732e-22   2.912268e-03   5.920541e-21   26522
  1.072739e+01   -5.948080e-21   2.905476e-03   6.244257e-21   23254
  1.073793e+01   -1.924431e-20   2.895825e-03   6.776317e-21   20178
  1.074848e+01   2.002648e-21   2.890787e-03   7.309698e-21   17342
  1.075903e+01   1.986159e-21   2.886580e-03   7.943528e-21   14714
  1.076959e+01   3.771744e-21   2.887906e-03   8.763475e-21   12310
  1.078015e+01   -2.241421e-20   2.880436e-03   9.875390e-21   10098
  1.079071e+01   3.209927e-21   2.879327e-03   1.071816e-20   8126
  1.080127e+01   9.887502e-21   2.877797e-03   1.268619e-20   6362
  1.081184e+01   -1.828669e-20   2.888638e-03   1.407848e-20   4822
  1.082239e+01   2.350248e-20   2.872451e-03   1.627339e-20   3474
  1.083292e+01   -3.372968e-21   2.869225e-03   2.107152e-20   2366
  1.084344e+01   -5.286933e-21   2.860034e-03   2.485725e-20   1466
  1.085397e+01   -2.086108e-20   2.925135e-03   3.765600e-20   790
  1.086426e+01   -1.848421e-20   2.767211e-03   5.148642e-20   306
  1.087389e+01   -4.354949e-19   2.357714e-03   9.958324e-20   62
