# cross spectrum of phi(z1) and phi(z2)
# redshift z=0.398845
# k              Pk             sigma(k)       sigma(Pk)      count
  7.830312e-03   2.338018e-10   1.198114e-03   5.263610e-11   18
  1.686348e-02   2.765718e-10   2.897918e-03   2.641352e-11   152
  2.725284e-02   1.652486e-10   3.060867e-03   7.730208e-12   416
  3.742835e-02   9.040076e-11   2.912555e-03   3.391729e-12   770
  4.808679e-02   5.652042e-11   3.119650e-03   1.660431e-12   1364
  5.876109e-02   3.719997e-11   3.054550e-03   8.478580e-13   1976
  6.939824e-02   2.820426e-11   3.112555e-03   5.372435e-13   2792
  7.984642e-02   2.060531e-11   2.971805e-03   3.492739e-13   3578
  9.038229e-02   1.476058e-11   3.049521e-03   2.181802e-13   4724
  1.011318e-01   1.099119e-11   3.134595e-03   1.453437e-13   6032
  1.117485e-01   8.536389e-12   3.016599e-03   1.058304e-13   7072
  1.222702e-01   7.220820e-12   3.056387e-03   8.002654e-14   8634
  1.329722e-01   6.086411e-12   3.095256e-03   6.192464e-14   10336
  1.436677e-01   4.953208e-12   3.082009e-03   4.537656e-14   11940
  1.541872e-01   4.007736e-12   3.021465e-03   3.588198e-14   13490
  1.647185e-01   3.367223e-12   3.054444e-03   2.714157e-14   15656
  1.754149e-01   2.836615e-12   3.102608e-03   2.154088e-14   18008
  1.860920e-01   2.490320e-12   3.069464e-03   1.807084e-14   19964
  1.966957e-01   2.170762e-12   3.066093e-03   1.502461e-14   22354
  2.072851e-01   1.848858e-12   3.030819e-03   1.212879e-14   24648
  2.179134e-01   1.604632e-12   3.083109e-03   9.881959e-15   27592
  2.285517e-01   1.421382e-12   3.075318e-03   8.570220e-15   30152
  2.391687e-01   1.252937e-12   3.069056e-03   7.288686e-15   33046
  2.497808e-01   1.130636e-12   3.053846e-03   6.253678e-15   35992
  2.604233e-01   1.019520e-12   3.074764e-03   5.456333e-15   39304
  2.710722e-01   9.161166e-13   3.082145e-03   4.677824e-15   42608
  2.817050e-01   8.206546e-13   3.058267e-03   4.075225e-15   45758
  2.923349e-01   7.315272e-13   3.072286e-03   3.540689e-15   49536
  3.029238e-01   6.656242e-13   3.039208e-03   3.111339e-15   52488
  3.135134e-01   6.151937e-13   3.084628e-03   2.777023e-15   57034
  3.241511e-01   5.470430e-13   3.061146e-03   2.402647e-15   60648
  3.347969e-01   5.095325e-13   3.076329e-03   2.183205e-15   65044
  3.454223e-01   4.672281e-13   3.057760e-03   1.944095e-15   68720
  3.560505e-01   4.249439e-13   3.078281e-03   1.731698e-15   73538
  3.667175e-01   3.910523e-13   3.076939e-03   1.558932e-15   78080
  3.773260e-01   3.638404e-13   3.039859e-03   1.429322e-15   81572
  3.879192e-01   3.357532e-13   3.081238e-03   1.292577e-15   87248
  3.985882e-01   3.083977e-13   3.084591e-03   1.154353e-15   92266
  4.092322e-01   2.876140e-13   3.063169e-03   1.063870e-15   96696
  4.198039e-01   2.643140e-13   3.037602e-03   9.701924e-16   100904
  4.303789e-01   2.478394e-13   3.065517e-03   8.803798e-16   107036
  4.410480e-01   2.308941e-13   3.089487e-03   8.028389e-16   113362
  4.517307e-01   2.146170e-13   3.072092e-03   7.346225e-16   118176
  4.623378e-01   2.002008e-13   3.054661e-03   6.860197e-16   122944
  4.729644e-01   1.871106e-13   3.083007e-03   6.323456e-16   129902
  4.836049e-01   1.744385e-13   3.061727e-03   5.766945e-16   134944
  4.942158e-01   1.640856e-13   3.064979e-03   5.385633e-16   140952
  5.048213e-01   1.529301e-13   3.064662e-03   4.970868e-16   147072
  5.154342e-01   1.432306e-13   3.060800e-03   4.608624e-16   153382
  5.260893e-01   1.344834e-13   3.082622e-03   4.257036e-16   160952
  5.367508e-01   1.252234e-13   3.070294e-03   3.966325e-16   166640
  5.473579e-01   1.194968e-13   3.057153e-03   3.733023e-16   172448
  5.579787e-01   1.113329e-13   3.077577e-03   3.475893e-16   180594
  5.686178e-01   1.053176e-13   3.060710e-03   3.244967e-16   186556
  5.792219e-01   9.862703e-14   3.063394e-03   3.012821e-16   193528
  5.898242e-01   9.292601e-14   3.060684e-03   2.833770e-16   200626
  6.004609e-01   8.747769e-14   3.076604e-03   2.647926e-16   209256
  6.111150e-01   8.257124e-14   3.069663e-03   2.498923e-16   216020
  6.217510e-01   7.851678e-14   3.075746e-03   2.353442e-16   223768
  6.323610e-01   7.364997e-14   3.055783e-03   2.217214e-16   230234
  6.429887e-01   6.980206e-14   3.074922e-03   2.077333e-16   239800
  6.536248e-01   6.573056e-14   3.063054e-03   1.967260e-16   246568
  6.642393e-01   6.280283e-14   3.068328e-03   1.872503e-16   254828
  6.748534e-01   5.854826e-14   3.064424e-03   1.748765e-16   263074
  6.854951e-01   5.551020e-14   3.071509e-03   1.658258e-16   272312
  6.961385e-01   5.276066e-14   3.070197e-03   1.569445e-16   280376
  7.067732e-01   4.997028e-14   3.071500e-03   1.493936e-16   288884
  7.174012e-01   4.694289e-14   3.068501e-03   1.406687e-16   297602
  7.280177e-01   4.493725e-14   3.057614e-03   1.345531e-16   305520
  7.386402e-01   4.245376e-14   3.075198e-03   1.275292e-16   315976
  7.492461e-01   3.978967e-14   3.052723e-03   1.218722e-16   322778
  7.598720e-01   3.812396e-14   3.080021e-03   1.156691e-16   335372
  7.705286e-01   3.596783e-14   3.068318e-03   1.100794e-16   343464
  7.811635e-01   3.418577e-14   3.070705e-03   1.049717e-16   352912
  7.917934e-01   3.243914e-14   3.070498e-03   1.003949e-16   362666
  8.024224e-01   3.057134e-14   3.063690e-03   9.579212e-17   371884
  8.130465e-01   2.921496e-14   3.069929e-03   9.091654e-17   382280
  8.236583e-01   2.773219e-14   3.060755e-03   8.745632e-17   390888
  8.342648e-01   2.633242e-14   3.067168e-03   8.358957e-17   402234
  8.448912e-01   2.485183e-14   3.064832e-03   8.018155e-17   412576
  8.555263e-01   2.350615e-14   3.071788e-03   7.617304e-17   423732
  8.661590e-01   2.236674e-14   3.068142e-03   7.325838e-17   433624
  8.767950e-01   2.126584e-14   3.072203e-03   7.014605e-17   445154
  8.874347e-01   2.034077e-14   3.069139e-03   6.761392e-17   455584
  8.980596e-01   1.904126e-14   3.064716e-03   6.455740e-17   465588
  9.086714e-01   1.820663e-14   3.065163e-03   6.208037e-17   476762
  9.193048e-01   1.732300e-14   3.073106e-03   5.961707e-17   489552
  9.299472e-01   1.646614e-14   3.069632e-03   5.736019e-17   500328
  9.405628e-01   1.562102e-14   3.059261e-03   5.526999e-17   509852
  9.511854e-01   1.479950e-14   3.074339e-03   5.303672e-17   524234
  9.618189e-01   1.409576e-14   3.061952e-03   5.115876e-17   534104
  9.724448e-01   1.341834e-14   3.070528e-03   4.920399e-17   547048
  9.830800e-01   1.258846e-14   3.073862e-03   4.731580e-17   559328
  9.937180e-01   1.212004e-14   3.070866e-03   4.575432e-17   571326
  1.004339e+00   1.141462e-14   3.060367e-03   4.425586e-17   581920
  1.014951e+00   1.088773e-14   3.064588e-03   4.276633e-17   594832
  1.025571e+00   1.024068e-14   3.068054e-03   4.091657e-17   608048
  1.036206e+00   9.919648e-15   3.070252e-03   3.971816e-17   621526
  1.046839e+00   9.420620e-15   3.066112e-03   3.838079e-17   633240
  1.057456e+00   8.900140e-15   3.064953e-03   3.708877e-17   645472
  1.068086e+00   8.384270e-15   3.075342e-03   3.581348e-17   660906
  1.078726e+00   8.021126e-15   3.067576e-03   3.476758e-17   672856
  1.089356e+00   7.578343e-15   3.067094e-03   3.350413e-17   685980
  1.099980e+00   7.245729e-15   3.067978e-03   3.236762e-17   699256
  1.110619e+00   6.858448e-15   3.074976e-03   3.134573e-17   714730
  1.121246e+00   6.645719e-15   3.059348e-03   3.050141e-17   725152
  1.131863e+00   6.268154e-15   3.067634e-03   2.942875e-17   740420
  1.142485e+00   5.890365e-15   3.069089e-03   2.859263e-17   754312
  1.153114e+00   5.583331e-15   3.069897e-03   2.764181e-17   769114
  1.163749e+00   5.349641e-15   3.069209e-03   2.683795e-17   783488
  1.174365e+00   5.067218e-15   3.058900e-03   2.604033e-17   794968
  1.184981e+00   4.815639e-15   3.070107e-03   2.527132e-17   812366
  1.195609e+00   4.500881e-15   3.065134e-03   2.443680e-17   825976
  1.206250e+00   4.317158e-15   3.075220e-03   2.377640e-17   843352
  1.216898e+00   4.093670e-15   3.073224e-03   2.306130e-17   857280
  1.227524e+00   3.943052e-15   3.063189e-03   2.245705e-17   869542
  1.238147e+00   3.689519e-15   3.070752e-03   2.175382e-17   887128
  1.248772e+00   3.575928e-15   3.063166e-03   2.121378e-17   900032
  1.259388e+00   3.347246e-15   3.067377e-03   2.056683e-17   916560
  1.270005e+00   3.174496e-15   3.061783e-03   1.997895e-17   930922
  1.280635e+00   3.063658e-15   3.071795e-03   1.943112e-17   949844
  1.291287e+00   2.940019e-15   3.076939e-03   1.892128e-17   966736
  1.301925e+00   2.746831e-15   3.065819e-03   1.840635e-17   978776
  1.312537e+00   2.620349e-15   3.064137e-03   1.794711e-17   994522
  1.323161e+00   2.519539e-15   3.068907e-03   1.743536e-17   1012420
  1.333794e+00   2.378422e-15   3.071598e-03   1.695940e-17   1029408
  1.344410e+00   2.282394e-15   3.058405e-03   1.653793e-17   1041658
  1.355032e+00   2.184282e-15   3.072381e-03   1.608616e-17   1063520
  1.365659e+00   2.065647e-15   3.060689e-03   1.572567e-17   1075808
  1.376294e+00   1.958412e-15   3.080019e-03   1.523722e-17   1098956
  1.386928e+00   1.895325e-15   3.061670e-03   1.492066e-17   1109810
  1.397545e+00   1.785034e-15   3.065288e-03   1.449776e-17   1128608
  1.408178e+00   1.705118e-15   3.073589e-03   1.415999e-17   1148264
  1.418813e+00   1.620828e-15   3.067917e-03   1.376925e-17   1163252
  1.429436e+00   1.559595e-15   3.067070e-03   1.341703e-17   1181042
  1.440060e+00   1.447544e-15   3.064325e-03   1.307884e-17   1197848
  1.450692e+00   1.357317e-15   3.073737e-03   1.273651e-17   1218848
  1.461323e+00   1.358171e-15   3.064859e-03   1.248153e-17   1232916
  1.471945e+00   1.247894e-15   3.068844e-03   1.215105e-17   1253002
  1.482566e+00   1.194299e-15   3.062284e-03   1.189270e-17   1268576
  1.493191e+00   1.144440e-15   3.071552e-03   1.156905e-17   1290128
  1.503822e+00   1.071490e-15   3.068342e-03   1.132402e-17   1307402
  1.514455e+00   1.039454e-15   3.069122e-03   1.101634e-17   1327028
  1.525083e+00   9.967980e-16   3.064970e-03   1.078049e-17   1343648
  1.535711e+00   9.164418e-16   3.070217e-03   1.052035e-17   1364096
  1.546341e+00   8.954332e-16   3.068950e-03   1.027839e-17   1382730
  1.556974e+00   8.212431e-16   3.068757e-03   1.003178e-17   1402164
  1.567604e+00   8.318653e-16   3.068159e-03   9.790162e-18   1420464
  1.578221e+00   7.830113e-16   3.063798e-03   9.586470e-18   1437368
  1.588847e+00   7.352758e-16   3.072142e-03   9.328334e-18   1461530
  1.599480e+00   7.088159e-16   3.065069e-03   9.115970e-18   1478264
  1.610108e+00   6.674566e-16   3.068902e-03   8.913614e-18   1499356
  1.620732e+00   6.486521e-16   3.065238e-03   8.730916e-18   1517016
  1.631360e+00   6.125863e-16   3.070849e-03   8.535281e-18   1540090
  1.641988e+00   5.676978e-16   3.065366e-03   8.327215e-18   1557360
  1.652609e+00   5.474836e-16   3.066926e-03   8.167323e-18   1577780
  1.663242e+00   5.284139e-16   3.075107e-03   7.972130e-18   1602578
  1.673875e+00   5.249582e-16   3.063542e-03   7.810217e-18   1617672
  1.684498e+00   5.041839e-16   3.069033e-03   7.634039e-18   1641016
  1.695122e+00   4.764603e-16   3.065080e-03   7.468577e-18   1659416
  1.705746e+00   4.532433e-16   3.068431e-03   7.307342e-18   1682670
  1.716382e+00   4.229844e-16   3.070690e-03   7.136720e-18   1705256
  1.727024e+00   4.185840e-16   3.071890e-03   6.964261e-18   1726312
  1.737645e+00   4.345402e-16   3.062639e-03   6.851803e-18   1741880
  1.748261e+00   3.853823e-16   3.067156e-03   6.694515e-18   1766454
  1.758897e+00   3.729565e-16   3.073105e-03   6.558235e-18   1791784
  1.769528e+00   3.525130e-16   3.063894e-03   6.426225e-18   1807712
  1.780139e+00   3.385256e-16   3.062775e-03   6.295660e-18   1829002
  1.790759e+00   3.347085e-16   3.067263e-03   6.150028e-18   1854216
  1.801400e+00   3.081862e-16   3.074631e-03   6.028021e-18   1880156
  1.812037e+00   2.789805e-16   3.068349e-03   5.899137e-18   1897568
  1.822663e+00   2.900503e-16   3.068475e-03   5.765374e-18   1920458
  1.833288e+00   2.697448e-16   3.065997e-03   5.656140e-18   1942208
  1.843915e+00   2.650586e-16   3.067813e-03   5.548259e-18   1965612
  1.854544e+00   2.504327e-16   3.069639e-03   5.419567e-18   1989000
  1.865168e+00   2.332884e-16   3.064465e-03   5.316971e-18   2009114
  1.875791e+00   2.410566e-16   3.067400e-03   5.197012e-18   2034464
  1.886424e+00   2.267498e-16   3.070174e-03   5.102877e-18   2058476
  1.897052e+00   2.151810e-16   3.068039e-03   4.996551e-18   2079648
  1.907673e+00   2.160500e-16   3.065891e-03   4.893767e-18   2102578
  1.918306e+00   2.116675e-16   3.070742e-03   4.796017e-18   2129928
  1.928942e+00   1.931542e-16   3.069733e-03   4.709634e-18   2152096
  1.939563e+00   1.862333e-16   3.062858e-03   4.618458e-18   2171142
  1.950185e+00   1.872128e-16   3.069150e-03   4.524821e-18   2200248
  1.960824e+00   1.728335e-16   3.071017e-03   4.425018e-18   2225216
  1.971460e+00   1.652370e-16   3.070942e-03   4.350960e-18   2248448
  1.982084e+00   1.740891e-16   3.064272e-03   4.264175e-18   2267942
  1.992710e+00   1.551203e-16   3.071051e-03   4.183839e-18   2298072
  2.003337e+00   1.558589e-16   3.064068e-03   4.094823e-18   2317272
  2.013961e+00   1.410088e-16   3.069747e-03   4.020696e-18   2345808
  2.024580e+00   1.450928e-16   3.062469e-03   3.942799e-18   2365650
  2.035206e+00   1.319987e-16   3.069930e-03   3.862714e-18   2396940
  2.045842e+00   1.376836e-16   3.069936e-03   3.795606e-18   2421272
  2.056473e+00   1.343487e-16   3.068399e-03   3.723336e-18   2444576
  2.067102e+00   1.247453e-16   3.069748e-03   3.647096e-18   2471490
  2.077728e+00   1.207373e-16   3.064854e-03   3.577189e-18   2493180
  2.088349e+00   1.195134e-16   3.068019e-03   3.515230e-18   2520952
  2.098972e+00   1.117183e-16   3.065319e-03   3.445914e-18   2544946
  2.109598e+00   1.075848e-16   3.068311e-03   3.378722e-18   2573856
  2.120230e+00   1.053413e-16   3.069026e-03   3.313456e-18   2600016
  2.130862e+00   1.091007e-16   3.069102e-03   3.254133e-18   2625484
  2.141490e+00   1.038180e-16   3.068080e-03   3.195063e-18   2651122
  2.152130e+00   1.039452e-16   3.074348e-03   3.135298e-18   2683488
  2.162754e+00   9.386971e-17   3.059466e-03   3.083603e-18   2696352
  2.173371e+00   9.519699e-17   3.071171e-03   3.019097e-18   2733020
  2.184002e+00   9.154683e-17   3.067530e-03   2.968285e-18   2757378
  2.194631e+00   9.076622e-17   3.067942e-03   2.913483e-18   2784864
  2.205259e+00   9.761076e-17   3.067811e-03   2.854218e-18   2811168
  2.215874e+00   8.312781e-17   3.061061e-03   2.811660e-18   2832274
  2.226505e+00   9.081307e-17   3.075611e-03   2.752227e-18   2873636
  2.237142e+00   8.067453e-17   3.064877e-03   2.706019e-18   2890496
  2.247766e+00   8.025839e-17   3.069851e-03   2.660043e-18   2921800
  2.258399e+00   7.651757e-17   3.071101e-03   2.607170e-18   2951298
  2.269032e+00   7.602179e-17   3.066274e-03   2.566128e-18   2975476
  2.279663e+00   8.022201e-17   3.071375e-03   2.513416e-18   3007728
  2.290285e+00   7.063271e-17   3.061886e-03   2.472642e-18   3025776
  2.300910e+00   7.403592e-17   3.072955e-03   2.433175e-18   3065762
  2.311540e+00   6.401066e-17   3.063208e-03   2.383778e-18   3084856
  2.322162e+00   6.733928e-17   3.068985e-03   2.338921e-18   3118044
  2.332782e+00   6.299280e-17   3.064319e-03   2.297755e-18   3141352
  2.343410e+00   6.502925e-17   3.072036e-03   2.256596e-18   3179274
  2.354046e+00   5.688142e-17   3.067682e-03   2.218166e-18   3204120
  2.364668e+00   6.030329e-17   3.063610e-03   2.185002e-18   3227900
  2.375288e+00   5.922854e-17   3.068722e-03   2.145397e-18   3262394
  2.385925e+00   4.909204e-17   3.071814e-03   2.103973e-18   3295680
  2.396559e+00   5.678399e-17   3.067166e-03   2.067594e-18   3319560
  2.407184e+00   5.625798e-17   3.068070e-03   2.032425e-18   3348972
  2.417810e+00   5.109226e-17   3.068540e-03   1.994405e-18   3379722
  2.428441e+00   4.717534e-17   3.068348e-03   1.960795e-18   3410720
  2.439075e+00   4.770781e-17   3.069517e-03   1.928907e-18   3441504
  2.449697e+00   5.025766e-17   3.063301e-03   1.900140e-18   3463624
  2.460317e+00   4.356329e-17   3.068043e-03   1.865078e-18   3499790
  2.470951e+00   4.204614e-17   3.070702e-03   1.832814e-18   3533560
  2.481588e+00   4.517324e-17   3.069830e-03   1.799087e-18   3561920
  2.492209e+00   4.743227e-17   3.064208e-03   1.773072e-18   3585208
  2.502830e+00   3.980836e-17   3.069185e-03   1.737590e-18   3622518
  2.513468e+00   4.120588e-17   3.072344e-03   1.708317e-18   3657584
  2.524094e+00   4.268328e-17   3.062507e-03   1.682157e-18   3676440
  2.534707e+00   4.100140e-17   3.065232e-03   1.656153e-18   3711282
  2.545334e+00   3.937707e-17   3.068763e-03   1.624048e-18   3747696
  2.555965e+00   3.521197e-17   3.067225e-03   1.595929e-18   3776188
  2.566601e+00   3.863486e-17   3.074483e-03   1.571294e-18   3815304
  2.577232e+00   3.829973e-17   3.064660e-03   1.546134e-18   3835370
  2.587856e+00   3.667654e-17   3.068926e-03   1.520054e-18   3873424
  2.598487e+00   3.211258e-17   3.067978e-03   1.492824e-18   3903420
  2.609117e+00   3.421936e-17   3.070036e-03   1.470237e-18   3937624
  2.619745e+00   3.483371e-17   3.066011e-03   1.443714e-18   3965658
  2.630375e+00   3.382346e-17   3.069802e-03   1.422878e-18   4002984
  2.641001e+00   3.215443e-17   3.065136e-03   1.399087e-18   4027928
  2.651616e+00   3.248966e-17   3.064941e-03   1.375101e-18   4059844
  2.662241e+00   2.919132e-17   3.069945e-03   1.353263e-18   4100338
  2.672876e+00   3.284225e-17   3.069128e-03   1.329779e-18   4132264
  2.683506e+00   3.192980e-17   3.068474e-03   1.309008e-18   4163216
  2.694131e+00   3.643916e-17   3.066146e-03   1.287503e-18   4193350
  2.704761e+00   2.942517e-17   3.071068e-03   1.264282e-18   4234456
  2.715390e+00   2.872406e-17   3.064079e-03   1.247063e-18   4257264
  2.726012e+00   2.984273e-17   3.069774e-03   1.225111e-18   4297352
  2.736640e+00   2.924322e-17   3.067495e-03   1.206000e-18   4328642
  2.747272e+00   2.801276e-17   3.070663e-03   1.184809e-18   4367948
  2.757895e+00   2.662031e-17   3.061799e-03   1.169326e-18   4388384
  2.768519e+00   2.594676e-17   3.072247e-03   1.149832e-18   4436648
  2.779154e+00   2.676583e-17   3.067997e-03   1.130781e-18   4465658
  2.789787e+00   2.836074e-17   3.069677e-03   1.113094e-18   4502948
  2.800413e+00   2.383976e-17   3.064787e-03   1.093931e-18   4528880
  2.811033e+00   2.469113e-17   3.067181e-03   1.079096e-18   4566290
  2.821663e+00   2.673493e-17   3.070655e-03   1.060999e-18   4606856
  2.832293e+00   2.540451e-17   3.066552e-03   1.044030e-18   4635380
  2.842916e+00   2.373150e-17   3.067131e-03   1.028332e-18   4670384
  2.853543e+00   2.329699e-17   3.069161e-03   1.010916e-18   4709258
  2.864179e+00   2.268203e-17   3.070324e-03   9.940239e-19   4747352
  2.874805e+00   2.352762e-17   3.063655e-03   9.792127e-19   4771664
  2.885427e+00   2.214739e-17   3.068600e-03   9.634675e-19   4813532
  2.896058e+00   1.988524e-17   3.070437e-03   9.490408e-19   4852322
  2.906693e+00   2.046593e-17   3.069013e-03   9.331352e-19   4886480
  2.917320e+00   2.173898e-17   3.066289e-03   9.200046e-19   4917248
  2.927939e+00   2.076710e-17   3.065099e-03   9.051633e-19   4950828
  2.938569e+00   2.039086e-17   3.072788e-03   8.904655e-19   5000170
  2.949204e+00   2.122557e-17   3.066857e-03   8.780113e-19   5026952
  2.959825e+00   2.086907e-17   3.064676e-03   8.639001e-19   5058752
  2.970445e+00   1.935778e-17   3.067741e-03   8.505141e-19   5100722
  2.981076e+00   1.698643e-17   3.068979e-03   8.373928e-19   5140124
  2.991706e+00   1.979970e-17   3.067937e-03   8.236432e-19   5174072
  3.002335e+00   1.788515e-17   3.068928e-03   8.115988e-19   5211608
  3.012962e+00   1.897555e-17   3.067917e-03   7.987991e-19   5247794
  3.023589e+00   1.879311e-17   3.066908e-03   7.875514e-19   5284196
  3.034222e+00   1.808811e-17   3.071657e-03   7.742679e-19   5328800
  3.044847e+00   1.868935e-17   3.063109e-03   7.639930e-19   5350872
  3.055470e+00   1.797297e-17   3.069608e-03   7.512830e-19   5400634
  3.066097e+00   1.816912e-17   3.065291e-03   7.397948e-19   5430968
  3.076725e+00   1.889997e-17   3.070185e-03   7.273295e-19   5475908
  3.087355e+00   1.548265e-17   3.068352e-03   7.184578e-19   5510016
  3.097986e+00   1.743370e-17   3.069695e-03   7.068277e-19   5552114
  3.108620e+00   1.807997e-17   3.068841e-03   6.966051e-19   5588944
  3.119249e+00   1.601593e-17   3.067703e-03   6.853234e-19   5623828
  3.129873e+00   1.622470e-17   3.066629e-03   6.765723e-19   5660722
  3.140497e+00   1.623768e-17   3.066422e-03   6.661376e-19   5699896
  3.151124e+00   1.762847e-17   3.068968e-03   6.553027e-19   5741936
  3.161754e+00   1.446365e-17   3.069010e-03   6.454316e-19   5779568
  3.172381e+00   1.410359e-17   3.067639e-03   6.357422e-19   5817222
  3.183006e+00   1.461726e-17   3.066013e-03   6.271126e-19   5854600
  3.193635e+00   1.375522e-17   3.069791e-03   6.163354e-19   5900040
  3.204262e+00   1.309958e-17   3.066501e-03   6.085122e-19   5931976
  3.214890e+00   1.523511e-17   3.070101e-03   5.986784e-19   5979390
  3.225518e+00   1.422464e-17   3.065321e-03   5.902510e-19   6010200
  3.236144e+00   1.466109e-17   3.069327e-03   5.807480e-19   6056496
  3.246769e+00   1.310543e-17   3.066211e-03   5.728346e-19   6089504
  3.257396e+00   1.450876e-17   3.069391e-03   5.647840e-19   6137114
  3.268025e+00   1.581081e-17   3.067201e-03   5.561740e-19   6173332
  3.278652e+00   1.220905e-17   3.067882e-03   5.477911e-19   6214128
  3.289279e+00   1.391647e-17   3.067306e-03   5.399509e-19   6253874
  3.299910e+00   1.198648e-17   3.069629e-03   5.316928e-19   6300104
  3.310539e+00   1.294976e-17   3.066365e-03   5.242197e-19   6332612
  3.321166e+00   1.151936e-17   3.070240e-03   5.168645e-19   6379768
  3.331797e+00   1.248491e-17   3.068597e-03   5.096031e-19   6418218
  3.342427e+00   1.241895e-17   3.068360e-03   5.013068e-19   6459880
  3.353052e+00   1.054839e-17   3.066116e-03   4.943310e-19   6495652
  3.363680e+00   1.081168e-17   3.070231e-03   4.869842e-19   6545296
  3.374311e+00   1.136400e-17   3.067227e-03   4.807682e-19   6581570
  3.384935e+00   1.112597e-17   3.065246e-03   4.739142e-19   6618960
  3.395556e+00   1.057723e-17   3.067158e-03   4.668099e-19   6663352
  3.406178e+00   1.021094e-17   3.065376e-03   4.605047e-19   6701334
  3.416809e+00   1.141344e-17   3.072512e-03   4.527020e-19   6759920
  3.427444e+00   1.048958e-17   3.067179e-03   4.467160e-19   6789696
  3.438073e+00   1.250394e-17   3.069955e-03   4.404328e-19   6837208
  3.448703e+00   1.067356e-17   3.067492e-03   4.340907e-19   6874966
  3.459333e+00   1.069501e-17   3.068613e-03   4.277974e-19   6920864
  3.469960e+00   1.069409e-17   3.066758e-03   4.217961e-19   6957816
  3.480585e+00   1.024034e-17   3.068144e-03   4.157801e-19   7002232
  3.491208e+00   1.002641e-17   3.066540e-03   4.093762e-19   7043114
  3.501840e+00   9.235882e-18   3.070403e-03   4.044262e-19   7096020
  3.512471e+00   1.029445e-17   3.067394e-03   3.981637e-19   7130640
  3.523097e+00   9.700872e-18   3.068276e-03   3.926829e-19   7175472
  3.533723e+00   9.304286e-18   3.067248e-03   3.873929e-19   7217786
  3.544353e+00   8.883355e-18   3.068999e-03   3.816424e-19   7265564
  3.554979e+00   9.457421e-18   3.066319e-03   3.765813e-19   7301288
  3.565600e+00   9.944496e-18   3.066375e-03   3.706836e-19   7345330
  3.576227e+00   9.271299e-18   3.069052e-03   3.657657e-19   7397048
  3.586856e+00   8.678248e-18   3.067039e-03   3.608522e-19   7435920
  3.597485e+00   8.558614e-18   3.069220e-03   3.557510e-19   7484140
  3.608113e+00   7.979785e-18   3.067643e-03   3.505357e-19   7525578
  3.618741e+00   8.530716e-18   3.067518e-03   3.462540e-19   7571376
  3.629371e+00   9.289552e-18   3.068480e-03   3.408305e-19   7617064
  3.640002e+00   8.407210e-18   3.069456e-03   3.365213e-19   7662092
  3.650627e+00   8.809691e-18   3.066324e-03   3.320016e-19   7699658
  3.661254e+00   8.194064e-18   3.068945e-03   3.273247e-19   7752416
  3.671886e+00   8.064932e-18   3.069408e-03   3.227182e-19   7797776
  3.682511e+00   8.298200e-18   3.065176e-03   3.182237e-19   7831720
  3.693136e+00   8.203212e-18   3.069723e-03   3.137594e-19   7889926
  3.703768e+00   7.575175e-18   3.067981e-03   3.093732e-19   7931480
  3.714397e+00   7.696299e-18   3.068251e-03   3.051753e-19   7976688
  3.725016e+00   7.110021e-18   3.062621e-03   3.010345e-19   8007786
  3.735639e+00   7.837084e-18   3.070332e-03   2.968690e-19   8074564
  3.746275e+00   7.863221e-18   3.070085e-03   2.928908e-19   8118904
  3.756904e+00   7.630458e-18   3.066957e-03   2.888484e-19   8155824
  3.767533e+00   7.196831e-18   3.070641e-03   2.849721e-19   8212802
  3.778161e+00   6.951318e-18   3.065118e-03   2.811351e-19   8245268
  3.788791e+00   7.597133e-18   3.071754e-03   2.770531e-19   8308816
  3.799422e+00   7.521766e-18   3.066301e-03   2.739062e-19   8340304
  3.810044e+00   6.907303e-18   3.066222e-03   2.698018e-19   8387738
  3.820668e+00   6.845565e-18   3.067207e-03   2.660252e-19   8437624
  3.831296e+00   6.764547e-18   3.068826e-03   2.625381e-19   8487796
  3.841921e+00   7.030474e-18   3.066430e-03   2.589211e-19   8527936
  3.852549e+00   6.394896e-18   3.069409e-03   2.553539e-19   8585122
  3.863180e+00   6.714116e-18   3.067925e-03   2.520016e-19   8628200
  3.873811e+00   6.518140e-18   3.069670e-03   2.484940e-19   8679484
  3.884439e+00   6.599205e-18   3.067320e-03   2.454549e-19   8721466
  3.895064e+00   6.210474e-18   3.065795e-03   2.422170e-19   8765840
  3.905692e+00   6.405791e-18   3.070355e-03   2.386076e-19   8825136
  3.916320e+00   6.053966e-18   3.066753e-03   2.354372e-19   8861768
  3.926948e+00   6.109170e-18   3.069321e-03   2.324251e-19   8919278
  3.937577e+00   6.406975e-18   3.066595e-03   2.295378e-19   8961008
  3.948205e+00   5.689444e-18   3.068779e-03   2.262543e-19   9014456
  3.958835e+00   6.091261e-18   3.068818e-03   2.232896e-19   9062240
  3.969465e+00   5.857150e-18   3.068277e-03   2.203740e-19   9110510
  3.980091e+00   5.998413e-18   3.066455e-03   2.175059e-19   9154048
  3.990712e+00   5.646207e-18   3.065703e-03   2.148236e-19   9198928
  4.001336e+00   5.991048e-18   3.068826e-03   2.117554e-19   9257194
  4.011967e+00   5.738668e-18   3.069362e-03   2.090043e-19   9310168
  4.022596e+00   5.679744e-18   3.066324e-03   2.061846e-19   9350316
  4.033222e+00   6.016396e-18   3.069210e-03   2.034537e-19   9407120
  4.043852e+00   5.416416e-18   3.068250e-03   2.008094e-19   9454642
  4.054482e+00   5.515727e-18   3.068405e-03   1.984055e-19   9506272
  4.065111e+00   5.620404e-18   3.067355e-03   1.956205e-19   9551228
  4.075735e+00   5.549785e-18   3.067594e-03   1.931396e-19   9600264
  4.086360e+00   5.499685e-18   3.067530e-03   1.906658e-19   9651458
  4.096991e+00   5.439368e-18   3.070122e-03   1.881236e-19   9711488
  4.107620e+00   4.709358e-18   3.066189e-03   1.857407e-19   9749144
  4.118247e+00   4.865064e-18   3.069033e-03   1.830933e-19   9807908
  4.128876e+00   4.566628e-18   3.067607e-03   1.807622e-19   9854786
  4.139508e+00   5.238267e-18   3.070269e-03   1.784869e-19   9914304
  4.150134e+00   5.064651e-18   3.064668e-03   1.764088e-19   9945544
  4.160753e+00   4.869739e-18   3.066794e-03   1.741652e-19   10003414
  4.171379e+00   4.638031e-18   3.068671e-03   1.717020e-19   10062032
  4.182011e+00   4.484888e-18   3.069142e-03   1.693594e-19   10114792
  4.192645e+00   5.170221e-18   3.070449e-03   1.672750e-19   10169936
  4.203267e+00   5.073409e-18   3.062650e-03   1.655126e-19   10196602
  4.213895e+00   5.251512e-18   3.072265e-03   1.630383e-19   10281156
  4.224526e+00   4.473079e-18   3.065688e-03   1.610710e-19   10309376
  4.235150e+00   4.552480e-18   3.068567e-03   1.589529e-19   10369856
  4.245775e+00   4.938746e-18   3.066063e-03   1.570908e-19   10415370
  4.256404e+00   4.647275e-18   3.070045e-03   1.550630e-19   10481988
  4.267039e+00   4.584752e-18   3.069556e-03   1.529267e-19   10531200
  4.277665e+00   4.582095e-18   3.065408e-03   1.512833e-19   10569416
  4.288289e+00   4.599038e-18   3.068216e-03   1.492572e-19   10633066
  4.298919e+00   4.768240e-18   3.068866e-03   1.472940e-19   10687548
  4.309552e+00   4.290612e-18   3.070419e-03   1.454295e-19   10743968
  4.320180e+00   4.160983e-18   3.065849e-03   1.436078e-19   10782130
  4.330801e+00   4.323644e-18   3.066095e-03   1.418283e-19   10837792
  4.341427e+00   4.217636e-18   3.068321e-03   1.400634e-19   10897368
  4.352058e+00   3.961878e-18   3.069642e-03   1.381668e-19   10953940
  4.362687e+00   4.440218e-18   3.067969e-03   1.364435e-19   11003274
  4.373313e+00   4.095032e-18   3.066343e-03   1.349034e-19   11052800
  4.383943e+00   4.244219e-18   3.070099e-03   1.330963e-19   11118176
  4.394573e+00   4.297926e-18   3.067934e-03   1.314371e-19   11162268
  4.405196e+00   4.053765e-18   3.066117e-03   1.300102e-19   11211458
  4.415820e+00   4.071331e-18   3.067310e-03   1.283437e-19   11271888
  4.426448e+00   4.193392e-18   3.068640e-03   1.268036e-19   11329304
  4.437073e+00   4.241750e-18   3.066385e-03   1.252022e-19   11375026
  4.447701e+00   4.103815e-18   3.069261e-03   1.235886e-19   11442532
  4.458330e+00   3.683383e-18   3.066551e-03   1.220381e-19   11487264
  4.468957e+00   3.861582e-18   3.068098e-03   1.204864e-19   11545680
  4.479587e+00   4.005061e-18   3.069842e-03   1.191039e-19   11607058
  4.490221e+00   3.650425e-18   3.069925e-03   1.175872e-19   11664300
  4.500851e+00   3.849421e-18   3.066963e-03   1.160722e-19   11707488
  4.511474e+00   3.946540e-18   3.066617e-03   1.146716e-19   11759536
  4.522104e+00   3.723293e-18   3.071176e-03   1.132304e-19   11833690
  4.532737e+00   3.491257e-18   3.067542e-03   1.119120e-19   11877808
  4.543362e+00   3.290633e-18   3.065778e-03   1.107254e-19   11925836
  4.553987e+00   3.876118e-18   3.068899e-03   1.092187e-19   11992168
  4.564616e+00   3.574427e-18   3.067784e-03   1.079226e-19   12044554
  4.575242e+00   3.496094e-18   3.067168e-03   1.066745e-19   12098976
  4.585865e+00   3.611413e-18   3.066173e-03   1.053449e-19   12149996
  4.596487e+00   3.775115e-18   3.067038e-03   1.040190e-19   12209594
  4.607117e+00   3.472172e-18   3.069983e-03   1.028385e-19   12279272
  4.617752e+00   3.541645e-18   3.070004e-03   1.015809e-19   12336072
  4.628383e+00   3.172587e-18   3.067416e-03   1.004120e-19   12381744
  4.639009e+00   3.720603e-18   3.068068e-03   9.915898e-20   12441590
  4.649637e+00   3.210701e-18   3.067557e-03   9.801963e-20   12497256
  4.660262e+00   3.496123e-18   3.066825e-03   9.689584e-20   12550032
  4.670884e+00   3.517321e-18   3.066185e-03   9.581760e-20   12603936
  4.681508e+00   3.378386e-18   3.068111e-03   9.450825e-20   12671230
  4.692142e+00   3.561664e-18   3.070828e-03   9.334491e-20   12740920
  4.702775e+00   3.474547e-18   3.067767e-03   9.234082e-20   12784560
  4.713398e+00   3.422503e-18   3.065894e-03   9.133652e-20   12834176
  4.724025e+00   3.309373e-18   3.069663e-03   9.018728e-20   12909006
  4.734656e+00   3.488436e-18   3.068089e-03   8.908319e-20   12959680
  4.745283e+00   3.210734e-18   3.067551e-03   8.810618e-20   13014232
  4.755909e+00   3.168811e-18   3.068154e-03   8.694267e-20   13076514
  4.766534e+00   3.109902e-18   3.065684e-03   8.606448e-20   13127112
  4.777164e+00   3.266338e-18   3.070665e-03   8.488105e-20   13205852
  4.787797e+00   3.145989e-18   3.068206e-03   8.394210e-20   13252032
  4.798423e+00   3.317911e-18   3.066967e-03   8.306437e-20   13307450
  4.809051e+00   3.189561e-18   3.068506e-03   8.216601e-20   13374160
  4.819680e+00   3.170664e-18   3.067567e-03   8.110363e-20   13426348
  4.830308e+00   3.146865e-18   3.069633e-03   8.022486e-20   13492760
  4.840934e+00   3.254290e-18   3.066142e-03   7.928676e-20   13539546
  4.851560e+00   3.193157e-18   3.068338e-03   7.840294e-20   13610704
  4.862187e+00   2.920631e-18   3.066835e-03   7.751238e-20   13662024
  4.872813e+00   2.840006e-18   3.068248e-03   7.656977e-20   13727492
  4.883443e+00   3.158975e-18   3.069111e-03   7.573054e-20   13793394
  4.894073e+00   3.163894e-18   3.067154e-03   7.487970e-20   13844456
  4.904699e+00   3.014168e-18   3.067927e-03   7.399115e-20   13905184
  4.915325e+00   2.884871e-18   3.067971e-03   7.309965e-20   13965958
  4.925951e+00   2.917270e-18   3.067148e-03   7.236771e-20   14025192
  4.936580e+00   2.871212e-18   3.068951e-03   7.153561e-20   14093768
  4.947211e+00   2.810102e-18   3.068454e-03   7.077939e-20   14150440
  4.957840e+00   2.888890e-18   3.068630e-03   6.993962e-20   14213450
  4.968468e+00   2.990644e-18   3.066726e-03   6.916815e-20   14267036
  4.979095e+00   2.730278e-18   3.068568e-03   6.831403e-20   14335032
  4.989722e+00   2.936548e-18   3.067092e-03   6.761600e-20   14387664
  5.000347e+00   2.682005e-18   3.068270e-03   6.687717e-20   14455698
  5.010977e+00   2.827675e-18   3.068677e-03   6.611605e-20   14520452
  5.021607e+00   2.625831e-18   3.068497e-03   6.542669e-20   14580272
  5.032232e+00   2.820404e-18   3.065614e-03   6.465871e-20   14628050
  5.042860e+00   2.658104e-18   3.070982e-03   6.399835e-20   14716744
  5.053489e+00   2.903254e-18   3.065407e-03   6.331449e-20   14751712
  5.064115e+00   2.836116e-18   3.069456e-03   6.260633e-20   14831620
  5.074740e+00   2.881943e-18   3.065470e-03   6.195125e-20   14875522
  5.085366e+00   2.701289e-18   3.068961e-03   6.129801e-20   14956720
  5.095994e+00   2.823068e-18   3.066998e-03   6.058249e-20   15008272
  5.106620e+00   2.688106e-18   3.067783e-03   5.989889e-20   15073780
  5.117248e+00   2.577235e-18   3.069002e-03   5.929584e-20   15144866
  5.127883e+00   2.859538e-18   3.070052e-03   5.865200e-20   15213872
  5.138515e+00   2.703833e-18   3.067931e-03   5.798007e-20   15263976
  5.149140e+00   2.523137e-18   3.066723e-03   5.737441e-20   15320236
  5.159767e+00   2.533839e-18   3.069367e-03   5.680666e-20   15398322
  5.170396e+00   2.695678e-18   3.067121e-03   5.622919e-20   15450864
  5.181021e+00   2.685247e-18   3.067373e-03   5.560812e-20   15513888
  5.191645e+00   2.488100e-18   3.066596e-03   5.499560e-20   15574626
  5.202274e+00   2.587864e-18   3.069893e-03   5.439538e-20   15657956
  5.212904e+00   2.470632e-18   3.066736e-03   5.386854e-20   15704248
  5.223531e+00   2.532134e-18   3.068512e-03   5.330454e-20   15774824
  5.234161e+00   2.425073e-18   3.069354e-03   5.271698e-20   15844898
  5.244790e+00   2.583581e-18   3.066994e-03   5.221893e-20   15898956
  5.255415e+00   2.348998e-18   3.067091e-03   5.168598e-20   15961768
  5.266040e+00   2.465907e-18   3.068481e-03   5.111781e-20   16032208
  5.276669e+00   2.464470e-18   3.068464e-03   5.063213e-20   16099530
  5.287295e+00   2.302951e-18   3.065856e-03   5.012559e-20   16152712
  5.297924e+00   2.409919e-18   3.069693e-03   4.957479e-20   16235740
  5.308553e+00   2.369444e-18   3.067725e-03   4.908395e-20   16288856
  5.319183e+00   2.496661e-18   3.069408e-03   4.859652e-20   16365074
  5.329812e+00   2.343393e-18   3.067066e-03   4.813889e-20   16418248
  5.340434e+00   2.292320e-18   3.065573e-03   4.761571e-20   16473180
  5.351058e+00   2.321177e-18   3.069491e-03   4.716227e-20   16560234
  5.361687e+00   2.430348e-18   3.067046e-03   4.670257e-20   16616088
  5.372317e+00   2.276949e-18   3.069133e-03   4.626982e-20   16693264
  5.382948e+00   2.273363e-18   3.068526e-03   4.577895e-20   16753864
  5.393577e+00   2.427386e-18   3.068569e-03   4.532759e-20   16820702
  5.404204e+00   2.237475e-18   3.066887e-03   4.487397e-20   16879288
  5.414832e+00   2.249276e-18   3.068277e-03   4.447963e-20   16951712
  5.425456e+00   2.321275e-18   3.066689e-03   4.402817e-20   17007560
  5.436084e+00   2.327078e-18   3.069534e-03   4.361369e-20   17092086
  5.446713e+00   2.178892e-18   3.067265e-03   4.323668e-20   17148392
  5.457342e+00   2.158120e-18   3.068696e-03   4.283431e-20   17222288
  5.467971e+00   2.099457e-18   3.068089e-03   4.234168e-20   17285096
  5.478597e+00   2.233908e-18   3.066549e-03   4.197432e-20   17344826
  5.489223e+00   2.206492e-18   3.068300e-03   4.157804e-20   17421236
  5.499853e+00   2.198263e-18   3.069479e-03   4.118174e-20   17494160
  5.510478e+00   2.161088e-18   3.065109e-03   4.083961e-20   17538122
  5.521100e+00   2.292961e-18   3.067347e-03   4.048828e-20   17620136
  5.531731e+00   2.030684e-18   3.069687e-03   4.006964e-20   17700428
  5.542362e+00   2.042111e-18   3.068482e-03   3.973232e-20   17760320
  5.552991e+00   2.130315e-18   3.068060e-03   3.936903e-20   17827562
  5.563619e+00   2.081198e-18   3.067912e-03   3.898885e-20   17895488
  5.574247e+00   2.228892e-18   3.068230e-03   3.868363e-20   17963576
  5.584874e+00   2.091725e-18   3.067616e-03   3.835526e-20   18027500
  5.595502e+00   2.111354e-18   3.068831e-03   3.798723e-20   18105650
  5.606129e+00   2.007804e-18   3.066269e-03   3.767282e-20   18160880
  5.616752e+00   2.151530e-18   3.067084e-03   3.737407e-20   18233144
  5.627379e+00   2.014455e-18   3.067872e-03   3.701371e-20   18307310
  5.638008e+00   2.114040e-18   3.068420e-03   3.669200e-20   18381680
  5.648639e+00   2.158726e-18   3.068723e-03   3.642594e-20   18450536
  5.659270e+00   1.982178e-18   3.069549e-03   3.610066e-20   18522128
  5.669897e+00   1.970065e-18   3.067067e-03   3.577294e-20   18578414
  5.680523e+00   2.017556e-18   3.067781e-03   3.551674e-20   18654304
  5.691150e+00   1.872467e-18   3.067639e-03   3.520681e-20   18722304
  5.701780e+00   1.967538e-18   3.069442e-03   3.492526e-20   18802472
  5.712409e+00   1.951251e-18   3.067729e-03   3.464817e-20   18864266
  5.723037e+00   2.028390e-18   3.067347e-03   3.439215e-20   18933260
  5.733662e+00   1.990954e-18   3.066799e-03   3.412344e-20   18997448
  5.744288e+00   2.074086e-18   3.068953e-03   3.383728e-20   19079816
  5.754917e+00   1.904013e-18   3.067744e-03   3.357172e-20   19145330
  5.765545e+00   1.922063e-18   3.067941e-03   3.329623e-20   19218276
  5.776172e+00   1.988784e-18   3.067784e-03   3.301993e-20   19286200
  5.786797e+00   1.943674e-18   3.066457e-03   3.281801e-20   19349738
  5.797427e+00   1.936270e-18   3.070714e-03   3.259124e-20   19450040
  5.808057e+00   1.958338e-18   3.065907e-03   3.237328e-20   19489688
  5.818683e+00   1.911285e-18   3.068803e-03   3.205711e-20   19576868
  5.829310e+00   1.883359e-18   3.067331e-03   3.183429e-20   19640282
  5.839940e+00   1.943728e-18   3.069683e-03   3.166644e-20   19728800
  5.850566e+00   1.890327e-18   3.065237e-03   3.141848e-20   19770152
  5.861190e+00   1.871492e-18   3.068717e-03   3.119558e-20   19863516
  5.871821e+00   1.918017e-18   3.069639e-03   3.096989e-20   19943594
  5.882452e+00   1.917835e-18   3.067597e-03   3.078079e-20   20003440
  5.893081e+00   1.858190e-18   3.068832e-03   3.056952e-20   20081768
  5.903706e+00   1.942320e-18   3.066188e-03   3.034694e-20   20136200
  5.914335e+00   1.902345e-18   3.070449e-03   3.015398e-20   20238094
  5.924964e+00   1.841726e-18   3.066146e-03   3.000414e-20   20282544
  5.935584e+00   1.821892e-18   3.065727e-03   2.979129e-20   20351720
  5.946209e+00   1.897221e-18   3.068474e-03   2.959184e-20   20444714
  5.956838e+00   1.874829e-18   3.067781e-03   2.941153e-20   20515116
  5.967470e+00   1.900598e-18   3.070149e-03   2.921676e-20   20602384
  5.978102e+00   1.927321e-18   3.068165e-03   2.905803e-20   20659872
  5.988728e+00   1.952790e-18   3.067093e-03   2.890961e-20   20727682
  5.999356e+00   1.874704e-18   3.068732e-03   2.874198e-20   20814416
  6.009986e+00   1.789135e-18   3.068153e-03   2.856432e-20   20881100
  6.020612e+00   1.855114e-18   3.068117e-03   2.843058e-20   20953688
  6.031238e+00   1.863831e-18   3.066654e-03   2.827903e-20   21021050
  6.041866e+00   1.864885e-18   3.068891e-03   2.812862e-20   21111632
  6.052496e+00   1.755960e-18   3.068341e-03   2.794303e-20   21179972
  6.063121e+00   1.823421e-18   3.066368e-03   2.783790e-20   21240488
  6.073747e+00   1.808788e-18   3.068419e-03   2.770743e-20   21331418
  6.084375e+00   1.840958e-18   3.067338e-03   2.757980e-20   21397304
  6.095000e+00   1.816452e-18   3.067405e-03   2.743723e-20   21469764
  6.105627e+00   1.803757e-18   3.068819e-03   2.727176e-20   21556122
  6.116254e+00   1.848553e-18   3.066479e-03   2.719640e-20   21618312
  6.126884e+00   1.857566e-18   3.069809e-03   2.703051e-20   21716096
  6.137516e+00   1.844560e-18   3.068719e-03   2.693881e-20   21781352
  6.148144e+00   1.847897e-18   3.067428e-03   2.683143e-20   21848870
  6.158771e+00   1.811847e-18   3.067652e-03   2.675273e-20   21927536
  6.169400e+00   1.869731e-18   3.068795e-03   2.660875e-20   22008944
  6.180028e+00   1.836543e-18   3.067865e-03   2.652472e-20   22076136
  6.190652e+00   1.870367e-18   3.066547e-03   2.644884e-20   22145270
  6.201282e+00   1.835519e-18   3.070373e-03   2.632297e-20   22250960
  6.211913e+00   1.817911e-18   3.066914e-03   2.625574e-20   22300864
  6.222538e+00   1.856751e-18   3.067186e-03   2.614500e-20   22378586
  6.233165e+00   1.785965e-18   3.068261e-03   2.607823e-20   22464104
  6.243795e+00   1.862532e-18   3.068708e-03   2.603171e-20   22542892
  6.254421e+00   1.800940e-18   3.067123e-03   2.595411e-20   22606008
  6.265047e+00   1.854831e-18   3.067919e-03   2.586014e-20   22690002
  6.275673e+00   1.847581e-18   3.066936e-03   2.579280e-20   22762216
  6.286298e+00   1.754586e-18   3.068880e-03   2.560838e-20   22815779
  6.296927e+00   1.502898e-18   3.067733e-03   2.519435e-20   22772312
  6.307555e+00   1.361977e-18   3.067923e-03   2.477811e-20   22733708
  6.318183e+00   1.203488e-18   3.068441e-03   2.436097e-20   22697672
  6.328811e+00   1.075714e-18   3.067507e-03   2.397619e-20   22651460
  6.339438e+00   9.305546e-19   3.068199e-03   2.355270e-20   22616024
  6.350068e+00   8.645102e-19   3.069309e-03   2.318433e-20   22583496
  6.360694e+00   8.612153e-19   3.065960e-03   2.281323e-20   22519252
  6.371317e+00   7.232459e-19   3.067197e-03   2.244712e-20   22488992
  6.381944e+00   6.812435e-19   3.067780e-03   2.209015e-20   22453172
  6.392574e+00   6.563761e-19   3.069105e-03   2.172936e-20   22420584
  6.403204e+00   6.296061e-19   3.068296e-03   2.140812e-20   22371700
  6.413832e+00   5.864269e-19   3.068296e-03   2.108415e-20   22329896
  6.424460e+00   5.489289e-19   3.067512e-03   2.077115e-20   22282876
  6.435088e+00   5.214245e-19   3.068899e-03   2.043019e-20   22250692
  6.445715e+00   5.523723e-19   3.066872e-03   2.015816e-20   22194436
  6.456340e+00   4.754127e-19   3.066996e-03   1.983576e-20   22153540
  6.466968e+00   4.666316e-19   3.068722e-03   1.956799e-20   22122584
  6.477597e+00   4.574475e-19   3.067957e-03   1.928609e-20   22073004
  6.488227e+00   4.555507e-19   3.069406e-03   1.899679e-20   22039640
  6.498854e+00   4.307392e-19   3.066107e-03   1.872690e-20   21971624
  6.509482e+00   4.396629e-19   3.070097e-03   1.845558e-20   21955708
  6.520106e+00   3.915087e-19   3.063845e-03   1.821600e-20   21867720
  6.530733e+00   3.921646e-19   3.071600e-03   1.792039e-20   21878900
  6.541363e+00   3.606652e-19   3.065935e-03   1.769788e-20   21794260
  6.551990e+00   3.648153e-19   3.068881e-03   1.745204e-20   21770256
  6.562619e+00   3.809279e-19   3.068010e-03   1.720166e-20   21718124
  6.573247e+00   3.847775e-19   3.067905e-03   1.698834e-20   21671096
  6.583874e+00   3.609168e-19   3.067932e-03   1.674416e-20   21625412
  6.594503e+00   3.775765e-19   3.069070e-03   1.650950e-20   21587284
  6.605129e+00   3.216153e-19   3.066010e-03   1.631065e-20   21519648
  6.615755e+00   3.443061e-19   3.068792e-03   1.607776e-20   21493344
  6.626384e+00   3.057285e-19   3.067812e-03   1.586068e-20   21439360
  6.637013e+00   3.186073e-19   3.068679e-03   1.566209e-20   21398900
  6.647644e+00   3.057160e-19   3.068668e-03   1.545039e-20   21351488
  6.658271e+00   3.012806e-19   3.066526e-03   1.528404e-20   21288012
  6.668898e+00   3.322968e-19   3.068796e-03   1.505895e-20   21255052
  6.679525e+00   3.074973e-19   3.067400e-03   1.487995e-20   21196928
  6.690151e+00   3.157580e-19   3.067431e-03   1.470371e-20   21149036
  6.700778e+00   2.573390e-19   3.068015e-03   1.449498e-20   21105304
  6.711407e+00   2.920491e-19   3.068524e-03   1.432383e-20   21059992
  6.722038e+00   2.866758e-19   3.069263e-03   1.415149e-20   21014904
  6.732667e+00   3.044771e-19   3.067536e-03   1.398759e-20   20953620
  6.743293e+00   2.467487e-19   3.067478e-03   1.380072e-20   20902948
  6.753920e+00   2.806107e-19   3.068064e-03   1.362968e-20   20856528
  6.764548e+00   2.440967e-19   3.068448e-03   1.346674e-20   20808868
  6.775174e+00   2.575771e-19   3.066599e-03   1.330840e-20   20746700
  6.785798e+00   2.556921e-19   3.066925e-03   1.315830e-20   20699040
  6.796428e+00   2.614801e-19   3.069860e-03   1.299934e-20   20667584
  6.807054e+00   2.555113e-19   3.064988e-03   1.284855e-20   20583320
  6.817679e+00   2.302824e-19   3.069606e-03   1.269462e-20   20562728
  6.828310e+00   2.571209e-19   3.067915e-03   1.254999e-20   20499120
  6.838938e+00   2.369192e-19   3.068337e-03   1.240437e-20   20448668
  6.849566e+00   2.181555e-19   3.068077e-03   1.226024e-20   20394408
  6.860195e+00   2.399198e-19   3.068320e-03   1.211343e-20   20344236
  6.870823e+00   2.406654e-19   3.067630e-03   1.198999e-20   20287988
  6.881451e+00   2.083835e-19   3.068044e-03   1.183793e-20   20237280
  6.892077e+00   2.257904e-19   3.067320e-03   1.170968e-20   20178328
  6.902707e+00   2.233912e-19   3.069652e-03   1.158852e-20   20139844
  6.913336e+00   2.192500e-19   3.067174e-03   1.147763e-20   20069748
  6.923962e+00   2.037222e-19   3.067514e-03   1.133566e-20   20016800
  6.934587e+00   2.293902e-19   3.067642e-03   1.121108e-20   19962224
  6.945217e+00   2.214288e-19   3.069885e-03   1.109135e-20   19923568
  6.955848e+00   2.511519e-19   3.067490e-03   1.096626e-20   19854300
  6.966474e+00   2.081713e-19   3.067154e-03   1.085537e-20   19797056
  6.977101e+00   1.935511e-19   3.067706e-03   1.072487e-20   19744940
  6.987728e+00   1.913727e-19   3.068174e-03   1.063012e-20   19691768
  6.998356e+00   2.086160e-19   3.067321e-03   1.051030e-20   19629548
  7.008982e+00   2.072204e-19   3.067740e-03   1.039791e-20   19575480
  7.019610e+00   2.023256e-19   3.068413e-03   1.029092e-20   19523296
  7.030241e+00   2.173085e-19   3.069533e-03   1.018776e-20   19474344
  7.040867e+00   2.020390e-19   3.065611e-03   1.008184e-20   19392868
  7.051493e+00   1.673833e-19   3.069073e-03   9.975954e-21   19356176
  7.062123e+00   1.938324e-19   3.068592e-03   9.874987e-21   19294916
  7.072754e+00   2.091896e-19   3.069110e-03   9.786924e-21   19240856
  7.083382e+00   2.130303e-19   3.067066e-03   9.680983e-21   19170884
  7.094007e+00   1.911867e-19   3.066966e-03   9.587859e-21   19111352
  7.104633e+00   1.944705e-19   3.068278e-03   9.484723e-21   19060016
  7.115261e+00   2.015805e-19   3.067998e-03   9.396357e-21   18999752
  7.125886e+00   1.900405e-19   3.066210e-03   9.301307e-21   18930272
  7.136511e+00   1.829238e-19   3.068009e-03   9.214823e-21   18882340
  7.147141e+00   1.712590e-19   3.069133e-03   9.117432e-21   18829056
  7.157770e+00   1.743130e-19   3.067293e-03   9.038150e-21   18757640
  7.168398e+00   1.689344e-19   3.069197e-03   8.947311e-21   18709036
  7.179027e+00   1.686412e-19   3.067378e-03   8.871044e-21   18637668
  7.189656e+00   1.653029e-19   3.069146e-03   8.775376e-21   18587048
  7.200283e+00   1.901227e-19   3.066626e-03   8.702975e-21   18510972
  7.210909e+00   1.749433e-19   3.067730e-03   8.617046e-21   18456692
  7.221535e+00   1.592634e-19   3.067567e-03   8.539047e-21   18394084
  7.232164e+00   1.606280e-19   3.069110e-03   8.457966e-21   18341352
  7.242794e+00   1.705573e-19   3.068234e-03   8.386105e-21   18273884
  7.253423e+00   1.725531e-19   3.068036e-03   8.304854e-21   18211148
  7.264048e+00   1.601354e-19   3.066171e-03   8.238056e-21   18137692
  7.274674e+00   1.799525e-19   3.069088e-03   8.156042e-21   18091580
  7.285305e+00   1.383415e-19   3.068515e-03   8.084084e-21   18024560
  7.295932e+00   1.724071e-19   3.067362e-03   8.016778e-21   17955116
  7.306559e+00   1.414245e-19   3.067637e-03   7.941855e-21   17893232
  7.317187e+00   1.581922e-19   3.068343e-03   7.874467e-21   17832620
  7.327816e+00   1.698926e-19   3.068327e-03   7.801845e-21   17767864
  7.338445e+00   1.606289e-19   3.068809e-03   7.740851e-21   17706956
  7.349073e+00   1.498451e-19   3.066947e-03   7.673849e-21   17632632
  7.359699e+00   1.530112e-19   3.068061e-03   7.613829e-21   17573524
  7.370327e+00   1.502070e-19   3.067901e-03   7.549095e-21   17506380
  7.380954e+00   1.526752e-19   3.068207e-03   7.483756e-21   17442548
  7.391580e+00   1.407958e-19   3.066528e-03   7.426873e-21   17368556
  7.402208e+00   1.565486e-19   3.069314e-03   7.360210e-21   17318260
  7.412837e+00   1.427010e-19   3.067939e-03   7.302198e-21   17243792
  7.423463e+00   1.400077e-19   3.066549e-03   7.243776e-21   17169716
  7.434088e+00   1.368700e-19   3.067759e-03   7.182172e-21   17109768
  7.444715e+00   1.357019e-19   3.068012e-03   7.121213e-21   17044064
  7.455345e+00   1.442790e-19   3.068894e-03   7.066770e-21   16981560
  7.465972e+00   1.312583e-19   3.066680e-03   7.013306e-21   16902264
  7.476600e+00   1.347981e-19   3.069499e-03   6.953612e-21   16849940
  7.487230e+00   1.302361e-19   3.067461e-03   6.910105e-21   16770600
  7.497858e+00   1.251852e-19   3.068497e-03   6.845772e-21   16707512
  7.508485e+00   1.314456e-19   3.067634e-03   6.794006e-21   16634480
  7.519114e+00   1.324280e-19   3.068242e-03   6.746342e-21   16569424
  7.529741e+00   1.269000e-19   3.067751e-03   6.694825e-21   16497216
  7.540372e+00   1.271218e-19   3.069501e-03   6.646559e-21   16436416
  7.550999e+00   1.287259e-19   3.067032e-03   6.599260e-21   16353532
  7.561624e+00   1.405090e-19   3.067126e-03   6.550188e-21   16284908
  7.572251e+00   1.248366e-19   3.068426e-03   6.504520e-21   16221948
  7.582881e+00   1.108688e-19   3.068614e-03   6.452946e-21   16152552
  7.593510e+00   1.430321e-19   3.068122e-03   6.401914e-21   16078864
  7.604137e+00   1.210689e-19   3.067536e-03   6.366470e-21   16005296
  7.614766e+00   1.198265e-19   3.068300e-03   6.317595e-21   15938220
  7.625392e+00   1.438419e-19   3.066841e-03   6.272776e-21   15858440
  7.636016e+00   1.371960e-19   3.067373e-03   6.235555e-21   15789252
  7.646642e+00   1.100962e-19   3.067548e-03   6.185286e-21   15718944
  7.657269e+00   1.297762e-19   3.067947e-03   6.143269e-21   15648652
  7.667899e+00   1.153163e-19   3.069201e-03   6.100547e-21   15581944
  7.678531e+00   1.127273e-19   3.069010e-03   6.062739e-21   15508744
  7.689158e+00   1.295490e-19   3.066436e-03   6.025786e-21   15422472
  7.699784e+00   1.100375e-19   3.068878e-03   5.985483e-21   15361536
  7.710413e+00   1.062748e-19   3.067494e-03   5.946009e-21   15281048
  7.721038e+00   9.745810e-20   3.067557e-03   5.909037e-21   15207752
  7.731666e+00   1.097405e-19   3.067687e-03   5.870403e-21   15134800
  7.742292e+00   1.188156e-19   3.067594e-03   5.830429e-21   15059664
  7.752920e+00   1.096688e-19   3.068106e-03   5.790501e-21   14987020
  7.763550e+00   1.158791e-19   3.069757e-03   5.762405e-21   14919936
  7.774179e+00   1.093047e-19   3.066979e-03   5.728311e-21   14831776
  7.784807e+00   1.199527e-19   3.069197e-03   5.693809e-21   14767552
  7.795435e+00   1.009432e-19   3.066309e-03   5.660721e-21   14678336
  7.806062e+00   1.040584e-19   3.069079e-03   5.622273e-21   14615044
  7.816690e+00   1.052498e-19   3.067275e-03   5.593677e-21   14530200
  7.827317e+00   1.128822e-19   3.067927e-03   5.567675e-21   14457000
  7.837945e+00   1.105259e-19   3.068558e-03   5.524571e-21   14383440
  7.848573e+00   1.081350e-19   3.067003e-03   5.498769e-21   14299516
  7.859199e+00   9.667875e-20   3.067899e-03   5.473129e-21   14226024
  7.869825e+00   1.056337e-19   3.067223e-03   5.435192e-21   14145048
  7.880455e+00   1.175744e-19   3.070446e-03   5.403269e-21   14082144
  7.891083e+00   1.027848e-19   3.065393e-03   5.386320e-21   13981640
  7.901708e+00   8.941719e-20   3.068688e-03   5.351616e-21   13918460
  7.912338e+00   9.573821e-20   3.068702e-03   5.325326e-21   13839752
  7.922969e+00   1.061720e-19   3.069182e-03   5.293305e-21   13762736
  7.933598e+00   9.633470e-20   3.067868e-03   5.270827e-21   13677980
  7.944225e+00   9.830982e-20   3.067250e-03   5.244864e-21   13596196
  7.954850e+00   9.648214e-20   3.067470e-03   5.216054e-21   13517736
  7.965475e+00   8.940334e-20   3.066448e-03   5.192679e-21   13433184
  7.976100e+00   1.118914e-19   3.068623e-03   5.168137e-21   13362296
  7.986730e+00   1.092978e-19   3.068494e-03   5.142724e-21   13281376
  7.997360e+00   8.187019e-20   3.069113e-03   5.117515e-21   13203336
  8.007987e+00   1.014569e-19   3.066719e-03   5.093427e-21   13113016
  8.018613e+00   8.823971e-20   3.067735e-03   5.072032e-21   13036400
  8.029240e+00   9.006007e-20   3.067468e-03   5.046384e-21   12953648
  8.039869e+00   9.068222e-20   3.069185e-03   5.030002e-21   12879016
  8.050498e+00   8.180429e-20   3.067538e-03   5.008878e-21   12790124
  8.061127e+00   9.707670e-20   3.068996e-03   4.986466e-21   12714152
  8.071753e+00   8.841674e-20   3.066076e-03   4.969297e-21   12619608
  8.082379e+00   9.600307e-20   3.068682e-03   4.946594e-21   12547232
  8.093011e+00   1.005716e-19   3.070245e-03   4.925735e-21   12470568
  8.103638e+00   8.803010e-20   3.065215e-03   4.910105e-21   12368136
  8.114264e+00   9.810784e-20   3.069116e-03   4.887064e-21   12300504
  8.124894e+00   9.289615e-20   3.068128e-03   4.867908e-21   12212172
  8.135522e+00   1.112729e-19   3.067779e-03   4.853216e-21   12126228
  8.146149e+00   9.930026e-20   3.068089e-03   4.831028e-21   12043352
  8.156778e+00   9.580449e-20   3.068301e-03   4.820355e-21   11959896
  8.167401e+00   9.174142e-20   3.065268e-03   4.803335e-21   11863804
  8.178026e+00   7.992552e-20   3.068937e-03   4.786423e-21   11792812
  8.188656e+00   9.893346e-20   3.068597e-03   4.770284e-21   11705392
  8.199283e+00   8.674753e-20   3.066984e-03   4.757196e-21   11613836
  8.209914e+00   1.021877e-19   3.070536e-03   4.735632e-21   11541532
  8.220543e+00   9.795792e-20   3.066346e-03   4.723165e-21   11440232
  8.231170e+00   9.550035e-20   3.068846e-03   4.714509e-21   11363008
  8.241796e+00   9.574407e-20   3.066631e-03   4.694501e-21   11267848
  8.252424e+00   7.969455e-20   3.069306e-03   4.684196e-21   11190640
  8.263054e+00   8.590262e-20   3.068558e-03   4.674431e-21   11101084
  8.273680e+00   8.520822e-20   3.065604e-03   4.657549e-21   11003284
  8.284304e+00   7.634098e-20   3.068360e-03   4.649437e-21   10925424
  8.294932e+00   8.927970e-20   3.067667e-03   4.632873e-21   10834724
  8.305560e+00   7.883303e-20   3.068711e-03   4.627293e-21   10750156
  8.316186e+00   7.709345e-20   3.066587e-03   4.610501e-21   10655280
  8.326811e+00   8.793774e-20   3.067310e-03   4.602690e-21   10569120
  8.337437e+00   7.227422e-20   3.067168e-03   4.589321e-21   10479672
  8.348070e+00   8.737508e-20   3.071527e-03   4.585341e-21   10404504
  8.358704e+00   7.710614e-20   3.068456e-03   4.573389e-21   10304108
  8.369331e+00   7.580015e-20   3.066991e-03   4.563241e-21   10209940
  8.379958e+00   7.848777e-20   3.068937e-03   4.554666e-21   10126584
  8.390585e+00   8.342493e-20   3.066106e-03   4.545062e-21   10027064
  8.401210e+00   7.444251e-20   3.068731e-03   4.534437e-21   9945072
  8.411836e+00   7.610560e-20   3.065849e-03   4.532815e-21   9844764
  8.422464e+00   7.798520e-20   3.070904e-03   4.526386e-21   9769940
  8.433095e+00   8.084691e-20   3.066721e-03   4.517978e-21   9666072
  8.443721e+00   8.415200e-20   3.067629e-03   4.504111e-21   9577112
  8.454348e+00   7.403465e-20   3.067871e-03   4.502145e-21   9485848
  8.464977e+00   6.546446e-20   3.068818e-03   4.491552e-21   9396136
  8.475607e+00   7.300061e-20   3.068947e-03   4.489301e-21   9304408
  8.486231e+00   7.619129e-20   3.064605e-03   4.482494e-21   9199028
  8.496854e+00   7.073851e-20   3.068671e-03   4.476475e-21   9118288
  8.507481e+00   5.989294e-20   3.066868e-03   4.470003e-21   9019624
  8.518111e+00   5.748841e-20   3.070919e-03   4.460539e-21   8937420
  8.528743e+00   7.315429e-20   3.067653e-03   4.456415e-21   8835200
  8.539369e+00   7.294333e-20   3.066847e-03   4.453200e-21   8739332
  8.549995e+00   6.212562e-20   3.067747e-03   4.443298e-21   8648112
  8.560624e+00   6.069725e-20   3.067898e-03   4.434627e-21   8553372
  8.571253e+00   5.523577e-20   3.069319e-03   4.435417e-21   8461944
  8.581883e+00   6.485693e-20   3.068067e-03   4.429819e-21   8363348
  8.592509e+00   6.488321e-20   3.067870e-03   4.425643e-21   8267792
  8.603135e+00   6.573834e-20   3.066599e-03   4.419002e-21   8169380
  8.613762e+00   6.815234e-20   3.069517e-03   4.413970e-21   8081008
  8.624389e+00   6.683996e-20   3.065774e-03   4.401990e-21   7975632
  8.635016e+00   6.840703e-20   3.069603e-03   4.405283e-21   7889116
  8.645643e+00   6.634179e-20   3.066011e-03   4.398886e-21   7784008
  8.656270e+00   5.751575e-20   3.068709e-03   4.391308e-21   7693848
  8.666897e+00   5.273486e-20   3.067011e-03   4.386912e-21   7592468
  8.677525e+00   5.705633e-20   3.068931e-03   4.372510e-21   7499076
  8.688155e+00   5.342410e-20   3.069474e-03   4.369927e-21   7402880
  8.698786e+00   6.380033e-20   3.067607e-03   4.358431e-21   7300768
  8.709411e+00   5.532602e-20   3.067652e-03   4.364724e-21   7203316
  8.720032e+00   6.022482e-20   3.063689e-03   4.336370e-21   7095724
  8.730662e+00   6.323328e-20   3.073665e-03   4.333737e-21   7019608
  8.741295e+00   4.563008e-20   3.065344e-03   4.315343e-21   6901916
  8.751922e+00   4.950461e-20   3.069704e-03   4.320018e-21   6812952
  8.762548e+00   5.813105e-20   3.065523e-03   4.287332e-21   6704548
  8.773175e+00   5.595114e-20   3.068967e-03   4.287314e-21   6612168
  8.783803e+00   4.805801e-20   3.067598e-03   4.258887e-21   6508628
  8.794433e+00   3.789290e-20   3.069277e-03   4.250304e-21   6412072
  8.805059e+00   4.451012e-20   3.066868e-03   4.232465e-21   6306660
  8.815685e+00   4.442120e-20   3.067492e-03   4.203999e-21   6207592
  8.826308e+00   3.828244e-20   3.066222e-03   4.190419e-21   6103860
  8.836934e+00   3.620445e-20   3.068576e-03   4.148181e-21   6007184
  8.847563e+00   4.348554e-20   3.068782e-03   4.119504e-21   5905660
  8.858194e+00   3.900811e-20   3.069160e-03   4.085337e-21   5805132
  8.868823e+00   2.655042e-20   3.067313e-03   4.055209e-21   5700008
  8.879446e+00   3.748216e-20   3.065734e-03   4.008790e-21   5594856
  8.890075e+00   3.371730e-20   3.070306e-03   3.965691e-21   5502341
  8.900707e+00   4.296309e-20   3.068193e-03   3.924411e-21   5404852
  8.911333e+00   2.349119e-20   3.066920e-03   3.892541e-21   5313930
  8.921960e+00   1.792757e-20   3.068151e-03   3.867186e-21   5230396
  8.932587e+00   3.299335e-20   3.067037e-03   3.843196e-21   5145158
  8.943214e+00   3.317245e-20   3.067644e-03   3.815679e-21   5064506
  8.953844e+00   3.453743e-20   3.070354e-03   3.788686e-21   4989464
  8.964475e+00   1.921705e-20   3.067471e-03   3.758137e-21   4907486
  8.975102e+00   2.381054e-20   3.067454e-03   3.744133e-21   4831952
  8.985729e+00   2.933781e-20   3.067333e-03   3.723211e-21   4757392
  8.996357e+00   3.510801e-20   3.068563e-03   3.706983e-21   4685902
  9.006985e+00   2.814738e-20   3.067839e-03   3.686439e-21   4612826
  9.017611e+00   2.537661e-20   3.067647e-03   3.678474e-21   4542436
  9.028240e+00   2.354851e-20   3.068771e-03   3.655234e-21   4475408
  9.038866e+00   2.593655e-20   3.065432e-03   3.636428e-21   4402686
  9.049492e+00   3.137613e-20   3.069222e-03   3.618270e-21   4340854
  9.060123e+00   2.667426e-20   3.068666e-03   3.598456e-21   4273862
  9.070751e+00   3.578815e-20   3.068093e-03   3.595880e-21   4208538
  9.081377e+00   2.967609e-20   3.066329e-03   3.579317e-21   4142584
  9.092002e+00   1.574118e-20   3.067445e-03   3.561755e-21   4081232
  9.102629e+00   2.805951e-20   3.068061e-03   3.546280e-21   4019668
  9.113260e+00   2.325933e-20   3.070507e-03   3.544004e-21   3961416
  9.123892e+00   2.510897e-20   3.068468e-03   3.530271e-21   3898848
  9.134518e+00   2.289010e-20   3.065914e-03   3.515599e-21   3836718
  9.145140e+00   2.620162e-20   3.066518e-03   3.506032e-21   3779272
  9.155765e+00   2.512245e-20   3.066689e-03   3.495775e-21   3721434
  9.166394e+00   2.700311e-20   3.070316e-03   3.482006e-21   3668198
  9.177028e+00   3.547159e-20   3.069776e-03   3.474413e-21   3611346
  9.187656e+00   3.081689e-20   3.066455e-03   3.469272e-21   3552442
  9.198281e+00   2.731965e-20   3.067337e-03   3.463208e-21   3498908
  9.208908e+00   1.719981e-20   3.067980e-03   3.451195e-21   3445382
  9.219536e+00   2.996120e-20   3.068389e-03   3.442829e-21   3392244
  9.230165e+00   2.294615e-20   3.068360e-03   3.438175e-21   3339634
  9.240792e+00   2.947861e-20   3.067248e-03   3.426843e-21   3286752
  9.251416e+00   2.199321e-20   3.065818e-03   3.423916e-21   3234180
  9.262040e+00   2.151386e-20   3.067094e-03   3.419657e-21   3184556
  9.272670e+00   3.349396e-20   3.070362e-03   3.412858e-21   3137238
  9.283304e+00   3.343543e-20   3.070377e-03   3.401893e-21   3087670
  9.293936e+00   2.122837e-20   3.068566e-03   3.399185e-21   3037460
  9.304560e+00   2.626077e-20   3.064548e-03   3.395275e-21   2985736
  9.315180e+00   2.908536e-20   3.066413e-03   3.390989e-21   2939708
  9.325811e+00   2.796551e-20   3.071553e-03   3.386237e-21   2897012
  9.336443e+00   1.894498e-20   3.067620e-03   3.387464e-21   2846890
  9.347067e+00   3.029598e-20   3.065693e-03   3.382079e-21   2799588
  9.357689e+00   2.193508e-20   3.066395e-03   3.381475e-21   2754954
  9.368315e+00   2.338525e-20   3.068270e-03   3.377657e-21   2711500
  9.378948e+00   2.590363e-20   3.070601e-03   3.380162e-21   2669006
  9.389576e+00   2.181964e-20   3.065837e-03   3.376242e-21   2621264
  9.400202e+00   2.676251e-20   3.068913e-03   3.378678e-21   2580726
  9.410830e+00   3.328439e-20   3.067141e-03   3.374074e-21   2536470
  9.421456e+00   2.747616e-20   3.067445e-03   3.381112e-21   2494370
  9.432084e+00   1.926323e-20   3.068834e-03   3.379601e-21   2453556
  9.442716e+00   2.514032e-20   3.070117e-03   3.383939e-21   2413246
  9.453347e+00   1.749174e-20   3.067994e-03   3.378549e-21   2370914
  9.463973e+00   3.061177e-20   3.067217e-03   3.388902e-21   2330126
  9.474601e+00   2.577328e-20   3.068570e-03   3.384686e-21   2291406
  9.485227e+00   2.019842e-20   3.066158e-03   3.387303e-21   2250410
  9.495850e+00   2.201461e-20   3.066006e-03   3.391643e-21   2211486
  9.506474e+00   2.926628e-20   3.067734e-03   3.398267e-21   2174194
  9.517102e+00   2.160674e-20   3.068176e-03   3.390993e-21   2136416
  9.527733e+00   2.125291e-20   3.069929e-03   3.402821e-21   2100070
  9.538360e+00   2.510860e-20   3.065560e-03   3.407399e-21   2060026
  9.548986e+00   2.669674e-20   3.069362e-03   3.416855e-21   2025910
  9.559615e+00   2.264391e-20   3.067530e-03   3.416492e-21   1988576
  9.570241e+00   2.829660e-20   3.067060e-03   3.428361e-21   1952610
  9.580867e+00   2.773591e-20   3.067361e-03   3.431600e-21   1917470
  9.591493e+00   2.526885e-20   3.067399e-03   3.433957e-21   1882484
  9.602120e+00   2.246986e-20   3.068076e-03   3.445610e-21   1848262
  9.612753e+00   1.565562e-20   3.071327e-03   3.461353e-21   1816024
  9.623386e+00   2.892280e-20   3.068076e-03   3.474219e-21   1780418
  9.634012e+00   1.157653e-20   3.067038e-03   3.476710e-21   1746576
  9.644639e+00   3.770536e-20   3.068628e-03   3.480423e-21   1714622
  9.655268e+00   2.114385e-20   3.067669e-03   3.484312e-21   1681692
  9.665895e+00   2.925748e-20   3.067468e-03   3.506515e-21   1649574
  9.676515e+00   2.513100e-20   3.063511e-03   3.525128e-21   1615788
  9.687137e+00   2.318936e-20   3.068656e-03   3.522933e-21   1587064
  9.697769e+00   2.047632e-20   3.069826e-03   3.534839e-21   1556598
  9.708400e+00   2.320228e-20   3.068471e-03   3.557119e-21   1525380
  9.719030e+00   2.032151e-20   3.068670e-03   3.573233e-21   1495360
  9.729656e+00   2.468204e-20   3.066126e-03   3.574331e-21   1464370
  9.740281e+00   2.002867e-20   3.067601e-03   3.592603e-21   1435656
  9.750907e+00   2.686627e-20   3.067002e-03   3.611791e-21   1406304
  9.761532e+00   1.972061e-20   3.067147e-03   3.635057e-21   1377628
  9.772159e+00   2.640704e-20   3.068370e-03   3.646806e-21   1349744
  9.782788e+00   1.388909e-20   3.068343e-03   3.662793e-21   1321682
  9.793418e+00   2.527297e-20   3.069098e-03   3.682147e-21   1294376
  9.804048e+00   2.744696e-20   3.068140e-03   3.697181e-21   1266768
  9.814673e+00   2.514223e-20   3.066275e-03   3.728437e-21   1239172
  9.825295e+00   1.419404e-20   3.065238e-03   3.731038e-21   1212224
  9.835918e+00   2.320051e-20   3.067386e-03   3.762671e-21   1186796
  9.846547e+00   1.596246e-20   3.069034e-03   3.767579e-21   1161432
  9.857176e+00   1.595716e-20   3.067927e-03   3.803529e-21   1135408
  9.867804e+00   2.760891e-20   3.068239e-03   3.833936e-21   1110324
  9.878434e+00   2.265743e-20   3.068926e-03   3.842857e-21   1085680
  9.889062e+00   2.055594e-20   3.066842e-03   3.871310e-21   1060364
  9.899688e+00   1.493138e-20   3.068767e-03   3.899287e-21   1036736
  9.910321e+00   2.465690e-20   3.070562e-03   3.923991e-21   1013388
  9.920951e+00   1.645350e-20   3.066769e-03   3.956849e-21   988656
  9.931575e+00   2.305652e-20   3.066738e-03   3.983460e-21   965530
  9.942197e+00   3.014456e-20   3.064855e-03   4.016823e-21   942100
  9.952819e+00   1.664303e-20   3.066142e-03   4.045245e-21   919888
  9.963442e+00   3.105085e-20   3.066491e-03   4.068337e-21   897628
  9.974067e+00   1.723098e-20   3.067504e-03   4.099148e-21   875856
  9.984696e+00   3.110284e-20   3.069599e-03   4.134517e-21   854736
  9.995330e+00   1.810285e-20   3.070044e-03   4.175599e-21   833510
  1.000596e+01   1.892318e-20   3.068120e-03   4.206038e-21   811976
  1.001659e+01   2.548215e-20   3.066566e-03   4.251512e-21   790844
  1.002721e+01   2.961268e-20   3.066302e-03   4.284982e-21   770320
  1.003784e+01   1.667795e-20   3.069162e-03   4.319041e-21   750838
  1.004847e+01   1.553185e-20   3.068729e-03   4.370207e-21   730864
  1.005909e+01   1.844848e-20   3.067039e-03   4.412990e-21   710984
  1.006972e+01   2.377887e-20   3.067274e-03   4.477582e-21   691894
  1.008035e+01   1.891892e-20   3.066106e-03   4.496842e-21   672776
  1.009097e+01   3.243331e-20   3.067065e-03   4.570452e-21   654372
  1.010160e+01   2.715110e-20   3.065537e-03   4.620053e-21   635682
  1.011222e+01   2.669245e-20   3.064886e-03   4.659557e-21   617460
  1.012284e+01   3.890320e-20   3.066767e-03   4.708881e-21   600024
  1.013346e+01   2.543920e-20   3.068404e-03   4.756509e-21   582830
  1.014410e+01   2.059056e-20   3.070337e-03   4.821140e-21   566000
  1.015473e+01   2.404187e-20   3.066543e-03   4.875832e-21   548458
  1.016535e+01   1.716427e-20   3.067619e-03   4.938652e-21   532084
  1.017598e+01   2.403408e-20   3.065740e-03   5.004309e-21   515440
  1.018660e+01   2.578901e-20   3.064533e-03   5.079220e-21   499174
  1.019722e+01   1.201663e-20   3.064552e-03   5.137747e-21   483368
  1.020784e+01   2.224123e-20   3.067558e-03   5.214602e-21   468270
  1.021847e+01   2.839157e-20   3.071740e-03   5.290881e-21   453568
  1.022911e+01   1.653038e-20   3.068522e-03   5.362824e-21   438106
  1.023974e+01   2.523247e-20   3.068674e-03   5.439669e-21   423508
  1.025036e+01   8.143083e-21   3.065352e-03   5.516074e-21   408754
  1.026098e+01   2.080709e-20   3.064549e-03   5.630518e-21   394612
  1.027160e+01   2.505089e-20   3.064825e-03   5.708241e-21   380826
  1.028223e+01   1.498539e-20   3.063635e-03   5.773063e-21   367086
  1.029285e+01   1.145180e-20   3.065226e-03   5.899261e-21   353904
  1.030347e+01   2.297328e-20   3.067842e-03   5.999918e-21   341046
  1.031410e+01   2.592018e-20   3.067827e-03   6.101076e-21   328144
  1.032473e+01   1.058601e-20   3.068491e-03   6.199817e-21   315598
  1.033536e+01   1.585490e-20   3.070442e-03   6.306118e-21   303466
  1.034599e+01   1.478538e-20   3.070558e-03   6.428283e-21   291456
  1.035662e+01   4.099949e-20   3.069010e-03   6.552938e-21   279614
  1.036725e+01   9.002260e-21   3.062765e-03   6.701844e-21   267680
  1.037786e+01   1.607058e-20   3.061142e-03   6.865258e-21   256438
  1.038848e+01   1.977228e-20   3.062004e-03   6.973271e-21   245618
  1.039909e+01   1.461264e-20   3.058865e-03   7.178613e-21   234708
  1.040970e+01   2.511585e-20   3.057929e-03   7.264390e-21   224210
  1.042032e+01   3.094608e-20   3.058509e-03   7.434855e-21   214046
  1.043093e+01   2.731641e-20   3.059874e-03   7.648330e-21   204152
  1.044155e+01   3.570758e-20   3.062766e-03   7.809489e-21   194558
  1.045217e+01   2.697049e-20   3.062838e-03   8.005672e-21   185018
  1.046279e+01   1.961555e-20   3.066092e-03   8.171786e-21   175918
  1.047341e+01   3.705525e-20   3.068348e-03   8.409451e-21   166992
  1.048404e+01   2.325678e-20   3.070094e-03   8.593444e-21   158294
  1.049468e+01   4.620379e-20   3.071097e-03   8.844168e-21   149842
  1.050531e+01   2.210193e-20   3.068653e-03   9.132756e-21   141530
  1.051593e+01   4.739082e-20   3.060509e-03   9.357976e-21   133284
  1.052654e+01   2.749634e-20   3.057354e-03   9.636535e-21   125546
  1.053715e+01   3.220313e-20   3.051144e-03   1.006511e-20   117950
  1.054776e+01   4.667436e-20   3.048602e-03   1.034277e-20   110746
  1.055836e+01   4.735311e-20   3.039799e-03   1.069376e-20   103572
  1.056895e+01   3.540228e-20   3.036073e-03   1.094803e-20   96818
  1.057954e+01   9.286669e-21   3.031333e-03   1.149308e-20   90262
  1.059013e+01   3.211387e-20   3.027317e-03   1.179952e-20   83970
  1.060072e+01   1.745374e-20   3.019853e-03   1.225867e-20   77846
  1.061129e+01   5.741928e-20   3.012052e-03   1.292191e-20   71984
  1.062186e+01   1.218095e-20   3.005730e-03   1.336198e-20   66398
  1.063243e+01   3.548637e-20   3.000369e-03   1.387602e-20   61058
  1.064300e+01   2.841194e-20   2.995714e-03   1.470749e-20   55958
  1.065357e+01   9.438181e-20   2.990697e-03   1.533714e-20   51082
  1.066413e+01   -6.383031e-22   2.981767e-03   1.613298e-20   46398
  1.067469e+01   2.572424e-20   2.970930e-03   1.693867e-20   41954
  1.068524e+01   2.044292e-20   2.955045e-03   1.771142e-20   37718
  1.069578e+01   3.292701e-20   2.938133e-03   1.893036e-20   33736
  1.070631e+01   4.983975e-20   2.922830e-03   2.024581e-20   30006
  1.071684e+01   4.664300e-20   2.912268e-03   2.149534e-20   26522
  1.072739e+01   3.514712e-20   2.905476e-03   2.283092e-20   23254
  1.073793e+01   5.524401e-20   2.895825e-03   2.436038e-20   20178
  1.074848e+01   -6.121156e-20   2.890787e-03   2.688971e-20   17342
  1.075903e+01   -4.890488e-20   2.886580e-03   2.814867e-20   14714
  1.076959e+01   4.857020e-20   2.887906e-03   3.135421e-20   12310
  1.078015e+01   6.638128e-20   2.880436e-03   3.526273e-20   10098
  1.079071e+01   1.050797e-19   2.879327e-03   3.931498e-20   8126
  1.080127e+01   1.224809e-19   2.877797e-03   4.598037e-20   6362
  1.081184e+01   8.797837e-20   2.888638e-03   5.057290e-20   4822
  1.082239e+01   1.742284e-19   2.872451e-03   6.089022e-20   3474
  1.083292e+01   4.979761e-20   2.869225e-03   7.510036e-20   2366
  1.084344e+01   7.924395e-21   2.860034e-03   9.644281e-20   1466
  1.085397e+01   2.184390e-19   2.925135e-03   1.308620e-19   790
  1.086426e+01   -2.926897e-19   2.767211e-03   2.270879e-19   306
  1.087389e+01   -1.491098e-18   2.357714e-03   5.057073e-19   62
